0 0.604688 0.025000 0.015625 0.015625
0 0.623437 0.054688 0.015625 0.015625
0 0.635938 0.026562 0.015625 0.015625
0 0.657813 0.051562 0.015625 0.015625
0 0.673438 0.026562 0.015625 0.015625
0 0.692187 0.057813 0.015625 0.015625
0 0.712500 0.025000 0.015625 0.015625
0 0.732812 0.057813 0.015625 0.015625
0 0.751563 0.028125 0.015625 0.015625
0 0.768750 0.060937 0.015625 0.015625
0 0.785937 0.026562 0.015625 0.015625
0 0.806250 0.059375 0.015625 0.015625
0 0.823438 0.029687 0.015625 0.015625
0 0.842187 0.060937 0.015625 0.015625
0 0.864062 0.029687 0.015625 0.015625
0 0.881250 0.060937 0.015625 0.015625
0 0.901563 0.028125 0.015625 0.015625
0 0.918750 0.062500 0.015625 0.015625
0 0.939063 0.029687 0.015625 0.015625
0 0.959375 0.060937 0.015625 0.015625
0 0.973437 0.029687 0.015625 0.015625
0 0.995313 0.065625 0.015625 0.015625
0 0.643750 0.090625 0.015625 0.015625
0 0.662500 0.121875 0.015625 0.015625
0 0.671875 0.090625 0.015625 0.015625
0 0.690625 0.126562 0.015625 0.015625
0 0.710938 0.090625 0.015625 0.015625
0 0.728125 0.125000 0.015625 0.015625
0 0.751563 0.090625 0.015625 0.015625
0 0.765625 0.125000 0.015625 0.015625
0 0.784375 0.093750 0.015625 0.015625
0 0.803125 0.126562 0.015625 0.015625
0 0.821875 0.095312 0.015625 0.015625
0 0.840625 0.126562 0.015625 0.015625
0 0.862500 0.096875 0.015625 0.015625
0 0.879687 0.126562 0.015625 0.015625
0 0.900000 0.098437 0.015625 0.015625
0 0.917188 0.129688 0.015625 0.015625
0 0.937500 0.096875 0.015625 0.015625
0 0.956250 0.129688 0.015625 0.015625
0 0.975000 0.098437 0.015625 0.015625
0 0.996875 0.129688 0.015625 0.015625
0 0.681250 0.156250 0.015625 0.015625
0 0.696875 0.189062 0.015625 0.015625
0 0.709375 0.154688 0.015625 0.015625
0 0.726562 0.190625 0.015625 0.015625
0 0.745313 0.159375 0.015625 0.015625
0 0.765625 0.192188 0.015625 0.015625
0 0.782813 0.156250 0.015625 0.015625
0 0.806250 0.190625 0.015625 0.015625
0 0.823438 0.157812 0.015625 0.015625
0 0.842187 0.192188 0.015625 0.015625
0 0.859375 0.162500 0.015625 0.015625
0 0.878125 0.192188 0.015625 0.015625
0 0.896875 0.162500 0.015625 0.015625
0 0.917188 0.193750 0.015625 0.015625
0 0.935937 0.160938 0.015625 0.015625
0 0.954688 0.195312 0.015625 0.015625
0 0.973437 0.162500 0.015625 0.015625
0 0.995313 0.195312 0.015625 0.015625
0 0.739062 0.223438 0.015625 0.015625
0 0.767188 0.257812 0.015625 0.015625
0 0.784375 0.226562 0.015625 0.015625
0 0.803125 0.260937 0.015625 0.015625
0 0.818750 0.226562 0.015625 0.015625
0 0.840625 0.259375 0.015625 0.015625
0 0.860938 0.226562 0.015625 0.015625
0 0.875000 0.259375 0.015625 0.015625
0 0.896875 0.229687 0.015625 0.015625
0 0.915625 0.259375 0.015625 0.015625
0 0.932813 0.228125 0.015625 0.015625
0 0.953125 0.262500 0.015625 0.015625
0 0.973437 0.232813 0.015625 0.015625
0 0.992188 0.259375 0.015625 0.015625
