0 0.006250 0.009375 0.015625 0.015625
0 0.042188 0.010937 0.015625 0.015625
0 0.000000 0.076563 0.015625 0.015625
0 0.021875 0.043750 0.015625 0.015625
0 0.042188 0.073438 0.015625 0.015625
0 0.056250 0.043750 0.015625 0.015625
0 0.078125 0.078125 0.015625 0.015625
0 0.001563 0.142187 0.015625 0.015625
0 0.020313 0.110937 0.015625 0.015625
0 0.039062 0.142187 0.015625 0.015625
0 0.059375 0.110937 0.015625 0.015625
0 0.076563 0.143750 0.015625 0.015625
0 0.096875 0.112500 0.015625 0.015625
0 0.112500 0.145313 0.015625 0.015625
0 0.000000 0.210938 0.015625 0.015625
0 0.020313 0.175000 0.015625 0.015625
0 0.039062 0.207813 0.015625 0.015625
0 0.060937 0.179688 0.015625 0.015625
0 0.075000 0.207813 0.015625 0.015625
0 0.096875 0.178125 0.015625 0.015625
0 0.115625 0.210938 0.015625 0.015625
0 0.135937 0.178125 0.015625 0.015625
0 0.154688 0.212500 0.015625 0.015625
0 0.039062 0.271875 0.015625 0.015625
0 0.056250 0.240625 0.015625 0.015625
0 0.071875 0.273438 0.015625 0.015625
0 0.093750 0.242188 0.015625 0.015625
0 0.110937 0.276562 0.015625 0.015625
0 0.129688 0.240625 0.015625 0.015625
0 0.150000 0.271875 0.015625 0.015625
0 0.171875 0.242188 0.015625 0.015625
0 0.184375 0.279687 0.015625 0.015625
0 0.168750 0.307812 0.015625 0.015625
0 0.128125 0.307812 0.015625 0.015625
0 0.092188 0.307812 0.015625 0.015625
0 0.201563 0.307812 0.015625 0.015625
0 0.148438 0.342187 0.015625 0.015625
0 0.185938 0.342187 0.015625 0.015625
0 0.226562 0.343750 0.015625 0.015625
0 0.253125 0.345313 0.015625 0.015625
0 0.209375 0.375000 0.015625 0.015625
0 0.246875 0.378125 0.015625 0.015625
0 0.223438 0.407813 0.015625 0.015625
0 0.262500 0.409375 0.015625 0.015625
0 0.295312 0.410938 0.015625 0.015625
0 0.279687 0.445312 0.015625 0.015625
0 0.317188 0.446875 0.015625 0.015625
0 0.523438 0.548438 0.015625 0.015625
0 0.562500 0.546875 0.015625 0.015625
0 0.601562 0.546875 0.015625 0.015625
0 0.639062 0.546875 0.015625 0.015625
0 0.673438 0.548438 0.015625 0.015625
0 0.712500 0.548438 0.015625 0.015625
0 0.751563 0.550000 0.015625 0.015625
0 0.789062 0.551562 0.015625 0.015625
0 0.826562 0.551562 0.015625 0.015625
0 0.864062 0.553125 0.015625 0.015625
0 0.904687 0.554688 0.015625 0.015625
0 0.943750 0.556250 0.015625 0.015625
0 0.982812 0.557813 0.015625 0.015625
0 0.540625 0.579688 0.015625 0.015625
0 0.501563 0.579688 0.015625 0.015625
0 0.576562 0.579688 0.015625 0.015625
0 0.621875 0.581250 0.015625 0.015625
0 0.656250 0.581250 0.015625 0.015625
0 0.695312 0.581250 0.015625 0.015625
0 0.732812 0.584375 0.015625 0.015625
0 0.771875 0.584375 0.015625 0.015625
0 0.810937 0.584375 0.015625 0.015625
0 0.846875 0.585938 0.015625 0.015625
0 0.885938 0.585938 0.015625 0.015625
0 0.928125 0.587500 0.015625 0.015625
0 0.964063 0.587500 0.015625 0.015625
0 0.996875 0.587500 0.015625 0.015625
0 0.523438 0.610938 0.015625 0.015625
0 0.559375 0.610938 0.015625 0.015625
0 0.596875 0.612500 0.015625 0.015625
0 0.635938 0.612500 0.015625 0.015625
0 0.673438 0.614062 0.015625 0.015625
0 0.709375 0.615625 0.015625 0.015625
0 0.748437 0.617188 0.015625 0.015625
0 0.787500 0.617188 0.015625 0.015625
0 0.828125 0.614062 0.015625 0.015625
0 0.865625 0.617188 0.015625 0.015625
0 0.903125 0.620313 0.015625 0.015625
0 0.937500 0.618750 0.015625 0.015625
0 0.978125 0.623437 0.015625 0.015625
0 0.521875 0.678125 0.015625 0.015625
0 0.556250 0.678125 0.015625 0.015625
0 0.595313 0.678125 0.015625 0.015625
0 0.575000 0.645312 0.015625 0.015625
0 0.535937 0.643750 0.015625 0.015625
0 0.506250 0.645312 0.015625 0.015625
0 0.614062 0.645312 0.015625 0.015625
0 0.654687 0.645312 0.015625 0.015625
0 0.695312 0.645312 0.015625 0.015625
0 0.742188 0.646875 0.015625 0.015625
0 0.768750 0.648438 0.015625 0.015625
0 0.809375 0.648438 0.015625 0.015625
0 0.851562 0.648438 0.015625 0.015625
0 0.885938 0.651563 0.015625 0.015625
0 0.931250 0.653125 0.015625 0.015625
0 0.629687 0.681250 0.015625 0.015625
0 0.668750 0.681250 0.015625 0.015625
0 0.706250 0.681250 0.015625 0.015625
0 0.748437 0.681250 0.015625 0.015625
0 0.821875 0.684375 0.015625 0.015625
0 0.556250 0.743750 0.015625 0.015625
0 0.592187 0.746875 0.015625 0.015625
0 0.629687 0.743750 0.015625 0.015625
0 0.670312 0.743750 0.015625 0.015625
0 0.707812 0.743750 0.015625 0.015625
0 0.745313 0.746875 0.015625 0.015625
0 0.785937 0.746875 0.015625 0.015625
0 0.845313 0.717187 0.015625 0.015625
0 0.803125 0.715625 0.015625 0.015625
0 0.767188 0.715625 0.015625 0.015625
0 0.729688 0.715625 0.015625 0.015625
0 0.687500 0.714063 0.015625 0.015625
0 0.882812 0.715625 0.015625 0.015625
0 0.917188 0.715625 0.015625 0.015625
0 0.826562 0.748437 0.015625 0.015625
0 0.860938 0.748437 0.015625 0.015625
0 0.896875 0.750000 0.015625 0.015625
0 0.934375 0.753125 0.015625 0.015625
0 0.975000 0.753125 0.015625 0.015625
0 0.559375 0.807813 0.015625 0.015625
0 0.595313 0.809375 0.015625 0.015625
0 0.635938 0.809375 0.015625 0.015625
0 0.667188 0.810937 0.015625 0.015625
0 0.703125 0.812500 0.015625 0.015625
0 0.779687 0.815625 0.015625 0.015625
0 0.742188 0.815625 0.015625 0.015625
0 0.820312 0.814063 0.015625 0.015625
0 0.860938 0.817187 0.015625 0.015625
0 0.898438 0.820312 0.015625 0.015625
0 0.934375 0.820312 0.015625 0.015625
0 0.971875 0.821875 0.015625 0.015625
0 0.575000 0.848437 0.015625 0.015625
0 0.584375 0.875000 0.015625 0.015625
0 0.618750 0.875000 0.015625 0.015625
0 0.673438 0.876563 0.015625 0.015625
0 0.742188 0.876563 0.015625 0.015625
0 0.782813 0.876563 0.015625 0.015625
0 0.814063 0.876563 0.015625 0.015625
0 0.854688 0.878125 0.015625 0.015625
0 0.898438 0.879687 0.015625 0.015625
0 0.932813 0.881250 0.015625 0.015625
0 0.975000 0.882812 0.015625 0.015625
0 0.573438 0.909375 0.015625 0.015625
0 0.615625 0.909375 0.015625 0.015625
0 0.646875 0.909375 0.015625 0.015625
0 0.684375 0.909375 0.015625 0.015625
0 0.723437 0.907813 0.015625 0.015625
0 0.800000 0.910937 0.015625 0.015625
0 0.837500 0.912500 0.015625 0.015625
0 0.876563 0.912500 0.015625 0.015625
0 0.915625 0.915625 0.015625 0.015625
0 0.950000 0.917188 0.015625 0.015625
0 0.993750 0.917188 0.015625 0.015625
0 0.590625 0.943750 0.015625 0.015625
0 0.628125 0.942187 0.015625 0.015625
0 0.670312 0.942187 0.015625 0.015625
0 0.706250 0.943750 0.015625 0.015625
0 0.740625 0.943750 0.015625 0.015625
0 0.782813 0.945312 0.015625 0.015625
0 0.820312 0.946875 0.015625 0.015625
0 0.857812 0.946875 0.015625 0.015625
0 0.890625 0.946875 0.015625 0.015625
0 0.934375 0.948438 0.015625 0.015625
0 0.971875 0.951562 0.015625 0.015625
0 0.803125 0.978125 0.015625 0.015625
0 0.839063 0.979688 0.015625 0.015625
0 0.873437 0.978125 0.015625 0.015625
0 0.912500 0.978125 0.015625 0.015625
0 0.868750 0.682813 0.015625 0.015625
0 0.950000 0.689063 0.015625 0.015625
0 0.782813 0.000000 0.015625 0.015625
0 0.114062 0.010937 0.015625 0.015625
0 0.156250 0.014063 0.015625 0.015625
0 0.195312 0.017188 0.015625 0.015625
0 0.229687 0.017188 0.015625 0.015625
0 0.268750 0.017188 0.015625 0.015625
0 0.307812 0.017188 0.015625 0.015625
0 0.345313 0.020313 0.015625 0.015625
0 0.382812 0.018750 0.015625 0.015625
0 0.423438 0.020313 0.015625 0.015625
0 0.457813 0.020313 0.015625 0.015625
0 0.500000 0.021875 0.015625 0.015625
0 0.539062 0.023438 0.015625 0.015625
0 0.689063 0.025000 0.015625 0.015625
0 0.154688 0.081250 0.015625 0.015625
0 0.192188 0.082812 0.015625 0.015625
0 0.170313 0.050000 0.015625 0.015625
0 0.134375 0.045312 0.015625 0.015625
0 0.209375 0.048438 0.015625 0.015625
0 0.246875 0.048438 0.015625 0.015625
0 0.284375 0.048438 0.015625 0.015625
0 0.318750 0.050000 0.015625 0.015625
0 0.357812 0.050000 0.015625 0.015625
0 0.231250 0.084375 0.015625 0.015625
0 0.260937 0.082812 0.015625 0.015625
0 0.317188 0.082812 0.015625 0.015625
0 0.345313 0.082812 0.015625 0.015625
0 0.382812 0.085938 0.015625 0.015625
0 0.420312 0.085938 0.015625 0.015625
0 0.404687 0.051562 0.015625 0.015625
0 0.448437 0.054688 0.015625 0.015625
0 0.479687 0.054688 0.015625 0.015625
0 0.517188 0.054688 0.015625 0.015625
0 0.554688 0.054688 0.015625 0.015625
0 0.535937 0.087500 0.015625 0.015625
0 0.570312 0.085938 0.015625 0.015625
0 0.592187 0.054688 0.015625 0.015625
0 0.626563 0.057813 0.015625 0.015625
0 0.609375 0.085938 0.015625 0.015625
0 0.665625 0.057813 0.015625 0.015625
0 0.648438 0.087500 0.015625 0.015625
0 0.687500 0.090625 0.015625 0.015625
0 0.704688 0.057813 0.015625 0.015625
0 0.743750 0.060937 0.015625 0.015625
0 0.767188 0.057813 0.015625 0.015625
0 0.800000 0.031250 0.015625 0.015625
0 0.964063 0.195312 0.015625 0.015625
0 0.989062 0.164062 0.015625 0.015625
0 0.676562 0.482812 0.015625 0.015625
0 0.695312 0.515625 0.015625 0.015625
0 0.714063 0.485938 0.015625 0.015625
0 0.734375 0.514062 0.015625 0.015625
0 0.751563 0.485938 0.015625 0.015625
0 0.771875 0.515625 0.015625 0.015625
0 0.790625 0.485938 0.015625 0.015625
0 0.807813 0.520312 0.015625 0.015625
0 0.692187 0.450000 0.015625 0.015625
0 0.732812 0.451562 0.015625 0.015625
0 0.773438 0.450000 0.015625 0.015625
0 0.810937 0.453125 0.015625 0.015625
0 0.850000 0.454688 0.015625 0.015625
0 0.834375 0.420312 0.015625 0.015625
0 0.867188 0.420312 0.015625 0.015625
0 0.893750 0.454688 0.015625 0.015625
0 0.909375 0.421875 0.015625 0.015625
0 0.928125 0.451562 0.015625 0.015625
0 0.946875 0.425000 0.015625 0.015625
0 0.965625 0.459375 0.015625 0.015625
0 0.987500 0.423438 0.015625 0.015625
