0 0.007812 0.190625 0.015625 0.015625
0 0.028125 0.221875 0.015625 0.015625
0 0.048438 0.257812 0.015625 0.015625
0 0.000000 0.450000 0.015625 0.015625
0 0.042188 0.451562 0.015625 0.015625
0 0.085938 0.451562 0.015625 0.015625
0 0.017188 0.387500 0.015625 0.015625
0 0.042188 0.387500 0.015625 0.015625
0 0.084375 0.387500 0.015625 0.015625
0 0.117188 0.456250 0.015625 0.015625
0 0.154688 0.454688 0.015625 0.015625
0 0.184375 0.454688 0.015625 0.015625
0 0.209375 0.484375 0.015625 0.015625
0 0.175000 0.487500 0.015625 0.015625
0 0.132812 0.485938 0.015625 0.015625
0 0.098437 0.484375 0.015625 0.015625
0 0.023438 0.484375 0.015625 0.015625
0 0.000000 0.515625 0.015625 0.015625
0 0.045312 0.517188 0.015625 0.015625
0 0.084375 0.518750 0.015625 0.015625
0 0.112500 0.518750 0.015625 0.015625
0 0.150000 0.518750 0.015625 0.015625
0 0.190625 0.520312 0.015625 0.015625
0 0.225000 0.521875 0.015625 0.015625
0 0.103125 0.553125 0.015625 0.015625
0 0.137500 0.553125 0.015625 0.015625
0 0.171875 0.553125 0.015625 0.015625
0 0.212500 0.553125 0.015625 0.015625
0 0.003125 0.582812 0.015625 0.015625
0 0.078125 0.585938 0.015625 0.015625
0 0.120313 0.584375 0.015625 0.015625
0 0.151562 0.585938 0.015625 0.015625
0 0.189062 0.587500 0.015625 0.015625
0 0.017188 0.614062 0.015625 0.015625
0 0.057813 0.615625 0.015625 0.015625
0 0.093750 0.615625 0.015625 0.015625
0 0.129688 0.615625 0.015625 0.015625
0 0.175000 0.617188 0.015625 0.015625
0 0.207813 0.620313 0.015625 0.015625
0 0.004687 0.650000 0.015625 0.015625
0 0.020313 0.678125 0.015625 0.015625
0 0.039062 0.653125 0.015625 0.015625
0 0.059375 0.679688 0.015625 0.015625
0 0.076563 0.650000 0.015625 0.015625
0 0.095312 0.679688 0.015625 0.015625
0 0.115625 0.654687 0.015625 0.015625
0 0.135937 0.679688 0.015625 0.015625
0 0.154688 0.651563 0.015625 0.015625
0 0.170313 0.684375 0.015625 0.015625
0 0.192188 0.651563 0.015625 0.015625
0 0.210938 0.685937 0.015625 0.015625
0 0.226562 0.659375 0.015625 0.015625
0 0.248438 0.690625 0.015625 0.015625
0 0.285938 0.687500 0.015625 0.015625
0 0.325000 0.689063 0.015625 0.015625
0 0.307812 0.657813 0.015625 0.015625
0 0.020313 0.748437 0.015625 0.015625
0 0.037500 0.717187 0.015625 0.015625
0 0.056250 0.746875 0.015625 0.015625
0 0.098437 0.745313 0.015625 0.015625
0 0.115625 0.715625 0.015625 0.015625
0 0.135937 0.746875 0.015625 0.015625
0 0.156250 0.718750 0.015625 0.015625
0 0.192188 0.718750 0.015625 0.015625
0 0.225000 0.718750 0.015625 0.015625
0 0.270313 0.721875 0.015625 0.015625
0 0.304688 0.723437 0.015625 0.015625
0 0.170313 0.750000 0.015625 0.015625
0 0.207813 0.750000 0.015625 0.015625
0 0.246875 0.750000 0.015625 0.015625
0 0.284375 0.756250 0.015625 0.015625
0 0.325000 0.756250 0.015625 0.015625
0 0.357812 0.757812 0.015625 0.015625
0 0.000000 0.781250 0.015625 0.015625
0 0.017188 0.809375 0.015625 0.015625
0 0.035937 0.784375 0.015625 0.015625
0 0.054688 0.809375 0.015625 0.015625
0 0.070312 0.782813 0.015625 0.015625
0 0.096875 0.809375 0.015625 0.015625
0 0.117188 0.784375 0.015625 0.015625
0 0.134375 0.814063 0.015625 0.015625
0 0.151562 0.789062 0.015625 0.015625
0 0.176563 0.817187 0.015625 0.015625
0 0.193750 0.784375 0.015625 0.015625
0 0.215625 0.815625 0.015625 0.015625
0 0.228125 0.781250 0.015625 0.015625
0 0.250000 0.815625 0.015625 0.015625
0 0.262500 0.789062 0.015625 0.015625
0 0.304688 0.790625 0.015625 0.015625
0 0.335938 0.790625 0.015625 0.015625
0 0.278125 0.820312 0.015625 0.015625
0 0.320312 0.820312 0.015625 0.015625
0 0.340625 0.825000 0.015625 0.015625
0 0.003125 0.846875 0.015625 0.015625
0 0.045312 0.846875 0.015625 0.015625
0 0.082812 0.851562 0.015625 0.015625
0 0.121875 0.851562 0.015625 0.015625
0 0.157812 0.848437 0.015625 0.015625
0 0.187500 0.850000 0.015625 0.015625
0 0.228125 0.851562 0.015625 0.015625
0 0.267188 0.851562 0.015625 0.015625
0 0.012500 0.879687 0.015625 0.015625
0 0.210938 0.882812 0.015625 0.015625
0 0.239063 0.882812 0.015625 0.015625
0 0.287500 0.881250 0.015625 0.015625
0 0.031250 0.910937 0.015625 0.015625
0 0.148438 0.915625 0.015625 0.015625
0 0.185938 0.915625 0.015625 0.015625
0 0.221875 0.915625 0.015625 0.015625
0 0.257812 0.917188 0.015625 0.015625
0 0.303125 0.920312 0.015625 0.015625
0 0.335938 0.920312 0.015625 0.015625
0 0.375000 0.923438 0.015625 0.015625
0 0.414062 0.921875 0.015625 0.015625
0 0.448437 0.921875 0.015625 0.015625
0 0.014063 0.942187 0.015625 0.015625
0 0.034375 0.979688 0.015625 0.015625
0 0.050000 0.943750 0.015625 0.015625
0 0.075000 0.979688 0.015625 0.015625
0 0.114062 0.981250 0.015625 0.015625
0 0.143750 0.979688 0.015625 0.015625
0 0.126562 0.943750 0.015625 0.015625
0 0.179688 0.981250 0.015625 0.015625
0 0.201563 0.946875 0.015625 0.015625
0 0.221875 0.984375 0.015625 0.015625
0 0.243750 0.945312 0.015625 0.015625
0 0.260937 0.979688 0.015625 0.015625
0 0.278125 0.950000 0.015625 0.015625
0 0.293750 0.981250 0.015625 0.015625
0 0.165625 0.945312 0.015625 0.015625
