0 0.354687 0.468750 0.015625 0.015625
0 0.393750 0.470313 0.015625 0.015625
0 0.435937 0.471875 0.015625 0.015625
0 0.465625 0.470313 0.015625 0.015625
0 0.507812 0.471875 0.015625 0.015625
0 0.548438 0.470313 0.015625 0.015625
0 0.581250 0.471875 0.015625 0.015625
0 0.618750 0.473438 0.015625 0.015625
0 0.660937 0.473438 0.015625 0.015625
0 0.693750 0.473438 0.015625 0.015625
0 0.734375 0.475000 0.015625 0.015625
0 0.776563 0.475000 0.015625 0.015625
0 0.810937 0.475000 0.015625 0.015625
0 0.856250 0.476562 0.015625 0.015625
0 0.893750 0.478125 0.015625 0.015625
0 0.940625 0.478125 0.015625 0.015625
0 0.918750 0.509375 0.015625 0.015625
0 0.871875 0.507812 0.015625 0.015625
0 0.828125 0.507812 0.015625 0.015625
0 0.790625 0.507812 0.015625 0.015625
0 0.757812 0.507812 0.015625 0.015625
0 0.715625 0.506250 0.015625 0.015625
0 0.675000 0.506250 0.015625 0.015625
0 0.640625 0.507812 0.015625 0.015625
0 0.601562 0.506250 0.015625 0.015625
0 0.562500 0.506250 0.015625 0.015625
0 0.526563 0.506250 0.015625 0.015625
0 0.485938 0.506250 0.015625 0.015625
0 0.445312 0.507812 0.015625 0.015625
0 0.410938 0.506250 0.015625 0.015625
0 0.376563 0.506250 0.015625 0.015625
0 0.337500 0.504687 0.015625 0.015625
0 0.304688 0.503125 0.015625 0.015625
0 0.320312 0.531250 0.015625 0.015625
0 0.353125 0.535937 0.015625 0.015625
0 0.389062 0.537500 0.015625 0.015625
0 0.432812 0.537500 0.015625 0.015625
0 0.468750 0.537500 0.015625 0.015625
0 0.506250 0.539062 0.015625 0.015625
0 0.545312 0.537500 0.015625 0.015625
0 0.579688 0.537500 0.015625 0.015625
0 0.620313 0.539062 0.015625 0.015625
0 0.659375 0.539062 0.015625 0.015625
0 0.687500 0.540625 0.015625 0.015625
0 0.734375 0.539062 0.015625 0.015625
0 0.771875 0.542188 0.015625 0.015625
0 0.809375 0.542188 0.015625 0.015625
0 0.850000 0.542188 0.015625 0.015625
0 0.887500 0.543750 0.015625 0.015625
0 0.923438 0.543750 0.015625 0.015625
0 0.864062 0.573438 0.015625 0.015625
0 0.828125 0.575000 0.015625 0.015625
0 0.790625 0.575000 0.015625 0.015625
0 0.748437 0.573438 0.015625 0.015625
0 0.707812 0.573438 0.015625 0.015625
0 0.671875 0.573438 0.015625 0.015625
0 0.637500 0.573438 0.015625 0.015625
0 0.598437 0.571875 0.015625 0.015625
0 0.559375 0.571875 0.015625 0.015625
0 0.523438 0.571875 0.015625 0.015625
0 0.484375 0.570312 0.015625 0.015625
0 0.448437 0.571875 0.015625 0.015625
0 0.409375 0.570312 0.015625 0.015625
0 0.368750 0.570312 0.015625 0.015625
0 0.337500 0.567187 0.015625 0.015625
0 0.351562 0.604688 0.015625 0.015625
0 0.392188 0.604688 0.015625 0.015625
0 0.426563 0.604688 0.015625 0.015625
0 0.468750 0.604688 0.015625 0.015625
0 0.503125 0.604688 0.015625 0.015625
0 0.540625 0.603125 0.015625 0.015625
0 0.579688 0.604688 0.015625 0.015625
0 0.617188 0.603125 0.015625 0.015625
0 0.654687 0.603125 0.015625 0.015625
0 0.690625 0.607812 0.015625 0.015625
0 0.732812 0.606250 0.015625 0.015625
0 0.764062 0.606250 0.015625 0.015625
0 0.798438 0.609375 0.015625 0.015625
0 0.828125 0.610938 0.015625 0.015625
0 0.875000 0.614062 0.015625 0.015625
0 0.959375 0.609375 0.015625 0.015625
0 0.995313 0.609375 0.015625 0.015625
0 0.368750 0.632812 0.015625 0.015625
0 0.406250 0.635938 0.015625 0.015625
0 0.446875 0.634375 0.015625 0.015625
0 0.481250 0.634375 0.015625 0.015625
0 0.515625 0.635938 0.015625 0.015625
0 0.550000 0.640625 0.015625 0.015625
0 0.593750 0.637500 0.015625 0.015625
0 0.637500 0.637500 0.015625 0.015625
0 0.665625 0.637500 0.015625 0.015625
0 0.704688 0.639062 0.015625 0.015625
0 0.731250 0.639062 0.015625 0.015625
0 0.771875 0.639062 0.015625 0.015625
0 0.814063 0.642188 0.015625 0.015625
0 0.996875 0.675000 0.015625 0.015625
0 0.957812 0.673438 0.015625 0.015625
0 0.901563 0.707812 0.015625 0.015625
0 0.934375 0.709375 0.015625 0.015625
0 0.970313 0.709375 0.015625 0.015625
0 0.390625 0.665625 0.015625 0.015625
0 0.426563 0.668750 0.015625 0.015625
0 0.464062 0.668750 0.015625 0.015625
0 0.501563 0.668750 0.015625 0.015625
0 0.540625 0.670312 0.015625 0.015625
0 0.578125 0.670312 0.015625 0.015625
0 0.614062 0.670312 0.015625 0.015625
0 0.653125 0.670312 0.015625 0.015625
0 0.689063 0.673438 0.015625 0.015625
0 0.726562 0.673438 0.015625 0.015625
0 0.768750 0.673438 0.015625 0.015625
0 0.809375 0.673438 0.015625 0.015625
0 0.412500 0.700000 0.015625 0.015625
0 0.443750 0.700000 0.015625 0.015625
0 0.481250 0.703125 0.015625 0.015625
0 0.518750 0.703125 0.015625 0.015625
0 0.553125 0.703125 0.015625 0.015625
0 0.592187 0.706250 0.015625 0.015625
0 0.635938 0.706250 0.015625 0.015625
0 0.667188 0.703125 0.015625 0.015625
0 0.709375 0.706250 0.015625 0.015625
0 0.745313 0.706250 0.015625 0.015625
0 0.790625 0.709375 0.015625 0.015625
0 0.429688 0.732812 0.015625 0.015625
0 0.460938 0.734375 0.015625 0.015625
0 0.498437 0.737500 0.015625 0.015625
0 0.535937 0.737500 0.015625 0.015625
0 0.576562 0.737500 0.015625 0.015625
0 0.648438 0.739062 0.015625 0.015625
0 0.693750 0.740625 0.015625 0.015625
0 0.734375 0.742188 0.015625 0.015625
0 0.764062 0.740625 0.015625 0.015625
0 0.446875 0.767188 0.015625 0.015625
0 0.479687 0.770312 0.015625 0.015625
0 0.515625 0.770312 0.015625 0.015625
0 0.554688 0.773438 0.015625 0.015625
0 0.593750 0.773438 0.015625 0.015625
0 0.629687 0.771875 0.015625 0.015625
0 0.664062 0.771875 0.015625 0.015625
0 0.706250 0.771875 0.015625 0.015625
0 0.748437 0.773438 0.015625 0.015625
0 0.779687 0.775000 0.015625 0.015625
0 0.464062 0.801562 0.015625 0.015625
0 0.496875 0.801562 0.015625 0.015625
0 0.537500 0.801562 0.015625 0.015625
0 0.576562 0.801562 0.015625 0.015625
0 0.610938 0.803125 0.015625 0.015625
0 0.650000 0.803125 0.015625 0.015625
0 0.692187 0.804688 0.015625 0.015625
0 0.731250 0.806250 0.015625 0.015625
0 0.764062 0.804688 0.015625 0.015625
0 0.484375 0.832812 0.015625 0.015625
0 0.517188 0.832812 0.015625 0.015625
0 0.557813 0.832812 0.015625 0.015625
0 0.598437 0.832812 0.015625 0.015625
0 0.639062 0.834375 0.015625 0.015625
0 0.678125 0.835938 0.015625 0.015625
0 0.715625 0.837500 0.015625 0.015625
0 0.748437 0.839063 0.015625 0.015625
0 0.781250 0.843750 0.015625 0.015625
0 0.535937 0.862500 0.015625 0.015625
0 0.578125 0.864062 0.015625 0.015625
0 0.556250 0.903125 0.015625 0.015625
0 0.595313 0.903125 0.015625 0.015625
0 0.623437 0.903125 0.015625 0.015625
0 0.626563 0.864062 0.015625 0.015625
0 0.664062 0.865625 0.015625 0.015625
0 0.698438 0.864062 0.015625 0.015625
0 0.731250 0.864062 0.015625 0.015625
0 0.760938 0.864062 0.015625 0.015625
0 0.778125 0.903125 0.015625 0.015625
0 0.740625 0.904687 0.015625 0.015625
0 0.712500 0.893750 0.015625 0.015625
0 0.684375 0.934375 0.015625 0.015625
0 0.646875 0.934375 0.015625 0.015625
0 0.612500 0.935937 0.015625 0.015625
0 0.575000 0.934375 0.015625 0.015625
0 0.590625 0.967187 0.015625 0.015625
0 0.862500 0.773438 0.015625 0.015625
0 0.881250 0.737500 0.015625 0.015625
0 0.917188 0.737500 0.015625 0.015625
0 0.953125 0.740625 0.015625 0.015625
0 0.992188 0.742188 0.015625 0.015625
0 0.896875 0.775000 0.015625 0.015625
0 0.937500 0.775000 0.015625 0.015625
0 0.971875 0.775000 0.015625 0.015625
0 0.992188 0.809375 0.015625 0.015625
0 0.953125 0.806250 0.015625 0.015625
0 0.915625 0.809375 0.015625 0.015625
0 0.882812 0.804688 0.015625 0.015625
0 0.848437 0.807813 0.015625 0.015625
0 0.857812 0.840625 0.015625 0.015625
0 0.900000 0.840625 0.015625 0.015625
0 0.873437 0.868750 0.015625 0.015625
0 0.914062 0.871875 0.015625 0.015625
0 0.934375 0.839063 0.015625 0.015625
0 0.954688 0.873437 0.015625 0.015625
0 0.971875 0.837500 0.015625 0.015625
0 0.992188 0.868750 0.015625 0.015625
0 0.989062 0.940625 0.015625 0.015625
0 0.968750 0.904687 0.015625 0.015625
0 0.953125 0.939063 0.015625 0.015625
0 0.935937 0.907813 0.015625 0.015625
0 0.910937 0.939063 0.015625 0.015625
0 0.903125 0.906250 0.015625 0.015625
0 0.868750 0.906250 0.015625 0.015625
0 0.876563 0.940625 0.015625 0.015625
0 0.835938 0.937500 0.015625 0.015625
0 0.832812 0.907813 0.015625 0.015625
0 0.821875 0.975000 0.015625 0.015625
0 0.856250 0.973437 0.015625 0.015625
0 0.895312 0.968750 0.015625 0.015625
0 0.929688 0.971875 0.015625 0.015625
0 0.971875 0.970313 0.015625 0.015625
0 0.014063 0.464062 0.015625 0.015625
0 0.046875 0.464062 0.015625 0.015625
0 0.087500 0.465625 0.015625 0.015625
0 0.125000 0.465625 0.015625 0.015625
0 0.162500 0.467187 0.015625 0.015625
0 0.204687 0.467187 0.015625 0.015625
0 0.010937 0.531250 0.015625 0.015625
0 0.201563 0.532813 0.015625 0.015625
0 0.220312 0.562500 0.015625 0.015625
0 0.242188 0.532813 0.015625 0.015625
0 0.262500 0.565625 0.015625 0.015625
0 0.015625 0.628125 0.015625 0.015625
0 0.062500 0.628125 0.015625 0.015625
0 0.101562 0.629687 0.015625 0.015625
0 0.009375 0.595313 0.015625 0.015625
0 0.046875 0.598437 0.015625 0.015625
0 0.089063 0.598437 0.015625 0.015625
0 0.129688 0.598437 0.015625 0.015625
0 0.164062 0.598437 0.015625 0.015625
0 0.204687 0.600000 0.015625 0.015625
0 0.240625 0.600000 0.015625 0.015625
0 0.276562 0.600000 0.015625 0.015625
0 0.007812 0.662500 0.015625 0.015625
0 0.048438 0.664062 0.015625 0.015625
0 0.082812 0.662500 0.015625 0.015625
0 0.121875 0.664062 0.015625 0.015625
0 0.162500 0.662500 0.015625 0.015625
0 0.143750 0.629687 0.015625 0.015625
0 0.181250 0.632812 0.015625 0.015625
0 0.218750 0.632812 0.015625 0.015625
0 0.257812 0.634375 0.015625 0.015625
0 0.195312 0.665625 0.015625 0.015625
0 0.234375 0.665625 0.015625 0.015625
0 0.025000 0.693750 0.015625 0.015625
0 0.064062 0.695312 0.015625 0.015625
0 0.106250 0.695312 0.015625 0.015625
0 0.150000 0.696875 0.015625 0.015625
0 0.221875 0.696875 0.015625 0.015625
0 0.259375 0.696875 0.015625 0.015625
0 0.296875 0.696875 0.015625 0.015625
0 0.325000 0.698438 0.015625 0.015625
0 0.087500 0.531250 0.015625 0.015625
0 0.128125 0.532813 0.015625 0.015625
0 0.165625 0.531250 0.015625 0.015625
0 0.006250 0.729688 0.015625 0.015625
0 0.043750 0.731250 0.015625 0.015625
0 0.076563 0.729688 0.015625 0.015625
0 0.125000 0.729688 0.015625 0.015625
0 0.157812 0.729688 0.015625 0.015625
0 0.196875 0.731250 0.015625 0.015625
0 0.237500 0.731250 0.015625 0.015625
0 0.276562 0.731250 0.015625 0.015625
0 0.315625 0.732812 0.015625 0.015625
0 0.346875 0.731250 0.015625 0.015625
0 0.028125 0.757812 0.015625 0.015625
0 0.057813 0.762500 0.015625 0.015625
0 0.098437 0.762500 0.015625 0.015625
0 0.137500 0.762500 0.015625 0.015625
0 0.184375 0.762500 0.015625 0.015625
0 0.215625 0.764062 0.015625 0.015625
0 0.259375 0.764062 0.015625 0.015625
0 0.293750 0.765625 0.015625 0.015625
0 0.328125 0.764062 0.015625 0.015625
0 0.365625 0.764062 0.015625 0.015625
0 0.006250 0.793750 0.015625 0.015625
0 0.198437 0.796875 0.015625 0.015625
0 0.150000 0.796875 0.015625 0.015625
0 0.273438 0.796875 0.015625 0.015625
0 0.312500 0.796875 0.015625 0.015625
0 0.348438 0.796875 0.015625 0.015625
0 0.381250 0.796875 0.015625 0.015625
0 0.059375 0.828125 0.015625 0.015625
0 0.139063 0.829688 0.015625 0.015625
0 0.015625 0.857812 0.015625 0.015625
0 0.048438 0.857812 0.015625 0.015625
0 0.089063 0.856250 0.015625 0.015625
0 0.145313 0.857812 0.015625 0.015625
0 0.159375 0.859375 0.015625 0.015625
0 0.196875 0.859375 0.015625 0.015625
0 0.229687 0.859375 0.015625 0.015625
0 0.306250 0.857812 0.015625 0.015625
0 0.346875 0.859375 0.015625 0.015625
0 0.390625 0.859375 0.015625 0.015625
0 0.420312 0.859375 0.015625 0.015625
0 0.329688 0.831250 0.015625 0.015625
0 0.293750 0.831250 0.015625 0.015625
0 0.248438 0.831250 0.015625 0.015625
0 0.006250 0.926562 0.015625 0.015625
0 0.026562 0.893750 0.015625 0.015625
0 0.045312 0.928125 0.015625 0.015625
0 0.064062 0.895312 0.015625 0.015625
0 0.079687 0.929688 0.015625 0.015625
0 0.103125 0.893750 0.015625 0.015625
0 0.120313 0.928125 0.015625 0.015625
0 0.135937 0.893750 0.015625 0.015625
0 0.156250 0.928125 0.015625 0.015625
0 0.175000 0.896875 0.015625 0.015625
0 0.200000 0.931250 0.015625 0.015625
0 0.217188 0.900000 0.015625 0.015625
0 0.231250 0.931250 0.015625 0.015625
0 0.251563 0.896875 0.015625 0.015625
0 0.275000 0.925000 0.015625 0.015625
0 0.292187 0.898438 0.015625 0.015625
0 0.310937 0.929688 0.015625 0.015625
0 0.323437 0.898438 0.015625 0.015625
0 0.350000 0.926562 0.015625 0.015625
0 0.365625 0.900000 0.015625 0.015625
0 0.384375 0.929688 0.015625 0.015625
0 0.401562 0.901563 0.015625 0.015625
0 0.417187 0.931250 0.015625 0.015625
0 0.445312 0.900000 0.015625 0.015625
0 0.457813 0.932813 0.015625 0.015625
0 0.020313 0.957812 0.015625 0.015625
0 0.059375 0.960938 0.015625 0.015625
0 0.101562 0.962500 0.015625 0.015625
0 0.181250 0.962500 0.015625 0.015625
0 0.214062 0.962500 0.015625 0.015625
0 0.273438 0.965625 0.015625 0.015625
0 0.325000 0.960938 0.015625 0.015625
0 0.364063 0.962500 0.015625 0.015625
0 0.401562 0.962500 0.015625 0.015625
0 0.440625 0.962500 0.015625 0.015625
0 0.475000 0.965625 0.015625 0.015625
0 0.034375 0.995313 0.015625 0.015625
0 0.420312 0.995313 0.015625 0.015625
0 0.495312 0.998437 0.015625 0.015625
