0 0.000000 0.651563 0.015625 0.015625
0 0.034375 0.654687 0.015625 0.015625
0 0.073438 0.653125 0.015625 0.015625
0 0.095312 0.689063 0.015625 0.015625
0 0.129688 0.689063 0.015625 0.015625
0 0.112500 0.723437 0.015625 0.015625
0 0.057813 0.751563 0.015625 0.015625
0 0.092188 0.753125 0.015625 0.015625
0 0.129688 0.753125 0.015625 0.015625
0 0.020313 0.685937 0.015625 0.015625
0 0.001563 0.715625 0.015625 0.015625
0 0.031250 0.718750 0.015625 0.015625
0 0.168750 0.753125 0.015625 0.015625
0 0.200000 0.753125 0.015625 0.015625
