0 0.200000 0.000000 0.015625 0.015625
0 0.237500 0.000000 0.015625 0.015625
0 0.276562 0.000000 0.015625 0.015625
0 0.309375 0.000000 0.015625 0.015625
0 0.348438 0.001563 0.015625 0.015625
0 0.389062 0.001563 0.015625 0.015625
0 0.425000 0.004687 0.015625 0.015625
0 0.465625 0.006250 0.015625 0.015625
0 0.501563 0.009375 0.015625 0.015625
0 0.535937 0.004687 0.015625 0.015625
0 0.575000 0.006250 0.015625 0.015625
0 0.614062 0.009375 0.015625 0.015625
0 0.653125 0.006250 0.015625 0.015625
0 0.692187 0.004687 0.015625 0.015625
0 0.726562 0.009375 0.015625 0.015625
0 0.768750 0.010937 0.015625 0.015625
0 0.806250 0.009375 0.015625 0.015625
0 0.842187 0.010937 0.015625 0.015625
0 0.006250 0.059375 0.015625 0.015625
0 0.023438 0.029687 0.015625 0.015625
0 0.042188 0.060937 0.015625 0.015625
0 0.064062 0.029687 0.015625 0.015625
0 0.081250 0.060937 0.015625 0.015625
0 0.101562 0.028125 0.015625 0.015625
0 0.118750 0.062500 0.015625 0.015625
0 0.139063 0.029687 0.015625 0.015625
0 0.159375 0.060937 0.015625 0.015625
0 0.173437 0.029687 0.015625 0.015625
0 0.195312 0.065625 0.015625 0.015625
0 0.217188 0.028125 0.015625 0.015625
0 0.232813 0.065625 0.015625 0.015625
0 0.251563 0.032813 0.015625 0.015625
0 0.270313 0.065625 0.015625 0.015625
0 0.289062 0.032813 0.015625 0.015625
0 0.307812 0.065625 0.015625 0.015625
0 0.328125 0.034375 0.015625 0.015625
0 0.345313 0.067187 0.015625 0.015625
0 0.367188 0.034375 0.015625 0.015625
0 0.387500 0.062500 0.015625 0.015625
0 0.404687 0.035937 0.015625 0.015625
0 0.423438 0.068750 0.015625 0.015625
0 0.442188 0.037500 0.015625 0.015625
0 0.460938 0.070312 0.015625 0.015625
0 0.479687 0.039062 0.015625 0.015625
0 0.498437 0.073438 0.015625 0.015625
0 0.515625 0.040625 0.015625 0.015625
0 0.534375 0.073438 0.015625 0.015625
0 0.554688 0.039062 0.015625 0.015625
0 0.573438 0.071875 0.015625 0.015625
0 0.590625 0.040625 0.015625 0.015625
0 0.612500 0.075000 0.015625 0.015625
0 0.631250 0.042188 0.015625 0.015625
0 0.650000 0.073438 0.015625 0.015625
0 0.667188 0.043750 0.015625 0.015625
0 0.689063 0.075000 0.015625 0.015625
0 0.709375 0.040625 0.015625 0.015625
0 0.726562 0.073438 0.015625 0.015625
0 0.743750 0.043750 0.015625 0.015625
0 0.767188 0.078125 0.015625 0.015625
0 0.781250 0.043750 0.015625 0.015625
0 0.800000 0.076563 0.015625 0.015625
0 0.821875 0.043750 0.015625 0.015625
0 0.842187 0.073438 0.015625 0.015625
0 0.856250 0.043750 0.015625 0.015625
0 0.878125 0.078125 0.015625 0.015625
0 0.003125 0.126562 0.015625 0.015625
0 0.021875 0.095312 0.015625 0.015625
0 0.040625 0.126562 0.015625 0.015625
0 0.062500 0.096875 0.015625 0.015625
0 0.079687 0.126562 0.015625 0.015625
0 0.100000 0.098437 0.015625 0.015625
0 0.117188 0.129688 0.015625 0.015625
0 0.137500 0.096875 0.015625 0.015625
0 0.156250 0.129688 0.015625 0.015625
0 0.175000 0.098437 0.015625 0.015625
0 0.196875 0.129688 0.015625 0.015625
0 0.212500 0.100000 0.015625 0.015625
0 0.231250 0.129688 0.015625 0.015625
0 0.250000 0.096875 0.015625 0.015625
0 0.267188 0.129688 0.015625 0.015625
0 0.287500 0.096875 0.015625 0.015625
0 0.303125 0.131250 0.015625 0.015625
0 0.325000 0.100000 0.015625 0.015625
0 0.345313 0.129688 0.015625 0.015625
0 0.365625 0.100000 0.015625 0.015625
0 0.384375 0.129688 0.015625 0.015625
0 0.407813 0.098437 0.015625 0.015625
0 0.421875 0.132812 0.015625 0.015625
0 0.443750 0.101562 0.015625 0.015625
0 0.459375 0.134375 0.015625 0.015625
0 0.481250 0.103125 0.015625 0.015625
0 0.500000 0.135937 0.015625 0.015625
0 0.518750 0.104688 0.015625 0.015625
0 0.537500 0.135937 0.015625 0.015625
0 0.557813 0.104688 0.015625 0.015625
0 0.575000 0.137500 0.015625 0.015625
0 0.592187 0.104688 0.015625 0.015625
0 0.610938 0.139063 0.015625 0.015625
0 0.631250 0.106250 0.015625 0.015625
0 0.650000 0.137500 0.015625 0.015625
0 0.668750 0.106250 0.015625 0.015625
0 0.687500 0.137500 0.015625 0.015625
0 0.707812 0.106250 0.015625 0.015625
0 0.725000 0.140625 0.015625 0.015625
0 0.748437 0.110937 0.015625 0.015625
0 0.762500 0.142187 0.015625 0.015625
0 0.784375 0.107813 0.015625 0.015625
0 0.801562 0.142187 0.015625 0.015625
0 0.820312 0.110937 0.015625 0.015625
0 0.839063 0.142187 0.015625 0.015625
0 0.859375 0.110937 0.015625 0.015625
0 0.876563 0.143750 0.015625 0.015625
0 0.896875 0.112500 0.015625 0.015625
0 0.912500 0.145313 0.015625 0.015625
0 0.006250 0.190625 0.015625 0.015625
0 0.023438 0.157812 0.015625 0.015625
0 0.042188 0.192188 0.015625 0.015625
0 0.059375 0.162500 0.015625 0.015625
0 0.078125 0.192188 0.015625 0.015625
0 0.096875 0.162500 0.015625 0.015625
0 0.117188 0.193750 0.015625 0.015625
0 0.135937 0.160938 0.015625 0.015625
0 0.154688 0.195312 0.015625 0.015625
0 0.173437 0.162500 0.015625 0.015625
0 0.195312 0.195312 0.015625 0.015625
0 0.210938 0.162500 0.015625 0.015625
0 0.226562 0.196875 0.015625 0.015625
0 0.246875 0.162500 0.015625 0.015625
0 0.265625 0.196875 0.015625 0.015625
0 0.285938 0.164062 0.015625 0.015625
0 0.306250 0.198437 0.015625 0.015625
0 0.326562 0.164062 0.015625 0.015625
0 0.345313 0.195312 0.015625 0.015625
0 0.365625 0.162500 0.015625 0.015625
0 0.385937 0.200000 0.015625 0.015625
0 0.403125 0.165625 0.015625 0.015625
0 0.420312 0.198437 0.015625 0.015625
0 0.439063 0.165625 0.015625 0.015625
0 0.459375 0.196875 0.015625 0.015625
0 0.481250 0.170313 0.015625 0.015625
0 0.496875 0.201563 0.015625 0.015625
0 0.515625 0.167187 0.015625 0.015625
0 0.553125 0.170313 0.015625 0.015625
0 0.534375 0.201563 0.015625 0.015625
0 0.571875 0.203125 0.015625 0.015625
0 0.600000 0.175000 0.015625 0.015625
0 0.609375 0.206250 0.015625 0.015625
0 0.637500 0.175000 0.015625 0.015625
0 0.651563 0.198437 0.015625 0.015625
0 0.667188 0.173437 0.015625 0.015625
0 0.684375 0.206250 0.015625 0.015625
0 0.706250 0.173437 0.015625 0.015625
0 0.723437 0.207813 0.015625 0.015625
0 0.742188 0.175000 0.015625 0.015625
0 0.760938 0.204687 0.015625 0.015625
0 0.782813 0.176563 0.015625 0.015625
0 0.800000 0.210938 0.015625 0.015625
0 0.820312 0.175000 0.015625 0.015625
0 0.839063 0.207813 0.015625 0.015625
0 0.860938 0.179688 0.015625 0.015625
0 0.875000 0.207813 0.015625 0.015625
0 0.896875 0.178125 0.015625 0.015625
0 0.915625 0.210938 0.015625 0.015625
0 0.935937 0.178125 0.015625 0.015625
0 0.954688 0.212500 0.015625 0.015625
0 0.003125 0.260937 0.015625 0.015625
0 0.018750 0.226562 0.015625 0.015625
0 0.040625 0.259375 0.015625 0.015625
0 0.060937 0.226562 0.015625 0.015625
0 0.075000 0.259375 0.015625 0.015625
0 0.096875 0.229687 0.015625 0.015625
0 0.115625 0.259375 0.015625 0.015625
0 0.132812 0.228125 0.015625 0.015625
0 0.153125 0.262500 0.015625 0.015625
0 0.173437 0.232813 0.015625 0.015625
0 0.192188 0.259375 0.015625 0.015625
0 0.210938 0.228125 0.015625 0.015625
0 0.229687 0.264062 0.015625 0.015625
0 0.248438 0.228125 0.015625 0.015625
0 0.267188 0.262500 0.015625 0.015625
0 0.287500 0.231250 0.015625 0.015625
0 0.306250 0.265625 0.015625 0.015625
0 0.325000 0.231250 0.015625 0.015625
0 0.343750 0.265625 0.015625 0.015625
0 0.359375 0.234375 0.015625 0.015625
0 0.381250 0.265625 0.015625 0.015625
0 0.398438 0.232813 0.015625 0.015625
0 0.414062 0.264062 0.015625 0.015625
0 0.432812 0.235937 0.015625 0.015625
0 0.454688 0.270313 0.015625 0.015625
0 0.478125 0.237500 0.015625 0.015625
0 0.496875 0.265625 0.015625 0.015625
0 0.514062 0.235937 0.015625 0.015625
0 0.534375 0.265625 0.015625 0.015625
0 0.551562 0.237500 0.015625 0.015625
0 0.568750 0.270313 0.015625 0.015625
0 0.590625 0.239063 0.015625 0.015625
0 0.612500 0.268750 0.015625 0.015625
0 0.631250 0.232813 0.015625 0.015625
0 0.664062 0.235937 0.015625 0.015625
0 0.646875 0.268750 0.015625 0.015625
0 0.684375 0.270313 0.015625 0.015625
0 0.704688 0.237500 0.015625 0.015625
0 0.720313 0.270313 0.015625 0.015625
0 0.742188 0.243750 0.015625 0.015625
0 0.762500 0.273438 0.015625 0.015625
0 0.784375 0.242188 0.015625 0.015625
0 0.839063 0.271875 0.015625 0.015625
0 0.856250 0.240625 0.015625 0.015625
0 0.871875 0.273438 0.015625 0.015625
0 0.893750 0.242188 0.015625 0.015625
0 0.910937 0.276562 0.015625 0.015625
0 0.929688 0.240625 0.015625 0.015625
0 0.950000 0.271875 0.015625 0.015625
0 0.971875 0.242188 0.015625 0.015625
0 0.984375 0.279687 0.015625 0.015625
0 0.968750 0.307812 0.015625 0.015625
0 0.928125 0.307812 0.015625 0.015625
0 0.892188 0.307812 0.015625 0.015625
0 0.948438 0.342187 0.015625 0.015625
0 0.985938 0.342187 0.015625 0.015625
0 0.914062 0.010937 0.015625 0.015625
0 0.956250 0.014063 0.015625 0.015625
0 0.995313 0.017188 0.015625 0.015625
0 0.954688 0.081250 0.015625 0.015625
0 0.992188 0.082812 0.015625 0.015625
0 0.970313 0.050000 0.015625 0.015625
0 0.934375 0.045312 0.015625 0.015625
