0 0.445312 0.021875 0.015625 0.015625
0 0.412500 0.023438 0.015625 0.015625
0 0.482812 0.017188 0.015625 0.015625
0 0.632812 0.023438 0.015625 0.015625
0 0.714063 0.026562 0.015625 0.015625
0 0.756250 0.026562 0.015625 0.015625
0 0.792188 0.028125 0.015625 0.015625
0 0.859375 0.028125 0.015625 0.015625
0 0.939063 0.029687 0.015625 0.015625
0 0.692187 0.054688 0.015625 0.015625
0 0.732812 0.056250 0.015625 0.015625
0 0.771875 0.056250 0.015625 0.015625
0 0.815625 0.057813 0.015625 0.015625
0 0.848437 0.057813 0.015625 0.015625
0 0.889062 0.056250 0.015625 0.015625
0 0.945312 0.057813 0.015625 0.015625
0 0.959375 0.059375 0.015625 0.015625
0 0.996875 0.059375 0.015625 0.015625
0 0.500000 0.117188 0.015625 0.015625
0 0.518750 0.087500 0.015625 0.015625
0 0.540625 0.117188 0.015625 0.015625
0 0.614062 0.120313 0.015625 0.015625
0 0.651563 0.123438 0.015625 0.015625
0 0.692187 0.125000 0.015625 0.015625
0 0.725000 0.125000 0.015625 0.015625
0 0.765625 0.126562 0.015625 0.015625
0 0.746875 0.095312 0.015625 0.015625
0 0.806250 0.126562 0.015625 0.015625
0 0.826562 0.093750 0.015625 0.015625
0 0.845313 0.128125 0.015625 0.015625
0 0.864062 0.095312 0.015625 0.015625
0 0.879687 0.129688 0.015625 0.015625
0 0.903125 0.093750 0.015625 0.015625
0 0.920312 0.128125 0.015625 0.015625
0 0.935937 0.093750 0.015625 0.015625
0 0.956250 0.128125 0.015625 0.015625
0 0.975000 0.096875 0.015625 0.015625
0 0.515625 0.150000 0.015625 0.015625
0 0.556250 0.153125 0.015625 0.015625
0 0.595313 0.153125 0.015625 0.015625
0 0.632812 0.154688 0.015625 0.015625
0 0.668750 0.154688 0.015625 0.015625
0 0.709375 0.156250 0.015625 0.015625
0 0.782813 0.157812 0.015625 0.015625
0 0.820312 0.157812 0.015625 0.015625
0 0.859375 0.160938 0.015625 0.015625
0 0.901563 0.162500 0.015625 0.015625
0 0.981250 0.162500 0.015625 0.015625
0 0.539062 0.182812 0.015625 0.015625
0 0.578125 0.185938 0.015625 0.015625
0 0.612500 0.187500 0.015625 0.015625
0 0.650000 0.187500 0.015625 0.015625
0 0.693750 0.190625 0.015625 0.015625
0 0.762500 0.190625 0.015625 0.015625
0 0.798438 0.193750 0.015625 0.015625
0 0.834375 0.195312 0.015625 0.015625
0 0.628125 0.217188 0.015625 0.015625
0 0.589063 0.218750 0.015625 0.015625
0 0.668750 0.218750 0.015625 0.015625
0 0.706250 0.221875 0.015625 0.015625
0 0.742188 0.221875 0.015625 0.015625
0 0.778125 0.221875 0.015625 0.015625
0 0.823438 0.226562 0.015625 0.015625
0 0.857812 0.226562 0.015625 0.015625
0 0.898438 0.228125 0.015625 0.015625
0 0.934375 0.226562 0.015625 0.015625
0 0.976562 0.226562 0.015625 0.015625
0 0.762500 0.256250 0.015625 0.015625
0 0.804688 0.256250 0.015625 0.015625
0 0.842187 0.257812 0.015625 0.015625
0 0.881250 0.262500 0.015625 0.015625
0 0.921875 0.260937 0.015625 0.015625
0 0.951562 0.260937 0.015625 0.015625
0 0.726562 0.256250 0.015625 0.015625
0 0.685937 0.254688 0.015625 0.015625
0 0.646875 0.254688 0.015625 0.015625
0 0.679688 0.454688 0.015625 0.015625
0 0.715625 0.450000 0.015625 0.015625
0 0.757812 0.453125 0.015625 0.015625
0 0.795312 0.453125 0.015625 0.015625
0 0.835938 0.454688 0.015625 0.015625
0 0.875000 0.454688 0.015625 0.015625
0 0.909375 0.456250 0.015625 0.015625
0 0.953125 0.457813 0.015625 0.015625
0 0.989062 0.457813 0.015625 0.015625
0 0.998437 0.425000 0.015625 0.015625
0 0.971875 0.421875 0.015625 0.015625
0 0.926562 0.420312 0.015625 0.015625
0 0.740625 0.489063 0.015625 0.015625
0 0.757812 0.517188 0.015625 0.015625
0 0.812500 0.487500 0.015625 0.015625
0 0.829688 0.512500 0.015625 0.015625
0 0.854688 0.489063 0.015625 0.015625
0 0.876563 0.521875 0.015625 0.015625
0 0.889062 0.489063 0.015625 0.015625
0 0.909375 0.523438 0.015625 0.015625
0 0.926562 0.490625 0.015625 0.015625
0 0.945312 0.526563 0.015625 0.015625
0 0.964063 0.492188 0.015625 0.015625
0 0.985938 0.525000 0.015625 0.015625
0 0.814063 0.551562 0.015625 0.015625
0 0.850000 0.551562 0.015625 0.015625
0 0.889062 0.553125 0.015625 0.015625
0 0.926562 0.553125 0.015625 0.015625
0 0.967187 0.553125 0.015625 0.015625
0 0.757812 0.582812 0.015625 0.015625
0 0.795312 0.582812 0.015625 0.015625
0 0.834375 0.584375 0.015625 0.015625
0 0.867188 0.645312 0.015625 0.015625
0 0.903125 0.651563 0.015625 0.015625
0 0.945312 0.651563 0.015625 0.015625
0 0.981250 0.653125 0.015625 0.015625
0 0.962500 0.618750 0.015625 0.015625
0 0.964063 0.685937 0.015625 0.015625
0 0.926562 0.682813 0.015625 0.015625
0 0.885938 0.684375 0.015625 0.015625
0 0.846875 0.682813 0.015625 0.015625
0 0.814063 0.682813 0.015625 0.015625
0 0.864062 0.714063 0.015625 0.015625
0 0.909375 0.717187 0.015625 0.015625
0 0.945312 0.717187 0.015625 0.015625
0 0.981250 0.717187 0.015625 0.015625
0 0.843750 0.748437 0.015625 0.015625
0 0.885938 0.748437 0.015625 0.015625
0 0.921875 0.748437 0.015625 0.015625
0 0.957812 0.750000 0.015625 0.015625
0 0.989062 0.750000 0.015625 0.015625
0 0.823438 0.779687 0.015625 0.015625
0 0.873437 0.781250 0.015625 0.015625
0 0.904687 0.781250 0.015625 0.015625
0 0.934375 0.782813 0.015625 0.015625
0 0.973437 0.784375 0.015625 0.015625
0 0.850000 0.823438 0.015625 0.015625
0 0.884375 0.818750 0.015625 0.015625
0 0.923438 0.818750 0.015625 0.015625
0 0.957812 0.825000 0.015625 0.015625
0 0.995313 0.823438 0.015625 0.015625
0 0.881250 0.879687 0.015625 0.015625
0 0.904687 0.851562 0.015625 0.015625
0 0.942187 0.848437 0.015625 0.015625
0 0.978125 0.851562 0.015625 0.015625
0 0.960938 0.884375 0.015625 0.015625
0 0.995313 0.884375 0.015625 0.015625
0 0.940625 0.917188 0.015625 0.015625
0 0.901563 0.914062 0.015625 0.015625
0 0.923438 0.945312 0.015625 0.015625
0 0.976562 0.915625 0.015625 0.015625
0 0.954688 0.951562 0.015625 0.015625
0 0.996875 0.948438 0.015625 0.015625
0 0.934375 0.981250 0.015625 0.015625
0 0.976562 0.982812 0.015625 0.015625
