0 0.204687 0.454688 0.015625 0.015625
0 0.246875 0.454688 0.015625 0.015625
0 0.281250 0.454688 0.015625 0.015625
0 0.309375 0.454688 0.015625 0.015625
0 0.353125 0.454688 0.015625 0.015625
0 0.392188 0.456250 0.015625 0.015625
0 0.431250 0.456250 0.015625 0.015625
0 0.467187 0.456250 0.015625 0.015625
0 0.507812 0.456250 0.015625 0.015625
0 0.546875 0.457813 0.015625 0.015625
0 0.581250 0.457813 0.015625 0.015625
0 0.621875 0.459375 0.015625 0.015625
0 0.660937 0.459375 0.015625 0.015625
0 0.696875 0.459375 0.015625 0.015625
0 0.739062 0.462500 0.015625 0.015625
0 0.781250 0.464062 0.015625 0.015625
0 0.814063 0.464062 0.015625 0.015625
0 0.846875 0.464062 0.015625 0.015625
0 0.887500 0.465625 0.015625 0.015625
0 0.925000 0.465625 0.015625 0.015625
0 0.962500 0.467187 0.015625 0.015625
0 0.215625 0.489063 0.015625 0.015625
0 0.235937 0.518750 0.015625 0.015625
0 0.275000 0.518750 0.015625 0.015625
0 0.309375 0.520312 0.015625 0.015625
0 0.351562 0.521875 0.015625 0.015625
0 0.329688 0.490625 0.015625 0.015625
0 0.389062 0.521875 0.015625 0.015625
0 0.371875 0.489063 0.015625 0.015625
0 0.429688 0.521875 0.015625 0.015625
0 0.407813 0.489063 0.015625 0.015625
0 0.443750 0.485938 0.015625 0.015625
0 0.470313 0.523438 0.015625 0.015625
0 0.485938 0.487500 0.015625 0.015625
0 0.504687 0.521875 0.015625 0.015625
0 0.526563 0.489063 0.015625 0.015625
0 0.545312 0.526563 0.015625 0.015625
0 0.565625 0.489063 0.015625 0.015625
0 0.579688 0.525000 0.015625 0.015625
0 0.600000 0.487500 0.015625 0.015625
0 0.623437 0.528125 0.015625 0.015625
0 0.640625 0.495312 0.015625 0.015625
0 0.659375 0.523438 0.015625 0.015625
0 0.679688 0.498437 0.015625 0.015625
0 0.695312 0.525000 0.015625 0.015625
0 0.731250 0.526563 0.015625 0.015625
0 0.754687 0.496875 0.015625 0.015625
0 0.770312 0.534375 0.015625 0.015625
0 0.810937 0.531250 0.015625 0.015625
0 0.262500 0.557813 0.015625 0.015625
0 0.281250 0.581250 0.015625 0.015625
0 0.317188 0.584375 0.015625 0.015625
0 0.331250 0.556250 0.015625 0.015625
0 0.351562 0.584375 0.015625 0.015625
0 0.373437 0.559375 0.015625 0.015625
0 0.410938 0.554688 0.015625 0.015625
0 0.451562 0.556250 0.015625 0.015625
0 0.490625 0.556250 0.015625 0.015625
0 0.606250 0.559375 0.015625 0.015625
0 0.504687 0.589063 0.015625 0.015625
0 0.539062 0.592187 0.015625 0.015625
0 0.582812 0.590625 0.015625 0.015625
0 0.657813 0.593750 0.015625 0.015625
0 0.698438 0.593750 0.015625 0.015625
0 0.768750 0.593750 0.015625 0.015625
0 0.295312 0.618750 0.015625 0.015625
0 0.334375 0.618750 0.015625 0.015625
0 0.376563 0.618750 0.015625 0.015625
0 0.409375 0.620313 0.015625 0.015625
0 0.442188 0.620313 0.015625 0.015625
0 0.523438 0.620313 0.015625 0.015625
0 0.562500 0.620313 0.015625 0.015625
0 0.595313 0.623437 0.015625 0.015625
0 0.637500 0.625000 0.015625 0.015625
0 0.673438 0.626563 0.015625 0.015625
0 0.717187 0.626563 0.015625 0.015625
0 0.815625 0.628125 0.015625 0.015625
0 0.753125 0.628125 0.015625 0.015625
0 0.862500 0.628125 0.015625 0.015625
0 0.901563 0.629687 0.015625 0.015625
0 0.809375 0.595313 0.015625 0.015625
0 0.846875 0.598437 0.015625 0.015625
0 0.889062 0.598437 0.015625 0.015625
0 0.929688 0.598437 0.015625 0.015625
0 0.964063 0.598437 0.015625 0.015625
0 0.370312 0.689063 0.015625 0.015625
0 0.417187 0.689063 0.015625 0.015625
0 0.443750 0.685937 0.015625 0.015625
0 0.493750 0.690625 0.015625 0.015625
0 0.525000 0.690625 0.015625 0.015625
0 0.392188 0.653125 0.015625 0.015625
0 0.429688 0.656250 0.015625 0.015625
0 0.468750 0.656250 0.015625 0.015625
0 0.503125 0.656250 0.015625 0.015625
0 0.546875 0.657813 0.015625 0.015625
0 0.584375 0.657813 0.015625 0.015625
0 0.625000 0.659375 0.015625 0.015625
0 0.657813 0.659375 0.015625 0.015625
0 0.693750 0.659375 0.015625 0.015625
0 0.732812 0.659375 0.015625 0.015625
0 0.771875 0.662500 0.015625 0.015625
0 0.807813 0.662500 0.015625 0.015625
0 0.848437 0.664062 0.015625 0.015625
0 0.882812 0.662500 0.015625 0.015625
0 0.921875 0.664062 0.015625 0.015625
0 0.962500 0.662500 0.015625 0.015625
0 0.943750 0.629687 0.015625 0.015625
0 0.981250 0.632812 0.015625 0.015625
0 0.995313 0.665625 0.015625 0.015625
0 0.603125 0.689063 0.015625 0.015625
0 0.637500 0.689063 0.015625 0.015625
0 0.679688 0.689063 0.015625 0.015625
0 0.714063 0.689063 0.015625 0.015625
0 0.746875 0.690625 0.015625 0.015625
0 0.782813 0.693750 0.015625 0.015625
0 0.825000 0.693750 0.015625 0.015625
0 0.864062 0.695312 0.015625 0.015625
0 0.906250 0.695312 0.015625 0.015625
0 0.950000 0.696875 0.015625 0.015625
0 0.887500 0.531250 0.015625 0.015625
0 0.928125 0.532813 0.015625 0.015625
0 0.965625 0.531250 0.015625 0.015625
0 0.348438 0.720313 0.015625 0.015625
0 0.381250 0.723437 0.015625 0.015625
0 0.454688 0.721875 0.015625 0.015625
0 0.500000 0.723437 0.015625 0.015625
0 0.542188 0.723437 0.015625 0.015625
0 0.581250 0.725000 0.015625 0.015625
0 0.615625 0.723437 0.015625 0.015625
0 0.653125 0.726562 0.015625 0.015625
0 0.695312 0.726562 0.015625 0.015625
0 0.732812 0.728125 0.015625 0.015625
0 0.773438 0.728125 0.015625 0.015625
0 0.806250 0.729688 0.015625 0.015625
0 0.843750 0.731250 0.015625 0.015625
0 0.876563 0.729688 0.015625 0.015625
0 0.925000 0.729688 0.015625 0.015625
0 0.957812 0.729688 0.015625 0.015625
0 0.996875 0.731250 0.015625 0.015625
0 0.367188 0.759375 0.015625 0.015625
0 0.387500 0.782813 0.015625 0.015625
0 0.432812 0.756250 0.015625 0.015625
0 0.423438 0.785937 0.015625 0.015625
0 0.478125 0.754687 0.015625 0.015625
0 0.520312 0.754687 0.015625 0.015625
0 0.560937 0.753125 0.015625 0.015625
0 0.600000 0.753125 0.015625 0.015625
0 0.637500 0.754687 0.015625 0.015625
0 0.673438 0.754687 0.015625 0.015625
0 0.715625 0.754687 0.015625 0.015625
0 0.750000 0.754687 0.015625 0.015625
0 0.787500 0.756250 0.015625 0.015625
0 0.828125 0.757812 0.015625 0.015625
0 0.857812 0.762500 0.015625 0.015625
0 0.898438 0.762500 0.015625 0.015625
0 0.937500 0.762500 0.015625 0.015625
0 0.984375 0.762500 0.015625 0.015625
0 0.464062 0.789062 0.015625 0.015625
0 0.507812 0.787500 0.015625 0.015625
0 0.578125 0.789062 0.015625 0.015625
0 0.617188 0.789062 0.015625 0.015625
0 0.656250 0.789062 0.015625 0.015625
0 0.693750 0.789062 0.015625 0.015625
0 0.732812 0.790625 0.015625 0.015625
0 0.762500 0.790625 0.015625 0.015625
0 0.806250 0.793750 0.015625 0.015625
0 0.998437 0.796875 0.015625 0.015625
0 0.950000 0.796875 0.015625 0.015625
0 0.445312 0.821875 0.015625 0.015625
0 0.412500 0.823438 0.015625 0.015625
0 0.482812 0.817187 0.015625 0.015625
0 0.632812 0.823438 0.015625 0.015625
0 0.714063 0.826562 0.015625 0.015625
0 0.756250 0.826562 0.015625 0.015625
0 0.792188 0.828125 0.015625 0.015625
0 0.859375 0.828125 0.015625 0.015625
0 0.939063 0.829688 0.015625 0.015625
0 0.692187 0.854688 0.015625 0.015625
0 0.732812 0.856250 0.015625 0.015625
0 0.771875 0.856250 0.015625 0.015625
0 0.815625 0.857812 0.015625 0.015625
0 0.848437 0.857812 0.015625 0.015625
0 0.889062 0.856250 0.015625 0.015625
0 0.945312 0.857812 0.015625 0.015625
0 0.959375 0.859375 0.015625 0.015625
0 0.996875 0.859375 0.015625 0.015625
0 0.500000 0.917188 0.015625 0.015625
0 0.518750 0.887500 0.015625 0.015625
0 0.540625 0.917188 0.015625 0.015625
0 0.614062 0.920312 0.015625 0.015625
0 0.651563 0.923438 0.015625 0.015625
0 0.692187 0.925000 0.015625 0.015625
0 0.725000 0.925000 0.015625 0.015625
0 0.765625 0.926562 0.015625 0.015625
0 0.746875 0.895312 0.015625 0.015625
0 0.806250 0.926562 0.015625 0.015625
0 0.826562 0.893750 0.015625 0.015625
0 0.845313 0.928125 0.015625 0.015625
0 0.864062 0.895312 0.015625 0.015625
0 0.879687 0.929688 0.015625 0.015625
0 0.903125 0.893750 0.015625 0.015625
0 0.920312 0.928125 0.015625 0.015625
0 0.935937 0.893750 0.015625 0.015625
0 0.956250 0.928125 0.015625 0.015625
0 0.975000 0.896875 0.015625 0.015625
0 0.515625 0.950000 0.015625 0.015625
0 0.556250 0.953125 0.015625 0.015625
0 0.595313 0.953125 0.015625 0.015625
0 0.632812 0.954688 0.015625 0.015625
0 0.668750 0.954688 0.015625 0.015625
0 0.709375 0.956250 0.015625 0.015625
0 0.782813 0.957812 0.015625 0.015625
0 0.820312 0.957812 0.015625 0.015625
0 0.859375 0.960938 0.015625 0.015625
0 0.901563 0.962500 0.015625 0.015625
0 0.981250 0.962500 0.015625 0.015625
0 0.539062 0.982812 0.015625 0.015625
0 0.578125 0.985938 0.015625 0.015625
0 0.612500 0.987500 0.015625 0.015625
0 0.650000 0.987500 0.015625 0.015625
0 0.693750 0.990625 0.015625 0.015625
0 0.762500 0.990625 0.015625 0.015625
0 0.798438 0.993750 0.015625 0.015625
0 0.834375 0.995313 0.015625 0.015625
