0 0.559375 0.007812 0.015625 0.015625
0 0.595313 0.009375 0.015625 0.015625
0 0.635938 0.009375 0.015625 0.015625
0 0.667188 0.010937 0.015625 0.015625
0 0.703125 0.012500 0.015625 0.015625
0 0.779687 0.015625 0.015625 0.015625
0 0.742188 0.015625 0.015625 0.015625
0 0.820312 0.014063 0.015625 0.015625
0 0.860938 0.017188 0.015625 0.015625
0 0.898438 0.020313 0.015625 0.015625
0 0.934375 0.020313 0.015625 0.015625
0 0.971875 0.021875 0.015625 0.015625
0 0.575000 0.048438 0.015625 0.015625
0 0.584375 0.075000 0.015625 0.015625
0 0.618750 0.075000 0.015625 0.015625
0 0.673438 0.076563 0.015625 0.015625
0 0.742188 0.076563 0.015625 0.015625
0 0.782813 0.076563 0.015625 0.015625
0 0.814063 0.076563 0.015625 0.015625
0 0.854688 0.078125 0.015625 0.015625
0 0.898438 0.079687 0.015625 0.015625
0 0.932813 0.081250 0.015625 0.015625
0 0.975000 0.082812 0.015625 0.015625
0 0.573438 0.109375 0.015625 0.015625
0 0.615625 0.109375 0.015625 0.015625
0 0.646875 0.109375 0.015625 0.015625
0 0.684375 0.109375 0.015625 0.015625
0 0.723437 0.107813 0.015625 0.015625
0 0.800000 0.110937 0.015625 0.015625
0 0.837500 0.112500 0.015625 0.015625
0 0.876563 0.112500 0.015625 0.015625
0 0.915625 0.115625 0.015625 0.015625
0 0.950000 0.117188 0.015625 0.015625
0 0.993750 0.117188 0.015625 0.015625
0 0.590625 0.143750 0.015625 0.015625
0 0.628125 0.142187 0.015625 0.015625
0 0.670312 0.142187 0.015625 0.015625
0 0.706250 0.143750 0.015625 0.015625
0 0.740625 0.143750 0.015625 0.015625
0 0.782813 0.145313 0.015625 0.015625
0 0.820312 0.146875 0.015625 0.015625
0 0.857812 0.146875 0.015625 0.015625
0 0.890625 0.146875 0.015625 0.015625
0 0.934375 0.148438 0.015625 0.015625
0 0.971875 0.151562 0.015625 0.015625
0 0.646875 0.306250 0.015625 0.015625
0 0.628125 0.209375 0.015625 0.015625
0 0.665625 0.206250 0.015625 0.015625
0 0.703125 0.209375 0.015625 0.015625
0 0.737500 0.209375 0.015625 0.015625
0 0.814063 0.210938 0.015625 0.015625
0 0.929688 0.215625 0.015625 0.015625
0 0.967187 0.215625 0.015625 0.015625
0 0.665625 0.275000 0.015625 0.015625
0 0.701562 0.273438 0.015625 0.015625
0 0.742188 0.273438 0.015625 0.015625
0 0.818750 0.276562 0.015625 0.015625
0 0.857812 0.278125 0.015625 0.015625
0 0.892188 0.278125 0.015625 0.015625
0 0.931250 0.278125 0.015625 0.015625
0 0.968750 0.278125 0.015625 0.015625
0 0.803125 0.178125 0.015625 0.015625
0 0.839063 0.179688 0.015625 0.015625
0 0.873437 0.178125 0.015625 0.015625
0 0.912500 0.178125 0.015625 0.015625
0 0.659375 0.337500 0.015625 0.015625
0 0.703125 0.340625 0.015625 0.015625
0 0.742188 0.342187 0.015625 0.015625
0 0.682813 0.307812 0.015625 0.015625
0 0.720313 0.307812 0.015625 0.015625
0 0.759375 0.309375 0.015625 0.015625
0 0.798438 0.307812 0.015625 0.015625
0 0.815625 0.342187 0.015625 0.015625
0 0.834375 0.307812 0.015625 0.015625
0 0.625000 0.471875 0.015625 0.015625
0 0.700000 0.471875 0.015625 0.015625
0 0.720313 0.440625 0.015625 0.015625
0 0.742188 0.473438 0.015625 0.015625
0 0.778125 0.473438 0.015625 0.015625
0 0.795312 0.442188 0.015625 0.015625
0 0.810937 0.475000 0.015625 0.015625
0 0.856250 0.476562 0.015625 0.015625
0 0.892188 0.476562 0.015625 0.015625
0 0.934375 0.479687 0.015625 0.015625
0 0.975000 0.479687 0.015625 0.015625
0 0.621875 0.537500 0.015625 0.015625
0 0.643750 0.506250 0.015625 0.015625
0 0.681250 0.504687 0.015625 0.015625
0 0.718750 0.507812 0.015625 0.015625
0 0.757812 0.506250 0.015625 0.015625
0 0.790625 0.507812 0.015625 0.015625
0 0.829688 0.506250 0.015625 0.015625
0 0.865625 0.509375 0.015625 0.015625
0 0.906250 0.510938 0.015625 0.015625
0 0.948438 0.514062 0.015625 0.015625
0 0.985938 0.512500 0.015625 0.015625
0 0.873437 0.312500 0.015625 0.015625
0 0.910937 0.310937 0.015625 0.015625
0 0.853125 0.409375 0.015625 0.015625
0 0.893750 0.412500 0.015625 0.015625
0 0.931250 0.412500 0.015625 0.015625
0 0.967187 0.412500 0.015625 0.015625
0 0.643750 0.373437 0.015625 0.015625
0 0.760938 0.373437 0.015625 0.015625
0 0.795312 0.375000 0.015625 0.015625
0 0.831250 0.375000 0.015625 0.015625
0 0.873437 0.376563 0.015625 0.015625
0 0.903125 0.376563 0.015625 0.015625
0 0.940625 0.378125 0.015625 0.015625
0 0.982812 0.378125 0.015625 0.015625
0 0.779687 0.543750 0.015625 0.015625
0 0.735938 0.542188 0.015625 0.015625
0 0.848437 0.545312 0.015625 0.015625
0 0.887500 0.546875 0.015625 0.015625
0 0.923438 0.546875 0.015625 0.015625
0 0.965625 0.543750 0.015625 0.015625
0 0.654687 0.603125 0.015625 0.015625
0 0.609375 0.601562 0.015625 0.015625
0 0.678125 0.571875 0.015625 0.015625
0 0.696875 0.604688 0.015625 0.015625
0 0.718750 0.571875 0.015625 0.015625
0 0.734375 0.606250 0.015625 0.015625
0 0.751563 0.571875 0.015625 0.015625
0 0.773438 0.607812 0.015625 0.015625
0 0.792188 0.575000 0.015625 0.015625
0 0.810937 0.607812 0.015625 0.015625
0 0.828125 0.576562 0.015625 0.015625
0 0.853125 0.609375 0.015625 0.015625
0 0.868750 0.576562 0.015625 0.015625
0 0.889062 0.617188 0.015625 0.015625
0 0.909375 0.576562 0.015625 0.015625
0 0.925000 0.612500 0.015625 0.015625
0 0.940625 0.576562 0.015625 0.015625
0 0.964063 0.618750 0.015625 0.015625
0 0.982812 0.581250 0.015625 0.015625
0 0.603125 0.635938 0.015625 0.015625
0 0.621875 0.667188 0.015625 0.015625
0 0.639062 0.634375 0.015625 0.015625
0 0.660937 0.667188 0.015625 0.015625
0 0.678125 0.639062 0.015625 0.015625
0 0.698438 0.670312 0.015625 0.015625
0 0.718750 0.637500 0.015625 0.015625
0 0.737500 0.673438 0.015625 0.015625
0 0.751563 0.637500 0.015625 0.015625
0 0.775000 0.673438 0.015625 0.015625
0 0.790625 0.640625 0.015625 0.015625
0 0.810937 0.675000 0.015625 0.015625
0 0.832812 0.642188 0.015625 0.015625
0 0.850000 0.675000 0.015625 0.015625
0 0.867188 0.640625 0.015625 0.015625
0 0.887500 0.678125 0.015625 0.015625
0 0.903125 0.643750 0.015625 0.015625
0 0.925000 0.676562 0.015625 0.015625
0 0.943750 0.642188 0.015625 0.015625
0 0.962500 0.679688 0.015625 0.015625
0 0.981250 0.645312 0.015625 0.015625
0 0.600000 0.701562 0.015625 0.015625
0 0.640625 0.700000 0.015625 0.015625
0 0.659375 0.734375 0.015625 0.015625
0 0.679688 0.703125 0.015625 0.015625
0 0.693750 0.732812 0.015625 0.015625
0 0.717187 0.703125 0.015625 0.015625
0 0.735938 0.737500 0.015625 0.015625
0 0.756250 0.706250 0.015625 0.015625
0 0.773438 0.739062 0.015625 0.015625
0 0.790625 0.709375 0.015625 0.015625
0 0.814063 0.740625 0.015625 0.015625
0 0.829688 0.707812 0.015625 0.015625
0 0.850000 0.737500 0.015625 0.015625
0 0.867188 0.709375 0.015625 0.015625
0 0.884375 0.743750 0.015625 0.015625
0 0.904687 0.710938 0.015625 0.015625
0 0.942187 0.712500 0.015625 0.015625
0 0.984375 0.712500 0.015625 0.015625
0 0.998437 0.742188 0.015625 0.015625
0 0.593750 0.796875 0.015625 0.015625
0 0.600000 0.767188 0.015625 0.015625
0 0.618750 0.798438 0.015625 0.015625
0 0.639062 0.768750 0.015625 0.015625
0 0.660937 0.801562 0.015625 0.015625
0 0.678125 0.764062 0.015625 0.015625
0 0.695312 0.798438 0.015625 0.015625
0 0.712500 0.770312 0.015625 0.015625
0 0.732812 0.801562 0.015625 0.015625
0 0.751563 0.773438 0.015625 0.015625
0 0.771875 0.804688 0.015625 0.015625
0 0.796875 0.771875 0.015625 0.015625
0 0.807813 0.804688 0.015625 0.015625
0 0.828125 0.771875 0.015625 0.015625
0 0.845313 0.806250 0.015625 0.015625
0 0.865625 0.775000 0.015625 0.015625
0 0.885938 0.806250 0.015625 0.015625
0 0.906250 0.779687 0.015625 0.015625
0 0.925000 0.809375 0.015625 0.015625
0 0.942187 0.776563 0.015625 0.015625
0 0.960938 0.806250 0.015625 0.015625
0 0.978125 0.779687 0.015625 0.015625
0 0.595313 0.831250 0.015625 0.015625
0 0.615625 0.862500 0.015625 0.015625
0 0.637500 0.835938 0.015625 0.015625
0 0.657813 0.865625 0.015625 0.015625
0 0.673438 0.834375 0.015625 0.015625
0 0.690625 0.865625 0.015625 0.015625
0 0.710938 0.834375 0.015625 0.015625
0 0.734375 0.865625 0.015625 0.015625
0 0.750000 0.835938 0.015625 0.015625
0 0.768750 0.868750 0.015625 0.015625
0 0.789062 0.835938 0.015625 0.015625
0 0.807813 0.870313 0.015625 0.015625
0 0.826562 0.839063 0.015625 0.015625
0 0.842187 0.865625 0.015625 0.015625
0 0.867188 0.837500 0.015625 0.015625
0 0.884375 0.868750 0.015625 0.015625
0 0.901563 0.835938 0.015625 0.015625
0 0.921875 0.870313 0.015625 0.015625
0 0.940625 0.840625 0.015625 0.015625
0 0.959375 0.871875 0.015625 0.015625
0 0.979688 0.839063 0.015625 0.015625
0 0.584375 0.928125 0.015625 0.015625
0 0.600000 0.898438 0.015625 0.015625
0 0.635938 0.896875 0.015625 0.015625
0 0.654687 0.929688 0.015625 0.015625
0 0.673438 0.900000 0.015625 0.015625
0 0.693750 0.929688 0.015625 0.015625
0 0.710938 0.903125 0.015625 0.015625
0 0.750000 0.901563 0.015625 0.015625
0 0.767188 0.935937 0.015625 0.015625
0 0.787500 0.901563 0.015625 0.015625
0 0.823438 0.903125 0.015625 0.015625
0 0.809375 0.931250 0.015625 0.015625
0 0.864062 0.904687 0.015625 0.015625
0 0.842187 0.935937 0.015625 0.015625
0 0.881250 0.934375 0.015625 0.015625
0 0.904687 0.901563 0.015625 0.015625
0 0.920312 0.934375 0.015625 0.015625
0 0.939063 0.904687 0.015625 0.015625
0 0.959375 0.935937 0.015625 0.015625
0 0.975000 0.904687 0.015625 0.015625
0 0.595313 0.967187 0.015625 0.015625
0 0.617188 0.998437 0.015625 0.015625
0 0.631250 0.965625 0.015625 0.015625
0 0.656250 0.998437 0.015625 0.015625
0 0.675000 0.967187 0.015625 0.015625
0 0.710938 0.970313 0.015625 0.015625
0 0.746875 0.968750 0.015625 0.015625
0 0.782813 0.970313 0.015625 0.015625
0 0.823438 0.968750 0.015625 0.015625
0 0.860938 0.971875 0.015625 0.015625
0 0.896875 0.976562 0.015625 0.015625
0 0.937500 0.968750 0.015625 0.015625
