0 0.850000 0.023438 0.015625 0.015625
0 0.884375 0.018750 0.015625 0.015625
0 0.923438 0.018750 0.015625 0.015625
0 0.957812 0.025000 0.015625 0.015625
0 0.995313 0.023438 0.015625 0.015625
0 0.881250 0.079687 0.015625 0.015625
0 0.904687 0.051562 0.015625 0.015625
0 0.942187 0.048438 0.015625 0.015625
0 0.978125 0.051562 0.015625 0.015625
0 0.960938 0.084375 0.015625 0.015625
0 0.995313 0.084375 0.015625 0.015625
0 0.940625 0.117188 0.015625 0.015625
0 0.901563 0.114062 0.015625 0.015625
0 0.923438 0.145313 0.015625 0.015625
0 0.976562 0.115625 0.015625 0.015625
0 0.954688 0.151562 0.015625 0.015625
0 0.996875 0.148438 0.015625 0.015625
0 0.934375 0.181250 0.015625 0.015625
0 0.954688 0.210938 0.015625 0.015625
0 0.976562 0.182812 0.015625 0.015625
0 0.992188 0.215625 0.015625 0.015625
0 0.970313 0.246875 0.015625 0.015625
0 0.992188 0.281250 0.015625 0.015625
