0 0.018750 0.006250 0.015625 0.015625
0 0.037500 0.032813 0.015625 0.015625
0 0.054688 0.004687 0.015625 0.015625
0 0.071875 0.039062 0.015625 0.015625
0 0.093750 0.003125 0.015625 0.015625
0 0.115625 0.032813 0.015625 0.015625
0 0.132812 0.004687 0.015625 0.015625
0 0.150000 0.037500 0.015625 0.015625
0 0.168750 0.009375 0.015625 0.015625
0 0.185938 0.035937 0.015625 0.015625
0 0.015625 0.070312 0.015625 0.015625
0 0.037500 0.101562 0.015625 0.015625
0 0.053125 0.067187 0.015625 0.015625
0 0.071875 0.101562 0.015625 0.015625
0 0.092188 0.068750 0.015625 0.015625
0 0.110937 0.100000 0.015625 0.015625
0 0.129688 0.070312 0.015625 0.015625
0 0.148438 0.100000 0.015625 0.015625
0 0.167187 0.068750 0.015625 0.015625
0 0.187500 0.103125 0.015625 0.015625
0 0.204687 0.071875 0.015625 0.015625
0 0.225000 0.106250 0.015625 0.015625
0 0.228125 0.009375 0.015625 0.015625
0 0.245312 0.043750 0.015625 0.015625
0 0.262500 0.073438 0.015625 0.015625
0 0.264062 0.104688 0.015625 0.015625
0 0.018750 0.132812 0.015625 0.015625
0 0.034375 0.168750 0.015625 0.015625
0 0.056250 0.139063 0.015625 0.015625
0 0.078125 0.170313 0.015625 0.015625
0 0.095312 0.139063 0.015625 0.015625
0 0.109375 0.167187 0.015625 0.015625
0 0.131250 0.139063 0.015625 0.015625
0 0.153125 0.165625 0.015625 0.015625
0 0.167187 0.135937 0.015625 0.015625
0 0.204687 0.134375 0.015625 0.015625
0 0.243750 0.137500 0.015625 0.015625
0 0.259375 0.168750 0.015625 0.015625
0 0.012500 0.201563 0.015625 0.015625
0 0.029687 0.232813 0.015625 0.015625
0 0.051562 0.204687 0.015625 0.015625
0 0.073438 0.231250 0.015625 0.015625
0 0.084375 0.206250 0.015625 0.015625
0 0.107813 0.231250 0.015625 0.015625
0 0.126562 0.203125 0.015625 0.015625
0 0.145313 0.226562 0.015625 0.015625
0 0.167187 0.200000 0.015625 0.015625
0 0.184375 0.235937 0.015625 0.015625
0 0.203125 0.200000 0.015625 0.015625
0 0.220312 0.235937 0.015625 0.015625
0 0.239063 0.204687 0.015625 0.015625
0 0.260937 0.237500 0.015625 0.015625
0 0.278125 0.204687 0.015625 0.015625
0 0.303125 0.242188 0.015625 0.015625
0 0.282813 0.139063 0.015625 0.015625
0 0.317188 0.175000 0.015625 0.015625
0 0.331250 0.206250 0.015625 0.015625
0 0.009375 0.268750 0.015625 0.015625
0 0.034375 0.292187 0.015625 0.015625
0 0.045312 0.265625 0.015625 0.015625
0 0.068750 0.296875 0.015625 0.015625
0 0.087500 0.267188 0.015625 0.015625
0 0.107813 0.304688 0.015625 0.015625
0 0.126562 0.268750 0.015625 0.015625
0 0.145313 0.298438 0.015625 0.015625
0 0.159375 0.268750 0.015625 0.015625
0 0.179688 0.298438 0.015625 0.015625
0 0.203125 0.273438 0.015625 0.015625
0 0.218750 0.298438 0.015625 0.015625
0 0.240625 0.267188 0.015625 0.015625
0 0.257812 0.296875 0.015625 0.015625
0 0.275000 0.264062 0.015625 0.015625
0 0.301563 0.300000 0.015625 0.015625
0 0.314063 0.270313 0.015625 0.015625
0 0.009375 0.329688 0.015625 0.015625
0 0.028125 0.365625 0.015625 0.015625
0 0.046875 0.332813 0.015625 0.015625
0 0.065625 0.367188 0.015625 0.015625
0 0.079687 0.332813 0.015625 0.015625
0 0.103125 0.362500 0.015625 0.015625
0 0.120313 0.334375 0.015625 0.015625
0 0.140625 0.364063 0.015625 0.015625
0 0.159375 0.328125 0.015625 0.015625
0 0.179688 0.367188 0.015625 0.015625
0 0.196875 0.332813 0.015625 0.015625
0 0.215625 0.365625 0.015625 0.015625
0 0.240625 0.331250 0.015625 0.015625
0 0.257812 0.367188 0.015625 0.015625
0 0.276562 0.332813 0.015625 0.015625
0 0.293750 0.364063 0.015625 0.015625
0 0.315625 0.337500 0.015625 0.015625
0 0.009375 0.398438 0.015625 0.015625
0 0.046875 0.398438 0.015625 0.015625
0 0.067187 0.432812 0.015625 0.015625
0 0.029687 0.431250 0.015625 0.015625
0 0.084375 0.400000 0.015625 0.015625
0 0.107813 0.432812 0.015625 0.015625
0 0.125000 0.400000 0.015625 0.015625
0 0.146875 0.431250 0.015625 0.015625
0 0.162500 0.400000 0.015625 0.015625
0 0.184375 0.429688 0.015625 0.015625
0 0.200000 0.403125 0.015625 0.015625
0 0.218750 0.434375 0.015625 0.015625
0 0.237500 0.401562 0.015625 0.015625
0 0.253125 0.435937 0.015625 0.015625
0 0.273438 0.401562 0.015625 0.015625
0 0.296875 0.429688 0.015625 0.015625
0 0.310937 0.401562 0.015625 0.015625
0 0.318750 0.435937 0.015625 0.015625
0 0.342187 0.304688 0.015625 0.015625
0 0.329688 0.368750 0.015625 0.015625
0 0.010937 0.456250 0.015625 0.015625
0 0.028125 0.495312 0.015625 0.015625
0 0.048438 0.460938 0.015625 0.015625
0 0.064062 0.506250 0.015625 0.015625
0 0.082812 0.460938 0.015625 0.015625
0 0.101562 0.493750 0.015625 0.015625
0 0.120313 0.457813 0.015625 0.015625
0 0.142187 0.496875 0.015625 0.015625
0 0.178125 0.500000 0.015625 0.015625
0 0.204687 0.464062 0.015625 0.015625
0 0.210938 0.504687 0.015625 0.015625
0 0.240625 0.470313 0.015625 0.015625
0 0.245312 0.500000 0.015625 0.015625
0 0.270313 0.465625 0.015625 0.015625
0 0.279687 0.501563 0.015625 0.015625
0 0.003125 0.525000 0.015625 0.015625
0 0.046875 0.525000 0.015625 0.015625
0 0.025000 0.560937 0.015625 0.015625
0 0.051562 0.562500 0.015625 0.015625
0 0.089063 0.564063 0.015625 0.015625
0 0.267188 0.534375 0.015625 0.015625
0 0.000000 0.790625 0.015625 0.015625
0 0.020313 0.756250 0.015625 0.015625
0 0.039062 0.789062 0.015625 0.015625
0 0.054688 0.759375 0.015625 0.015625
0 0.076563 0.790625 0.015625 0.015625
0 0.096875 0.759375 0.015625 0.015625
0 0.115625 0.792188 0.015625 0.015625
0 0.131250 0.759375 0.015625 0.015625
0 0.154688 0.789062 0.015625 0.015625
0 0.170313 0.760938 0.015625 0.015625
0 0.192188 0.793750 0.015625 0.015625
0 0.210938 0.762500 0.015625 0.015625
0 0.229687 0.792188 0.015625 0.015625
0 0.246875 0.765625 0.015625 0.015625
0 0.262500 0.795312 0.015625 0.015625
0 0.282813 0.764062 0.015625 0.015625
0 0.307812 0.800000 0.015625 0.015625
0 0.321875 0.764062 0.015625 0.015625
0 0.342187 0.800000 0.015625 0.015625
0 0.360938 0.765625 0.015625 0.015625
0 0.379688 0.798438 0.015625 0.015625
0 0.398438 0.765625 0.015625 0.015625
0 0.418750 0.796875 0.015625 0.015625
0 0.437500 0.765625 0.015625 0.015625
0 0.459375 0.800000 0.015625 0.015625
0 0.476562 0.767188 0.015625 0.015625
0 0.496875 0.798438 0.015625 0.015625
0 0.509375 0.765625 0.015625 0.015625
0 0.112500 0.664062 0.015625 0.015625
0 0.153125 0.660937 0.015625 0.015625
0 0.190625 0.664062 0.015625 0.015625
0 0.212500 0.692187 0.015625 0.015625
0 0.228125 0.667188 0.015625 0.015625
0 0.325000 0.700000 0.015625 0.015625
0 0.190625 0.728125 0.015625 0.015625
0 0.228125 0.728125 0.015625 0.015625
0 0.267188 0.729688 0.015625 0.015625
0 0.304688 0.732812 0.015625 0.015625
0 0.342187 0.732812 0.015625 0.015625
0 0.379688 0.732812 0.015625 0.015625
0 0.403125 0.706250 0.015625 0.015625
0 0.418750 0.732812 0.015625 0.015625
0 0.437500 0.700000 0.015625 0.015625
0 0.457813 0.731250 0.015625 0.015625
0 0.475000 0.703125 0.015625 0.015625
0 0.498437 0.731250 0.015625 0.015625
0 0.515625 0.703125 0.015625 0.015625
0 0.532813 0.737500 0.015625 0.015625
0 0.553125 0.703125 0.015625 0.015625
0 0.571875 0.735938 0.015625 0.015625
0 0.614062 0.735938 0.015625 0.015625
0 0.646875 0.737500 0.015625 0.015625
0 0.629687 0.703125 0.015625 0.015625
0 0.659375 0.707812 0.015625 0.015625
0 0.537500 0.668750 0.015625 0.015625
0 0.556250 0.639062 0.015625 0.015625
0 0.571875 0.664062 0.015625 0.015625
0 0.518750 0.635938 0.015625 0.015625
0 0.537500 0.604688 0.015625 0.015625
0 0.496875 0.603125 0.015625 0.015625
0 0.462500 0.603125 0.015625 0.015625
0 0.423438 0.603125 0.015625 0.015625
0 0.439063 0.634375 0.015625 0.015625
0 0.403125 0.634375 0.015625 0.015625
0 0.443750 0.570312 0.015625 0.015625
0 0.482812 0.568750 0.015625 0.015625
0 0.520312 0.570312 0.015625 0.015625
0 0.000000 0.854688 0.015625 0.015625
0 0.015625 0.825000 0.015625 0.015625
0 0.037500 0.854688 0.015625 0.015625
0 0.056250 0.825000 0.015625 0.015625
0 0.078125 0.853125 0.015625 0.015625
0 0.093750 0.821875 0.015625 0.015625
0 0.129688 0.825000 0.015625 0.015625
0 0.151562 0.854688 0.015625 0.015625
0 0.168750 0.826562 0.015625 0.015625
0 0.195312 0.857812 0.015625 0.015625
0 0.204687 0.826562 0.015625 0.015625
0 0.226562 0.856250 0.015625 0.015625
0 0.245312 0.828125 0.015625 0.015625
0 0.264062 0.859375 0.015625 0.015625
0 0.285938 0.829688 0.015625 0.015625
0 0.303125 0.862500 0.015625 0.015625
0 0.321875 0.829688 0.015625 0.015625
0 0.342187 0.860938 0.015625 0.015625
0 0.359375 0.832812 0.015625 0.015625
0 0.379688 0.862500 0.015625 0.015625
0 0.396875 0.831250 0.015625 0.015625
0 0.417187 0.862500 0.015625 0.015625
0 0.437500 0.834375 0.015625 0.015625
0 0.454688 0.864062 0.015625 0.015625
0 0.476562 0.840625 0.015625 0.015625
0 0.490625 0.865625 0.015625 0.015625
0 0.510938 0.834375 0.015625 0.015625
0 0.528125 0.870313 0.015625 0.015625
0 0.551562 0.835938 0.015625 0.015625
0 0.564063 0.864062 0.015625 0.015625
0 0.604688 0.867188 0.015625 0.015625
0 0.646875 0.867188 0.015625 0.015625
0 0.685937 0.870313 0.015625 0.015625
0 0.000000 0.923438 0.015625 0.015625
0 0.015625 0.889062 0.015625 0.015625
0 0.035937 0.923438 0.015625 0.015625
0 0.056250 0.887500 0.015625 0.015625
0 0.076563 0.920312 0.015625 0.015625
0 0.092188 0.887500 0.015625 0.015625
0 0.112500 0.920312 0.015625 0.015625
0 0.128125 0.889062 0.015625 0.015625
0 0.150000 0.925000 0.015625 0.015625
0 0.167187 0.893750 0.015625 0.015625
0 0.185938 0.923438 0.015625 0.015625
0 0.209375 0.889062 0.015625 0.015625
0 0.226562 0.923438 0.015625 0.015625
0 0.243750 0.892188 0.015625 0.015625
0 0.262500 0.923438 0.015625 0.015625
0 0.282813 0.892188 0.015625 0.015625
0 0.303125 0.926562 0.015625 0.015625
0 0.325000 0.895312 0.015625 0.015625
0 0.339062 0.928125 0.015625 0.015625
0 0.362500 0.895312 0.015625 0.015625
0 0.381250 0.925000 0.015625 0.015625
0 0.398438 0.893750 0.015625 0.015625
0 0.421875 0.929688 0.015625 0.015625
0 0.435937 0.898438 0.015625 0.015625
0 0.456250 0.928125 0.015625 0.015625
0 0.475000 0.896875 0.015625 0.015625
0 0.490625 0.929688 0.015625 0.015625
0 0.514062 0.901563 0.015625 0.015625
0 0.531250 0.929688 0.015625 0.015625
0 0.550000 0.900000 0.015625 0.015625
0 0.573438 0.928125 0.015625 0.015625
0 0.590625 0.903125 0.015625 0.015625
0 0.606250 0.932813 0.015625 0.015625
0 0.626563 0.906250 0.015625 0.015625
0 0.645312 0.932813 0.015625 0.015625
0 0.665625 0.903125 0.015625 0.015625
0 0.684375 0.932813 0.015625 0.015625
0 0.700000 0.901563 0.015625 0.015625
0 0.718750 0.935937 0.015625 0.015625
0 0.739062 0.904687 0.015625 0.015625
0 0.760938 0.934375 0.015625 0.015625
0 0.771875 0.903125 0.015625 0.015625
0 0.790625 0.935937 0.015625 0.015625
0 0.034375 0.985938 0.015625 0.015625
0 0.073438 0.992188 0.015625 0.015625
0 0.112500 0.990625 0.015625 0.015625
0 0.146875 0.992188 0.015625 0.015625
0 0.187500 0.992188 0.015625 0.015625
0 0.226562 0.992188 0.015625 0.015625
0 0.265625 0.993750 0.015625 0.015625
0 0.300000 0.995313 0.015625 0.015625
0 0.340625 0.996875 0.015625 0.015625
0 0.379688 0.996875 0.015625 0.015625
0 0.417187 0.996875 0.015625 0.015625
0 0.456250 0.998437 0.015625 0.015625
0 0.493750 0.996875 0.015625 0.015625
0 0.281250 0.009375 0.015625 0.015625
0 0.359375 0.009375 0.015625 0.015625
0 0.396875 0.010937 0.015625 0.015625
0 0.437500 0.010937 0.015625 0.015625
0 0.470313 0.010937 0.015625 0.015625
0 0.318750 0.073438 0.015625 0.015625
0 0.301563 0.042188 0.015625 0.015625
0 0.359375 0.073438 0.015625 0.015625
0 0.396875 0.075000 0.015625 0.015625
0 0.431250 0.075000 0.015625 0.015625
0 0.339062 0.107813 0.015625 0.015625
0 0.379688 0.107813 0.015625 0.015625
0 0.412500 0.107813 0.015625 0.015625
0 0.448437 0.109375 0.015625 0.015625
0 0.468750 0.075000 0.015625 0.015625
0 0.490625 0.112500 0.015625 0.015625
0 0.510938 0.075000 0.015625 0.015625
0 0.546875 0.012500 0.015625 0.015625
0 0.562500 0.043750 0.015625 0.015625
0 0.550000 0.076563 0.015625 0.015625
0 0.565625 0.118750 0.015625 0.015625
0 0.525000 0.114062 0.015625 0.015625
0 0.507812 0.143750 0.015625 0.015625
0 0.550000 0.143750 0.015625 0.015625
0 0.590625 0.145313 0.015625 0.015625
0 0.467187 0.148438 0.015625 0.015625
0 0.423438 0.148438 0.015625 0.015625
0 0.387500 0.145313 0.015625 0.015625
0 0.409375 0.175000 0.015625 0.015625
0 0.470313 0.204687 0.015625 0.015625
0 0.448437 0.179688 0.015625 0.015625
0 0.492188 0.178125 0.015625 0.015625
0 0.523438 0.178125 0.015625 0.015625
0 0.615625 0.210938 0.015625 0.015625
0 0.701562 0.212500 0.015625 0.015625
0 0.734375 0.214062 0.015625 0.015625
0 0.776563 0.214062 0.015625 0.015625
0 0.814063 0.217188 0.015625 0.015625
0 0.887500 0.215625 0.015625 0.015625
0 0.926562 0.218750 0.015625 0.015625
0 0.576562 0.407813 0.015625 0.015625
0 0.615625 0.407813 0.015625 0.015625
0 0.645312 0.407813 0.015625 0.015625
0 0.692187 0.412500 0.015625 0.015625
0 0.854688 0.414062 0.015625 0.015625
0 0.890625 0.415625 0.015625 0.015625
0 0.928125 0.415625 0.015625 0.015625
0 0.960938 0.415625 0.015625 0.015625
0 0.637500 0.443750 0.015625 0.015625
0 0.675000 0.443750 0.015625 0.015625
0 0.710938 0.445312 0.015625 0.015625
0 0.828125 0.450000 0.015625 0.015625
0 0.857812 0.450000 0.015625 0.015625
0 0.906250 0.451562 0.015625 0.015625
0 0.940625 0.451562 0.015625 0.015625
0 0.984375 0.451562 0.015625 0.015625
0 0.570312 0.476562 0.015625 0.015625
0 0.615625 0.473438 0.015625 0.015625
0 0.653125 0.476562 0.015625 0.015625
0 0.695312 0.476562 0.015625 0.015625
0 0.728125 0.476562 0.015625 0.015625
0 0.803125 0.479687 0.015625 0.015625
0 0.846875 0.479687 0.015625 0.015625
0 0.882812 0.479687 0.015625 0.015625
0 0.921875 0.479687 0.015625 0.015625
0 0.990625 0.484375 0.015625 0.015625
0 0.632812 0.509375 0.015625 0.015625
0 0.679688 0.506250 0.015625 0.015625
0 0.712500 0.509375 0.015625 0.015625
0 0.746875 0.509375 0.015625 0.015625
0 0.778125 0.509375 0.015625 0.015625
0 0.868750 0.514062 0.015625 0.015625
0 0.937500 0.517188 0.015625 0.015625
0 0.981250 0.517188 0.015625 0.015625
0 0.653125 0.542188 0.015625 0.015625
0 0.692187 0.545312 0.015625 0.015625
0 0.729688 0.545312 0.015625 0.015625
0 0.806250 0.546875 0.015625 0.015625
0 0.845313 0.546875 0.015625 0.015625
0 0.870313 0.546875 0.015625 0.015625
0 0.917188 0.548438 0.015625 0.015625
0 0.626563 0.571875 0.015625 0.015625
0 0.673438 0.573438 0.015625 0.015625
0 0.706250 0.575000 0.015625 0.015625
0 0.748437 0.576562 0.015625 0.015625
0 0.667188 0.637500 0.015625 0.015625
0 0.710938 0.637500 0.015625 0.015625
0 0.745313 0.639062 0.015625 0.015625
0 0.784375 0.643750 0.015625 0.015625
0 0.815625 0.643750 0.015625 0.015625
0 0.856250 0.645312 0.015625 0.015625
0 0.900000 0.645312 0.015625 0.015625
0 0.935937 0.645312 0.015625 0.015625
0 0.973437 0.646875 0.015625 0.015625
0 0.684375 0.673438 0.015625 0.015625
0 0.767188 0.673438 0.015625 0.015625
0 0.804688 0.675000 0.015625 0.015625
0 0.845313 0.675000 0.015625 0.015625
0 0.876563 0.676562 0.015625 0.015625
0 0.917188 0.676562 0.015625 0.015625
0 0.950000 0.679688 0.015625 0.015625
0 0.996875 0.681250 0.015625 0.015625
0 0.968750 0.710938 0.015625 0.015625
0 0.928125 0.710938 0.015625 0.015625
0 0.884375 0.714063 0.015625 0.015625
0 0.850000 0.714063 0.015625 0.015625
0 0.815625 0.710938 0.015625 0.015625
0 0.779687 0.710938 0.015625 0.015625
0 0.731250 0.709375 0.015625 0.015625
0 0.700000 0.709375 0.015625 0.015625
0 0.723437 0.871875 0.015625 0.015625
0 0.779687 0.771875 0.015625 0.015625
0 0.817187 0.773438 0.015625 0.015625
0 0.854688 0.773438 0.015625 0.015625
0 0.890625 0.775000 0.015625 0.015625
0 0.929688 0.776563 0.015625 0.015625
0 0.845313 0.740625 0.015625 0.015625
0 0.870313 0.740625 0.015625 0.015625
0 0.971875 0.778125 0.015625 0.015625
0 0.987500 0.743750 0.015625 0.015625
0 0.890625 0.840625 0.015625 0.015625
0 0.934375 0.843750 0.015625 0.015625
0 0.967187 0.843750 0.015625 0.015625
0 0.985938 0.810937 0.015625 0.015625
0 0.834375 0.809375 0.015625 0.015625
0 0.876563 0.810937 0.015625 0.015625
0 0.914062 0.810937 0.015625 0.015625
0 0.792188 0.809375 0.015625 0.015625
0 0.784375 0.575000 0.015625 0.015625
0 0.815625 0.578125 0.015625 0.015625
0 0.932813 0.579688 0.015625 0.015625
0 0.979688 0.582812 0.015625 0.015625
0 0.989062 0.614062 0.015625 0.015625
0 0.764062 0.609375 0.015625 0.015625
0 0.800000 0.609375 0.015625 0.015625
0 0.840625 0.609375 0.015625 0.015625
0 0.876563 0.609375 0.015625 0.015625
0 0.854688 0.840625 0.015625 0.015625
0 0.815625 0.839063 0.015625 0.015625
0 0.773438 0.840625 0.015625 0.015625
0 0.790625 0.871875 0.015625 0.015625
0 0.834375 0.873437 0.015625 0.015625
0 0.875000 0.875000 0.015625 0.015625
0 0.910937 0.873437 0.015625 0.015625
0 0.945312 0.873437 0.015625 0.015625
0 0.984375 0.876563 0.015625 0.015625
0 0.818750 0.904687 0.015625 0.015625
0 0.853125 0.903125 0.015625 0.015625
0 0.893750 0.907813 0.015625 0.015625
0 0.925000 0.906250 0.015625 0.015625
0 0.970313 0.912500 0.015625 0.015625
0 0.835938 0.939063 0.015625 0.015625
0 0.867188 0.939063 0.015625 0.015625
0 0.909375 0.942187 0.015625 0.015625
0 0.948438 0.942187 0.015625 0.015625
0 0.851562 0.973437 0.015625 0.015625
0 0.895312 0.973437 0.015625 0.015625
0 0.934375 0.975000 0.015625 0.015625
0 0.968750 0.976562 0.015625 0.015625
