0 0.000000 0.953125 0.015625 0.015625
0 0.014063 0.985938 0.015625 0.015625
0 0.006250 0.554688 0.015625 0.015625
0 0.020313 0.520312 0.015625 0.015625
0 0.046875 0.554688 0.015625 0.015625
0 0.059375 0.521875 0.015625 0.015625
0 0.082812 0.559375 0.015625 0.015625
0 0.100000 0.521875 0.015625 0.015625
0 0.118750 0.559375 0.015625 0.015625
0 0.139063 0.523438 0.015625 0.015625
0 0.157812 0.559375 0.015625 0.015625
0 0.175000 0.525000 0.015625 0.015625
0 0.195312 0.562500 0.015625 0.015625
0 0.220312 0.523438 0.015625 0.015625
0 0.235937 0.560937 0.015625 0.015625
0 0.253125 0.528125 0.015625 0.015625
0 0.267188 0.560937 0.015625 0.015625
0 0.289062 0.526563 0.015625 0.015625
0 0.307812 0.560937 0.015625 0.015625
0 0.326562 0.529687 0.015625 0.015625
0 0.345313 0.564063 0.015625 0.015625
0 0.368750 0.523438 0.015625 0.015625
0 0.387500 0.564063 0.015625 0.015625
0 0.401562 0.532813 0.015625 0.015625
0 0.420312 0.565625 0.015625 0.015625
0 0.440625 0.531250 0.015625 0.015625
0 0.462500 0.565625 0.015625 0.015625
0 0.479687 0.532813 0.015625 0.015625
0 0.500000 0.567187 0.015625 0.015625
0 0.518750 0.534375 0.015625 0.015625
0 0.537500 0.567187 0.015625 0.015625
0 0.556250 0.534375 0.015625 0.015625
0 0.573438 0.565625 0.015625 0.015625
0 0.595313 0.529687 0.015625 0.015625
0 0.615625 0.570312 0.015625 0.015625
0 0.632812 0.535937 0.015625 0.015625
0 0.650000 0.571875 0.015625 0.015625
0 0.667188 0.539062 0.015625 0.015625
0 0.682813 0.570312 0.015625 0.015625
0 0.704688 0.537500 0.015625 0.015625
0 0.728125 0.567187 0.015625 0.015625
0 0.743750 0.539062 0.015625 0.015625
0 0.764062 0.570312 0.015625 0.015625
0 0.782813 0.539062 0.015625 0.015625
0 0.801562 0.575000 0.015625 0.015625
0 0.820312 0.539062 0.015625 0.015625
0 0.845313 0.576562 0.015625 0.015625
0 0.860938 0.537500 0.015625 0.015625
0 0.004687 0.620313 0.015625 0.015625
0 0.021875 0.590625 0.015625 0.015625
0 0.039062 0.628125 0.015625 0.015625
0 0.059375 0.587500 0.015625 0.015625
0 0.079687 0.620313 0.015625 0.015625
0 0.096875 0.589063 0.015625 0.015625
0 0.115625 0.625000 0.015625 0.015625
0 0.132812 0.592187 0.015625 0.015625
0 0.157812 0.628125 0.015625 0.015625
0 0.175000 0.590625 0.015625 0.015625
0 0.193750 0.628125 0.015625 0.015625
0 0.212500 0.592187 0.015625 0.015625
0 0.232813 0.626563 0.015625 0.015625
0 0.254688 0.590625 0.015625 0.015625
0 0.271875 0.623437 0.015625 0.015625
0 0.285938 0.589063 0.015625 0.015625
0 0.310937 0.625000 0.015625 0.015625
0 0.326562 0.592187 0.015625 0.015625
0 0.348438 0.628125 0.015625 0.015625
0 0.359375 0.600000 0.015625 0.015625
0 0.381250 0.628125 0.015625 0.015625
0 0.400000 0.596875 0.015625 0.015625
0 0.420312 0.631250 0.015625 0.015625
0 0.437500 0.598437 0.015625 0.015625
0 0.454688 0.628125 0.015625 0.015625
0 0.476562 0.600000 0.015625 0.015625
0 0.498437 0.634375 0.015625 0.015625
0 0.512500 0.603125 0.015625 0.015625
0 0.531250 0.631250 0.015625 0.015625
0 0.554688 0.598437 0.015625 0.015625
0 0.576562 0.632812 0.015625 0.015625
0 0.593750 0.600000 0.015625 0.015625
0 0.615625 0.634375 0.015625 0.015625
0 0.629687 0.598437 0.015625 0.015625
0 0.650000 0.634375 0.015625 0.015625
0 0.665625 0.603125 0.015625 0.015625
0 0.690625 0.639062 0.015625 0.015625
0 0.707812 0.604688 0.015625 0.015625
0 0.725000 0.632812 0.015625 0.015625
0 0.743750 0.604688 0.015625 0.015625
0 0.760938 0.632812 0.015625 0.015625
0 0.784375 0.603125 0.015625 0.015625
0 0.804688 0.632812 0.015625 0.015625
0 0.820312 0.606250 0.015625 0.015625
0 0.845313 0.637500 0.015625 0.015625
0 0.862500 0.606250 0.015625 0.015625
0 0.884375 0.639062 0.015625 0.015625
0 0.006250 0.693750 0.015625 0.015625
0 0.021875 0.654687 0.015625 0.015625
0 0.037500 0.687500 0.015625 0.015625
0 0.056250 0.656250 0.015625 0.015625
0 0.076563 0.692187 0.015625 0.015625
0 0.096875 0.656250 0.015625 0.015625
0 0.118750 0.692187 0.015625 0.015625
0 0.135937 0.657813 0.015625 0.015625
0 0.154688 0.696875 0.015625 0.015625
0 0.175000 0.659375 0.015625 0.015625
0 0.192188 0.690625 0.015625 0.015625
0 0.212500 0.657813 0.015625 0.015625
0 0.232813 0.695312 0.015625 0.015625
0 0.246875 0.660937 0.015625 0.015625
0 0.270313 0.695312 0.015625 0.015625
0 0.287500 0.656250 0.015625 0.015625
0 0.309375 0.687500 0.015625 0.015625
0 0.328125 0.660937 0.015625 0.015625
0 0.346875 0.695312 0.015625 0.015625
0 0.364063 0.662500 0.015625 0.015625
0 0.379688 0.698438 0.015625 0.015625
0 0.400000 0.667188 0.015625 0.015625
0 0.421875 0.706250 0.015625 0.015625
0 0.440625 0.668750 0.015625 0.015625
0 0.454688 0.701562 0.015625 0.015625
0 0.476562 0.667188 0.015625 0.015625
0 0.498437 0.704688 0.015625 0.015625
0 0.518750 0.670312 0.015625 0.015625
0 0.539062 0.701562 0.015625 0.015625
0 0.559375 0.670312 0.015625 0.015625
0 0.579688 0.704688 0.015625 0.015625
0 0.595313 0.670312 0.015625 0.015625
0 0.612500 0.706250 0.015625 0.015625
0 0.006250 0.757812 0.015625 0.015625
0 0.018750 0.721875 0.015625 0.015625
0 0.042188 0.754687 0.015625 0.015625
0 0.060937 0.715625 0.015625 0.015625
0 0.078125 0.762500 0.015625 0.015625
0 0.096875 0.723437 0.015625 0.015625
0 0.115625 0.759375 0.015625 0.015625
0 0.137500 0.721875 0.015625 0.015625
0 0.154688 0.754687 0.015625 0.015625
0 0.173437 0.726562 0.015625 0.015625
0 0.192188 0.759375 0.015625 0.015625
0 0.207813 0.729688 0.015625 0.015625
0 0.221875 0.762500 0.015625 0.015625
0 0.243750 0.728125 0.015625 0.015625
0 0.265625 0.762500 0.015625 0.015625
0 0.287500 0.729688 0.015625 0.015625
0 0.304688 0.759375 0.015625 0.015625
0 0.325000 0.728125 0.015625 0.015625
0 0.343750 0.760938 0.015625 0.015625
0 0.362500 0.729688 0.015625 0.015625
0 0.382812 0.762500 0.015625 0.015625
0 0.400000 0.737500 0.015625 0.015625
0 0.412500 0.764062 0.015625 0.015625
0 0.435937 0.731250 0.015625 0.015625
0 0.454688 0.762500 0.015625 0.015625
0 0.476562 0.735938 0.015625 0.015625
0 0.500000 0.767188 0.015625 0.015625
0 0.517188 0.734375 0.015625 0.015625
0 0.534375 0.768750 0.015625 0.015625
0 0.556250 0.734375 0.015625 0.015625
0 0.573438 0.770312 0.015625 0.015625
0 0.592187 0.735938 0.015625 0.015625
0 0.610938 0.775000 0.015625 0.015625
0 0.634375 0.739062 0.015625 0.015625
0 0.650000 0.771875 0.015625 0.015625
0 0.671875 0.732812 0.015625 0.015625
0 0.689063 0.771875 0.015625 0.015625
0 0.706250 0.734375 0.015625 0.015625
0 0.725000 0.767188 0.015625 0.015625
0 0.743750 0.737500 0.015625 0.015625
0 0.762500 0.771875 0.015625 0.015625
0 0.779687 0.739062 0.015625 0.015625
0 0.801562 0.768750 0.015625 0.015625
0 0.815625 0.739062 0.015625 0.015625
0 0.837500 0.773438 0.015625 0.015625
0 0.856250 0.739062 0.015625 0.015625
0 0.875000 0.773438 0.015625 0.015625
0 0.895312 0.742188 0.015625 0.015625
0 0.914062 0.771875 0.015625 0.015625
0 0.932813 0.740625 0.015625 0.015625
0 0.950000 0.768750 0.015625 0.015625
0 0.634375 0.668750 0.015625 0.015625
0 0.651563 0.706250 0.015625 0.015625
0 0.675000 0.668750 0.015625 0.015625
0 0.690625 0.704688 0.015625 0.015625
0 0.707812 0.670312 0.015625 0.015625
0 0.723437 0.703125 0.015625 0.015625
0 0.745313 0.673438 0.015625 0.015625
0 0.760938 0.706250 0.015625 0.015625
0 0.782813 0.670312 0.015625 0.015625
0 0.801562 0.703125 0.015625 0.015625
0 0.820312 0.678125 0.015625 0.015625
0 0.839063 0.706250 0.015625 0.015625
0 0.860938 0.673438 0.015625 0.015625
0 0.875000 0.701562 0.015625 0.015625
0 0.892188 0.675000 0.015625 0.015625
0 0.915625 0.706250 0.015625 0.015625
0 0.032813 0.821875 0.015625 0.015625
0 0.062500 0.789062 0.015625 0.015625
0 0.078125 0.821875 0.015625 0.015625
0 0.095312 0.785937 0.015625 0.015625
0 0.117188 0.825000 0.015625 0.015625
0 0.129688 0.790625 0.015625 0.015625
0 0.153125 0.828125 0.015625 0.015625
0 0.167187 0.790625 0.015625 0.015625
0 0.192188 0.821875 0.015625 0.015625
0 0.210938 0.789062 0.015625 0.015625
0 0.229687 0.826562 0.015625 0.015625
0 0.243750 0.795312 0.015625 0.015625
0 0.264062 0.831250 0.015625 0.015625
0 0.282813 0.793750 0.015625 0.015625
0 0.304688 0.826562 0.015625 0.015625
0 0.321875 0.795312 0.015625 0.015625
0 0.343750 0.825000 0.015625 0.015625
0 0.362500 0.795312 0.015625 0.015625
0 0.379688 0.828125 0.015625 0.015625
0 0.398438 0.795312 0.015625 0.015625
0 0.420312 0.832812 0.015625 0.015625
0 0.434375 0.796875 0.015625 0.015625
0 0.457813 0.832812 0.015625 0.015625
0 0.475000 0.800000 0.015625 0.015625
0 0.496875 0.826562 0.015625 0.015625
0 0.517188 0.796875 0.015625 0.015625
0 0.535937 0.831250 0.015625 0.015625
0 0.551562 0.801562 0.015625 0.015625
0 0.571875 0.832812 0.015625 0.015625
0 0.595313 0.803125 0.015625 0.015625
0 0.609375 0.835938 0.015625 0.015625
0 0.631250 0.804688 0.015625 0.015625
0 0.648438 0.839063 0.015625 0.015625
0 0.668750 0.804688 0.015625 0.015625
0 0.684375 0.834375 0.015625 0.015625
0 0.709375 0.803125 0.015625 0.015625
0 0.723437 0.837500 0.015625 0.015625
0 0.745313 0.806250 0.015625 0.015625
0 0.762500 0.834375 0.015625 0.015625
0 0.784375 0.804688 0.015625 0.015625
0 0.796875 0.837500 0.015625 0.015625
0 0.818750 0.806250 0.015625 0.015625
0 0.837500 0.832812 0.015625 0.015625
0 0.854688 0.804688 0.015625 0.015625
0 0.871875 0.839063 0.015625 0.015625
0 0.893750 0.803125 0.015625 0.015625
0 0.915625 0.832812 0.015625 0.015625
0 0.932813 0.804688 0.015625 0.015625
0 0.950000 0.837500 0.015625 0.015625
0 0.968750 0.809375 0.015625 0.015625
0 0.985938 0.835938 0.015625 0.015625
0 0.032813 0.885938 0.015625 0.015625
0 0.050000 0.856250 0.015625 0.015625
0 0.076563 0.889062 0.015625 0.015625
0 0.095312 0.854688 0.015625 0.015625
0 0.115625 0.882812 0.015625 0.015625
0 0.134375 0.853125 0.015625 0.015625
0 0.150000 0.893750 0.015625 0.015625
0 0.170313 0.856250 0.015625 0.015625
0 0.190625 0.889062 0.015625 0.015625
0 0.207813 0.859375 0.015625 0.015625
0 0.226562 0.890625 0.015625 0.015625
0 0.243750 0.859375 0.015625 0.015625
0 0.268750 0.887500 0.015625 0.015625
0 0.281250 0.860938 0.015625 0.015625
0 0.304688 0.893750 0.015625 0.015625
0 0.320312 0.864062 0.015625 0.015625
0 0.339062 0.895312 0.015625 0.015625
0 0.357812 0.857812 0.015625 0.015625
0 0.379688 0.892188 0.015625 0.015625
0 0.398438 0.867188 0.015625 0.015625
0 0.415625 0.895312 0.015625 0.015625
0 0.437500 0.857812 0.015625 0.015625
0 0.453125 0.893750 0.015625 0.015625
0 0.476562 0.862500 0.015625 0.015625
0 0.496875 0.893750 0.015625 0.015625
0 0.514062 0.859375 0.015625 0.015625
0 0.532813 0.898438 0.015625 0.015625
0 0.553125 0.864062 0.015625 0.015625
0 0.570312 0.895312 0.015625 0.015625
0 0.587500 0.865625 0.015625 0.015625
0 0.614062 0.901563 0.015625 0.015625
0 0.631250 0.867188 0.015625 0.015625
0 0.650000 0.898438 0.015625 0.015625
0 0.667188 0.865625 0.015625 0.015625
0 0.689063 0.898438 0.015625 0.015625
0 0.706250 0.870313 0.015625 0.015625
0 0.728125 0.901563 0.015625 0.015625
0 0.746875 0.871875 0.015625 0.015625
0 0.781250 0.868750 0.015625 0.015625
0 0.795312 0.904687 0.015625 0.015625
0 0.760938 0.900000 0.015625 0.015625
0 0.815625 0.870313 0.015625 0.015625
0 0.837500 0.901563 0.015625 0.015625
0 0.853125 0.867188 0.015625 0.015625
0 0.871875 0.901563 0.015625 0.015625
0 0.892188 0.868750 0.015625 0.015625
0 0.910937 0.900000 0.015625 0.015625
0 0.929688 0.870313 0.015625 0.015625
0 0.948438 0.900000 0.015625 0.015625
0 0.967187 0.868750 0.015625 0.015625
0 0.987500 0.903125 0.015625 0.015625
0 0.903125 0.570312 0.015625 0.015625
0 0.921875 0.606250 0.015625 0.015625
0 0.937500 0.637500 0.015625 0.015625
0 0.956250 0.670312 0.015625 0.015625
0 0.978125 0.707812 0.015625 0.015625
0 0.995313 0.737500 0.015625 0.015625
0 0.053125 0.920312 0.015625 0.015625
0 0.068750 0.956250 0.015625 0.015625
0 0.092188 0.920312 0.015625 0.015625
0 0.110937 0.953125 0.015625 0.015625
0 0.128125 0.925000 0.015625 0.015625
0 0.150000 0.956250 0.015625 0.015625
0 0.167187 0.923438 0.015625 0.015625
0 0.185938 0.957812 0.015625 0.015625
0 0.206250 0.923438 0.015625 0.015625
0 0.225000 0.962500 0.015625 0.015625
0 0.242188 0.921875 0.015625 0.015625
0 0.260937 0.957812 0.015625 0.015625
0 0.284375 0.923438 0.015625 0.015625
0 0.303125 0.959375 0.015625 0.015625
0 0.321875 0.925000 0.015625 0.015625
0 0.337500 0.956250 0.015625 0.015625
0 0.356250 0.926562 0.015625 0.015625
0 0.378125 0.956250 0.015625 0.015625
0 0.396875 0.926562 0.015625 0.015625
0 0.418750 0.959375 0.015625 0.015625
0 0.434375 0.925000 0.015625 0.015625
0 0.457813 0.965625 0.015625 0.015625
0 0.478125 0.925000 0.015625 0.015625
0 0.496875 0.962500 0.015625 0.015625
0 0.514062 0.929688 0.015625 0.015625
0 0.529687 0.965625 0.015625 0.015625
0 0.553125 0.931250 0.015625 0.015625
0 0.567187 0.964063 0.015625 0.015625
0 0.592187 0.931250 0.015625 0.015625
0 0.603125 0.967187 0.015625 0.015625
0 0.628125 0.932813 0.015625 0.015625
0 0.646875 0.960938 0.015625 0.015625
0 0.662500 0.929688 0.015625 0.015625
0 0.681250 0.965625 0.015625 0.015625
0 0.698438 0.932813 0.015625 0.015625
0 0.723437 0.964063 0.015625 0.015625
0 0.737500 0.932813 0.015625 0.015625
0 0.762500 0.965625 0.015625 0.015625
0 0.776563 0.935937 0.015625 0.015625
0 0.798438 0.965625 0.015625 0.015625
0 0.818750 0.932813 0.015625 0.015625
0 0.834375 0.968750 0.015625 0.015625
0 0.856250 0.939063 0.015625 0.015625
0 0.878125 0.970313 0.015625 0.015625
0 0.895312 0.939063 0.015625 0.015625
0 0.909375 0.967187 0.015625 0.015625
0 0.931250 0.939063 0.015625 0.015625
0 0.953125 0.965625 0.015625 0.015625
0 0.967187 0.935937 0.015625 0.015625
0 0.090625 0.984375 0.015625 0.015625
0 0.131250 0.987500 0.015625 0.015625
0 0.167187 0.990625 0.015625 0.015625
0 0.206250 0.984375 0.015625 0.015625
0 0.245312 0.987500 0.015625 0.015625
0 0.284375 0.992188 0.015625 0.015625
0 0.321875 0.990625 0.015625 0.015625
0 0.360938 0.995313 0.015625 0.015625
0 0.396875 0.993750 0.015625 0.015625
0 0.431250 0.993750 0.015625 0.015625
0 0.473438 0.998437 0.015625 0.015625
0 0.510938 0.998437 0.015625 0.015625
0 0.550000 0.992188 0.015625 0.015625
0 0.587500 0.993750 0.015625 0.015625
0 0.582812 0.862500 0.015625 0.015625
0 0.625000 0.998437 0.015625 0.015625
0 0.937500 0.540625 0.015625 0.015625
0 0.954688 0.573438 0.015625 0.015625
0 0.970313 0.542188 0.015625 0.015625
0 0.992188 0.575000 0.015625 0.015625
0 0.989062 0.637500 0.015625 0.015625
0 0.971875 0.604688 0.015625 0.015625
