0 0.014063 0.217188 0.015625 0.015625
0 0.087500 0.215625 0.015625 0.015625
0 0.126562 0.218750 0.015625 0.015625
0 0.054688 0.414062 0.015625 0.015625
0 0.090625 0.415625 0.015625 0.015625
0 0.128125 0.415625 0.015625 0.015625
0 0.160938 0.415625 0.015625 0.015625
0 0.206250 0.417187 0.015625 0.015625
0 0.273438 0.421875 0.015625 0.015625
0 0.345313 0.423438 0.015625 0.015625
0 0.028125 0.450000 0.015625 0.015625
0 0.057813 0.450000 0.015625 0.015625
0 0.106250 0.451562 0.015625 0.015625
0 0.140625 0.451562 0.015625 0.015625
0 0.184375 0.451562 0.015625 0.015625
0 0.215625 0.451562 0.015625 0.015625
0 0.251563 0.451562 0.015625 0.015625
0 0.290625 0.457813 0.015625 0.015625
0 0.331250 0.457813 0.015625 0.015625
0 0.365625 0.457813 0.015625 0.015625
0 0.003125 0.479687 0.015625 0.015625
0 0.046875 0.479687 0.015625 0.015625
0 0.082812 0.479687 0.015625 0.015625
0 0.121875 0.479687 0.015625 0.015625
0 0.190625 0.484375 0.015625 0.015625
0 0.237500 0.485938 0.015625 0.015625
0 0.275000 0.485938 0.015625 0.015625
0 0.314063 0.485938 0.015625 0.015625
0 0.346875 0.487500 0.015625 0.015625
0 0.385937 0.487500 0.015625 0.015625
0 0.421875 0.490625 0.015625 0.015625
0 0.464062 0.490625 0.015625 0.015625
0 0.496875 0.490625 0.015625 0.015625
0 0.068750 0.514062 0.015625 0.015625
0 0.137500 0.517188 0.015625 0.015625
0 0.181250 0.517188 0.015625 0.015625
0 0.254688 0.517188 0.015625 0.015625
0 0.295312 0.520312 0.015625 0.015625
0 0.326562 0.523438 0.015625 0.015625
0 0.373437 0.523438 0.015625 0.015625
0 0.406250 0.523438 0.015625 0.015625
0 0.443750 0.523438 0.015625 0.015625
0 0.485938 0.525000 0.015625 0.015625
0 0.512500 0.525000 0.015625 0.015625
0 0.006250 0.546875 0.015625 0.015625
0 0.045312 0.546875 0.015625 0.015625
0 0.070312 0.546875 0.015625 0.015625
0 0.117188 0.548438 0.015625 0.015625
0 0.203125 0.551562 0.015625 0.015625
0 0.268750 0.550000 0.015625 0.015625
0 0.309375 0.553125 0.015625 0.015625
0 0.426563 0.553125 0.015625 0.015625
0 0.462500 0.556250 0.015625 0.015625
0 0.501563 0.556250 0.015625 0.015625
0 0.573438 0.557813 0.015625 0.015625
0 0.557813 0.523438 0.015625 0.015625
0 0.364063 0.585938 0.015625 0.015625
0 0.406250 0.587500 0.015625 0.015625
0 0.443750 0.587500 0.015625 0.015625
0 0.475000 0.587500 0.015625 0.015625
0 0.514062 0.587500 0.015625 0.015625
0 0.554688 0.589063 0.015625 0.015625
0 0.015625 0.643750 0.015625 0.015625
0 0.056250 0.645312 0.015625 0.015625
0 0.100000 0.645312 0.015625 0.015625
0 0.135937 0.645312 0.015625 0.015625
0 0.173437 0.646875 0.015625 0.015625
0 0.325000 0.650000 0.015625 0.015625
0 0.362500 0.651563 0.015625 0.015625
0 0.442188 0.653125 0.015625 0.015625
0 0.004687 0.675000 0.015625 0.015625
0 0.045312 0.675000 0.015625 0.015625
0 0.076563 0.676562 0.015625 0.015625
0 0.117188 0.676562 0.015625 0.015625
0 0.150000 0.679688 0.015625 0.015625
0 0.196875 0.681250 0.015625 0.015625
0 0.223438 0.681250 0.015625 0.015625
0 0.387500 0.689063 0.015625 0.015625
0 0.459375 0.685937 0.015625 0.015625
0 0.493750 0.685937 0.015625 0.015625
0 0.539062 0.685937 0.015625 0.015625
0 0.565625 0.685937 0.015625 0.015625
0 0.590625 0.590625 0.015625 0.015625
0 0.609375 0.623437 0.015625 0.015625
0 0.628125 0.656250 0.015625 0.015625
0 0.646875 0.690625 0.015625 0.015625
0 0.665625 0.726562 0.015625 0.015625
0 0.621875 0.723437 0.015625 0.015625
0 0.584375 0.725000 0.015625 0.015625
0 0.543750 0.725000 0.015625 0.015625
0 0.507812 0.723437 0.015625 0.015625
0 0.473438 0.721875 0.015625 0.015625
0 0.437500 0.718750 0.015625 0.015625
0 0.389062 0.721875 0.015625 0.015625
0 0.359375 0.721875 0.015625 0.015625
0 0.321875 0.718750 0.015625 0.015625
0 0.282813 0.718750 0.015625 0.015625
0 0.248438 0.714063 0.015625 0.015625
0 0.207813 0.712500 0.015625 0.015625
0 0.168750 0.710938 0.015625 0.015625
0 0.128125 0.710938 0.015625 0.015625
0 0.084375 0.714063 0.015625 0.015625
0 0.050000 0.714063 0.015625 0.015625
0 0.015625 0.710938 0.015625 0.015625
0 0.017188 0.773438 0.015625 0.015625
0 0.054688 0.773438 0.015625 0.015625
0 0.090625 0.775000 0.015625 0.015625
0 0.129688 0.776563 0.015625 0.015625
0 0.045312 0.740625 0.015625 0.015625
0 0.070312 0.740625 0.015625 0.015625
0 0.171875 0.778125 0.015625 0.015625
0 0.210938 0.778125 0.015625 0.015625
0 0.250000 0.782813 0.015625 0.015625
0 0.187500 0.743750 0.015625 0.015625
0 0.223438 0.745313 0.015625 0.015625
0 0.260937 0.748437 0.015625 0.015625
0 0.284375 0.782813 0.015625 0.015625
0 0.320312 0.787500 0.015625 0.015625
0 0.356250 0.784375 0.015625 0.015625
0 0.392188 0.785937 0.015625 0.015625
0 0.435937 0.782813 0.015625 0.015625
0 0.534375 0.756250 0.015625 0.015625
0 0.567187 0.756250 0.015625 0.015625
0 0.585938 0.784375 0.015625 0.015625
0 0.628125 0.787500 0.015625 0.015625
0 0.640625 0.760938 0.015625 0.015625
0 0.646875 0.829688 0.015625 0.015625
0 0.090625 0.840625 0.015625 0.015625
0 0.134375 0.843750 0.015625 0.015625
0 0.167187 0.843750 0.015625 0.015625
0 0.203125 0.843750 0.015625 0.015625
0 0.185938 0.810937 0.015625 0.015625
0 0.225000 0.812500 0.015625 0.015625
0 0.267188 0.812500 0.015625 0.015625
0 0.306250 0.814063 0.015625 0.015625
0 0.340625 0.815625 0.015625 0.015625
0 0.379688 0.815625 0.015625 0.015625
0 0.420312 0.815625 0.015625 0.015625
0 0.451562 0.817187 0.015625 0.015625
0 0.429688 0.848437 0.015625 0.015625
0 0.251563 0.846875 0.015625 0.015625
0 0.284375 0.846875 0.015625 0.015625
0 0.320312 0.846875 0.015625 0.015625
0 0.357812 0.848437 0.015625 0.015625
0 0.490625 0.821875 0.015625 0.015625
0 0.460938 0.856250 0.015625 0.015625
0 0.510938 0.851562 0.015625 0.015625
0 0.628125 0.857812 0.015625 0.015625
0 0.667188 0.857812 0.015625 0.015625
0 0.693750 0.857812 0.015625 0.015625
0 0.679688 0.826562 0.015625 0.015625
0 0.684375 0.765625 0.015625 0.015625
0 0.700000 0.795312 0.015625 0.015625
0 0.717187 0.826562 0.015625 0.015625
0 0.723437 0.839063 0.015625 0.015625
0 0.740625 0.862500 0.015625 0.015625
0 0.034375 0.809375 0.015625 0.015625
0 0.076563 0.810937 0.015625 0.015625
0 0.114062 0.810937 0.015625 0.015625
0 0.015625 0.578125 0.015625 0.015625
0 0.132812 0.579688 0.015625 0.015625
0 0.179688 0.582812 0.015625 0.015625
0 0.209375 0.584375 0.015625 0.015625
0 0.250000 0.584375 0.015625 0.015625
0 0.285938 0.584375 0.015625 0.015625
0 0.189062 0.614062 0.015625 0.015625
0 0.226562 0.618750 0.015625 0.015625
0 0.267188 0.618750 0.015625 0.015625
0 0.304688 0.618750 0.015625 0.015625
0 0.337500 0.618750 0.015625 0.015625
0 0.000000 0.609375 0.015625 0.015625
0 0.040625 0.609375 0.015625 0.015625
0 0.076563 0.609375 0.015625 0.015625
0 0.054688 0.840625 0.015625 0.015625
0 0.015625 0.839063 0.015625 0.015625
0 0.034375 0.873437 0.015625 0.015625
0 0.075000 0.875000 0.015625 0.015625
0 0.110937 0.873437 0.015625 0.015625
0 0.145313 0.873437 0.015625 0.015625
0 0.184375 0.876563 0.015625 0.015625
0 0.225000 0.876563 0.015625 0.015625
0 0.265625 0.878125 0.015625 0.015625
0 0.306250 0.879687 0.015625 0.015625
0 0.343750 0.879687 0.015625 0.015625
0 0.375000 0.879687 0.015625 0.015625
0 0.410938 0.882812 0.015625 0.015625
0 0.445312 0.884375 0.015625 0.015625
0 0.489063 0.885938 0.015625 0.015625
0 0.526563 0.885938 0.015625 0.015625
0 0.607812 0.885938 0.015625 0.015625
0 0.645312 0.885938 0.015625 0.015625
0 0.676562 0.885938 0.015625 0.015625
0 0.662500 0.918750 0.015625 0.015625
0 0.018750 0.904687 0.015625 0.015625
0 0.053125 0.903125 0.015625 0.015625
0 0.093750 0.907813 0.015625 0.015625
0 0.125000 0.906250 0.015625 0.015625
0 0.170313 0.912500 0.015625 0.015625
0 0.203125 0.910937 0.015625 0.015625
0 0.240625 0.912500 0.015625 0.015625
0 0.279687 0.914062 0.015625 0.015625
0 0.323437 0.912500 0.015625 0.015625
0 0.356250 0.914062 0.015625 0.015625
0 0.512500 0.918750 0.015625 0.015625
0 0.623437 0.920312 0.015625 0.015625
0 0.642188 0.951562 0.015625 0.015625
0 0.603125 0.953125 0.015625 0.015625
0 0.568750 0.953125 0.015625 0.015625
0 0.035937 0.939063 0.015625 0.015625
0 0.067187 0.939063 0.015625 0.015625
0 0.109375 0.942187 0.015625 0.015625
0 0.148438 0.942187 0.015625 0.015625
0 0.678125 0.951562 0.015625 0.015625
0 0.718750 0.890625 0.015625 0.015625
0 0.734375 0.925000 0.015625 0.015625
0 0.700000 0.920312 0.015625 0.015625
0 0.715625 0.956250 0.015625 0.015625
0 0.753125 0.956250 0.015625 0.015625
0 0.787500 0.954688 0.015625 0.015625
0 0.451562 0.948438 0.015625 0.015625
0 0.434375 0.982812 0.015625 0.015625
0 0.471875 0.981250 0.015625 0.015625
0 0.509375 0.984375 0.015625 0.015625
0 0.543750 0.985938 0.015625 0.015625
0 0.492188 0.953125 0.015625 0.015625
0 0.581250 0.985938 0.015625 0.015625
0 0.626563 0.987500 0.015625 0.015625
0 0.659375 0.987500 0.015625 0.015625
0 0.695312 0.989062 0.015625 0.015625
0 0.051562 0.973437 0.015625 0.015625
0 0.095312 0.973437 0.015625 0.015625
0 0.134375 0.975000 0.015625 0.015625
0 0.168750 0.976562 0.015625 0.015625
0 0.204687 0.979688 0.015625 0.015625
0 0.243750 0.978125 0.015625 0.015625
0 0.317188 0.981250 0.015625 0.015625
0 0.357812 0.982812 0.015625 0.015625
0 0.396875 0.981250 0.015625 0.015625
0 0.807813 0.990625 0.015625 0.015625
