0 0.021875 0.029687 0.015625 0.015625
0 0.023438 0.096875 0.015625 0.015625
0 0.004687 0.129688 0.015625 0.015625
0 0.037500 0.129688 0.015625 0.015625
0 0.020313 0.164062 0.015625 0.015625
0 0.053125 0.168750 0.015625 0.015625
0 0.017188 0.293750 0.015625 0.015625
0 0.053125 0.293750 0.015625 0.015625
0 0.095312 0.295312 0.015625 0.015625
0 0.131250 0.296875 0.015625 0.015625
0 0.040625 0.265625 0.015625 0.015625
0 0.014063 0.359375 0.015625 0.015625
0 0.056250 0.356250 0.015625 0.015625
0 0.035937 0.326562 0.015625 0.015625
0 0.000000 0.325000 0.015625 0.015625
0 0.075000 0.326562 0.015625 0.015625
0 0.093750 0.357812 0.015625 0.015625
0 0.114062 0.326562 0.015625 0.015625
0 0.135937 0.354687 0.015625 0.015625
0 0.150000 0.328125 0.015625 0.015625
0 0.168750 0.360938 0.015625 0.015625
0 0.190625 0.326562 0.015625 0.015625
0 0.209375 0.365625 0.015625 0.015625
0 0.014063 0.487500 0.015625 0.015625
0 0.029687 0.454688 0.015625 0.015625
0 0.048438 0.485938 0.015625 0.015625
0 0.067187 0.456250 0.015625 0.015625
0 0.087500 0.489063 0.015625 0.015625
0 0.104688 0.456250 0.015625 0.015625
0 0.128125 0.495312 0.015625 0.015625
0 0.145313 0.459375 0.015625 0.015625
0 0.184375 0.460938 0.015625 0.015625
0 0.220312 0.460938 0.015625 0.015625
0 0.203125 0.493750 0.015625 0.015625
0 0.239063 0.495312 0.015625 0.015625
0 0.028125 0.526563 0.015625 0.015625
0 0.064062 0.526563 0.015625 0.015625
0 0.103125 0.528125 0.015625 0.015625
0 0.142187 0.526563 0.015625 0.015625
0 0.181250 0.528125 0.015625 0.015625
0 0.218750 0.528125 0.015625 0.015625
0 0.251563 0.532813 0.015625 0.015625
0 0.273438 0.503125 0.015625 0.015625
0 0.293750 0.532813 0.015625 0.015625
0 0.014063 0.426563 0.015625 0.015625
0 0.046875 0.426563 0.015625 0.015625
0 0.089063 0.428125 0.015625 0.015625
0 0.129688 0.426563 0.015625 0.015625
0 0.170313 0.428125 0.015625 0.015625
0 0.209375 0.431250 0.015625 0.015625
0 0.032813 0.393750 0.015625 0.015625
0 0.070312 0.395313 0.015625 0.015625
0 0.150000 0.395313 0.015625 0.015625
0 0.190625 0.392188 0.015625 0.015625
0 0.006250 0.556250 0.015625 0.015625
0 0.046875 0.556250 0.015625 0.015625
0 0.084375 0.557813 0.015625 0.015625
0 0.160938 0.560937 0.015625 0.015625
0 0.196875 0.560937 0.015625 0.015625
0 0.240625 0.560937 0.015625 0.015625
0 0.276562 0.560937 0.015625 0.015625
0 0.312500 0.564063 0.015625 0.015625
0 0.004687 0.625000 0.015625 0.015625
0 0.046875 0.623437 0.015625 0.015625
0 0.053125 0.593750 0.015625 0.015625
0 0.082812 0.626563 0.015625 0.015625
0 0.139063 0.593750 0.015625 0.015625
0 0.179688 0.593750 0.015625 0.015625
0 0.200000 0.629687 0.015625 0.015625
0 0.237500 0.628125 0.015625 0.015625
0 0.309375 0.628125 0.015625 0.015625
0 0.328125 0.596875 0.015625 0.015625
0 0.350000 0.629687 0.015625 0.015625
0 0.007812 0.687500 0.015625 0.015625
0 0.026562 0.659375 0.015625 0.015625
0 0.051562 0.689063 0.015625 0.015625
0 0.070312 0.657813 0.015625 0.015625
0 0.082812 0.692187 0.015625 0.015625
0 0.103125 0.662500 0.015625 0.015625
0 0.121875 0.692187 0.015625 0.015625
0 0.139063 0.662500 0.015625 0.015625
0 0.159375 0.693750 0.015625 0.015625
0 0.178125 0.665625 0.015625 0.015625
0 0.215625 0.662500 0.015625 0.015625
0 0.237500 0.696875 0.015625 0.015625
0 0.254688 0.665625 0.015625 0.015625
0 0.290625 0.665625 0.015625 0.015625
0 0.331250 0.665625 0.015625 0.015625
0 0.370312 0.665625 0.015625 0.015625
0 0.354687 0.693750 0.015625 0.015625
0 0.006250 0.753125 0.015625 0.015625
0 0.031250 0.725000 0.015625 0.015625
0 0.048438 0.757812 0.015625 0.015625
0 0.064062 0.726562 0.015625 0.015625
0 0.084375 0.754687 0.015625 0.015625
0 0.104688 0.725000 0.015625 0.015625
0 0.125000 0.756250 0.015625 0.015625
0 0.142187 0.728125 0.015625 0.015625
0 0.164062 0.757812 0.015625 0.015625
0 0.182812 0.728125 0.015625 0.015625
0 0.198437 0.762500 0.015625 0.015625
0 0.217188 0.731250 0.015625 0.015625
0 0.237500 0.760938 0.015625 0.015625
0 0.262500 0.731250 0.015625 0.015625
0 0.279687 0.760938 0.015625 0.015625
0 0.293750 0.731250 0.015625 0.015625
0 0.312500 0.764062 0.015625 0.015625
0 0.337500 0.732812 0.015625 0.015625
0 0.357812 0.767188 0.015625 0.015625
0 0.376563 0.735938 0.015625 0.015625
0 0.392188 0.767188 0.015625 0.015625
0 0.410938 0.739062 0.015625 0.015625
0 0.429688 0.768750 0.015625 0.015625
0 0.028125 0.789062 0.015625 0.015625
0 0.045312 0.821875 0.015625 0.015625
0 0.065625 0.790625 0.015625 0.015625
0 0.104688 0.793750 0.015625 0.015625
0 0.126562 0.825000 0.015625 0.015625
0 0.142187 0.793750 0.015625 0.015625
0 0.182812 0.795312 0.015625 0.015625
0 0.217188 0.793750 0.015625 0.015625
0 0.254688 0.793750 0.015625 0.015625
0 0.296875 0.798438 0.015625 0.015625
0 0.410938 0.800000 0.015625 0.015625
0 0.448437 0.800000 0.015625 0.015625
0 0.465625 0.832812 0.015625 0.015625
0 0.425000 0.832812 0.015625 0.015625
0 0.387500 0.834375 0.015625 0.015625
0 0.350000 0.832812 0.015625 0.015625
0 0.007812 0.892188 0.015625 0.015625
0 0.026562 0.856250 0.015625 0.015625
0 0.042188 0.889062 0.015625 0.015625
0 0.062500 0.856250 0.015625 0.015625
0 0.082812 0.890625 0.015625 0.015625
0 0.101562 0.854688 0.015625 0.015625
0 0.120313 0.893750 0.015625 0.015625
0 0.142187 0.857812 0.015625 0.015625
0 0.157812 0.889062 0.015625 0.015625
0 0.237500 0.893750 0.015625 0.015625
0 0.273438 0.893750 0.015625 0.015625
0 0.310937 0.896875 0.015625 0.015625
0 0.346875 0.898438 0.015625 0.015625
0 0.381250 0.898438 0.015625 0.015625
0 0.423438 0.898438 0.015625 0.015625
0 0.365625 0.862500 0.015625 0.015625
0 0.292187 0.864062 0.015625 0.015625
0 0.257812 0.862500 0.015625 0.015625
0 0.331250 0.862500 0.015625 0.015625
0 0.443750 0.864062 0.015625 0.015625
0 0.465625 0.895312 0.015625 0.015625
0 0.484375 0.865625 0.015625 0.015625
0 0.503125 0.898438 0.015625 0.015625
0 0.070312 0.925000 0.015625 0.015625
0 0.045312 0.954688 0.015625 0.015625
0 0.082812 0.951562 0.015625 0.015625
0 0.118750 0.956250 0.015625 0.015625
0 0.160938 0.957812 0.015625 0.015625
0 0.195312 0.954688 0.015625 0.015625
0 0.234375 0.957812 0.015625 0.015625
0 0.273438 0.956250 0.015625 0.015625
0 0.346875 0.959375 0.015625 0.015625
0 0.390625 0.960938 0.015625 0.015625
0 0.425000 0.960938 0.015625 0.015625
0 0.457813 0.959375 0.015625 0.015625
0 0.434375 0.929688 0.015625 0.015625
0 0.398438 0.928125 0.015625 0.015625
0 0.365625 0.928125 0.015625 0.015625
0 0.328125 0.929688 0.015625 0.015625
0 0.481250 0.931250 0.015625 0.015625
0 0.289062 0.925000 0.015625 0.015625
0 0.253125 0.926562 0.015625 0.015625
0 0.520312 0.931250 0.015625 0.015625
0 0.496875 0.962500 0.015625 0.015625
0 0.531250 0.964063 0.015625 0.015625
0 0.023438 0.987500 0.015625 0.015625
0 0.056250 0.985938 0.015625 0.015625
0 0.096875 0.992188 0.015625 0.015625
0 0.134375 0.993750 0.015625 0.015625
0 0.173437 0.989062 0.015625 0.015625
0 0.209375 0.990625 0.015625 0.015625
0 0.251563 0.990625 0.015625 0.015625
0 0.290625 0.992188 0.015625 0.015625
0 0.329688 0.993750 0.015625 0.015625
0 0.365625 0.993750 0.015625 0.015625
0 0.400000 0.992188 0.015625 0.015625
0 0.437500 0.996875 0.015625 0.015625
0 0.475000 0.995313 0.015625 0.015625
0 0.043750 0.000000 0.015625 0.015625
0 0.059375 0.028125 0.015625 0.015625
0 0.079687 0.004687 0.015625 0.015625
0 0.093750 0.031250 0.015625 0.015625
0 0.114062 0.001563 0.015625 0.015625
0 0.139063 0.032813 0.015625 0.015625
0 0.154688 0.003125 0.015625 0.015625
0 0.173437 0.031250 0.015625 0.015625
0 0.192188 0.003125 0.015625 0.015625
0 0.209375 0.034375 0.015625 0.015625
0 0.228125 0.003125 0.015625 0.015625
0 0.251563 0.034375 0.015625 0.015625
0 0.265625 0.007812 0.015625 0.015625
0 0.289062 0.034375 0.015625 0.015625
0 0.306250 0.006250 0.015625 0.015625
0 0.150000 0.065625 0.015625 0.015625
0 0.134375 0.100000 0.015625 0.015625
0 0.170313 0.101562 0.015625 0.015625
0 0.206250 0.101562 0.015625 0.015625
0 0.228125 0.073438 0.015625 0.015625
0 0.248438 0.106250 0.015625 0.015625
0 0.270313 0.075000 0.015625 0.015625
0 0.285938 0.106250 0.015625 0.015625
0 0.304688 0.073438 0.015625 0.015625
0 0.159375 0.137500 0.015625 0.015625
0 0.171875 0.167187 0.015625 0.015625
0 0.189062 0.137500 0.015625 0.015625
0 0.206250 0.167187 0.015625 0.015625
0 0.225000 0.135937 0.015625 0.015625
0 0.243750 0.168750 0.015625 0.015625
0 0.265625 0.139063 0.015625 0.015625
0 0.287500 0.168750 0.015625 0.015625
0 0.303125 0.135937 0.015625 0.015625
0 0.323437 0.171875 0.015625 0.015625
