0 0.635938 0.001563 0.015625 0.015625
0 0.671875 0.062500 0.015625 0.015625
0 0.712500 0.003125 0.015625 0.015625
0 0.748437 0.065625 0.015625 0.015625
0 0.709375 0.134375 0.015625 0.015625
0 0.789062 0.134375 0.015625 0.015625
0 0.676562 0.203125 0.015625 0.015625
0 0.757812 0.201563 0.015625 0.015625
0 0.817187 0.201563 0.015625 0.015625
0 0.782813 0.265625 0.015625 0.015625
0 0.720313 0.268750 0.015625 0.015625
0 0.903125 0.067187 0.015625 0.015625
0 0.984375 0.068750 0.015625 0.015625
0 0.912500 0.200000 0.015625 0.015625
0 0.935937 0.262500 0.015625 0.015625
0 0.978125 0.203125 0.015625 0.015625
0 0.896875 0.329688 0.015625 0.015625
0 0.976562 0.335938 0.015625 0.015625
0 0.020313 0.121875 0.015625 0.015625
0 0.076563 0.064062 0.015625 0.015625
0 0.110937 0.125000 0.015625 0.015625
0 0.173437 0.087500 0.015625 0.015625
0 0.179688 0.121875 0.015625 0.015625
0 0.245312 0.112500 0.015625 0.015625
0 0.340625 0.128125 0.015625 0.015625
0 0.412500 0.131250 0.015625 0.015625
0 0.471875 0.126562 0.015625 0.015625
0 0.440625 0.060937 0.015625 0.015625
0 0.370312 0.065625 0.015625 0.015625
0 0.295312 0.065625 0.015625 0.015625
0 0.025000 0.251563 0.015625 0.015625
0 0.062500 0.190625 0.015625 0.015625
0 0.101562 0.259375 0.015625 0.015625
0 0.140625 0.192188 0.015625 0.015625
0 0.175000 0.254688 0.015625 0.015625
0 0.218750 0.187500 0.015625 0.015625
0 0.251563 0.253125 0.015625 0.015625
0 0.290625 0.193750 0.015625 0.015625
0 0.320312 0.254688 0.015625 0.015625
0 0.371875 0.195312 0.015625 0.015625
0 0.407813 0.251563 0.015625 0.015625
0 0.450000 0.192188 0.015625 0.015625
0 0.484375 0.259375 0.015625 0.015625
0 0.520312 0.200000 0.015625 0.015625
0 0.562500 0.259375 0.015625 0.015625
0 0.146875 0.321875 0.015625 0.015625
0 0.217188 0.321875 0.015625 0.015625
0 0.293750 0.323437 0.015625 0.015625
0 0.367188 0.320312 0.015625 0.015625
0 0.453125 0.325000 0.015625 0.015625
0 0.528125 0.325000 0.015625 0.015625
0 0.604688 0.328125 0.015625 0.015625
0 0.067187 0.451562 0.015625 0.015625
0 0.212500 0.453125 0.015625 0.015625
0 0.292187 0.456250 0.015625 0.015625
0 0.371875 0.456250 0.015625 0.015625
0 0.406250 0.517188 0.015625 0.015625
0 0.332813 0.515625 0.015625 0.015625
0 0.259375 0.517188 0.015625 0.015625
0 0.192188 0.515625 0.015625 0.015625
0 0.481250 0.520312 0.015625 0.015625
0 0.553125 0.520312 0.015625 0.015625
0 0.617188 0.521875 0.015625 0.015625
0 0.590625 0.457813 0.015625 0.015625
0 0.671875 0.462500 0.015625 0.015625
0 0.707812 0.525000 0.015625 0.015625
0 0.743750 0.593750 0.015625 0.015625
0 0.675000 0.589063 0.015625 0.015625
0 0.595313 0.587500 0.015625 0.015625
0 0.520312 0.584375 0.015625 0.015625
0 0.434375 0.582812 0.015625 0.015625
0 0.371875 0.589063 0.015625 0.015625
0 0.014063 0.512500 0.015625 0.015625
0 0.098437 0.515625 0.015625 0.015625
0 0.404687 0.395313 0.015625 0.015625
0 0.332813 0.390625 0.015625 0.015625
0 0.489063 0.395313 0.015625 0.015625
0 0.557813 0.392188 0.015625 0.015625
0 0.637500 0.393750 0.015625 0.015625
0 0.282813 0.590625 0.015625 0.015625
0 0.204687 0.582812 0.015625 0.015625
0 0.137500 0.589063 0.015625 0.015625
0 0.060937 0.582812 0.015625 0.015625
0 0.771875 0.654687 0.015625 0.015625
0 0.696875 0.654687 0.015625 0.015625
0 0.628125 0.654687 0.015625 0.015625
0 0.545312 0.653125 0.015625 0.015625
0 0.478125 0.653125 0.015625 0.015625
0 0.404687 0.651563 0.015625 0.015625
0 0.810937 0.729688 0.015625 0.015625
0 0.729688 0.717187 0.015625 0.015625
0 0.662500 0.717187 0.015625 0.015625
0 0.579688 0.717187 0.015625 0.015625
0 0.512500 0.715625 0.015625 0.015625
0 0.432812 0.715625 0.015625 0.015625
0 0.348438 0.717187 0.015625 0.015625
0 0.301563 0.715625 0.015625 0.015625
0 0.200000 0.717187 0.015625 0.015625
0 0.121875 0.714063 0.015625 0.015625
0 0.050000 0.714063 0.015625 0.015625
0 0.018750 0.785937 0.015625 0.015625
0 0.081250 0.785937 0.015625 0.015625
0 0.164062 0.782813 0.015625 0.015625
0 0.242188 0.785937 0.015625 0.015625
0 0.315625 0.782813 0.015625 0.015625
0 0.382812 0.785937 0.015625 0.015625
0 0.465625 0.784375 0.015625 0.015625
0 0.553125 0.784375 0.015625 0.015625
0 0.618750 0.784375 0.015625 0.015625
0 0.706250 0.785937 0.015625 0.015625
0 0.765625 0.785937 0.015625 0.015625
0 0.848437 0.793750 0.015625 0.015625
0 0.057813 0.857812 0.015625 0.015625
0 0.118750 0.857812 0.015625 0.015625
0 0.195312 0.854688 0.015625 0.015625
0 0.276562 0.851562 0.015625 0.015625
0 0.509375 0.851562 0.015625 0.015625
0 0.600000 0.859375 0.015625 0.015625
0 0.809375 0.857812 0.015625 0.015625
0 0.890625 0.856250 0.015625 0.015625
0 0.012500 0.910937 0.015625 0.015625
0 0.090625 0.912500 0.015625 0.015625
0 0.156250 0.909375 0.015625 0.015625
0 0.231250 0.912500 0.015625 0.015625
0 0.310937 0.914062 0.015625 0.015625
0 0.385937 0.914062 0.015625 0.015625
0 0.551562 0.914062 0.015625 0.015625
0 0.615625 0.915625 0.015625 0.015625
0 0.700000 0.917188 0.015625 0.015625
0 0.660937 0.853125 0.015625 0.015625
0 0.735938 0.851562 0.015625 0.015625
0 0.775000 0.923438 0.015625 0.015625
0 0.837500 0.920312 0.015625 0.015625
0 0.918750 0.928125 0.015625 0.015625
0 0.048438 0.976562 0.015625 0.015625
0 0.129688 0.971875 0.015625 0.015625
0 0.201563 0.979688 0.015625 0.015625
0 0.284375 0.981250 0.015625 0.015625
0 0.357812 0.979688 0.015625 0.015625
0 0.425000 0.979688 0.015625 0.015625
0 0.498437 0.981250 0.015625 0.015625
0 0.589063 0.975000 0.015625 0.015625
0 0.659375 0.982812 0.015625 0.015625
0 0.732812 0.981250 0.015625 0.015625
0 0.810937 0.979688 0.015625 0.015625
0 0.885938 0.987500 0.015625 0.015625
0 0.968750 0.989062 0.015625 0.015625
0 0.532813 0.062500 0.015625 0.015625
0 0.559375 0.126562 0.015625 0.015625
0 0.596875 0.192188 0.015625 0.015625
0 0.650000 0.262500 0.015625 0.015625
0 0.678125 0.332813 0.015625 0.015625
0 0.710938 0.395313 0.015625 0.015625
0 0.742188 0.454688 0.015625 0.015625
0 0.776563 0.510938 0.015625 0.015625
0 0.807813 0.593750 0.015625 0.015625
0 0.850000 0.659375 0.015625 0.015625
0 0.892188 0.732812 0.015625 0.015625
0 0.925000 0.792188 0.015625 0.015625
0 0.865625 0.590625 0.015625 0.015625
0 0.918750 0.667188 0.015625 0.015625
0 0.960938 0.732812 0.015625 0.015625
0 0.998437 0.792188 0.015625 0.015625
0 0.025000 0.379688 0.015625 0.015625
0 0.107813 0.390625 0.015625 0.015625
0 0.062500 0.317188 0.015625 0.015625
0 0.181250 0.389062 0.015625 0.015625
0 0.315625 0.653125 0.015625 0.015625
0 0.240625 0.651563 0.015625 0.015625
0 0.165625 0.651563 0.015625 0.015625
0 0.093750 0.651563 0.015625 0.015625
0 0.015625 0.648438 0.015625 0.015625
0 0.454688 0.921875 0.015625 0.015625
0 0.425000 0.851562 0.015625 0.015625
0 0.340625 0.853125 0.015625 0.015625
