0 0.534375 0.018750 0.015625 0.015625
0 0.459375 0.018750 0.015625 0.015625
0 0.001563 0.020313 0.015625 0.015625
0 0.382812 0.021875 0.015625 0.015625
0 0.231250 0.021875 0.015625 0.015625
0 0.078125 0.021875 0.015625 0.015625
0 0.154688 0.023438 0.015625 0.015625
0 0.985938 0.037500 0.015625 0.015625
0 0.037500 0.084375 0.015625 0.015625
0 0.418750 0.085938 0.015625 0.015625
0 0.114062 0.085938 0.015625 0.015625
0 0.267188 0.087500 0.015625 0.015625
0 0.498437 0.087500 0.015625 0.015625
0 0.340625 0.089063 0.015625 0.015625
0 0.192188 0.089063 0.015625 0.015625
0 0.381250 0.150000 0.015625 0.015625
0 0.535937 0.150000 0.015625 0.015625
0 0.075000 0.150000 0.015625 0.015625
0 0.231250 0.151562 0.015625 0.015625
0 0.459375 0.151562 0.015625 0.015625
0 0.304688 0.151562 0.015625 0.015625
0 0.153125 0.156250 0.015625 0.015625
0 0.762500 0.159375 0.015625 0.015625
0 0.684375 0.160938 0.015625 0.015625
0 0.837500 0.165625 0.015625 0.015625
0 0.568750 0.207813 0.015625 0.015625
0 0.032813 0.218750 0.015625 0.015625
0 0.340625 0.218750 0.015625 0.015625
0 0.264062 0.218750 0.015625 0.015625
0 0.187500 0.218750 0.015625 0.015625
0 0.493750 0.220312 0.015625 0.015625
0 0.415625 0.220312 0.015625 0.015625
0 0.110937 0.220312 0.015625 0.015625
0 0.643750 0.220312 0.015625 0.015625
0 0.878125 0.221875 0.015625 0.015625
0 0.726562 0.226562 0.015625 0.015625
0 0.229687 0.284375 0.015625 0.015625
0 0.378125 0.284375 0.015625 0.015625
0 0.300000 0.284375 0.015625 0.015625
0 0.532813 0.285938 0.015625 0.015625
0 0.146875 0.285938 0.015625 0.015625
0 0.454688 0.285938 0.015625 0.015625
0 0.606250 0.289062 0.015625 0.015625
0 0.684375 0.292187 0.015625 0.015625
0 0.757812 0.293750 0.015625 0.015625
0 0.834375 0.293750 0.015625 0.015625
0 0.492188 0.346875 0.015625 0.015625
0 0.337500 0.346875 0.015625 0.015625
0 0.260937 0.346875 0.015625 0.015625
0 0.185938 0.346875 0.015625 0.015625
0 0.414062 0.348438 0.015625 0.015625
0 0.957812 0.350000 0.015625 0.015625
0 0.720313 0.351562 0.015625 0.015625
0 0.565625 0.351562 0.015625 0.015625
0 0.642188 0.354687 0.015625 0.015625
0 0.796875 0.356250 0.015625 0.015625
0 0.868750 0.356250 0.015625 0.015625
0 0.220312 0.412500 0.015625 0.015625
0 0.378125 0.412500 0.015625 0.015625
0 0.300000 0.412500 0.015625 0.015625
0 0.456250 0.414062 0.015625 0.015625
0 0.531250 0.420312 0.015625 0.015625
0 0.606250 0.421875 0.015625 0.015625
0 0.682813 0.421875 0.015625 0.015625
0 0.759375 0.423438 0.015625 0.015625
0 0.910937 0.423438 0.015625 0.015625
0 0.832812 0.425000 0.015625 0.015625
0 0.985938 0.426563 0.015625 0.015625
0 0.034375 0.475000 0.015625 0.015625
0 0.335938 0.476562 0.015625 0.015625
0 0.181250 0.481250 0.015625 0.015625
0 0.257812 0.481250 0.015625 0.015625
0 0.412500 0.482812 0.015625 0.015625
0 0.490625 0.482812 0.015625 0.015625
0 0.565625 0.485938 0.015625 0.015625
0 0.643750 0.487500 0.015625 0.015625
0 0.715625 0.489063 0.015625 0.015625
0 0.798438 0.490625 0.015625 0.015625
0 0.867188 0.495312 0.015625 0.015625
0 0.940625 0.496875 0.015625 0.015625
0 0.065625 0.543750 0.015625 0.015625
0 0.214062 0.548438 0.015625 0.015625
0 0.292187 0.548438 0.015625 0.015625
0 0.682813 0.548438 0.015625 0.015625
0 0.604688 0.550000 0.015625 0.015625
0 0.028125 0.601562 0.015625 0.015625
0 0.334375 0.609375 0.015625 0.015625
0 0.407813 0.612500 0.015625 0.015625
0 0.562500 0.612500 0.015625 0.015625
0 0.257812 0.614062 0.015625 0.015625
0 0.942187 0.614062 0.015625 0.015625
0 0.865625 0.617188 0.015625 0.015625
0 0.790625 0.617188 0.015625 0.015625
0 0.635938 0.618750 0.015625 0.015625
0 0.714063 0.620313 0.015625 0.015625
0 0.065625 0.671875 0.015625 0.015625
0 0.287500 0.679688 0.015625 0.015625
0 0.450000 0.681250 0.015625 0.015625
0 0.368750 0.682813 0.015625 0.015625
0 0.523438 0.684375 0.015625 0.015625
0 0.600000 0.684375 0.015625 0.015625
0 0.754687 0.684375 0.015625 0.015625
0 0.903125 0.685937 0.015625 0.015625
0 0.826562 0.685937 0.015625 0.015625
0 0.981250 0.689063 0.015625 0.015625
0 0.678125 0.689063 0.015625 0.015625
0 0.103125 0.729688 0.015625 0.015625
0 0.025000 0.737500 0.015625 0.015625
0 0.409375 0.743750 0.015625 0.015625
0 0.487500 0.746875 0.015625 0.015625
0 0.562500 0.746875 0.015625 0.015625
0 0.637500 0.748437 0.015625 0.015625
0 0.714063 0.748437 0.015625 0.015625
0 0.329688 0.750000 0.015625 0.015625
0 0.939063 0.751563 0.015625 0.015625
0 0.865625 0.753125 0.015625 0.015625
0 0.787500 0.754687 0.015625 0.015625
0 0.217188 0.809375 0.015625 0.015625
0 0.062500 0.809375 0.015625 0.015625
0 0.139063 0.810937 0.015625 0.015625
0 0.448437 0.815625 0.015625 0.015625
0 0.829688 0.817187 0.015625 0.015625
0 0.525000 0.817187 0.015625 0.015625
0 0.025000 0.873437 0.015625 0.015625
0 0.101562 0.873437 0.015625 0.015625
0 0.254688 0.873437 0.015625 0.015625
0 0.178125 0.875000 0.015625 0.015625
0 0.639062 0.882812 0.015625 0.015625
0 0.484375 0.882812 0.015625 0.015625
0 0.787500 0.882812 0.015625 0.015625
0 0.862500 0.884375 0.015625 0.015625
0 0.562500 0.884375 0.015625 0.015625
0 0.937500 0.887500 0.015625 0.015625
0 0.059375 0.939063 0.015625 0.015625
0 0.214062 0.943750 0.015625 0.015625
0 0.290625 0.943750 0.015625 0.015625
0 0.676562 0.943750 0.015625 0.015625
0 0.132812 0.945312 0.015625 0.015625
0 0.518750 0.946875 0.015625 0.015625
0 0.753125 0.948438 0.015625 0.015625
0 0.596875 0.948438 0.015625 0.015625
0 0.826562 0.950000 0.015625 0.015625
0 0.971875 0.953125 0.015625 0.015625
0 0.901563 0.953125 0.015625 0.015625
