0 0.010937 0.023438 0.015625 0.015625
0 0.093750 0.015625 0.015625 0.015625
0 0.164062 0.018750 0.015625 0.015625
0 0.225000 0.018750 0.015625 0.015625
0 0.307812 0.028125 0.015625 0.015625
0 0.381250 0.023438 0.015625 0.015625
0 0.457813 0.021875 0.015625 0.015625
0 0.612500 0.039062 0.015625 0.015625
0 0.646875 0.101562 0.015625 0.015625
0 0.579688 0.096875 0.015625 0.015625
0 0.484375 0.100000 0.015625 0.015625
0 0.412500 0.084375 0.015625 0.015625
0 0.337500 0.087500 0.015625 0.015625
0 0.265625 0.089063 0.015625 0.015625
0 0.196875 0.084375 0.015625 0.015625
0 0.212500 0.150000 0.015625 0.015625
0 0.156250 0.151562 0.015625 0.015625
0 0.071875 0.153125 0.015625 0.015625
0 0.117188 0.084375 0.015625 0.015625
0 0.029687 0.078125 0.015625 0.015625
0 0.529687 0.157812 0.015625 0.015625
0 0.429688 0.159375 0.015625 0.015625
0 0.381250 0.156250 0.015625 0.015625
0 0.623437 0.164062 0.015625 0.015625
0 0.662500 0.167187 0.015625 0.015625
0 0.714063 0.225000 0.015625 0.015625
0 0.640625 0.225000 0.015625 0.015625
0 0.001563 0.540625 0.015625 0.015625
0 0.025000 0.593750 0.015625 0.015625
0 0.070312 0.542188 0.015625 0.015625
0 0.096875 0.596875 0.015625 0.015625
0 0.145313 0.546875 0.015625 0.015625
0 0.176563 0.604688 0.015625 0.015625
0 0.220312 0.542188 0.015625 0.015625
0 0.248438 0.609375 0.015625 0.015625
0 0.304688 0.534375 0.015625 0.015625
0 0.335938 0.609375 0.015625 0.015625
0 0.415625 0.609375 0.015625 0.015625
0 0.478125 0.610938 0.015625 0.015625
0 0.570312 0.617188 0.015625 0.015625
0 0.635938 0.618750 0.015625 0.015625
0 0.717187 0.623437 0.015625 0.015625
0 0.779687 0.625000 0.015625 0.015625
0 0.757812 0.556250 0.015625 0.015625
0 0.832812 0.564063 0.015625 0.015625
0 0.871875 0.621875 0.015625 0.015625
0 0.906250 0.568750 0.015625 0.015625
0 0.954688 0.623437 0.015625 0.015625
0 0.987500 0.559375 0.015625 0.015625
0 0.015625 0.740625 0.015625 0.015625
0 0.095312 0.739062 0.015625 0.015625
0 0.070312 0.678125 0.015625 0.015625
0 0.146875 0.695312 0.015625 0.015625
0 0.178125 0.732812 0.015625 0.015625
0 0.217188 0.684375 0.015625 0.015625
0 0.254688 0.739062 0.015625 0.015625
0 0.293750 0.681250 0.015625 0.015625
0 0.323437 0.739062 0.015625 0.015625
0 0.365625 0.687500 0.015625 0.015625
0 0.404687 0.748437 0.015625 0.015625
0 0.482812 0.745313 0.015625 0.015625
0 0.523438 0.689063 0.015625 0.015625
0 0.554688 0.743750 0.015625 0.015625
0 0.595313 0.687500 0.015625 0.015625
0 0.632812 0.743750 0.015625 0.015625
0 0.445312 0.682813 0.015625 0.015625
0 0.673438 0.685937 0.015625 0.015625
0 0.720313 0.734375 0.015625 0.015625
0 0.751563 0.687500 0.015625 0.015625
0 0.792188 0.753125 0.015625 0.015625
0 0.831250 0.690625 0.015625 0.015625
0 0.873437 0.735938 0.015625 0.015625
0 0.910937 0.701562 0.015625 0.015625
0 0.982812 0.700000 0.015625 0.015625
0 0.934375 0.759375 0.015625 0.015625
0 0.031250 0.875000 0.015625 0.015625
0 0.056250 0.810937 0.015625 0.015625
0 0.092188 0.870313 0.015625 0.015625
0 0.140625 0.817187 0.015625 0.015625
0 0.171875 0.873437 0.015625 0.015625
0 0.248438 0.876563 0.015625 0.015625
0 0.281250 0.814063 0.015625 0.015625
0 0.200000 0.807813 0.015625 0.015625
0 0.323437 0.875000 0.015625 0.015625
0 0.362500 0.820312 0.015625 0.015625
0 0.406250 0.862500 0.015625 0.015625
0 0.439063 0.815625 0.015625 0.015625
0 0.475000 0.871875 0.015625 0.015625
0 0.517188 0.812500 0.015625 0.015625
0 0.590625 0.812500 0.015625 0.015625
0 0.553125 0.881250 0.015625 0.015625
0 0.623437 0.871875 0.015625 0.015625
0 0.667188 0.817187 0.015625 0.015625
0 0.709375 0.878125 0.015625 0.015625
0 0.740625 0.815625 0.015625 0.015625
0 0.787500 0.879687 0.015625 0.015625
0 0.821875 0.817187 0.015625 0.015625
0 0.860938 0.878125 0.015625 0.015625
0 0.892188 0.821875 0.015625 0.015625
0 0.935937 0.881250 0.015625 0.015625
0 0.968750 0.821875 0.015625 0.015625
