0 0.110937 0.006250 0.015625 0.015625
0 0.189062 0.006250 0.015625 0.015625
0 0.150000 0.007812 0.015625 0.015625
0 0.225000 0.009375 0.015625 0.015625
0 0.262500 0.012500 0.015625 0.015625
0 0.721875 0.018750 0.015625 0.015625
0 0.759375 0.023438 0.015625 0.015625
0 0.796875 0.023438 0.015625 0.015625
0 0.834375 0.025000 0.015625 0.015625
0 0.948438 0.026562 0.015625 0.015625
0 0.871875 0.026562 0.015625 0.015625
0 0.910937 0.026562 0.015625 0.015625
0 0.987500 0.028125 0.015625 0.015625
0 0.170313 0.040625 0.015625 0.015625
0 0.131250 0.042188 0.015625 0.015625
0 0.245312 0.042188 0.015625 0.015625
0 0.207813 0.042188 0.015625 0.015625
0 0.701562 0.046875 0.015625 0.015625
0 0.740625 0.051562 0.015625 0.015625
0 0.775000 0.054688 0.015625 0.015625
0 0.812500 0.057813 0.015625 0.015625
0 0.889062 0.057813 0.015625 0.015625
0 0.850000 0.057813 0.015625 0.015625
0 0.967187 0.060937 0.015625 0.015625
0 0.928125 0.060937 0.015625 0.015625
0 0.189062 0.073438 0.015625 0.015625
0 0.262500 0.073438 0.015625 0.015625
0 0.148438 0.073438 0.015625 0.015625
0 0.223438 0.075000 0.015625 0.015625
0 0.723437 0.082812 0.015625 0.015625
0 0.759375 0.085938 0.015625 0.015625
0 0.795312 0.087500 0.015625 0.015625
0 0.909375 0.090625 0.015625 0.015625
0 0.871875 0.092188 0.015625 0.015625
0 0.985938 0.092188 0.015625 0.015625
0 0.948438 0.093750 0.015625 0.015625
0 0.206250 0.107813 0.015625 0.015625
0 0.168750 0.107813 0.015625 0.015625
0 0.245312 0.109375 0.015625 0.015625
0 0.739062 0.118750 0.015625 0.015625
0 0.773438 0.120313 0.015625 0.015625
0 0.814063 0.121875 0.015625 0.015625
0 0.925000 0.123438 0.015625 0.015625
0 0.887500 0.123438 0.015625 0.015625
0 0.225000 0.142187 0.015625 0.015625
0 0.262500 0.142187 0.015625 0.015625
0 0.184375 0.143750 0.015625 0.015625
0 0.714063 0.148438 0.015625 0.015625
0 0.757812 0.151562 0.015625 0.015625
0 0.793750 0.153125 0.015625 0.015625
0 0.870313 0.156250 0.015625 0.015625
0 0.984375 0.156250 0.015625 0.015625
0 0.242188 0.171875 0.015625 0.015625
0 0.206250 0.173437 0.015625 0.015625
0 0.700000 0.182812 0.015625 0.015625
0 0.737500 0.184375 0.015625 0.015625
0 0.810937 0.185938 0.015625 0.015625
0 0.773438 0.185938 0.015625 0.015625
0 0.962500 0.187500 0.015625 0.015625
0 0.185938 0.206250 0.015625 0.015625
0 0.259375 0.206250 0.015625 0.015625
0 0.754687 0.215625 0.015625 0.015625
0 0.712500 0.215625 0.015625 0.015625
0 0.831250 0.217188 0.015625 0.015625
0 0.870313 0.217188 0.015625 0.015625
0 0.910937 0.217188 0.015625 0.015625
0 0.985938 0.218750 0.015625 0.015625
0 0.231250 0.218750 0.015625 0.015625
0 0.945312 0.220312 0.015625 0.015625
0 0.203125 0.240625 0.015625 0.015625
0 0.759375 0.245312 0.015625 0.015625
0 0.810937 0.246875 0.015625 0.015625
0 0.887500 0.250000 0.015625 0.015625
0 0.962500 0.250000 0.015625 0.015625
0 0.850000 0.250000 0.015625 0.015625
0 0.259375 0.270313 0.015625 0.015625
0 0.220312 0.270313 0.015625 0.015625
0 0.184375 0.275000 0.015625 0.015625
0 0.717187 0.279687 0.015625 0.015625
0 0.789062 0.281250 0.015625 0.015625
0 0.870313 0.282813 0.015625 0.015625
0 0.831250 0.284375 0.015625 0.015625
0 0.985938 0.285938 0.015625 0.015625
0 0.204687 0.304688 0.015625 0.015625
0 0.240625 0.304688 0.015625 0.015625
0 0.964063 0.315625 0.015625 0.015625
0 0.728125 0.315625 0.015625 0.015625
0 0.848437 0.315625 0.015625 0.015625
0 0.810937 0.317188 0.015625 0.015625
0 0.925000 0.317188 0.015625 0.015625
0 0.768750 0.317188 0.015625 0.015625
0 0.885938 0.317188 0.015625 0.015625
0 0.184375 0.335938 0.015625 0.015625
0 0.223438 0.337500 0.015625 0.015625
0 0.829688 0.348438 0.015625 0.015625
0 0.751563 0.348438 0.015625 0.015625
0 0.943750 0.350000 0.015625 0.015625
0 0.868750 0.350000 0.015625 0.015625
0 0.906250 0.350000 0.015625 0.015625
0 0.982812 0.351562 0.015625 0.015625
0 0.167187 0.367188 0.015625 0.015625
0 0.204687 0.368750 0.015625 0.015625
0 0.240625 0.370312 0.015625 0.015625
0 0.771875 0.379688 0.015625 0.015625
0 0.734375 0.381250 0.015625 0.015625
0 0.848437 0.382812 0.015625 0.015625
0 0.962500 0.384375 0.015625 0.015625
0 0.182812 0.403125 0.015625 0.015625
0 0.220312 0.403125 0.015625 0.015625
0 0.259375 0.403125 0.015625 0.015625
0 0.712500 0.410938 0.015625 0.015625
0 0.790625 0.412500 0.015625 0.015625
0 0.750000 0.412500 0.015625 0.015625
0 0.868750 0.414062 0.015625 0.015625
0 0.904687 0.417187 0.015625 0.015625
0 0.982812 0.417187 0.015625 0.015625
0 0.942187 0.417187 0.015625 0.015625
0 0.168750 0.434375 0.015625 0.015625
0 0.203125 0.435937 0.015625 0.015625
0 0.240625 0.437500 0.015625 0.015625
0 0.809375 0.445312 0.015625 0.015625
0 0.768750 0.445312 0.015625 0.015625
0 0.728125 0.445312 0.015625 0.015625
0 0.885938 0.448437 0.015625 0.015625
0 0.923438 0.448437 0.015625 0.015625
0 0.959375 0.450000 0.015625 0.015625
0 0.185938 0.467187 0.015625 0.015625
0 0.220312 0.468750 0.015625 0.015625
0 0.256250 0.470313 0.015625 0.015625
0 0.789062 0.475000 0.015625 0.015625
0 0.750000 0.478125 0.015625 0.015625
0 0.825000 0.479687 0.015625 0.015625
0 0.904687 0.481250 0.015625 0.015625
0 0.942187 0.482812 0.015625 0.015625
0 0.978125 0.482812 0.015625 0.015625
0 0.181250 0.507812 0.015625 0.015625
0 0.732812 0.509375 0.015625 0.015625
0 0.770312 0.510938 0.015625 0.015625
0 0.807813 0.510938 0.015625 0.015625
0 0.846875 0.514062 0.015625 0.015625
0 0.921875 0.514062 0.015625 0.015625
0 0.959375 0.515625 0.015625 0.015625
0 0.996875 0.517188 0.015625 0.015625
0 0.710938 0.540625 0.015625 0.015625
0 0.237500 0.542188 0.015625 0.015625
0 0.748437 0.543750 0.015625 0.015625
0 0.825000 0.546875 0.015625 0.015625
0 0.203125 0.546875 0.015625 0.015625
0 0.865625 0.546875 0.015625 0.015625
0 0.939063 0.550000 0.015625 0.015625
0 0.692187 0.575000 0.015625 0.015625
0 0.807813 0.576562 0.015625 0.015625
0 0.731250 0.578125 0.015625 0.015625
0 0.771875 0.578125 0.015625 0.015625
0 0.845313 0.578125 0.015625 0.015625
0 0.959375 0.581250 0.015625 0.015625
0 0.996875 0.581250 0.015625 0.015625
0 0.187500 0.581250 0.015625 0.015625
0 0.225000 0.582812 0.015625 0.015625
0 0.709375 0.610938 0.015625 0.015625
0 0.748437 0.610938 0.015625 0.015625
0 0.975000 0.615625 0.015625 0.015625
0 0.726562 0.643750 0.015625 0.015625
0 0.765625 0.643750 0.015625 0.015625
0 0.914062 0.645312 0.015625 0.015625
0 0.876563 0.645312 0.015625 0.015625
0 0.993750 0.648438 0.015625 0.015625
