0 0.028125 0.067187 0.015625 0.015625
0 0.059375 0.007812 0.015625 0.015625
0 0.101562 0.065625 0.015625 0.015625
0 0.140625 0.007812 0.015625 0.015625
0 0.181250 0.071875 0.015625 0.015625
0 0.215625 0.017188 0.015625 0.015625
0 0.237500 0.078125 0.015625 0.015625
0 0.025000 0.200000 0.015625 0.015625
0 0.051562 0.142187 0.015625 0.015625
0 0.084375 0.200000 0.015625 0.015625
0 0.139063 0.148438 0.015625 0.015625
0 0.168750 0.207813 0.015625 0.015625
0 0.212500 0.146875 0.015625 0.015625
0 0.250000 0.207813 0.015625 0.015625
0 0.289062 0.148438 0.015625 0.015625
0 0.325000 0.207813 0.015625 0.015625
0 0.014063 0.335938 0.015625 0.015625
0 0.056250 0.278125 0.015625 0.015625
0 0.087500 0.335938 0.015625 0.015625
0 0.118750 0.275000 0.015625 0.015625
0 0.184375 0.346875 0.015625 0.015625
0 0.260937 0.342187 0.015625 0.015625
0 0.315625 0.339062 0.015625 0.015625
0 0.290625 0.276562 0.015625 0.015625
0 0.362500 0.276562 0.015625 0.015625
0 0.010937 0.462500 0.015625 0.015625
0 0.059375 0.417187 0.015625 0.015625
0 0.090625 0.467187 0.015625 0.015625
0 0.165625 0.468750 0.015625 0.015625
0 0.134375 0.404687 0.015625 0.015625
0 0.193750 0.410938 0.015625 0.015625
0 0.240625 0.464062 0.015625 0.015625
0 0.306250 0.464062 0.015625 0.015625
0 0.381250 0.465625 0.015625 0.015625
0 0.035937 0.529687 0.015625 0.015625
0 0.134375 0.531250 0.015625 0.015625
0 0.281250 0.531250 0.015625 0.015625
0 0.337500 0.535937 0.015625 0.015625
0 0.010937 0.598437 0.015625 0.015625
0 0.093750 0.603125 0.015625 0.015625
0 0.170313 0.606250 0.015625 0.015625
0 0.239063 0.606250 0.015625 0.015625
0 0.281250 0.606250 0.015625 0.015625
0 0.539062 0.607812 0.015625 0.015625
0 0.581250 0.662500 0.015625 0.015625
0 0.610938 0.606250 0.015625 0.015625
0 0.645312 0.671875 0.015625 0.015625
0 0.051562 0.657813 0.015625 0.015625
0 0.128125 0.662500 0.015625 0.015625
0 0.198437 0.667188 0.015625 0.015625
0 0.006250 0.725000 0.015625 0.015625
0 0.043750 0.795312 0.015625 0.015625
0 0.454688 0.735938 0.015625 0.015625
0 0.542188 0.731250 0.015625 0.015625
0 0.614062 0.734375 0.015625 0.015625
0 0.435937 0.798438 0.015625 0.015625
0 0.507812 0.795312 0.015625 0.015625
0 0.584375 0.800000 0.015625 0.015625
0 0.651563 0.801562 0.015625 0.015625
0 0.543750 0.864062 0.015625 0.015625
0 0.617188 0.868750 0.015625 0.015625
0 0.695312 0.873437 0.015625 0.015625
0 0.001563 0.862500 0.015625 0.015625
0 0.454688 0.990625 0.015625 0.015625
0 0.532813 0.996875 0.015625 0.015625
0 0.681250 0.995313 0.015625 0.015625
0 0.653125 0.937500 0.015625 0.015625
0 0.717187 0.939063 0.015625 0.015625
0 0.581250 0.017188 0.015625 0.015625
0 0.667188 0.020313 0.015625 0.015625
0 0.735938 0.018750 0.015625 0.015625
0 0.812500 0.018750 0.015625 0.015625
0 0.885938 0.018750 0.015625 0.015625
0 0.926562 0.215625 0.015625 0.015625
0 0.892188 0.281250 0.015625 0.015625
0 0.951562 0.284375 0.015625 0.015625
0 0.781250 0.351562 0.015625 0.015625
0 0.846875 0.351562 0.015625 0.015625
0 0.921875 0.351562 0.015625 0.015625
0 0.993750 0.350000 0.015625 0.015625
0 0.800000 0.404687 0.015625 0.015625
0 0.873437 0.409375 0.015625 0.015625
0 0.950000 0.414062 0.015625 0.015625
0 0.693750 0.475000 0.015625 0.015625
0 0.653125 0.534375 0.015625 0.015625
0 0.723437 0.542188 0.015625 0.015625
0 0.804688 0.539062 0.015625 0.015625
0 0.868750 0.539062 0.015625 0.015625
0 0.948438 0.543750 0.015625 0.015625
0 0.992188 0.481250 0.015625 0.015625
0 0.679688 0.618750 0.015625 0.015625
0 0.721875 0.667188 0.015625 0.015625
0 0.768750 0.615625 0.015625 0.015625
0 0.806250 0.673438 0.015625 0.015625
0 0.850000 0.612500 0.015625 0.015625
0 0.875000 0.668750 0.015625 0.015625
0 0.914062 0.618750 0.015625 0.015625
0 0.959375 0.689063 0.015625 0.015625
0 0.981250 0.615625 0.015625 0.015625
0 0.800000 0.809375 0.015625 0.015625
0 0.834375 0.748437 0.015625 0.015625
0 0.876563 0.804688 0.015625 0.015625
0 0.915625 0.754687 0.015625 0.015625
0 0.946875 0.809375 0.015625 0.015625
0 0.989062 0.750000 0.015625 0.015625
0 0.839063 0.885938 0.015625 0.015625
0 0.912500 0.879687 0.015625 0.015625
0 0.996875 0.879687 0.015625 0.015625
0 0.957812 0.937500 0.015625 0.015625
0 0.082812 0.728125 0.015625 0.015625
0 0.154688 0.734375 0.015625 0.015625
0 0.225000 0.723437 0.015625 0.015625
0 0.306250 0.731250 0.015625 0.015625
0 0.087500 0.985938 0.015625 0.015625
0 0.167187 0.985938 0.015625 0.015625
0 0.243750 0.985938 0.015625 0.015625
0 0.307812 0.981250 0.015625 0.015625
0 0.357812 0.017188 0.015625 0.015625
0 0.443750 0.012500 0.015625 0.015625
0 0.504687 0.014063 0.015625 0.015625
0 0.440625 0.143750 0.015625 0.015625
0 0.510938 0.148438 0.015625 0.015625
0 0.589063 0.145313 0.015625 0.015625
0 0.564063 0.073438 0.015625 0.015625
0 0.620313 0.089063 0.015625 0.015625
0 0.700000 0.087500 0.015625 0.015625
0 0.773438 0.084375 0.015625 0.015625
0 0.881250 0.085938 0.015625 0.015625
0 0.914062 0.473438 0.015625 0.015625
0 0.834375 0.478125 0.015625 0.015625
0 0.762500 0.475000 0.015625 0.015625
0 0.604688 0.212500 0.015625 0.015625
0 0.468750 0.214062 0.015625 0.015625
0 0.500000 0.279687 0.015625 0.015625
0 0.467187 0.073438 0.015625 0.015625
0 0.385937 0.081250 0.015625 0.015625
0 0.876563 0.939063 0.015625 0.015625
