0 0.307812 0.021875 0.015625 0.015625
0 0.539062 0.025000 0.015625 0.015625
0 0.610938 0.026562 0.015625 0.015625
0 0.459375 0.028125 0.015625 0.015625
0 0.689063 0.031250 0.015625 0.015625
0 0.232813 0.031250 0.015625 0.015625
0 0.764062 0.032813 0.015625 0.015625
0 0.839063 0.035937 0.015625 0.015625
0 0.031250 0.037500 0.015625 0.015625
0 0.910937 0.040625 0.015625 0.015625
0 0.117188 0.060937 0.015625 0.015625
0 0.573438 0.093750 0.015625 0.015625
0 0.720313 0.093750 0.015625 0.015625
0 0.040625 0.101562 0.015625 0.015625
0 0.307812 0.137500 0.015625 0.015625
0 0.423438 0.203125 0.015625 0.015625
0 0.576562 0.204687 0.015625 0.015625
0 0.192188 0.207813 0.015625 0.015625
0 0.878125 0.207813 0.015625 0.015625
0 0.085938 0.256250 0.015625 0.015625
0 0.010937 0.256250 0.015625 0.015625
0 0.234375 0.260937 0.015625 0.015625
0 0.160938 0.264062 0.015625 0.015625
0 0.462500 0.271875 0.015625 0.015625
0 0.614062 0.271875 0.015625 0.015625
0 0.539062 0.273438 0.015625 0.015625
0 0.685937 0.275000 0.015625 0.015625
0 0.048438 0.323437 0.015625 0.015625
0 0.118750 0.328125 0.015625 0.015625
0 0.421875 0.335938 0.015625 0.015625
0 0.190625 0.335938 0.015625 0.015625
0 0.723437 0.337500 0.015625 0.015625
0 0.504687 0.339062 0.015625 0.015625
0 0.646875 0.340625 0.015625 0.015625
0 0.575000 0.342187 0.015625 0.015625
0 0.006250 0.387500 0.015625 0.015625
0 0.082812 0.390625 0.015625 0.015625
0 0.234375 0.395313 0.015625 0.015625
0 0.159375 0.395313 0.015625 0.015625
0 0.309375 0.398438 0.015625 0.015625
0 0.385937 0.400000 0.015625 0.015625
0 0.462500 0.400000 0.015625 0.015625
0 0.612500 0.403125 0.015625 0.015625
0 0.540625 0.404687 0.015625 0.015625
0 0.840625 0.404687 0.015625 0.015625
0 0.760938 0.404687 0.015625 0.015625
0 0.684375 0.406250 0.015625 0.015625
0 0.120313 0.453125 0.015625 0.015625
0 0.037500 0.457813 0.015625 0.015625
0 0.193750 0.459375 0.015625 0.015625
0 0.273438 0.460938 0.015625 0.015625
0 0.340625 0.464062 0.015625 0.015625
0 0.418750 0.464062 0.015625 0.015625
0 0.575000 0.465625 0.015625 0.015625
0 0.500000 0.467187 0.015625 0.015625
0 0.648438 0.467187 0.015625 0.015625
0 0.798438 0.473438 0.015625 0.015625
0 0.015625 0.517188 0.015625 0.015625
0 0.157812 0.521875 0.015625 0.015625
0 0.081250 0.523438 0.015625 0.015625
0 0.307812 0.523438 0.015625 0.015625
0 0.384375 0.529687 0.015625 0.015625
0 0.539062 0.531250 0.015625 0.015625
0 0.459375 0.531250 0.015625 0.015625
0 0.612500 0.532813 0.015625 0.015625
0 0.685937 0.535937 0.015625 0.015625
0 0.760938 0.543750 0.015625 0.015625
0 0.837500 0.545312 0.015625 0.015625
0 0.196875 0.589063 0.015625 0.015625
0 0.114062 0.589063 0.015625 0.015625
0 0.035937 0.590625 0.015625 0.015625
0 0.267188 0.592187 0.015625 0.015625
0 0.343750 0.593750 0.015625 0.015625
0 0.418750 0.595313 0.015625 0.015625
0 0.495312 0.601562 0.015625 0.015625
0 0.573438 0.603125 0.015625 0.015625
0 0.710938 0.604688 0.015625 0.015625
0 0.796875 0.607812 0.015625 0.015625
0 0.873437 0.609375 0.015625 0.015625
0 0.160938 0.651563 0.015625 0.015625
0 0.076563 0.653125 0.015625 0.015625
0 0.003125 0.653125 0.015625 0.015625
0 0.232813 0.654687 0.015625 0.015625
0 0.304688 0.659375 0.015625 0.015625
0 0.381250 0.660937 0.015625 0.015625
0 0.534375 0.664062 0.015625 0.015625
0 0.457813 0.667188 0.015625 0.015625
0 0.834375 0.673438 0.015625 0.015625
0 0.610938 0.675000 0.015625 0.015625
0 0.762500 0.678125 0.015625 0.015625
0 0.035937 0.717187 0.015625 0.015625
0 0.187500 0.721875 0.015625 0.015625
0 0.110937 0.721875 0.015625 0.015625
0 0.339062 0.723437 0.015625 0.015625
0 0.264062 0.725000 0.015625 0.015625
0 0.646875 0.734375 0.015625 0.015625
0 0.718750 0.737500 0.015625 0.015625
0 0.795312 0.737500 0.015625 0.015625
0 0.868750 0.739062 0.015625 0.015625
0 0.076563 0.781250 0.015625 0.015625
0 0.153125 0.782813 0.015625 0.015625
0 0.228125 0.784375 0.015625 0.015625
0 0.303125 0.789062 0.015625 0.015625
0 0.454688 0.789062 0.015625 0.015625
0 0.379688 0.790625 0.015625 0.015625
0 0.529687 0.796875 0.015625 0.015625
0 0.607812 0.798438 0.015625 0.015625
0 0.759375 0.801562 0.015625 0.015625
0 0.682813 0.801562 0.015625 0.015625
0 0.835938 0.804688 0.015625 0.015625
0 0.035937 0.837500 0.015625 0.015625
0 0.109375 0.845313 0.015625 0.015625
0 0.189062 0.851562 0.015625 0.015625
0 0.260937 0.853125 0.015625 0.015625
0 0.339062 0.856250 0.015625 0.015625
0 0.415625 0.859375 0.015625 0.015625
0 0.489063 0.859375 0.015625 0.015625
0 0.565625 0.864062 0.015625 0.015625
0 0.645312 0.865625 0.015625 0.015625
0 0.723437 0.867188 0.015625 0.015625
0 0.796875 0.870313 0.015625 0.015625
0 0.873437 0.870313 0.015625 0.015625
0 0.071875 0.907813 0.015625 0.015625
0 0.146875 0.915625 0.015625 0.015625
0 0.228125 0.917188 0.015625 0.015625
0 0.300000 0.920312 0.015625 0.015625
0 0.379688 0.920312 0.015625 0.015625
0 0.529687 0.921875 0.015625 0.015625
0 0.456250 0.923438 0.015625 0.015625
0 0.606250 0.926562 0.015625 0.015625
0 0.685937 0.929688 0.015625 0.015625
0 0.759375 0.932813 0.015625 0.015625
0 0.982812 0.934375 0.015625 0.015625
0 0.834375 0.935937 0.015625 0.015625
0 0.037500 0.962500 0.015625 0.015625
0 0.190625 0.973437 0.015625 0.015625
0 0.107813 0.976562 0.015625 0.015625
0 0.259375 0.984375 0.015625 0.015625
0 0.492188 0.985938 0.015625 0.015625
0 0.335938 0.985938 0.015625 0.015625
0 0.564063 0.985938 0.015625 0.015625
0 0.640625 0.987500 0.015625 0.015625
0 0.412500 0.987500 0.015625 0.015625
0 0.873437 0.996875 0.015625 0.015625
0 0.792188 0.996875 0.015625 0.015625
0 0.718750 0.998437 0.015625 0.015625
0 0.348438 0.203125 0.015625 0.015625
0 0.503125 0.210938 0.015625 0.015625
0 0.306250 0.265625 0.015625 0.015625
0 0.334375 0.325000 0.015625 0.015625
0 0.256250 0.334375 0.015625 0.015625
0 0.112500 0.196875 0.015625 0.015625
0 0.665625 0.210938 0.015625 0.015625
0 0.731250 0.210938 0.015625 0.015625
0 0.801562 0.212500 0.015625 0.015625
0 0.809375 0.090625 0.015625 0.015625
0 0.646875 0.093750 0.015625 0.015625
0 0.492188 0.082812 0.015625 0.015625
0 0.381250 0.020313 0.015625 0.015625
0 0.481250 0.725000 0.015625 0.015625
0 0.417187 0.726562 0.015625 0.015625
0 0.562500 0.734375 0.015625 0.015625
0 0.650000 0.607812 0.015625 0.015625
0 0.684375 0.685937 0.015625 0.015625
0 0.992188 0.675000 0.015625 0.015625
0 0.757812 0.270313 0.015625 0.015625
0 0.842187 0.276562 0.015625 0.015625
0 0.879687 0.348438 0.015625 0.015625
0 0.800000 0.345313 0.015625 0.015625
0 0.868750 0.471875 0.015625 0.015625
0 0.731250 0.476562 0.015625 0.015625
0 0.382812 0.273438 0.015625 0.015625
0 0.154688 0.128125 0.015625 0.015625
0 0.237500 0.139063 0.015625 0.015625
0 0.996875 0.276562 0.015625 0.015625
0 0.989062 0.034375 0.015625 0.015625
0 0.900000 0.079687 0.015625 0.015625
