0 0.878125 0.721875 0.015625 0.015625
0 0.990625 0.721875 0.015625 0.015625
0 0.914062 0.723437 0.015625 0.015625
0 0.893750 0.754687 0.015625 0.015625
0 0.915625 0.656250 0.015625 0.015625
0 0.953125 0.723437 0.015625 0.015625
0 0.837500 0.848437 0.015625 0.015625
0 0.854688 0.882812 0.015625 0.015625
0 0.876563 0.785937 0.015625 0.015625
0 0.817187 0.878125 0.015625 0.015625
0 0.800000 0.848437 0.015625 0.015625
0 0.837500 0.785937 0.015625 0.015625
0 0.815625 0.814063 0.015625 0.015625
0 0.857812 0.818750 0.015625 0.015625
0 0.879687 0.876563 0.015625 0.015625
0 0.873437 0.846875 0.015625 0.015625
0 0.873437 0.920312 0.015625 0.015625
0 0.857812 0.754687 0.015625 0.015625
0 0.800000 0.775000 0.015625 0.015625
0 0.879687 0.951562 0.015625 0.015625
0 0.914062 0.787500 0.015625 0.015625
0 0.929688 0.887500 0.015625 0.015625
0 0.929688 0.950000 0.015625 0.015625
0 0.965625 0.950000 0.015625 0.015625
0 0.987500 0.920312 0.015625 0.015625
0 0.948438 0.918750 0.015625 0.015625
0 0.910937 0.978125 0.015625 0.015625
0 0.992188 0.790625 0.015625 0.015625
0 0.987500 0.032813 0.015625 0.015625
0 0.965625 0.004687 0.015625 0.015625
0 0.939063 0.032813 0.015625 0.015625
0 0.932813 0.004687 0.015625 0.015625
0 0.906250 0.037500 0.015625 0.015625
0 0.893750 0.004687 0.015625 0.015625
0 0.870313 0.039062 0.015625 0.015625
0 0.826562 0.034375 0.015625 0.015625
0 0.814063 0.000000 0.015625 0.015625
0 0.787500 0.029687 0.015625 0.015625
0 0.779687 0.000000 0.015625 0.015625
0 0.759375 0.032813 0.015625 0.015625
0 0.721875 0.029687 0.015625 0.015625
0 0.678125 0.040625 0.015625 0.015625
0 0.646875 0.031250 0.015625 0.015625
0 0.601562 0.031250 0.015625 0.015625
0 0.562500 0.034375 0.015625 0.015625
0 0.525000 0.032813 0.015625 0.015625
0 0.485938 0.028125 0.015625 0.015625
0 0.450000 0.032813 0.015625 0.015625
0 0.407813 0.031250 0.015625 0.015625
0 0.376563 0.026562 0.015625 0.015625
0 0.975000 0.103125 0.015625 0.015625
0 0.962500 0.067187 0.015625 0.015625
0 0.946875 0.103125 0.015625 0.015625
0 0.932813 0.067187 0.015625 0.015625
0 0.910937 0.109375 0.015625 0.015625
0 0.889062 0.064062 0.015625 0.015625
0 0.868750 0.103125 0.015625 0.015625
0 0.848437 0.064062 0.015625 0.015625
0 0.829688 0.098437 0.015625 0.015625
0 0.815625 0.067187 0.015625 0.015625
0 0.793750 0.100000 0.015625 0.015625
0 0.775000 0.062500 0.015625 0.015625
0 0.753125 0.104688 0.015625 0.015625
0 0.734375 0.064062 0.015625 0.015625
0 0.718750 0.100000 0.015625 0.015625
0 0.698438 0.065625 0.015625 0.015625
0 0.681250 0.095312 0.015625 0.015625
0 0.660937 0.060937 0.015625 0.015625
0 0.642188 0.090625 0.015625 0.015625
0 0.620313 0.060937 0.015625 0.015625
0 0.596875 0.096875 0.015625 0.015625
0 0.575000 0.059375 0.015625 0.015625
0 0.567187 0.092188 0.015625 0.015625
0 0.548438 0.059375 0.015625 0.015625
0 0.526563 0.095312 0.015625 0.015625
0 0.510938 0.060937 0.015625 0.015625
0 0.495312 0.093750 0.015625 0.015625
0 0.468750 0.057813 0.015625 0.015625
0 0.457813 0.096875 0.015625 0.015625
0 0.434375 0.054688 0.015625 0.015625
0 0.414062 0.093750 0.015625 0.015625
0 0.401562 0.059375 0.015625 0.015625
0 0.985938 0.168750 0.015625 0.015625
0 0.962500 0.200000 0.015625 0.015625
0 0.942187 0.167187 0.015625 0.015625
0 0.925000 0.201563 0.015625 0.015625
0 0.906250 0.160938 0.015625 0.015625
0 0.875000 0.204687 0.015625 0.015625
0 0.865625 0.164062 0.015625 0.015625
0 0.843750 0.200000 0.015625 0.015625
0 0.829688 0.162500 0.015625 0.015625
0 0.809375 0.196875 0.015625 0.015625
0 0.792188 0.162500 0.015625 0.015625
0 0.768750 0.196875 0.015625 0.015625
0 0.751563 0.160938 0.015625 0.015625
0 0.726562 0.196875 0.015625 0.015625
0 0.714063 0.157812 0.015625 0.015625
0 0.693750 0.195312 0.015625 0.015625
0 0.682813 0.157812 0.015625 0.015625
0 0.656250 0.196875 0.015625 0.015625
0 0.598437 0.159375 0.015625 0.015625
0 0.576562 0.192188 0.015625 0.015625
0 0.560937 0.156250 0.015625 0.015625
0 0.537500 0.192188 0.015625 0.015625
0 0.526563 0.153125 0.015625 0.015625
0 0.509375 0.190625 0.015625 0.015625
0 0.489063 0.159375 0.015625 0.015625
0 0.460938 0.193750 0.015625 0.015625
0 0.448437 0.153125 0.015625 0.015625
0 0.421875 0.195312 0.015625 0.015625
0 0.410938 0.156250 0.015625 0.015625
0 0.503125 0.254688 0.015625 0.015625
0 0.520312 0.290625 0.015625 0.015625
0 0.542188 0.256250 0.015625 0.015625
0 0.576562 0.254688 0.015625 0.015625
0 0.614062 0.254688 0.015625 0.015625
0 0.557813 0.290625 0.015625 0.015625
0 0.600000 0.287500 0.015625 0.015625
0 0.651563 0.250000 0.015625 0.015625
0 0.639062 0.289062 0.015625 0.015625
0 0.696875 0.262500 0.015625 0.015625
0 0.673438 0.295312 0.015625 0.015625
0 0.734375 0.260937 0.015625 0.015625
0 0.710938 0.295312 0.015625 0.015625
0 0.768750 0.262500 0.015625 0.015625
0 0.746875 0.301563 0.015625 0.015625
0 0.806250 0.265625 0.015625 0.015625
0 0.787500 0.301563 0.015625 0.015625
0 0.846875 0.267188 0.015625 0.015625
0 0.825000 0.300000 0.015625 0.015625
0 0.884375 0.267188 0.015625 0.015625
0 0.864062 0.300000 0.015625 0.015625
0 0.918750 0.275000 0.015625 0.015625
0 0.904687 0.303125 0.015625 0.015625
0 0.959375 0.267188 0.015625 0.015625
0 0.942187 0.304688 0.015625 0.015625
0 0.976562 0.303125 0.015625 0.015625
0 0.581250 0.385937 0.015625 0.015625
0 0.564063 0.415625 0.015625 0.015625
0 0.621875 0.385937 0.015625 0.015625
0 0.598437 0.415625 0.015625 0.015625
0 0.656250 0.387500 0.015625 0.015625
0 0.637500 0.421875 0.015625 0.015625
0 0.692187 0.389062 0.015625 0.015625
0 0.678125 0.421875 0.015625 0.015625
0 0.732812 0.390625 0.015625 0.015625
0 0.707812 0.429688 0.015625 0.015625
0 0.765625 0.390625 0.015625 0.015625
0 0.748437 0.423438 0.015625 0.015625
0 0.803125 0.392188 0.015625 0.015625
0 0.787500 0.425000 0.015625 0.015625
0 0.831250 0.425000 0.015625 0.015625
0 0.843750 0.393750 0.015625 0.015625
0 0.871875 0.425000 0.015625 0.015625
0 0.887500 0.396875 0.015625 0.015625
0 0.923438 0.395313 0.015625 0.015625
0 0.901563 0.428125 0.015625 0.015625
0 0.954688 0.398438 0.015625 0.015625
0 0.939063 0.428125 0.015625 0.015625
0 0.995313 0.396875 0.015625 0.015625
0 0.976562 0.431250 0.015625 0.015625
0 0.618750 0.518750 0.015625 0.015625
0 0.628125 0.551562 0.015625 0.015625
0 0.651563 0.521875 0.015625 0.015625
0 0.667188 0.553125 0.015625 0.015625
0 0.668750 0.487500 0.015625 0.015625
0 0.632812 0.487500 0.015625 0.015625
0 0.653125 0.450000 0.015625 0.015625
0 0.618750 0.451562 0.015625 0.015625
0 0.595313 0.485938 0.015625 0.015625
0 0.575000 0.450000 0.015625 0.015625
0 0.689063 0.448437 0.015625 0.015625
0 0.698438 0.492188 0.015625 0.015625
0 0.726562 0.456250 0.015625 0.015625
0 0.743750 0.490625 0.015625 0.015625
0 0.693750 0.525000 0.015625 0.015625
0 0.734375 0.520312 0.015625 0.015625
0 0.765625 0.518750 0.015625 0.015625
0 0.803125 0.525000 0.015625 0.015625
0 0.760938 0.450000 0.015625 0.015625
0 0.785937 0.487500 0.015625 0.015625
0 0.804688 0.459375 0.015625 0.015625
0 0.823438 0.493750 0.015625 0.015625
0 0.839063 0.526563 0.015625 0.015625
0 0.843750 0.462500 0.015625 0.015625
0 0.867188 0.496875 0.015625 0.015625
0 0.878125 0.535937 0.015625 0.015625
0 0.882812 0.459375 0.015625 0.015625
0 0.903125 0.492188 0.015625 0.015625
0 0.915625 0.528125 0.015625 0.015625
0 0.921875 0.460938 0.015625 0.015625
0 0.935937 0.493750 0.015625 0.015625
0 0.951562 0.525000 0.015625 0.015625
0 0.957812 0.459375 0.015625 0.015625
0 0.965625 0.489063 0.015625 0.015625
0 0.979688 0.520312 0.015625 0.015625
0 0.985938 0.457813 0.015625 0.015625
0 0.992188 0.485938 0.015625 0.015625
0 0.709375 0.556250 0.015625 0.015625
0 0.737500 0.554688 0.015625 0.015625
0 0.787500 0.556250 0.015625 0.015625
0 0.825000 0.556250 0.015625 0.015625
0 0.856250 0.559375 0.015625 0.015625
0 0.895312 0.560937 0.015625 0.015625
0 0.929688 0.562500 0.015625 0.015625
0 0.659375 0.131250 0.015625 0.015625
0 0.640625 0.156250 0.015625 0.015625
0 0.621875 0.185938 0.015625 0.015625
0 0.432812 0.126562 0.015625 0.015625
0 0.395313 0.126562 0.015625 0.015625
0 0.473438 0.126562 0.015625 0.015625
0 0.507812 0.126562 0.015625 0.015625
0 0.548438 0.129688 0.015625 0.015625
0 0.578125 0.131250 0.015625 0.015625
0 0.618750 0.129688 0.015625 0.015625
0 0.696875 0.126562 0.015625 0.015625
0 0.734375 0.128125 0.015625 0.015625
0 0.773438 0.131250 0.015625 0.015625
0 0.815625 0.131250 0.015625 0.015625
0 0.842187 0.131250 0.015625 0.015625
0 0.889062 0.135937 0.015625 0.015625
0 0.923438 0.132812 0.015625 0.015625
0 0.959375 0.135937 0.015625 0.015625
0 0.673438 0.620313 0.015625 0.015625
0 0.704688 0.617188 0.015625 0.015625
0 0.745313 0.618750 0.015625 0.015625
0 0.776563 0.620313 0.015625 0.015625
0 0.815625 0.625000 0.015625 0.015625
0 0.860938 0.621875 0.015625 0.015625
0 0.893750 0.623437 0.015625 0.015625
0 0.692187 0.653125 0.015625 0.015625
0 0.721875 0.651563 0.015625 0.015625
0 0.760938 0.651563 0.015625 0.015625
0 0.795312 0.653125 0.015625 0.015625
0 0.837500 0.654687 0.015625 0.015625
0 0.867188 0.656250 0.015625 0.015625
0 0.707812 0.682813 0.015625 0.015625
0 0.740625 0.687500 0.015625 0.015625
0 0.765625 0.682813 0.015625 0.015625
0 0.812500 0.682813 0.015625 0.015625
0 0.978125 0.365625 0.015625 0.015625
0 0.940625 0.365625 0.015625 0.015625
0 0.956250 0.332813 0.015625 0.015625
0 0.550000 0.317188 0.015625 0.015625
0 0.560937 0.348438 0.015625 0.015625
0 0.526563 0.353125 0.015625 0.015625
0 0.504687 0.320312 0.015625 0.015625
0 0.584375 0.318750 0.015625 0.015625
0 0.598437 0.359375 0.015625 0.015625
0 0.617188 0.321875 0.015625 0.015625
0 0.634375 0.359375 0.015625 0.015625
0 0.656250 0.318750 0.015625 0.015625
0 0.668750 0.360938 0.015625 0.015625
0 0.685937 0.323437 0.015625 0.015625
0 0.709375 0.364063 0.015625 0.015625
0 0.731250 0.320312 0.015625 0.015625
0 0.748437 0.360938 0.015625 0.015625
0 0.771875 0.329688 0.015625 0.015625
0 0.789062 0.360938 0.015625 0.015625
0 0.807813 0.331250 0.015625 0.015625
0 0.832812 0.373437 0.015625 0.015625
0 0.846875 0.325000 0.015625 0.015625
0 0.864062 0.365625 0.015625 0.015625
0 0.878125 0.325000 0.015625 0.015625
0 0.900000 0.364063 0.015625 0.015625
0 0.920312 0.329688 0.015625 0.015625
