0 0.090625 0.043750 0.015625 0.015625
0 0.254688 0.051562 0.015625 0.015625
0 0.821875 0.000000 0.015625 0.015625
0 0.896875 0.000000 0.015625 0.015625
0 0.931250 0.065625 0.015625 0.015625
0 0.851562 0.067187 0.015625 0.015625
0 0.775000 0.070312 0.015625 0.015625
0 0.701562 0.067187 0.015625 0.015625
0 0.015625 0.184375 0.015625 0.015625
0 0.054688 0.112500 0.015625 0.015625
0 0.084375 0.178125 0.015625 0.015625
0 0.125000 0.112500 0.015625 0.015625
0 0.165625 0.181250 0.015625 0.015625
0 0.204687 0.110937 0.015625 0.015625
0 0.242188 0.187500 0.015625 0.015625
0 0.284375 0.117188 0.015625 0.015625
0 0.317188 0.178125 0.015625 0.015625
0 0.475000 0.187500 0.015625 0.015625
0 0.546875 0.189062 0.015625 0.015625
0 0.621875 0.193750 0.015625 0.015625
0 0.693750 0.198437 0.015625 0.015625
0 0.762500 0.196875 0.015625 0.015625
0 0.846875 0.198437 0.015625 0.015625
0 0.731250 0.126562 0.015625 0.015625
0 0.584375 0.129688 0.015625 0.015625
0 0.515625 0.125000 0.015625 0.015625
0 0.662500 0.126562 0.015625 0.015625
0 0.887500 0.129688 0.015625 0.015625
0 0.931250 0.192188 0.015625 0.015625
0 0.970313 0.132812 0.015625 0.015625
0 0.140625 0.250000 0.015625 0.015625
0 0.090625 0.309375 0.015625 0.015625
0 0.167187 0.304688 0.015625 0.015625
0 0.237500 0.314063 0.015625 0.015625
0 0.323437 0.315625 0.015625 0.015625
0 0.390625 0.310937 0.015625 0.015625
0 0.470313 0.315625 0.015625 0.015625
0 0.546875 0.314063 0.015625 0.015625
0 0.693750 0.320312 0.015625 0.015625
0 0.781250 0.321875 0.015625 0.015625
0 0.850000 0.321875 0.015625 0.015625
0 0.917188 0.320312 0.015625 0.015625
0 0.870313 0.259375 0.015625 0.015625
0 0.796875 0.257812 0.015625 0.015625
0 0.731250 0.257812 0.015625 0.015625
0 0.657813 0.259375 0.015625 0.015625
0 0.962500 0.262500 0.015625 0.015625
0 0.579688 0.251563 0.015625 0.015625
0 0.507812 0.254688 0.015625 0.015625
0 0.995313 0.326562 0.015625 0.015625
0 0.009375 0.435937 0.015625 0.015625
0 0.046875 0.375000 0.015625 0.015625
0 0.079687 0.440625 0.015625 0.015625
0 0.112500 0.371875 0.015625 0.015625
0 0.193750 0.384375 0.015625 0.015625
0 0.234375 0.440625 0.015625 0.015625
0 0.270313 0.387500 0.015625 0.015625
0 0.315625 0.431250 0.015625 0.015625
0 0.348438 0.379688 0.015625 0.015625
0 0.384375 0.445312 0.015625 0.015625
0 0.418750 0.382812 0.015625 0.015625
0 0.460938 0.446875 0.015625 0.015625
0 0.503125 0.381250 0.015625 0.015625
0 0.526563 0.445312 0.015625 0.015625
0 0.581250 0.385937 0.015625 0.015625
0 0.609375 0.440625 0.015625 0.015625
0 0.659375 0.387500 0.015625 0.015625
0 0.685937 0.448437 0.015625 0.015625
0 0.731250 0.387500 0.015625 0.015625
0 0.762500 0.453125 0.015625 0.015625
0 0.800000 0.385937 0.015625 0.015625
0 0.840625 0.451562 0.015625 0.015625
0 0.875000 0.393750 0.015625 0.015625
0 0.914062 0.451562 0.015625 0.015625
0 0.951562 0.392188 0.015625 0.015625
0 0.985938 0.459375 0.015625 0.015625
0 0.004687 0.565625 0.015625 0.015625
0 0.039062 0.521875 0.015625 0.015625
0 0.079687 0.573438 0.015625 0.015625
0 0.117188 0.510938 0.015625 0.015625
0 0.157812 0.565625 0.015625 0.015625
0 0.185938 0.507812 0.015625 0.015625
0 0.240625 0.573438 0.015625 0.015625
0 0.309375 0.575000 0.015625 0.015625
0 0.370312 0.575000 0.015625 0.015625
0 0.456250 0.578125 0.015625 0.015625
0 0.532813 0.576562 0.015625 0.015625
0 0.610938 0.570312 0.015625 0.015625
0 0.573438 0.510938 0.015625 0.015625
0 0.679688 0.576562 0.015625 0.015625
0 0.645312 0.512500 0.015625 0.015625
0 0.754687 0.581250 0.015625 0.015625
0 0.809375 0.525000 0.015625 0.015625
0 0.846875 0.590625 0.015625 0.015625
0 0.879687 0.520312 0.015625 0.015625
0 0.925000 0.590625 0.015625 0.015625
0 0.953125 0.518750 0.015625 0.015625
0 0.989062 0.581250 0.015625 0.015625
0 0.003125 0.693750 0.015625 0.015625
0 0.076563 0.693750 0.015625 0.015625
0 0.040625 0.764062 0.015625 0.015625
0 0.117188 0.765625 0.015625 0.015625
0 0.371875 0.706250 0.015625 0.015625
0 0.342187 0.764062 0.015625 0.015625
0 0.457813 0.692187 0.015625 0.015625
0 0.414062 0.771875 0.015625 0.015625
0 0.520312 0.714063 0.015625 0.015625
0 0.490625 0.784375 0.015625 0.015625
0 0.593750 0.709375 0.015625 0.015625
0 0.571875 0.781250 0.015625 0.015625
0 0.560937 0.654687 0.015625 0.015625
0 0.496875 0.640625 0.015625 0.015625
0 0.637500 0.650000 0.015625 0.015625
0 0.718750 0.640625 0.015625 0.015625
0 0.684375 0.710938 0.015625 0.015625
0 0.762500 0.698438 0.015625 0.015625
0 0.804688 0.642188 0.015625 0.015625
0 0.659375 0.773438 0.015625 0.015625
0 0.739062 0.778125 0.015625 0.015625
0 0.878125 0.648438 0.015625 0.015625
0 0.950000 0.650000 0.015625 0.015625
0 0.182812 0.639062 0.015625 0.015625
0 0.114062 0.631250 0.015625 0.015625
0 0.414062 0.653125 0.015625 0.015625
0 0.334375 0.634375 0.015625 0.015625
0 0.040625 0.896875 0.015625 0.015625
0 0.103125 0.896875 0.015625 0.015625
0 0.189062 0.896875 0.015625 0.015625
0 0.154688 0.964063 0.015625 0.015625
0 0.223438 0.964063 0.015625 0.015625
0 0.465625 0.056250 0.015625 0.015625
0 0.390625 0.056250 0.015625 0.015625
0 0.328125 0.054688 0.015625 0.015625
0 0.554688 0.059375 0.015625 0.015625
0 0.626563 0.062500 0.015625 0.015625
0 0.160938 0.050000 0.015625 0.015625
0 0.209375 0.251563 0.015625 0.015625
0 0.290625 0.248438 0.015625 0.015625
0 0.435937 0.254688 0.015625 0.015625
0 0.367188 0.251563 0.015625 0.015625
0 0.432812 0.117188 0.015625 0.015625
0 0.364063 0.118750 0.015625 0.015625
0 0.406250 0.185938 0.015625 0.015625
0 0.814063 0.129688 0.015625 0.015625
0 0.721875 0.514062 0.015625 0.015625
0 0.484375 0.509375 0.015625 0.015625
0 0.421875 0.512500 0.015625 0.015625
