0 0.814063 0.023438 0.015625 0.015625
0 0.970313 0.025000 0.015625 0.015625
0 0.887500 0.026562 0.015625 0.015625
0 0.926562 0.090625 0.015625 0.015625
0 0.845313 0.090625 0.015625 0.015625
0 0.965625 0.150000 0.015625 0.015625
0 0.889062 0.156250 0.015625 0.015625
0 0.854688 0.218750 0.015625 0.015625
0 0.929688 0.221875 0.015625 0.015625
0 0.810937 0.281250 0.015625 0.015625
0 0.884375 0.289062 0.015625 0.015625
0 0.771875 0.350000 0.015625 0.015625
0 0.850000 0.356250 0.015625 0.015625
0 0.931250 0.356250 0.015625 0.015625
0 0.807813 0.423438 0.015625 0.015625
0 0.884375 0.423438 0.015625 0.015625
0 0.842187 0.487500 0.015625 0.015625
0 0.920312 0.489063 0.015625 0.015625
