0 0.775000 0.020313 0.015625 0.015625
0 0.693750 0.023438 0.015625 0.015625
0 0.615625 0.025000 0.015625 0.015625
0 0.848437 0.025000 0.015625 0.015625
0 0.385937 0.026562 0.015625 0.015625
0 0.310937 0.026562 0.015625 0.015625
0 0.928125 0.028125 0.015625 0.015625
0 0.990625 0.029687 0.015625 0.015625
0 0.125000 0.085938 0.015625 0.015625
0 0.501563 0.089063 0.015625 0.015625
0 0.042188 0.090625 0.015625 0.015625
0 0.192188 0.090625 0.015625 0.015625
0 0.728125 0.092188 0.015625 0.015625
0 0.653125 0.092188 0.015625 0.015625
0 0.353125 0.092188 0.015625 0.015625
0 0.579688 0.093750 0.015625 0.015625
0 0.885938 0.093750 0.015625 0.015625
0 0.807813 0.093750 0.015625 0.015625
0 0.426563 0.095312 0.015625 0.015625
0 0.967187 0.096875 0.015625 0.015625
0 0.084375 0.151562 0.015625 0.015625
0 0.770312 0.154688 0.015625 0.015625
0 0.389062 0.157812 0.015625 0.015625
0 0.459375 0.159375 0.015625 0.015625
0 0.687500 0.159375 0.015625 0.015625
0 0.925000 0.159375 0.015625 0.015625
0 0.535937 0.160938 0.015625 0.015625
0 0.842187 0.162500 0.015625 0.015625
0 0.612500 0.162500 0.015625 0.015625
0 0.728125 0.215625 0.015625 0.015625
0 0.495312 0.221875 0.015625 0.015625
0 0.340625 0.223438 0.015625 0.015625
0 0.418750 0.223438 0.015625 0.015625
0 0.807813 0.231250 0.015625 0.015625
0 0.884375 0.232813 0.015625 0.015625
0 0.960938 0.232813 0.015625 0.015625
0 0.235937 0.285938 0.015625 0.015625
0 0.309375 0.287500 0.015625 0.015625
0 0.459375 0.292187 0.015625 0.015625
0 0.378125 0.293750 0.015625 0.015625
0 0.539062 0.293750 0.015625 0.015625
0 0.612500 0.295312 0.015625 0.015625
0 0.848437 0.295312 0.015625 0.015625
0 0.687500 0.296875 0.015625 0.015625
0 0.925000 0.296875 0.015625 0.015625
0 0.278125 0.350000 0.015625 0.015625
0 0.353125 0.357812 0.015625 0.015625
0 0.425000 0.357812 0.015625 0.015625
0 0.643750 0.359375 0.015625 0.015625
0 0.503125 0.359375 0.015625 0.015625
0 0.576562 0.360938 0.015625 0.015625
0 0.726562 0.360938 0.015625 0.015625
0 0.962500 0.364063 0.015625 0.015625
0 0.081250 0.409375 0.015625 0.015625
0 0.235937 0.415625 0.015625 0.015625
0 0.909375 0.415625 0.015625 0.015625
0 0.385937 0.421875 0.015625 0.015625
0 0.462500 0.423438 0.015625 0.015625
0 0.537500 0.423438 0.015625 0.015625
0 0.610938 0.425000 0.015625 0.015625
0 0.310937 0.425000 0.015625 0.015625
0 0.837500 0.425000 0.015625 0.015625
0 0.764062 0.426563 0.015625 0.015625
0 0.567187 0.485938 0.015625 0.015625
0 0.429688 0.487500 0.015625 0.015625
0 0.648438 0.487500 0.015625 0.015625
0 0.718750 0.492188 0.015625 0.015625
0 0.806250 0.493750 0.015625 0.015625
0 0.957812 0.495312 0.015625 0.015625
0 0.878125 0.498437 0.015625 0.015625
0 0.006250 0.542188 0.015625 0.015625
0 0.159375 0.543750 0.015625 0.015625
0 0.082812 0.546875 0.015625 0.015625
0 0.234375 0.546875 0.015625 0.015625
0 0.534375 0.548438 0.015625 0.015625
0 0.310937 0.548438 0.015625 0.015625
0 0.460938 0.548438 0.015625 0.015625
0 0.385937 0.550000 0.015625 0.015625
0 0.606250 0.551562 0.015625 0.015625
0 0.684375 0.556250 0.015625 0.015625
0 0.762500 0.557813 0.015625 0.015625
0 0.915625 0.562500 0.015625 0.015625
0 0.995313 0.562500 0.015625 0.015625
0 0.271875 0.610938 0.015625 0.015625
0 0.512500 0.610938 0.015625 0.015625
0 0.417187 0.612500 0.015625 0.015625
0 0.192188 0.615625 0.015625 0.015625
0 0.567187 0.617188 0.015625 0.015625
0 0.953125 0.628125 0.015625 0.015625
0 0.864062 0.637500 0.015625 0.015625
0 0.000000 0.679688 0.015625 0.015625
0 0.459375 0.679688 0.015625 0.015625
0 0.157812 0.681250 0.015625 0.015625
0 0.078125 0.682813 0.015625 0.015625
0 0.604688 0.682813 0.015625 0.015625
0 0.531250 0.684375 0.015625 0.015625
0 0.681250 0.687500 0.015625 0.015625
0 0.989062 0.700000 0.015625 0.015625
0 0.909375 0.701562 0.015625 0.015625
0 0.570312 0.742188 0.015625 0.015625
0 0.190625 0.745313 0.015625 0.015625
0 0.115625 0.745313 0.015625 0.015625
0 0.710938 0.756250 0.015625 0.015625
0 0.878125 0.762500 0.015625 0.015625
0 0.796875 0.764062 0.015625 0.015625
0 0.945312 0.765625 0.015625 0.015625
0 0.226562 0.801562 0.015625 0.015625
0 0.078125 0.810937 0.015625 0.015625
0 0.153125 0.812500 0.015625 0.015625
0 0.531250 0.812500 0.015625 0.015625
0 0.007812 0.814063 0.015625 0.015625
0 0.603125 0.817187 0.015625 0.015625
0 0.832812 0.826562 0.015625 0.015625
0 0.759375 0.826562 0.015625 0.015625
0 0.906250 0.832812 0.015625 0.015625
0 0.984375 0.834375 0.015625 0.015625
0 0.189062 0.875000 0.015625 0.015625
0 0.262500 0.879687 0.015625 0.015625
0 0.565625 0.885938 0.015625 0.015625
0 0.637500 0.889062 0.015625 0.015625
0 0.793750 0.892188 0.015625 0.015625
0 0.717187 0.892188 0.015625 0.015625
0 0.940625 0.892188 0.015625 0.015625
0 0.867188 0.893750 0.015625 0.015625
0 0.304688 0.940625 0.015625 0.015625
0 0.150000 0.940625 0.015625 0.015625
0 0.007812 0.940625 0.015625 0.015625
0 0.081250 0.942187 0.015625 0.015625
0 0.442188 0.943750 0.015625 0.015625
0 0.228125 0.946875 0.015625 0.015625
0 0.376563 0.946875 0.015625 0.015625
0 0.531250 0.948438 0.015625 0.015625
0 0.603125 0.954688 0.015625 0.015625
0 0.679688 0.957812 0.015625 0.015625
0 0.756250 0.959375 0.015625 0.015625
0 0.910937 0.960938 0.015625 0.015625
0 0.832812 0.960938 0.015625 0.015625
0 0.984375 0.965625 0.015625 0.015625
0 0.832812 0.692187 0.015625 0.015625
0 0.753125 0.687500 0.015625 0.015625
0 0.725000 0.628125 0.015625 0.015625
0 0.646875 0.620313 0.015625 0.015625
0 0.803125 0.625000 0.015625 0.015625
0 0.487500 0.746875 0.015625 0.015625
0 0.406250 0.748437 0.015625 0.015625
0 0.326562 0.748437 0.015625 0.015625
0 0.304688 0.678125 0.015625 0.015625
0 0.228125 0.684375 0.015625 0.015625
0 0.293750 0.807813 0.015625 0.015625
0 0.376563 0.809375 0.015625 0.015625
0 0.448437 0.807813 0.015625 0.015625
0 0.348438 0.884375 0.015625 0.015625
0 0.418750 0.879687 0.015625 0.015625
0 0.487500 0.889062 0.015625 0.015625
0 0.034375 0.881250 0.015625 0.015625
0 0.120313 0.478125 0.015625 0.015625
0 0.195312 0.478125 0.015625 0.015625
0 0.276562 0.485938 0.015625 0.015625
0 0.342187 0.485938 0.015625 0.015625
0 0.156250 0.420312 0.015625 0.015625
0 0.007812 0.415625 0.015625 0.015625
0 0.039062 0.478125 0.015625 0.015625
0 0.037500 0.351562 0.015625 0.015625
0 0.126562 0.359375 0.015625 0.015625
0 0.053125 0.215625 0.015625 0.015625
0 0.121875 0.223438 0.015625 0.015625
0 0.143750 0.285938 0.015625 0.015625
0 0.075000 0.281250 0.015625 0.015625
0 0.145313 0.017188 0.015625 0.015625
0 0.246875 0.018750 0.015625 0.015625
0 0.271875 0.089063 0.015625 0.015625
0 0.310937 0.156250 0.015625 0.015625
0 0.232813 0.159375 0.015625 0.015625
0 0.160938 0.162500 0.015625 0.015625
0 0.198437 0.221875 0.015625 0.015625
0 0.264062 0.220312 0.015625 0.015625
0 0.570312 0.220312 0.015625 0.015625
0 0.203125 0.351562 0.015625 0.015625
0 0.798438 0.367188 0.015625 0.015625
0 0.668750 0.804688 0.015625 0.015625
0 0.629687 0.735938 0.015625 0.015625
