0 0.701562 0.042188 0.015625 0.015625
0 0.779687 0.046875 0.015625 0.015625
0 0.581250 0.104688 0.015625 0.015625
0 0.660937 0.109375 0.015625 0.015625
0 0.737500 0.112500 0.015625 0.015625
0 0.817187 0.114062 0.015625 0.015625
0 0.970313 0.115625 0.015625 0.015625
0 0.510938 0.237500 0.015625 0.015625
0 0.668750 0.240625 0.015625 0.015625
0 0.584375 0.240625 0.015625 0.015625
0 0.576562 0.335938 0.015625 0.015625
0 0.664062 0.540625 0.015625 0.015625
0 0.579688 0.557813 0.015625 0.015625
0 0.953125 0.640625 0.015625 0.015625
0 0.720313 0.645312 0.015625 0.015625
0 0.639062 0.698438 0.015625 0.015625
0 0.726562 0.740625 0.015625 0.015625
0 0.956250 0.756250 0.015625 0.015625
0 0.837500 0.800000 0.015625 0.015625
0 0.990625 0.831250 0.015625 0.015625
0 0.357812 0.878125 0.015625 0.015625
0 0.581250 0.882812 0.015625 0.015625
0 0.282813 0.885938 0.015625 0.015625
0 0.435937 0.885938 0.015625 0.015625
0 0.657813 0.889062 0.015625 0.015625
0 0.728125 0.892188 0.015625 0.015625
0 0.960938 0.901563 0.015625 0.015625
0 0.323437 0.946875 0.015625 0.015625
0 0.235937 0.946875 0.015625 0.015625
0 0.165625 0.951562 0.015625 0.015625
0 0.542188 0.957812 0.015625 0.015625
0 0.617188 0.957812 0.015625 0.015625
0 0.776563 0.957812 0.015625 0.015625
0 0.695312 0.959375 0.015625 0.015625
0 0.509375 0.882812 0.015625 0.015625
0 0.548438 0.823438 0.015625 0.015625
0 0.643750 0.760938 0.015625 0.015625
0 0.707812 0.823438 0.015625 0.015625
0 0.801562 0.887500 0.015625 0.015625
0 0.507812 0.103125 0.015625 0.015625
0 0.457813 0.103125 0.015625 0.015625
0 0.400000 0.032813 0.015625 0.015625
0 0.478125 0.037500 0.015625 0.015625
0 0.553125 0.037500 0.015625 0.015625
0 0.621875 0.042188 0.015625 0.015625
0 0.625000 0.175000 0.015625 0.015625
0 0.773438 0.171875 0.015625 0.015625
0 0.756250 0.240625 0.015625 0.015625
0 0.856250 0.189062 0.015625 0.015625
0 0.776563 0.310937 0.015625 0.015625
0 0.703125 0.304688 0.015625 0.015625
0 0.706250 0.373437 0.015625 0.015625
0 0.545312 0.167187 0.015625 0.015625
0 0.464062 0.164062 0.015625 0.015625
0 0.993750 0.573438 0.015625 0.015625
0 0.768750 0.434375 0.015625 0.015625
0 0.806250 0.370312 0.015625 0.015625
0 0.862500 0.445312 0.015625 0.015625
0 0.960938 0.378125 0.015625 0.015625
0 0.998437 0.435937 0.015625 0.015625
0 0.970313 0.245312 0.015625 0.015625
