0 0.029687 0.378125 0.015625 0.015625
0 0.184375 0.381250 0.015625 0.015625
0 0.104688 0.384375 0.015625 0.015625
0 0.328125 0.384375 0.015625 0.015625
0 0.410938 0.384375 0.015625 0.015625
0 0.557813 0.387500 0.015625 0.015625
0 0.485938 0.387500 0.015625 0.015625
0 0.639062 0.392188 0.015625 0.015625
0 0.860938 0.396875 0.015625 0.015625
0 0.940625 0.398438 0.015625 0.015625
0 0.217188 0.440625 0.015625 0.015625
0 0.143750 0.445312 0.015625 0.015625
0 0.064062 0.445312 0.015625 0.015625
0 0.293750 0.446875 0.015625 0.015625
0 0.523438 0.450000 0.015625 0.015625
0 0.367188 0.451562 0.015625 0.015625
0 0.445312 0.451562 0.015625 0.015625
0 0.593750 0.454688 0.015625 0.015625
0 0.029687 0.509375 0.015625 0.015625
0 0.103125 0.510938 0.015625 0.015625
0 0.178125 0.510938 0.015625 0.015625
0 0.253125 0.510938 0.015625 0.015625
0 0.329688 0.512500 0.015625 0.015625
0 0.485938 0.517188 0.015625 0.015625
0 0.939063 0.531250 0.015625 0.015625
0 0.139063 0.575000 0.015625 0.015625
0 0.212500 0.575000 0.015625 0.015625
0 0.064062 0.576562 0.015625 0.015625
0 0.370312 0.578125 0.015625 0.015625
0 0.290625 0.578125 0.015625 0.015625
0 0.445312 0.581250 0.015625 0.015625
0 0.598437 0.582812 0.015625 0.015625
0 0.521875 0.582812 0.015625 0.015625
0 0.673438 0.582812 0.015625 0.015625
0 0.903125 0.585938 0.015625 0.015625
0 0.412500 0.639062 0.015625 0.015625
0 0.103125 0.639062 0.015625 0.015625
0 0.025000 0.639062 0.015625 0.015625
0 0.331250 0.640625 0.015625 0.015625
0 0.254688 0.640625 0.015625 0.015625
0 0.709375 0.642188 0.015625 0.015625
0 0.175000 0.643750 0.015625 0.015625
0 0.557813 0.646875 0.015625 0.015625
0 0.485938 0.650000 0.015625 0.015625
0 0.637500 0.651563 0.015625 0.015625
0 0.935937 0.659375 0.015625 0.015625
0 0.065625 0.707812 0.015625 0.015625
0 0.289062 0.710938 0.015625 0.015625
0 0.443750 0.710938 0.015625 0.015625
0 0.214062 0.710938 0.015625 0.015625
0 0.367188 0.710938 0.015625 0.015625
0 0.137500 0.712500 0.015625 0.015625
0 0.520312 0.714063 0.015625 0.015625
0 0.595313 0.715625 0.015625 0.015625
0 0.670312 0.715625 0.015625 0.015625
0 0.818750 0.723437 0.015625 0.015625
0 0.895312 0.728125 0.015625 0.015625
0 0.176563 0.776563 0.015625 0.015625
0 0.023438 0.778125 0.015625 0.015625
0 0.096875 0.778125 0.015625 0.015625
0 0.326562 0.779687 0.015625 0.015625
0 0.253125 0.779687 0.015625 0.015625
0 0.478125 0.782813 0.015625 0.015625
0 0.401562 0.784375 0.015625 0.015625
0 0.701562 0.785937 0.015625 0.015625
0 0.553125 0.785937 0.015625 0.015625
0 0.628125 0.787500 0.015625 0.015625
0 0.776563 0.787500 0.015625 0.015625
0 0.860938 0.789062 0.015625 0.015625
0 0.059375 0.842187 0.015625 0.015625
0 0.214062 0.843750 0.015625 0.015625
0 0.137500 0.843750 0.015625 0.015625
0 0.293750 0.850000 0.015625 0.015625
0 0.665625 0.851562 0.015625 0.015625
0 0.592187 0.851562 0.015625 0.015625
0 0.815625 0.854688 0.015625 0.015625
0 0.517188 0.856250 0.015625 0.015625
0 0.890625 0.857812 0.015625 0.015625
0 0.960938 0.860938 0.015625 0.015625
0 0.398438 0.884375 0.015625 0.015625
0 0.170313 0.903125 0.015625 0.015625
0 0.098437 0.907813 0.015625 0.015625
0 0.251563 0.910937 0.015625 0.015625
0 0.326562 0.912500 0.015625 0.015625
0 0.550000 0.917188 0.015625 0.015625
0 0.626563 0.920312 0.015625 0.015625
0 0.928125 0.925000 0.015625 0.015625
0 0.998437 0.926562 0.015625 0.015625
0 0.206250 0.973437 0.015625 0.015625
0 0.132812 0.976562 0.015625 0.015625
0 0.665625 0.985938 0.015625 0.015625
0 0.817187 0.987500 0.015625 0.015625
0 0.892188 0.989062 0.015625 0.015625
0 0.375000 0.989062 0.015625 0.015625
0 0.967187 0.990625 0.015625 0.015625
0 0.446875 0.979688 0.015625 0.015625
0 0.515625 0.982812 0.015625 0.015625
0 0.587500 0.981250 0.015625 0.015625
0 0.479687 0.917188 0.015625 0.015625
0 0.900000 0.473438 0.015625 0.015625
0 0.976562 0.589063 0.015625 0.015625
0 0.265625 0.392188 0.015625 0.015625
0 0.414062 0.518750 0.015625 0.015625
0 0.565625 0.521875 0.015625 0.015625
0 0.631250 0.515625 0.015625 0.015625
0 0.679688 0.448437 0.015625 0.015625
0 0.714063 0.514062 0.015625 0.015625
0 0.710938 0.392188 0.015625 0.015625
0 0.792188 0.393750 0.015625 0.015625
0 0.789062 0.650000 0.015625 0.015625
0 0.853125 0.659375 0.015625 0.015625
0 0.812500 0.593750 0.015625 0.015625
0 0.865625 0.528125 0.015625 0.015625
0 0.823438 0.457813 0.015625 0.015625
0 0.793750 0.517188 0.015625 0.015625
0 0.776563 0.923438 0.015625 0.015625
