0 0.229687 0.007812 0.015625 0.015625
0 0.310937 0.009375 0.015625 0.015625
0 0.023438 0.010937 0.015625 0.015625
0 0.170313 0.010937 0.015625 0.015625
0 0.670312 0.020313 0.015625 0.015625
0 0.334375 0.046875 0.015625 0.015625
0 0.939063 0.059375 0.015625 0.015625
0 0.006250 0.060937 0.015625 0.015625
0 0.856250 0.064062 0.015625 0.015625
0 0.634375 0.065625 0.015625 0.015625
0 0.257812 0.068750 0.015625 0.015625
0 0.135937 0.084375 0.015625 0.015625
0 0.593750 0.090625 0.015625 0.015625
0 0.059375 0.112500 0.015625 0.015625
0 0.982812 0.120313 0.015625 0.015625
0 0.156250 0.131250 0.015625 0.015625
0 0.231250 0.134375 0.015625 0.015625
0 0.900000 0.135937 0.015625 0.015625
0 0.737500 0.146875 0.015625 0.015625
0 0.664062 0.150000 0.015625 0.015625
0 0.821875 0.153125 0.015625 0.015625
0 0.510938 0.153125 0.015625 0.015625
0 0.560937 0.153125 0.015625 0.015625
0 0.325000 0.154688 0.015625 0.015625
0 0.428125 0.154688 0.015625 0.015625
0 0.132812 0.182812 0.015625 0.015625
0 0.709375 0.185938 0.015625 0.015625
0 0.242188 0.190625 0.015625 0.015625
0 0.084375 0.190625 0.015625 0.015625
0 0.018750 0.204687 0.015625 0.015625
0 0.864062 0.223438 0.015625 0.015625
0 0.198437 0.234375 0.015625 0.015625
0 0.657813 0.237500 0.015625 0.015625
0 0.442188 0.239063 0.015625 0.015625
0 0.590625 0.239063 0.015625 0.015625
0 0.518750 0.239063 0.015625 0.015625
0 0.362500 0.240625 0.015625 0.015625
0 0.740625 0.246875 0.015625 0.015625
0 0.075000 0.260937 0.015625 0.015625
0 0.987500 0.282813 0.015625 0.015625
0 0.890625 0.292187 0.015625 0.015625
0 0.637500 0.296875 0.015625 0.015625
0 0.718750 0.300000 0.015625 0.015625
0 0.392188 0.307812 0.015625 0.015625
0 0.328125 0.310937 0.015625 0.015625
0 0.468750 0.310937 0.015625 0.015625
0 0.776563 0.318750 0.015625 0.015625
0 0.532813 0.318750 0.015625 0.015625
0 0.595313 0.362500 0.015625 0.015625
0 0.357812 0.365625 0.015625 0.015625
0 0.207813 0.384375 0.015625 0.015625
0 0.468750 0.395313 0.015625 0.015625
0 0.662500 0.400000 0.015625 0.015625
0 0.006250 0.400000 0.015625 0.015625
0 0.926562 0.420312 0.015625 0.015625
0 0.407813 0.421875 0.015625 0.015625
0 0.545312 0.434375 0.015625 0.015625
0 0.059375 0.437500 0.015625 0.015625
0 0.343750 0.445312 0.015625 0.015625
0 0.735938 0.450000 0.015625 0.015625
0 0.614062 0.454688 0.015625 0.015625
0 0.501563 0.467187 0.015625 0.015625
0 0.434375 0.484375 0.015625 0.015625
0 0.026562 0.503125 0.015625 0.015625
0 0.093750 0.507812 0.015625 0.015625
0 0.304688 0.512500 0.015625 0.015625
0 0.379688 0.514062 0.015625 0.015625
0 0.604688 0.515625 0.015625 0.015625
0 0.779687 0.518750 0.015625 0.015625
0 0.842187 0.520312 0.015625 0.015625
0 0.714063 0.520312 0.015625 0.015625
0 0.456250 0.540625 0.015625 0.015625
0 0.065625 0.568750 0.015625 0.015625
0 0.132812 0.571875 0.015625 0.015625
0 0.682813 0.585938 0.015625 0.015625
0 0.756250 0.587500 0.015625 0.015625
0 0.270313 0.593750 0.015625 0.015625
0 0.821875 0.593750 0.015625 0.015625
0 0.407813 0.609375 0.015625 0.015625
0 0.206250 0.635938 0.015625 0.015625
0 0.135937 0.637500 0.015625 0.015625
0 0.964063 0.643750 0.015625 0.015625
0 0.623437 0.646875 0.015625 0.015625
0 0.275000 0.678125 0.015625 0.015625
0 0.403125 0.685937 0.015625 0.015625
0 0.109375 0.696875 0.015625 0.015625
0 0.904687 0.700000 0.015625 0.015625
0 0.775000 0.706250 0.015625 0.015625
0 0.707812 0.710938 0.015625 0.015625
0 0.637500 0.712500 0.015625 0.015625
0 0.214062 0.715625 0.015625 0.015625
0 0.284375 0.740625 0.015625 0.015625
0 0.754687 0.773438 0.015625 0.015625
0 0.820312 0.775000 0.015625 0.015625
0 0.689063 0.775000 0.015625 0.015625
0 0.054688 0.784375 0.015625 0.015625
0 0.164062 0.798438 0.015625 0.015625
0 0.000000 0.820312 0.015625 0.015625
0 0.103125 0.837500 0.015625 0.015625
0 0.762500 0.842187 0.015625 0.015625
0 0.840625 0.843750 0.015625 0.015625
0 0.040625 0.875000 0.015625 0.015625
0 0.498437 0.889062 0.015625 0.015625
0 0.906250 0.893750 0.015625 0.015625
0 0.796875 0.910937 0.015625 0.015625
0 0.962500 0.914062 0.015625 0.015625
0 0.564063 0.917188 0.015625 0.015625
0 0.418750 0.940625 0.015625 0.015625
0 0.639062 0.946875 0.015625 0.015625
0 0.865625 0.965625 0.015625 0.015625
0 0.485938 0.971875 0.015625 0.015625
0 0.709375 0.978125 0.015625 0.015625
0 0.762500 0.989062 0.015625 0.015625
