0 0.062500 0.912500 0.015625 0.015625
0 0.135937 0.912500 0.015625 0.015625
0 0.215625 0.914062 0.015625 0.015625
0 0.295312 0.917188 0.015625 0.015625
0 0.364063 0.917188 0.015625 0.015625
0 0.443750 0.918750 0.015625 0.015625
0 0.521875 0.918750 0.015625 0.015625
0 0.593750 0.920312 0.015625 0.015625
0 0.679688 0.925000 0.015625 0.015625
0 0.762500 0.929688 0.015625 0.015625
0 0.828125 0.929688 0.015625 0.015625
0 0.895312 0.928125 0.015625 0.015625
0 0.975000 0.931250 0.015625 0.015625
0 0.015625 0.978125 0.015625 0.015625
0 0.089063 0.971875 0.015625 0.015625
0 0.173437 0.975000 0.015625 0.015625
0 0.254688 0.979688 0.015625 0.015625
0 0.332813 0.978125 0.015625 0.015625
0 0.400000 0.976562 0.015625 0.015625
0 0.481250 0.990625 0.015625 0.015625
0 0.559375 0.996875 0.015625 0.015625
0 0.710938 0.995313 0.015625 0.015625
0 0.007812 0.812500 0.015625 0.015625
0 0.073438 0.812500 0.015625 0.015625
0 0.157812 0.812500 0.015625 0.015625
0 0.245312 0.812500 0.015625 0.015625
0 0.318750 0.812500 0.015625 0.015625
0 0.401562 0.812500 0.015625 0.015625
0 0.478125 0.820312 0.015625 0.015625
0 0.553125 0.831250 0.015625 0.015625
0 0.932813 0.989062 0.015625 0.015625
0 0.634375 0.828125 0.015625 0.015625
0 0.701562 0.829688 0.015625 0.015625
0 0.764062 0.834375 0.015625 0.015625
0 0.846875 0.832812 0.015625 0.015625
0 0.925000 0.835938 0.015625 0.015625
