0 0.837500 0.000000 0.015625 0.015625
0 0.990625 0.031250 0.015625 0.015625
0 0.357812 0.078125 0.015625 0.015625
0 0.581250 0.082812 0.015625 0.015625
0 0.282813 0.085938 0.015625 0.015625
0 0.435937 0.085938 0.015625 0.015625
0 0.657813 0.089063 0.015625 0.015625
0 0.728125 0.092188 0.015625 0.015625
0 0.960938 0.101562 0.015625 0.015625
0 0.323437 0.146875 0.015625 0.015625
0 0.235937 0.146875 0.015625 0.015625
0 0.165625 0.151562 0.015625 0.015625
0 0.542188 0.157812 0.015625 0.015625
0 0.617188 0.157812 0.015625 0.015625
0 0.776563 0.157812 0.015625 0.015625
0 0.695312 0.159375 0.015625 0.015625
0 0.201563 0.204687 0.015625 0.015625
0 0.423438 0.210938 0.015625 0.015625
0 0.503125 0.218750 0.015625 0.015625
0 0.734375 0.220312 0.015625 0.015625
0 0.659375 0.221875 0.015625 0.015625
0 0.584375 0.221875 0.015625 0.015625
0 0.810937 0.221875 0.015625 0.015625
0 0.325000 0.257812 0.015625 0.015625
0 0.020313 0.260937 0.015625 0.015625
0 0.082812 0.270313 0.015625 0.015625
0 0.160938 0.271875 0.015625 0.015625
0 0.235937 0.273438 0.015625 0.015625
0 0.393750 0.281250 0.015625 0.015625
0 0.629687 0.282813 0.015625 0.015625
0 0.543750 0.284375 0.015625 0.015625
0 0.764062 0.287500 0.015625 0.015625
0 0.701562 0.287500 0.015625 0.015625
0 0.835938 0.289062 0.015625 0.015625
0 0.989062 0.293750 0.015625 0.015625
0 0.037500 0.335938 0.015625 0.015625
0 0.356250 0.339062 0.015625 0.015625
0 0.490625 0.345313 0.015625 0.015625
0 0.429688 0.346875 0.015625 0.015625
0 0.584375 0.346875 0.015625 0.015625
0 0.656250 0.350000 0.015625 0.015625
0 0.803125 0.351562 0.015625 0.015625
0 0.734375 0.351562 0.015625 0.015625
0 0.912500 0.367188 0.015625 0.015625
0 0.003125 0.400000 0.015625 0.015625
0 0.307812 0.407813 0.015625 0.015625
0 0.232813 0.407813 0.015625 0.015625
0 0.459375 0.414062 0.015625 0.015625
0 0.387500 0.414062 0.015625 0.015625
0 0.687500 0.415625 0.015625 0.015625
0 0.760938 0.417187 0.015625 0.015625
0 0.835938 0.421875 0.015625 0.015625
0 0.123438 0.467187 0.015625 0.015625
0 0.192188 0.470313 0.015625 0.015625
0 0.653125 0.471875 0.015625 0.015625
0 0.268750 0.473438 0.015625 0.015625
0 0.345313 0.475000 0.015625 0.015625
0 0.725000 0.481250 0.015625 0.015625
0 0.493750 0.482812 0.015625 0.015625
0 0.567187 0.482812 0.015625 0.015625
0 0.801562 0.482812 0.015625 0.015625
0 0.232813 0.534375 0.015625 0.015625
0 0.082812 0.539062 0.015625 0.015625
0 0.382812 0.540625 0.015625 0.015625
0 0.156250 0.543750 0.015625 0.015625
0 0.307812 0.543750 0.015625 0.015625
0 0.609375 0.546875 0.015625 0.015625
0 0.457813 0.546875 0.015625 0.015625
0 0.534375 0.548438 0.015625 0.015625
0 0.685937 0.548438 0.015625 0.015625
0 0.760938 0.551562 0.015625 0.015625
0 0.270313 0.601562 0.015625 0.015625
0 0.032813 0.601562 0.015625 0.015625
0 0.114062 0.601562 0.015625 0.015625
0 0.417187 0.610938 0.015625 0.015625
0 0.492188 0.612500 0.015625 0.015625
0 0.568750 0.612500 0.015625 0.015625
0 0.645312 0.612500 0.015625 0.015625
0 0.718750 0.614062 0.015625 0.015625
0 0.145313 0.668750 0.015625 0.015625
0 0.073438 0.670312 0.015625 0.015625
0 0.003125 0.673438 0.015625 0.015625
0 0.532813 0.675000 0.015625 0.015625
0 0.454688 0.675000 0.015625 0.015625
0 0.379688 0.676562 0.015625 0.015625
0 0.681250 0.679688 0.015625 0.015625
0 0.756250 0.681250 0.015625 0.015625
0 0.031250 0.732812 0.015625 0.015625
0 0.107813 0.734375 0.015625 0.015625
0 0.260937 0.734375 0.015625 0.015625
0 0.337500 0.739062 0.015625 0.015625
0 0.489063 0.740625 0.015625 0.015625
0 0.564063 0.740625 0.015625 0.015625
0 0.415625 0.740625 0.015625 0.015625
0 0.712500 0.743750 0.015625 0.015625
0 0.637500 0.745313 0.015625 0.015625
0 0.787500 0.746875 0.015625 0.015625
0 0.068750 0.800000 0.015625 0.015625
0 0.295312 0.801562 0.015625 0.015625
0 0.210938 0.803125 0.015625 0.015625
0 0.523438 0.804688 0.015625 0.015625
0 0.376563 0.804688 0.015625 0.015625
0 0.603125 0.807813 0.015625 0.015625
0 0.670312 0.809375 0.015625 0.015625
0 0.743750 0.814063 0.015625 0.015625
0 0.823438 0.815625 0.015625 0.015625
0 0.982812 0.821875 0.015625 0.015625
0 0.103125 0.860938 0.015625 0.015625
0 0.181250 0.864062 0.015625 0.015625
0 0.028125 0.864062 0.015625 0.015625
0 0.256250 0.867188 0.015625 0.015625
0 0.335938 0.868750 0.015625 0.015625
0 0.484375 0.870313 0.015625 0.015625
0 0.410938 0.871875 0.015625 0.015625
0 0.560937 0.873437 0.015625 0.015625
0 0.635938 0.875000 0.015625 0.015625
0 0.710938 0.876563 0.015625 0.015625
0 0.784375 0.881250 0.015625 0.015625
0 0.376563 0.934375 0.015625 0.015625
0 0.526563 0.935937 0.015625 0.015625
0 0.220312 0.935937 0.015625 0.015625
0 0.679688 0.937500 0.015625 0.015625
0 0.450000 0.939063 0.015625 0.015625
0 0.593750 0.939063 0.015625 0.015625
0 0.292187 0.939063 0.015625 0.015625
0 0.748437 0.940625 0.015625 0.015625
0 0.823438 0.942187 0.015625 0.015625
0 0.984375 0.950000 0.015625 0.015625
0 0.031250 0.998437 0.015625 0.015625
0 0.107813 0.998437 0.015625 0.015625
0 0.182812 0.735938 0.015625 0.015625
0 0.051562 0.468750 0.015625 0.015625
0 0.067187 0.934375 0.015625 0.015625
0 0.120313 0.934375 0.015625 0.015625
0 0.509375 0.082812 0.015625 0.015625
0 0.548438 0.023438 0.015625 0.015625
0 0.707812 0.023438 0.015625 0.015625
0 0.801562 0.087500 0.015625 0.015625
0 0.953125 0.482812 0.015625 0.015625
0 0.914062 0.425000 0.015625 0.015625
0 0.989062 0.681250 0.015625 0.015625
0 0.950000 0.618750 0.015625 0.015625
0 0.906250 0.548438 0.015625 0.015625
0 0.842187 0.557813 0.015625 0.015625
0 0.801562 0.618750 0.015625 0.015625
0 0.834375 0.685937 0.015625 0.015625
0 0.456250 0.810937 0.015625 0.015625
0 0.934375 0.881250 0.015625 0.015625
0 0.345313 0.606250 0.015625 0.015625
0 0.993750 0.551562 0.015625 0.015625
0 0.967187 0.228125 0.015625 0.015625
