0 0.851562 0.576562 0.015625 0.015625
0 0.889062 0.578125 0.015625 0.015625
0 0.965625 0.578125 0.015625 0.015625
0 0.926562 0.578125 0.015625 0.015625
0 0.070312 0.592187 0.015625 0.015625
0 0.110937 0.592187 0.015625 0.015625
0 0.184375 0.593750 0.015625 0.015625
0 0.148438 0.593750 0.015625 0.015625
0 0.225000 0.595313 0.015625 0.015625
0 0.279687 0.598437 0.015625 0.015625
0 0.335938 0.598437 0.015625 0.015625
0 0.376563 0.598437 0.015625 0.015625
0 0.412500 0.598437 0.015625 0.015625
0 0.490625 0.601562 0.015625 0.015625
0 0.565625 0.603125 0.015625 0.015625
0 0.528125 0.603125 0.015625 0.015625
0 0.604688 0.604688 0.015625 0.015625
0 0.642188 0.604688 0.015625 0.015625
0 0.678125 0.606250 0.015625 0.015625
0 0.014063 0.620313 0.015625 0.015625
0 0.053125 0.623437 0.015625 0.015625
0 0.167187 0.625000 0.015625 0.015625
0 0.089063 0.625000 0.015625 0.015625
0 0.128125 0.625000 0.015625 0.015625
0 0.203125 0.626563 0.015625 0.015625
0 0.473438 0.631250 0.015625 0.015625
0 0.507812 0.632812 0.015625 0.015625
0 0.550000 0.634375 0.015625 0.015625
0 0.585938 0.635938 0.015625 0.015625
0 0.740625 0.637500 0.015625 0.015625
0 0.626563 0.637500 0.015625 0.015625
0 0.700000 0.637500 0.015625 0.015625
0 0.662500 0.637500 0.015625 0.015625
0 0.812500 0.639062 0.015625 0.015625
0 0.776563 0.640625 0.015625 0.015625
0 0.889062 0.642188 0.015625 0.015625
0 0.851562 0.643750 0.015625 0.015625
0 0.229687 0.648438 0.015625 0.015625
0 0.328125 0.653125 0.015625 0.015625
0 0.032813 0.654687 0.015625 0.015625
0 0.070312 0.656250 0.015625 0.015625
0 0.148438 0.657813 0.015625 0.015625
0 0.414062 0.664062 0.015625 0.015625
0 0.451562 0.664062 0.015625 0.015625
0 0.490625 0.664062 0.015625 0.015625
0 0.375000 0.665625 0.015625 0.015625
0 0.567187 0.665625 0.015625 0.015625
0 0.529687 0.667188 0.015625 0.015625
0 0.756250 0.667188 0.015625 0.015625
0 0.606250 0.668750 0.015625 0.015625
0 0.681250 0.668750 0.015625 0.015625
0 0.642188 0.668750 0.015625 0.015625
0 0.828125 0.671875 0.015625 0.015625
0 0.793750 0.671875 0.015625 0.015625
0 0.868750 0.675000 0.015625 0.015625
0 0.982812 0.675000 0.015625 0.015625
0 0.012500 0.687500 0.015625 0.015625
0 0.090625 0.689063 0.015625 0.015625
0 0.051562 0.689063 0.015625 0.015625
0 0.128125 0.690625 0.015625 0.015625
0 0.204687 0.690625 0.015625 0.015625
0 0.167187 0.690625 0.015625 0.015625
0 0.242188 0.690625 0.015625 0.015625
0 0.357812 0.692187 0.015625 0.015625
0 0.434375 0.695312 0.015625 0.015625
0 0.509375 0.696875 0.015625 0.015625
0 0.468750 0.698438 0.015625 0.015625
0 0.585938 0.698438 0.015625 0.015625
0 0.545312 0.698438 0.015625 0.015625
0 0.625000 0.700000 0.015625 0.015625
0 0.664062 0.701562 0.015625 0.015625
0 0.743750 0.703125 0.015625 0.015625
0 0.810937 0.704688 0.015625 0.015625
0 0.851562 0.706250 0.015625 0.015625
0 0.112500 0.718750 0.015625 0.015625
0 0.071875 0.720313 0.015625 0.015625
0 0.032813 0.720313 0.015625 0.015625
0 0.260937 0.720313 0.015625 0.015625
0 0.184375 0.723437 0.015625 0.015625
0 0.148438 0.725000 0.015625 0.015625
0 0.225000 0.725000 0.015625 0.015625
0 0.373437 0.729688 0.015625 0.015625
0 0.412500 0.731250 0.015625 0.015625
0 0.451562 0.731250 0.015625 0.015625
0 0.565625 0.732812 0.015625 0.015625
0 0.528125 0.732812 0.015625 0.015625
0 0.601562 0.732812 0.015625 0.015625
0 0.489063 0.732812 0.015625 0.015625
0 0.640625 0.735938 0.015625 0.015625
0 0.679688 0.735938 0.015625 0.015625
0 0.792188 0.737500 0.015625 0.015625
0 0.865625 0.737500 0.015625 0.015625
0 0.829688 0.739062 0.015625 0.015625
0 0.050000 0.754687 0.015625 0.015625
0 0.128125 0.754687 0.015625 0.015625
0 0.012500 0.754687 0.015625 0.015625
0 0.089063 0.754687 0.015625 0.015625
0 0.165625 0.756250 0.015625 0.015625
0 0.203125 0.757812 0.015625 0.015625
0 0.240625 0.757812 0.015625 0.015625
0 0.315625 0.760938 0.015625 0.015625
0 0.585938 0.762500 0.015625 0.015625
0 0.353125 0.764062 0.015625 0.015625
0 0.428125 0.764062 0.015625 0.015625
0 0.698438 0.765625 0.015625 0.015625
0 0.504687 0.765625 0.015625 0.015625
0 0.465625 0.765625 0.015625 0.015625
0 0.735938 0.767188 0.015625 0.015625
0 0.545312 0.767188 0.015625 0.015625
0 0.618750 0.767188 0.015625 0.015625
0 0.778125 0.767188 0.015625 0.015625
0 0.928125 0.767188 0.015625 0.015625
0 0.656250 0.768750 0.015625 0.015625
0 0.887500 0.770312 0.015625 0.015625
0 0.812500 0.770312 0.015625 0.015625
0 0.851562 0.771875 0.015625 0.015625
0 0.964063 0.775000 0.015625 0.015625
0 0.068750 0.789062 0.015625 0.015625
0 0.032813 0.789062 0.015625 0.015625
0 0.145313 0.790625 0.015625 0.015625
0 0.106250 0.792188 0.015625 0.015625
0 0.256250 0.792188 0.015625 0.015625
0 0.182812 0.792188 0.015625 0.015625
0 0.220312 0.793750 0.015625 0.015625
0 0.293750 0.793750 0.015625 0.015625
0 0.335938 0.793750 0.015625 0.015625
0 0.406250 0.796875 0.015625 0.015625
0 0.448437 0.798438 0.015625 0.015625
0 0.482812 0.801562 0.015625 0.015625
0 0.634375 0.801562 0.015625 0.015625
0 0.523438 0.801562 0.015625 0.015625
0 0.598437 0.803125 0.015625 0.015625
0 0.560937 0.803125 0.015625 0.015625
0 0.712500 0.803125 0.015625 0.015625
0 0.668750 0.804688 0.015625 0.015625
0 0.787500 0.804688 0.015625 0.015625
0 0.750000 0.806250 0.015625 0.015625
0 0.828125 0.806250 0.015625 0.015625
0 0.864062 0.807813 0.015625 0.015625
0 0.942187 0.807813 0.015625 0.015625
0 0.903125 0.809375 0.015625 0.015625
0 0.012500 0.821875 0.015625 0.015625
0 0.053125 0.825000 0.015625 0.015625
0 0.239063 0.825000 0.015625 0.015625
0 0.201563 0.825000 0.015625 0.015625
0 0.314063 0.826562 0.015625 0.015625
0 0.164062 0.828125 0.015625 0.015625
0 0.351562 0.828125 0.015625 0.015625
0 0.428125 0.829688 0.015625 0.015625
0 0.385937 0.829688 0.015625 0.015625
0 0.468750 0.831250 0.015625 0.015625
0 0.503125 0.832812 0.015625 0.015625
0 0.540625 0.834375 0.015625 0.015625
0 0.690625 0.834375 0.015625 0.015625
0 0.579688 0.835938 0.015625 0.015625
0 0.615625 0.835938 0.015625 0.015625
0 0.729688 0.835938 0.015625 0.015625
0 0.767188 0.837500 0.015625 0.015625
0 0.651563 0.837500 0.015625 0.015625
0 0.806250 0.840625 0.015625 0.015625
0 0.843750 0.840625 0.015625 0.015625
0 0.104688 0.842187 0.015625 0.015625
0 0.920312 0.843750 0.015625 0.015625
0 0.960938 0.843750 0.015625 0.015625
0 0.031250 0.854688 0.015625 0.015625
0 0.068750 0.856250 0.015625 0.015625
0 0.181250 0.857812 0.015625 0.015625
0 0.218750 0.859375 0.015625 0.015625
0 0.445312 0.860938 0.015625 0.015625
0 0.370312 0.862500 0.015625 0.015625
0 0.404687 0.862500 0.015625 0.015625
0 0.631250 0.868750 0.015625 0.015625
0 0.709375 0.868750 0.015625 0.015625
0 0.825000 0.870313 0.015625 0.015625
0 0.750000 0.870313 0.015625 0.015625
0 0.668750 0.870313 0.015625 0.015625
0 0.865625 0.870313 0.015625 0.015625
0 0.785937 0.870313 0.015625 0.015625
0 0.904687 0.871875 0.015625 0.015625
0 0.939063 0.875000 0.015625 0.015625
0 0.979688 0.875000 0.015625 0.015625
0 0.009375 0.885938 0.015625 0.015625
0 0.239063 0.892188 0.015625 0.015625
0 0.314063 0.893750 0.015625 0.015625
0 0.351562 0.893750 0.015625 0.015625
0 0.093750 0.893750 0.015625 0.015625
0 0.389062 0.895312 0.015625 0.015625
0 0.428125 0.895312 0.015625 0.015625
0 0.465625 0.898438 0.015625 0.015625
0 0.539062 0.900000 0.015625 0.015625
0 0.503125 0.900000 0.015625 0.015625
0 0.690625 0.901563 0.015625 0.015625
0 0.579688 0.901563 0.015625 0.015625
0 0.651563 0.901563 0.015625 0.015625
0 0.615625 0.901563 0.015625 0.015625
0 0.804688 0.903125 0.015625 0.015625
0 0.728125 0.903125 0.015625 0.015625
0 0.765625 0.904687 0.015625 0.015625
0 0.843750 0.906250 0.015625 0.015625
0 0.920312 0.906250 0.015625 0.015625
0 0.028125 0.917188 0.015625 0.015625
0 0.065625 0.918750 0.015625 0.015625
0 0.103125 0.921875 0.015625 0.015625
0 0.218750 0.921875 0.015625 0.015625
0 0.331250 0.926562 0.015625 0.015625
0 0.367188 0.928125 0.015625 0.015625
0 0.403125 0.929688 0.015625 0.015625
0 0.443750 0.929688 0.015625 0.015625
0 0.478125 0.931250 0.015625 0.015625
0 0.517188 0.931250 0.015625 0.015625
0 0.671875 0.934375 0.015625 0.015625
0 0.631250 0.935937 0.015625 0.015625
0 0.704688 0.935937 0.015625 0.015625
0 0.825000 0.937500 0.015625 0.015625
0 0.943750 0.937500 0.015625 0.015625
0 0.862500 0.939063 0.015625 0.015625
0 0.900000 0.939063 0.015625 0.015625
0 0.979688 0.940625 0.015625 0.015625
0 0.048438 0.951562 0.015625 0.015625
0 0.082812 0.953125 0.015625 0.015625
0 0.200000 0.956250 0.015625 0.015625
0 0.312500 0.957812 0.015625 0.015625
0 0.350000 0.959375 0.015625 0.015625
0 0.501563 0.960938 0.015625 0.015625
0 0.428125 0.962500 0.015625 0.015625
0 0.389062 0.962500 0.015625 0.015625
0 0.464062 0.964063 0.015625 0.015625
0 0.028125 0.965625 0.015625 0.015625
0 0.610938 0.967187 0.015625 0.015625
0 0.648438 0.968750 0.015625 0.015625
0 0.803125 0.970313 0.015625 0.015625
0 0.764062 0.970313 0.015625 0.015625
0 0.689063 0.970313 0.015625 0.015625
0 0.881250 0.970313 0.015625 0.015625
0 0.843750 0.971875 0.015625 0.015625
0 0.960938 0.973437 0.015625 0.015625
0 0.920312 0.975000 0.015625 0.015625
0 0.995313 0.976562 0.015625 0.015625
0 0.103125 0.989062 0.015625 0.015625
0 0.179688 0.989062 0.015625 0.015625
0 0.142187 0.990625 0.015625 0.015625
0 0.285938 0.992188 0.015625 0.015625
0 0.328125 0.992188 0.015625 0.015625
0 0.371875 0.993750 0.015625 0.015625
0 0.556250 0.993750 0.015625 0.015625
0 0.482812 0.993750 0.015625 0.015625
0 0.442188 0.995313 0.015625 0.015625
0 0.406250 0.995313 0.015625 0.015625
0 0.517188 0.998437 0.015625 0.015625
0 0.753125 0.998437 0.015625 0.015625
0 0.593750 0.998437 0.015625 0.015625
0 0.709375 0.998437 0.015625 0.015625
0 0.129688 0.889062 0.015625 0.015625
0 0.164062 0.890625 0.015625 0.015625
0 0.200000 0.890625 0.015625 0.015625
0 0.145313 0.857812 0.015625 0.015625
0 0.176563 0.925000 0.015625 0.015625
0 0.139063 0.926562 0.015625 0.015625
0 0.162500 0.957812 0.015625 0.015625
0 0.592187 0.868750 0.015625 0.015625
0 0.748437 0.935937 0.015625 0.015625
0 0.964063 0.910937 0.015625 0.015625
0 0.885938 0.704688 0.015625 0.015625
0 0.907813 0.671875 0.015625 0.015625
0 0.925000 0.704688 0.015625 0.015625
0 0.928125 0.642188 0.015625 0.015625
0 0.948438 0.676562 0.015625 0.015625
0 0.965625 0.706250 0.015625 0.015625
0 0.989062 0.739062 0.015625 0.015625
0 0.954688 0.640625 0.015625 0.015625
0 0.700000 0.704688 0.015625 0.015625
0 0.731250 0.703125 0.015625 0.015625
0 0.718750 0.607812 0.015625 0.015625
0 0.753125 0.607812 0.015625 0.015625
0 0.793750 0.609375 0.015625 0.015625
0 0.356250 0.635938 0.015625 0.015625
0 0.450000 0.598437 0.015625 0.015625
0 0.393750 0.693750 0.015625 0.015625
0 0.718750 0.735938 0.015625 0.015625
0 0.760938 0.735938 0.015625 0.015625
0 0.290625 0.925000 0.015625 0.015625
0 0.275000 0.956250 0.015625 0.015625
0 0.845313 0.017188 0.015625 0.015625
0 0.884375 0.017188 0.015625 0.015625
0 0.920312 0.018750 0.015625 0.015625
0 0.960938 0.020313 0.015625 0.015625
0 0.998437 0.021875 0.015625 0.015625
0 0.862500 0.050000 0.015625 0.015625
0 0.939063 0.051562 0.015625 0.015625
0 0.976562 0.054688 0.015625 0.015625
0 0.918750 0.085938 0.015625 0.015625
0 0.882812 0.085938 0.015625 0.015625
0 0.996875 0.085938 0.015625 0.015625
0 0.959375 0.085938 0.015625 0.015625
0 0.939063 0.117188 0.015625 0.015625
0 0.976562 0.117188 0.015625 0.015625
0 0.898438 0.118750 0.015625 0.015625
0 0.840625 0.146875 0.015625 0.015625
0 0.995313 0.151562 0.015625 0.015625
0 0.918750 0.151562 0.015625 0.015625
0 0.935937 0.184375 0.015625 0.015625
0 0.973437 0.184375 0.015625 0.015625
0 0.896875 0.184375 0.015625 0.015625
0 0.915625 0.215625 0.015625 0.015625
0 0.879687 0.215625 0.015625 0.015625
0 0.990625 0.215625 0.015625 0.015625
0 0.953125 0.217188 0.015625 0.015625
0 0.859375 0.246875 0.015625 0.015625
0 0.934375 0.248438 0.015625 0.015625
0 0.971875 0.248438 0.015625 0.015625
0 0.898438 0.248438 0.015625 0.015625
0 0.878125 0.279687 0.015625 0.015625
0 0.915625 0.279687 0.015625 0.015625
0 0.953125 0.279687 0.015625 0.015625
0 0.835938 0.279687 0.015625 0.015625
0 0.992188 0.281250 0.015625 0.015625
0 0.860938 0.310937 0.015625 0.015625
0 0.896875 0.312500 0.015625 0.015625
0 0.932813 0.314063 0.015625 0.015625
0 0.971875 0.314063 0.015625 0.015625
0 0.914062 0.346875 0.015625 0.015625
0 0.876563 0.346875 0.015625 0.015625
0 0.951562 0.346875 0.015625 0.015625
0 0.989062 0.346875 0.015625 0.015625
0 0.834375 0.346875 0.015625 0.015625
0 0.896875 0.379688 0.015625 0.015625
0 0.935937 0.381250 0.015625 0.015625
0 0.970313 0.381250 0.015625 0.015625
0 0.875000 0.410938 0.015625 0.015625
0 0.914062 0.412500 0.015625 0.015625
0 0.951562 0.412500 0.015625 0.015625
0 0.989062 0.414062 0.015625 0.015625
0 0.857812 0.443750 0.015625 0.015625
0 0.893750 0.443750 0.015625 0.015625
0 0.932813 0.445312 0.015625 0.015625
0 0.970313 0.446875 0.015625 0.015625
0 0.834375 0.475000 0.015625 0.015625
0 0.873437 0.476562 0.015625 0.015625
0 0.912500 0.478125 0.015625 0.015625
0 0.950000 0.479687 0.015625 0.015625
0 0.989062 0.479687 0.015625 0.015625
0 0.928125 0.512500 0.015625 0.015625
0 0.965625 0.512500 0.015625 0.015625
0 0.871875 0.542188 0.015625 0.015625
0 0.909375 0.542188 0.015625 0.015625
0 0.834375 0.543750 0.015625 0.015625
0 0.985938 0.545312 0.015625 0.015625
0 0.946875 0.545312 0.015625 0.015625
0 0.889062 0.576562 0.015625 0.015625
0 0.965625 0.578125 0.015625 0.015625
0 0.926562 0.578125 0.015625 0.015625
0 0.876563 0.145313 0.015625 0.015625
0 0.860938 0.114062 0.015625 0.015625
0 0.857812 0.178125 0.015625 0.015625
0 0.840625 0.210938 0.015625 0.015625
