0 0.214062 0.037500 0.015625 0.015625
0 0.956250 0.043750 0.015625 0.015625
0 0.879687 0.048438 0.015625 0.015625
0 0.304688 0.060937 0.015625 0.015625
0 0.628125 0.073438 0.015625 0.015625
0 0.460938 0.085938 0.015625 0.015625
0 0.710938 0.087500 0.015625 0.015625
0 0.237500 0.089063 0.015625 0.015625
0 0.542188 0.090625 0.015625 0.015625
0 0.167187 0.098437 0.015625 0.015625
0 0.910937 0.117188 0.015625 0.015625
0 0.981250 0.131250 0.015625 0.015625
0 0.610938 0.134375 0.015625 0.015625
0 0.267188 0.135937 0.015625 0.015625
0 0.807813 0.135937 0.015625 0.015625
0 0.535937 0.137500 0.015625 0.015625
0 0.659375 0.142187 0.015625 0.015625
0 0.126562 0.154688 0.015625 0.015625
0 0.206250 0.157812 0.015625 0.015625
0 0.507812 0.164062 0.015625 0.015625
0 0.292187 0.171875 0.015625 0.015625
0 0.584375 0.178125 0.015625 0.015625
0 0.753125 0.181250 0.015625 0.015625
0 0.807813 0.190625 0.015625 0.015625
0 0.164062 0.215625 0.015625 0.015625
0 0.464062 0.223438 0.015625 0.015625
0 0.926562 0.225000 0.015625 0.015625
0 0.620313 0.226562 0.015625 0.015625
0 0.548438 0.229687 0.015625 0.015625
0 0.693750 0.229687 0.015625 0.015625
0 0.773438 0.232813 0.015625 0.015625
0 0.848437 0.232813 0.015625 0.015625
0 0.050000 0.271875 0.015625 0.015625
0 0.128125 0.275000 0.015625 0.015625
0 0.657813 0.289062 0.015625 0.015625
0 0.812500 0.292187 0.015625 0.015625
0 0.885938 0.293750 0.015625 0.015625
0 0.957812 0.298438 0.015625 0.015625
0 0.585938 0.314063 0.015625 0.015625
0 0.340625 0.315625 0.015625 0.015625
0 0.392188 0.318750 0.015625 0.015625
0 0.440625 0.320312 0.015625 0.015625
0 0.082812 0.340625 0.015625 0.015625
0 0.007812 0.345313 0.015625 0.015625
0 0.160938 0.348438 0.015625 0.015625
0 0.234375 0.353125 0.015625 0.015625
0 0.689063 0.357812 0.015625 0.015625
0 0.307812 0.357812 0.015625 0.015625
0 0.842187 0.359375 0.015625 0.015625
0 0.768750 0.359375 0.015625 0.015625
0 0.923438 0.362500 0.015625 0.015625
0 0.042188 0.407813 0.015625 0.015625
0 0.120313 0.407813 0.015625 0.015625
0 0.429688 0.418750 0.015625 0.015625
0 0.192188 0.420312 0.015625 0.015625
0 0.267188 0.420312 0.015625 0.015625
0 0.879687 0.420312 0.015625 0.015625
0 0.732812 0.425000 0.015625 0.015625
0 0.807813 0.425000 0.015625 0.015625
0 0.568750 0.446875 0.015625 0.015625
0 0.004687 0.475000 0.015625 0.015625
0 0.384375 0.482812 0.015625 0.015625
0 0.082812 0.484375 0.015625 0.015625
0 0.156250 0.485938 0.015625 0.015625
0 0.235937 0.485938 0.015625 0.015625
0 0.310937 0.487500 0.015625 0.015625
0 0.537500 0.496875 0.015625 0.015625
0 0.773438 0.507812 0.015625 0.015625
0 0.112500 0.543750 0.015625 0.015625
0 0.346875 0.545312 0.015625 0.015625
0 0.417187 0.546875 0.015625 0.015625
0 0.264062 0.553125 0.015625 0.015625
0 0.657813 0.554688 0.015625 0.015625
0 0.190625 0.554688 0.015625 0.015625
0 0.731250 0.559375 0.015625 0.015625
0 0.589063 0.582812 0.015625 0.015625
0 0.692187 0.587500 0.015625 0.015625
0 0.915625 0.595313 0.015625 0.015625
0 0.079687 0.606250 0.015625 0.015625
0 0.004687 0.610938 0.015625 0.015625
0 0.231250 0.612500 0.015625 0.015625
0 0.307812 0.617188 0.015625 0.015625
0 0.462500 0.618750 0.015625 0.015625
0 0.384375 0.618750 0.015625 0.015625
0 0.610938 0.621875 0.015625 0.015625
0 0.535937 0.621875 0.015625 0.015625
0 0.839063 0.625000 0.015625 0.015625
0 0.693750 0.628125 0.015625 0.015625
0 0.990625 0.628125 0.015625 0.015625
0 0.035937 0.671875 0.015625 0.015625
0 0.112500 0.678125 0.015625 0.015625
0 0.267188 0.679688 0.015625 0.015625
0 0.876563 0.682813 0.015625 0.015625
0 0.420312 0.684375 0.015625 0.015625
0 0.345313 0.684375 0.015625 0.015625
0 0.510938 0.685937 0.015625 0.015625
0 0.570312 0.696875 0.015625 0.015625
0 0.628125 0.720313 0.015625 0.015625
0 0.153125 0.740625 0.015625 0.015625
0 0.228125 0.745313 0.015625 0.015625
0 0.078125 0.745313 0.015625 0.015625
0 0.303125 0.746875 0.015625 0.015625
0 0.384375 0.748437 0.015625 0.015625
0 0.685937 0.751563 0.015625 0.015625
0 0.456250 0.753125 0.015625 0.015625
0 0.910937 0.757812 0.015625 0.015625
0 0.837500 0.757812 0.015625 0.015625
0 0.985938 0.759375 0.015625 0.015625
0 0.534375 0.759375 0.015625 0.015625
0 0.029687 0.804688 0.015625 0.015625
0 0.264062 0.804688 0.015625 0.015625
0 0.337500 0.806250 0.015625 0.015625
0 0.184375 0.809375 0.015625 0.015625
0 0.109375 0.810937 0.015625 0.015625
0 0.568750 0.814063 0.015625 0.015625
0 0.712500 0.814063 0.015625 0.015625
0 0.639062 0.815625 0.015625 0.015625
0 0.501563 0.817187 0.015625 0.015625
0 0.945312 0.821875 0.015625 0.015625
0 0.835938 0.864062 0.015625 0.015625
0 0.743750 0.867188 0.015625 0.015625
0 0.146875 0.873437 0.015625 0.015625
0 0.226562 0.873437 0.015625 0.015625
0 0.068750 0.875000 0.015625 0.015625
0 0.304688 0.878125 0.015625 0.015625
0 0.378125 0.881250 0.015625 0.015625
0 0.454688 0.882812 0.015625 0.015625
0 0.529687 0.884375 0.015625 0.015625
0 0.607812 0.885938 0.015625 0.015625
0 0.682813 0.887500 0.015625 0.015625
0 0.909375 0.889062 0.015625 0.015625
0 0.984375 0.896875 0.015625 0.015625
0 0.107813 0.939063 0.015625 0.015625
0 0.034375 0.940625 0.015625 0.015625
0 0.262500 0.940625 0.015625 0.015625
0 0.182812 0.942187 0.015625 0.015625
0 0.414062 0.943750 0.015625 0.015625
0 0.339062 0.943750 0.015625 0.015625
0 0.487500 0.945312 0.015625 0.015625
0 0.782813 0.946875 0.015625 0.015625
0 0.564063 0.948438 0.015625 0.015625
0 0.643750 0.948438 0.015625 0.015625
0 0.953125 0.950000 0.015625 0.015625
0 0.804688 0.982812 0.015625 0.015625
0 0.889062 0.990625 0.015625 0.015625
0 0.973437 0.992188 0.015625 0.015625
0 0.740625 0.993750 0.015625 0.015625
