0 0.004687 0.395313 0.015625 0.015625
0 0.082812 0.396875 0.015625 0.015625
0 0.225000 0.403125 0.015625 0.015625
0 0.300000 0.406250 0.015625 0.015625
0 0.379688 0.409375 0.015625 0.015625
0 0.528125 0.412500 0.015625 0.015625
0 0.453125 0.414062 0.015625 0.015625
0 0.754687 0.414062 0.015625 0.015625
0 0.679688 0.415625 0.015625 0.015625
0 0.831250 0.417187 0.015625 0.015625
0 0.604688 0.418750 0.015625 0.015625
0 0.906250 0.421875 0.015625 0.015625
0 0.978125 0.423438 0.015625 0.015625
0 0.039062 0.470313 0.015625 0.015625
0 0.112500 0.471875 0.015625 0.015625
0 0.184375 0.473438 0.015625 0.015625
0 0.259375 0.473438 0.015625 0.015625
0 0.335938 0.476562 0.015625 0.015625
0 0.409375 0.479687 0.015625 0.015625
0 0.790625 0.484375 0.015625 0.015625
0 0.485938 0.484375 0.015625 0.015625
0 0.560937 0.484375 0.015625 0.015625
0 0.864062 0.485938 0.015625 0.015625
0 0.940625 0.489063 0.015625 0.015625
0 0.712500 0.489063 0.015625 0.015625
0 0.637500 0.489063 0.015625 0.015625
0 0.185938 0.539062 0.015625 0.015625
0 0.828125 0.539062 0.015625 0.015625
0 0.031250 0.543750 0.015625 0.015625
0 0.451562 0.545312 0.015625 0.015625
0 0.981250 0.546875 0.015625 0.015625
0 0.754687 0.548438 0.015625 0.015625
0 0.601562 0.548438 0.015625 0.015625
0 0.903125 0.548438 0.015625 0.015625
0 0.104688 0.550000 0.015625 0.015625
0 0.365625 0.551562 0.015625 0.015625
0 0.287500 0.551562 0.015625 0.015625
0 0.520312 0.551562 0.015625 0.015625
0 0.671875 0.554688 0.015625 0.015625
0 0.065625 0.600000 0.015625 0.015625
0 0.879687 0.607812 0.015625 0.015625
0 0.489063 0.609375 0.015625 0.015625
0 0.414062 0.609375 0.015625 0.015625
0 0.800000 0.609375 0.015625 0.015625
0 0.639062 0.609375 0.015625 0.015625
0 0.564063 0.609375 0.015625 0.015625
0 0.710938 0.610938 0.015625 0.015625
0 0.957812 0.615625 0.015625 0.015625
0 0.078125 0.659375 0.015625 0.015625
0 0.532813 0.665625 0.015625 0.015625
0 0.454688 0.670312 0.015625 0.015625
0 0.609375 0.671875 0.015625 0.015625
0 0.684375 0.675000 0.015625 0.015625
0 0.912500 0.675000 0.015625 0.015625
0 0.834375 0.675000 0.015625 0.015625
0 0.759375 0.676562 0.015625 0.015625
0 0.984375 0.692187 0.015625 0.015625
0 0.034375 0.725000 0.015625 0.015625
0 0.185938 0.731250 0.015625 0.015625
0 0.489063 0.735938 0.015625 0.015625
0 0.262500 0.735938 0.015625 0.015625
0 0.640625 0.737500 0.015625 0.015625
0 0.567187 0.737500 0.015625 0.015625
0 0.793750 0.739062 0.015625 0.015625
0 0.346875 0.739062 0.015625 0.015625
0 0.940625 0.740625 0.015625 0.015625
0 0.417187 0.740625 0.015625 0.015625
0 0.717187 0.740625 0.015625 0.015625
0 0.865625 0.740625 0.015625 0.015625
0 0.151562 0.792188 0.015625 0.015625
0 0.071875 0.792188 0.015625 0.015625
0 0.304688 0.793750 0.015625 0.015625
0 0.225000 0.795312 0.015625 0.015625
0 0.379688 0.796875 0.015625 0.015625
0 0.456250 0.796875 0.015625 0.015625
0 0.529687 0.800000 0.015625 0.015625
0 0.673438 0.801562 0.015625 0.015625
0 0.604688 0.801562 0.015625 0.015625
0 0.762500 0.801562 0.015625 0.015625
0 0.907813 0.810937 0.015625 0.015625
0 0.982812 0.814063 0.015625 0.015625
0 0.726562 0.867188 0.015625 0.015625
0 0.067187 0.915625 0.015625 0.015625
0 0.525000 0.920312 0.015625 0.015625
0 0.378125 0.925000 0.015625 0.015625
0 0.456250 0.925000 0.015625 0.015625
0 0.606250 0.929688 0.015625 0.015625
0 0.759375 0.931250 0.015625 0.015625
0 0.682813 0.932813 0.015625 0.015625
0 0.982812 0.935937 0.015625 0.015625
0 0.837500 0.942187 0.015625 0.015625
0 0.412500 0.976562 0.015625 0.015625
0 0.029687 0.982812 0.015625 0.015625
0 0.106250 0.987500 0.015625 0.015625
0 0.182812 0.989062 0.015625 0.015625
0 0.715625 0.998437 0.015625 0.015625
0 0.034375 0.856250 0.015625 0.015625
0 0.120313 0.859375 0.015625 0.015625
0 0.196875 0.859375 0.015625 0.015625
0 0.265625 0.857812 0.015625 0.015625
0 0.343750 0.857812 0.015625 0.015625
0 0.295312 0.926562 0.015625 0.015625
0 0.212500 0.925000 0.015625 0.015625
0 0.145313 0.923438 0.015625 0.015625
0 0.414062 0.862500 0.015625 0.015625
0 0.489063 0.862500 0.015625 0.015625
0 0.659375 0.865625 0.015625 0.015625
0 0.789062 0.868750 0.015625 0.015625
0 0.867188 0.871875 0.015625 0.015625
0 0.940625 0.865625 0.015625 0.015625
0 0.914062 0.929688 0.015625 0.015625
0 0.003125 0.648438 0.015625 0.015625
0 0.270313 0.593750 0.015625 0.015625
0 0.337500 0.598437 0.015625 0.015625
0 0.373437 0.656250 0.015625 0.015625
0 0.307812 0.659375 0.015625 0.015625
0 0.226562 0.664062 0.015625 0.015625
0 0.153125 0.654687 0.015625 0.015625
0 0.184375 0.589063 0.015625 0.015625
0 0.112500 0.590625 0.015625 0.015625
0 0.564063 0.868750 0.015625 0.015625
0 0.253125 0.993750 0.015625 0.015625
