0 0.390625 0.015625 0.015625 0.015625
0 0.846875 0.025000 0.015625 0.015625
0 0.692187 0.028125 0.015625 0.015625
0 0.767188 0.031250 0.015625 0.015625
0 0.995313 0.037500 0.015625 0.015625
0 0.268750 0.084375 0.015625 0.015625
0 0.190625 0.085938 0.015625 0.015625
0 0.348438 0.089063 0.015625 0.015625
0 0.573438 0.092188 0.015625 0.015625
0 0.879687 0.098437 0.015625 0.015625
0 0.637500 0.098437 0.015625 0.015625
0 0.960938 0.098437 0.015625 0.015625
0 0.096875 0.140625 0.015625 0.015625
0 0.159375 0.143750 0.015625 0.015625
0 0.004687 0.145313 0.015625 0.015625
0 0.303125 0.151562 0.015625 0.015625
0 0.225000 0.153125 0.015625 0.015625
0 0.840625 0.160938 0.015625 0.015625
0 0.915625 0.164062 0.015625 0.015625
0 0.589063 0.192188 0.015625 0.015625
0 0.040625 0.206250 0.015625 0.015625
0 0.195312 0.210938 0.015625 0.015625
0 0.268750 0.217188 0.015625 0.015625
0 0.496875 0.220312 0.015625 0.015625
0 0.420312 0.221875 0.015625 0.015625
0 0.342187 0.223438 0.015625 0.015625
0 0.720313 0.229687 0.015625 0.015625
0 0.871875 0.232813 0.015625 0.015625
0 0.950000 0.232813 0.015625 0.015625
0 0.073438 0.275000 0.015625 0.015625
0 0.376563 0.285938 0.015625 0.015625
0 0.456250 0.285938 0.015625 0.015625
0 0.643750 0.289062 0.015625 0.015625
0 0.293750 0.289062 0.015625 0.015625
0 0.843750 0.295312 0.015625 0.015625
0 0.907813 0.298438 0.015625 0.015625
0 0.260937 0.346875 0.015625 0.015625
0 0.340625 0.350000 0.015625 0.015625
0 0.415625 0.350000 0.015625 0.015625
0 0.495312 0.350000 0.015625 0.015625
0 0.795312 0.357812 0.015625 0.015625
0 0.221875 0.404687 0.015625 0.015625
0 0.143750 0.410938 0.015625 0.015625
0 0.298438 0.414062 0.015625 0.015625
0 0.376563 0.417187 0.015625 0.015625
0 0.528125 0.423438 0.015625 0.015625
0 0.448437 0.423438 0.015625 0.015625
0 0.601562 0.425000 0.015625 0.015625
0 0.909375 0.431250 0.015625 0.015625
0 0.984375 0.432812 0.015625 0.015625
0 0.709375 0.448437 0.015625 0.015625
0 0.107813 0.471875 0.015625 0.015625
0 0.189062 0.471875 0.015625 0.015625
0 0.489063 0.481250 0.015625 0.015625
0 0.337500 0.482812 0.015625 0.015625
0 0.412500 0.482812 0.015625 0.015625
0 0.646875 0.489063 0.015625 0.015625
0 0.565625 0.489063 0.015625 0.015625
0 0.946875 0.495312 0.015625 0.015625
0 0.145313 0.532813 0.015625 0.015625
0 0.070312 0.532813 0.015625 0.015625
0 0.446875 0.545312 0.015625 0.015625
0 0.295312 0.548438 0.015625 0.015625
0 0.604688 0.550000 0.015625 0.015625
0 0.521875 0.551562 0.015625 0.015625
0 0.678125 0.551562 0.015625 0.015625
0 0.759375 0.553125 0.015625 0.015625
0 0.840625 0.557813 0.015625 0.015625
0 0.906250 0.560937 0.015625 0.015625
0 0.103125 0.600000 0.015625 0.015625
0 0.178125 0.606250 0.015625 0.015625
0 0.253125 0.606250 0.015625 0.015625
0 0.410938 0.610938 0.015625 0.015625
0 0.489063 0.610938 0.015625 0.015625
0 0.642188 0.614062 0.015625 0.015625
0 0.565625 0.615625 0.015625 0.015625
0 0.718750 0.617188 0.015625 0.015625
0 0.864062 0.625000 0.015625 0.015625
0 0.948438 0.632812 0.015625 0.015625
0 0.450000 0.675000 0.015625 0.015625
0 0.523438 0.678125 0.015625 0.015625
0 0.217188 0.679688 0.015625 0.015625
0 0.301563 0.681250 0.015625 0.015625
0 0.596875 0.682813 0.015625 0.015625
0 0.673438 0.685937 0.015625 0.015625
0 0.756250 0.687500 0.015625 0.015625
0 0.893750 0.701562 0.015625 0.015625
0 0.501563 0.742188 0.015625 0.015625
0 0.409375 0.742188 0.015625 0.015625
0 0.257812 0.745313 0.015625 0.015625
0 0.565625 0.745313 0.015625 0.015625
0 0.640625 0.753125 0.015625 0.015625
0 0.062500 0.793750 0.015625 0.015625
0 0.140625 0.796875 0.015625 0.015625
0 0.370312 0.801562 0.015625 0.015625
0 0.293750 0.803125 0.015625 0.015625
0 0.450000 0.804688 0.015625 0.015625
0 0.673438 0.812500 0.015625 0.015625
0 0.600000 0.814063 0.015625 0.015625
0 0.521875 0.814063 0.015625 0.015625
0 0.857812 0.857812 0.015625 0.015625
0 0.025000 0.860938 0.015625 0.015625
0 0.178125 0.862500 0.015625 0.015625
0 0.101562 0.865625 0.015625 0.015625
0 0.340625 0.867188 0.015625 0.015625
0 0.710938 0.878125 0.015625 0.015625
0 0.564063 0.878125 0.015625 0.015625
0 0.640625 0.878125 0.015625 0.015625
0 0.954688 0.882812 0.015625 0.015625
0 0.064062 0.925000 0.015625 0.015625
0 0.140625 0.929688 0.015625 0.015625
0 0.214062 0.931250 0.015625 0.015625
0 0.292187 0.934375 0.015625 0.015625
0 0.367188 0.934375 0.015625 0.015625
0 0.442188 0.940625 0.015625 0.015625
0 0.517188 0.943750 0.015625 0.015625
0 0.601562 0.945312 0.015625 0.015625
0 0.753125 0.946875 0.015625 0.015625
0 0.671875 0.948438 0.015625 0.015625
0 0.898438 0.950000 0.015625 0.015625
0 0.096875 0.992188 0.015625 0.015625
0 0.020313 0.996875 0.015625 0.015625
0 0.000000 0.278125 0.015625 0.015625
0 0.181250 0.281250 0.015625 0.015625
0 0.246875 0.284375 0.015625 0.015625
0 0.115625 0.206250 0.015625 0.015625
0 0.693750 0.295312 0.015625 0.015625
0 0.767188 0.300000 0.015625 0.015625
0 0.632812 0.356250 0.015625 0.015625
0 0.570312 0.354687 0.015625 0.015625
0 0.732812 0.360938 0.015625 0.015625
0 0.067187 0.662500 0.015625 0.015625
0 0.146875 0.670312 0.015625 0.015625
0 0.414062 0.876563 0.015625 0.015625
0 0.484375 0.876563 0.015625 0.015625
0 0.260937 0.868750 0.015625 0.015625
0 0.026562 0.732812 0.015625 0.015625
0 0.171875 0.735938 0.015625 0.015625
0 0.371875 0.695312 0.015625 0.015625
0 0.343750 0.601562 0.015625 0.015625
0 0.378125 0.542188 0.015625 0.015625
0 0.848437 0.490625 0.015625 0.015625
0 0.995313 0.568750 0.015625 0.015625
0 0.940625 0.359375 0.015625 0.015625
0 0.987500 0.307812 0.015625 0.015625
0 0.801562 0.100000 0.015625 0.015625
0 0.789062 0.228125 0.015625 0.015625
0 0.526563 0.153125 0.015625 0.015625
0 0.428125 0.093750 0.015625 0.015625
0 0.453125 0.154688 0.015625 0.015625
0 0.384375 0.150000 0.015625 0.015625
0 0.542188 0.020313 0.015625 0.015625
0 0.979688 0.962500 0.015625 0.015625
0 0.787500 0.881250 0.015625 0.015625
0 0.262500 0.481250 0.015625 0.015625
0 0.221875 0.540625 0.015625 0.015625
0 0.192188 0.340625 0.015625 0.015625
0 0.073438 0.393750 0.015625 0.015625
0 0.031250 0.335938 0.015625 0.015625
0 0.467187 0.018750 0.015625 0.015625
0 0.310937 0.021875 0.015625 0.015625
0 0.226562 0.010937 0.015625 0.015625
0 0.160938 0.009375 0.015625 0.015625
0 0.684375 0.160938 0.015625 0.015625
0 0.876563 0.362500 0.015625 0.015625
0 0.837500 0.428125 0.015625 0.015625
0 0.795312 0.490625 0.015625 0.015625
0 0.765625 0.442188 0.015625 0.015625
0 0.787500 0.745313 0.015625 0.015625
0 0.715625 0.748437 0.015625 0.015625
0 0.760938 0.814063 0.015625 0.015625
0 0.851562 0.798438 0.015625 0.015625
0 0.870313 0.754687 0.015625 0.015625
0 0.896875 0.804688 0.015625 0.015625
0 0.831250 0.684375 0.015625 0.015625
0 0.798438 0.617188 0.015625 0.015625
0 0.939063 0.762500 0.015625 0.015625
0 0.978125 0.825000 0.015625 0.015625
