0 0.932813 0.054688 0.015625 0.015625
0 0.875000 0.065625 0.015625 0.015625
0 0.785937 0.054688 0.015625 0.015625
0 0.748437 0.003125 0.015625 0.015625
0 0.717187 0.070312 0.015625 0.015625
0 0.654687 0.051562 0.015625 0.015625
0 0.598437 0.000000 0.015625 0.015625
0 0.562500 0.060937 0.015625 0.015625
0 0.481250 0.054688 0.015625 0.015625
0 0.420312 0.048438 0.015625 0.015625
0 0.329688 0.054688 0.015625 0.015625
0 0.251563 0.051562 0.015625 0.015625
0 0.184375 0.053125 0.015625 0.015625
0 0.100000 0.073438 0.015625 0.015625
0 0.015625 0.057813 0.015625 0.015625
0 0.014063 0.176563 0.015625 0.015625
0 0.059375 0.112500 0.015625 0.015625
0 0.110937 0.192188 0.015625 0.015625
0 0.146875 0.117188 0.015625 0.015625
0 0.185938 0.187500 0.015625 0.015625
0 0.212500 0.125000 0.015625 0.015625
0 0.254688 0.181250 0.015625 0.015625
0 0.287500 0.123438 0.015625 0.015625
0 0.318750 0.179688 0.015625 0.015625
0 0.364063 0.117188 0.015625 0.015625
0 0.403125 0.184375 0.015625 0.015625
0 0.450000 0.120313 0.015625 0.015625
0 0.481250 0.179688 0.015625 0.015625
0 0.525000 0.120313 0.015625 0.015625
0 0.562500 0.184375 0.015625 0.015625
0 0.598437 0.121875 0.015625 0.015625
0 0.632812 0.176563 0.015625 0.015625
0 0.676562 0.126562 0.015625 0.015625
0 0.693750 0.200000 0.015625 0.015625
0 0.737500 0.128125 0.015625 0.015625
0 0.787500 0.200000 0.015625 0.015625
0 0.814063 0.131250 0.015625 0.015625
0 0.853125 0.196875 0.015625 0.015625
0 0.893750 0.132812 0.015625 0.015625
0 0.935937 0.206250 0.015625 0.015625
0 0.970313 0.137500 0.015625 0.015625
0 0.998437 0.190625 0.015625 0.015625
0 0.979688 0.259375 0.015625 0.015625
0 0.943750 0.335938 0.015625 0.015625
0 0.881250 0.253125 0.015625 0.015625
0 0.859375 0.343750 0.015625 0.015625
0 0.815625 0.257812 0.015625 0.015625
0 0.778125 0.339062 0.015625 0.015625
0 0.746875 0.246875 0.015625 0.015625
0 0.704688 0.329688 0.015625 0.015625
0 0.646875 0.320312 0.015625 0.015625
0 0.609375 0.251563 0.015625 0.015625
0 0.565625 0.321875 0.015625 0.015625
0 0.523438 0.246875 0.015625 0.015625
0 0.471875 0.328125 0.015625 0.015625
0 0.453125 0.251563 0.015625 0.015625
0 0.400000 0.321875 0.015625 0.015625
0 0.371875 0.243750 0.015625 0.015625
0 0.323437 0.318750 0.015625 0.015625
0 0.290625 0.256250 0.015625 0.015625
0 0.250000 0.321875 0.015625 0.015625
0 0.209375 0.246875 0.015625 0.015625
0 0.175000 0.309375 0.015625 0.015625
0 0.148438 0.246875 0.015625 0.015625
0 0.106250 0.314063 0.015625 0.015625
0 0.062500 0.267188 0.015625 0.015625
0 0.025000 0.314063 0.015625 0.015625
0 0.968750 0.385937 0.015625 0.015625
0 0.918750 0.456250 0.015625 0.015625
0 0.900000 0.389062 0.015625 0.015625
0 0.868750 0.459375 0.015625 0.015625
0 0.831250 0.390625 0.015625 0.015625
0 0.790625 0.465625 0.015625 0.015625
0 0.746875 0.376563 0.015625 0.015625
0 0.725000 0.457813 0.015625 0.015625
0 0.676562 0.389062 0.015625 0.015625
0 0.634375 0.460938 0.015625 0.015625
0 0.595313 0.389062 0.015625 0.015625
0 0.551562 0.459375 0.015625 0.015625
0 0.510938 0.390625 0.015625 0.015625
0 0.481250 0.450000 0.015625 0.015625
0 0.445312 0.389062 0.015625 0.015625
0 0.414062 0.450000 0.015625 0.015625
0 0.368750 0.381250 0.015625 0.015625
0 0.332813 0.450000 0.015625 0.015625
0 0.292187 0.378125 0.015625 0.015625
0 0.254688 0.442188 0.015625 0.015625
0 0.220312 0.390625 0.015625 0.015625
0 0.179688 0.453125 0.015625 0.015625
0 0.140625 0.378125 0.015625 0.015625
0 0.104688 0.434375 0.015625 0.015625
0 0.056250 0.364063 0.015625 0.015625
0 0.017188 0.442188 0.015625 0.015625
0 0.993750 0.598437 0.015625 0.015625
0 0.968750 0.523438 0.015625 0.015625
0 0.923438 0.596875 0.015625 0.015625
0 0.887500 0.528125 0.015625 0.015625
0 0.848437 0.592187 0.015625 0.015625
0 0.820312 0.529687 0.015625 0.015625
0 0.785937 0.579688 0.015625 0.015625
0 0.743750 0.518750 0.015625 0.015625
0 0.703125 0.579688 0.015625 0.015625
0 0.668750 0.526563 0.015625 0.015625
0 0.632812 0.593750 0.015625 0.015625
0 0.587500 0.520312 0.015625 0.015625
0 0.559375 0.573438 0.015625 0.015625
0 0.517188 0.515625 0.015625 0.015625
0 0.462500 0.573438 0.015625 0.015625
0 0.450000 0.515625 0.015625 0.015625
0 0.398438 0.581250 0.015625 0.015625
0 0.371875 0.515625 0.015625 0.015625
0 0.325000 0.584375 0.015625 0.015625
0 0.289062 0.501563 0.015625 0.015625
0 0.237500 0.576562 0.015625 0.015625
0 0.214062 0.507812 0.015625 0.015625
0 0.160938 0.565625 0.015625 0.015625
0 0.143750 0.506250 0.015625 0.015625
0 0.103125 0.571875 0.015625 0.015625
0 0.056250 0.498437 0.015625 0.015625
0 0.029687 0.565625 0.015625 0.015625
0 0.965625 0.654687 0.015625 0.015625
0 0.937500 0.700000 0.015625 0.015625
0 0.904687 0.650000 0.015625 0.015625
0 0.851562 0.720313 0.015625 0.015625
0 0.817187 0.648438 0.015625 0.015625
0 0.789062 0.721875 0.015625 0.015625
0 0.742188 0.643750 0.015625 0.015625
0 0.710938 0.725000 0.015625 0.015625
0 0.670312 0.657813 0.015625 0.015625
0 0.592187 0.645312 0.015625 0.015625
0 0.635938 0.721875 0.015625 0.015625
0 0.535937 0.714063 0.015625 0.015625
0 0.509375 0.642188 0.015625 0.015625
0 0.478125 0.712500 0.015625 0.015625
0 0.451562 0.640625 0.015625 0.015625
0 0.407813 0.725000 0.015625 0.015625
0 0.364063 0.635938 0.015625 0.015625
0 0.321875 0.714063 0.015625 0.015625
0 0.282813 0.634375 0.015625 0.015625
0 0.245312 0.703125 0.015625 0.015625
0 0.215625 0.640625 0.015625 0.015625
0 0.173437 0.707812 0.015625 0.015625
0 0.135937 0.632812 0.015625 0.015625
0 0.092188 0.715625 0.015625 0.015625
0 0.054688 0.634375 0.015625 0.015625
0 0.021875 0.707812 0.015625 0.015625
0 0.967187 0.918750 0.015625 0.015625
0 0.939063 0.857812 0.015625 0.015625
0 0.850000 0.850000 0.015625 0.015625
0 0.810937 0.923438 0.015625 0.015625
0 0.778125 0.842187 0.015625 0.015625
0 0.737500 0.914062 0.015625 0.015625
0 0.709375 0.846875 0.015625 0.015625
0 0.650000 0.909375 0.015625 0.015625
0 0.628125 0.840625 0.015625 0.015625
0 0.557813 0.843750 0.015625 0.015625
0 0.510938 0.907813 0.015625 0.015625
0 0.470313 0.842187 0.015625 0.015625
0 0.435937 0.909375 0.015625 0.015625
0 0.398438 0.828125 0.015625 0.015625
0 0.335938 0.915625 0.015625 0.015625
0 0.315625 0.835938 0.015625 0.015625
0 0.271875 0.906250 0.015625 0.015625
0 0.243750 0.832812 0.015625 0.015625
0 0.203125 0.900000 0.015625 0.015625
0 0.168750 0.832812 0.015625 0.015625
0 0.121875 0.901563 0.015625 0.015625
0 0.087500 0.828125 0.015625 0.015625
0 0.037500 0.901563 0.015625 0.015625
0 0.014063 0.821875 0.015625 0.015625
0 0.053125 0.764062 0.015625 0.015625
0 0.132812 0.768750 0.015625 0.015625
0 0.215625 0.770312 0.015625 0.015625
0 0.268750 0.770312 0.015625 0.015625
0 0.362500 0.778125 0.015625 0.015625
0 0.431250 0.771875 0.015625 0.015625
0 0.503125 0.778125 0.015625 0.015625
0 0.584375 0.775000 0.015625 0.015625
0 0.676562 0.781250 0.015625 0.015625
0 0.731250 0.775000 0.015625 0.015625
0 0.812500 0.779687 0.015625 0.015625
0 0.881250 0.781250 0.015625 0.015625
0 0.965625 0.787500 0.015625 0.015625
0 0.003125 0.960938 0.015625 0.015625
0 0.085938 0.967187 0.015625 0.015625
0 0.159375 0.971875 0.015625 0.015625
0 0.243750 0.967187 0.015625 0.015625
0 0.320312 0.971875 0.015625 0.015625
0 0.395313 0.976562 0.015625 0.015625
0 0.478125 0.978125 0.015625 0.015625
0 0.545312 0.978125 0.015625 0.015625
0 0.623437 0.978125 0.015625 0.015625
0 0.696875 0.975000 0.015625 0.015625
0 0.775000 0.978125 0.015625 0.015625
0 0.848437 0.982812 0.015625 0.015625
0 0.926562 0.979688 0.015625 0.015625
0 0.998437 0.981250 0.015625 0.015625
