0 0.306250 0.006250 0.015625 0.015625
0 0.421875 0.007812 0.015625 0.015625
0 0.490625 0.009375 0.015625 0.015625
0 0.346875 0.037500 0.015625 0.015625
0 0.190625 0.059375 0.015625 0.015625
0 0.134375 0.065625 0.015625 0.015625
0 0.514062 0.070312 0.015625 0.015625
0 0.834375 0.089063 0.015625 0.015625
0 0.481250 0.104688 0.015625 0.015625
0 0.403125 0.112500 0.015625 0.015625
0 0.706250 0.118750 0.015625 0.015625
0 0.778125 0.118750 0.015625 0.015625
0 0.890625 0.126562 0.015625 0.015625
0 0.567187 0.142187 0.015625 0.015625
0 0.107813 0.190625 0.015625 0.015625
0 0.010937 0.190625 0.015625 0.015625
0 0.239063 0.196875 0.015625 0.015625
0 0.320312 0.196875 0.015625 0.015625
0 0.189062 0.200000 0.015625 0.015625
0 0.914062 0.209375 0.015625 0.015625
0 0.615625 0.209375 0.015625 0.015625
0 0.987500 0.210938 0.015625 0.015625
0 0.043750 0.254688 0.015625 0.015625
0 0.664062 0.262500 0.015625 0.015625
0 0.114062 0.264062 0.015625 0.015625
0 0.954688 0.273438 0.015625 0.015625
0 0.878125 0.275000 0.015625 0.015625
0 0.007812 0.317188 0.015625 0.015625
0 0.082812 0.323437 0.015625 0.015625
0 0.507812 0.339062 0.015625 0.015625
0 0.585938 0.342187 0.015625 0.015625
0 0.835938 0.342187 0.015625 0.015625
0 0.989062 0.345313 0.015625 0.015625
0 0.660937 0.345313 0.015625 0.015625
0 0.909375 0.346875 0.015625 0.015625
0 0.162500 0.373437 0.015625 0.015625
0 0.068750 0.390625 0.015625 0.015625
0 0.359375 0.396875 0.015625 0.015625
0 0.540625 0.400000 0.015625 0.015625
0 0.770312 0.401562 0.015625 0.015625
0 0.615625 0.403125 0.015625 0.015625
0 0.871875 0.407813 0.015625 0.015625
0 0.946875 0.410938 0.015625 0.015625
0 0.014063 0.454688 0.015625 0.015625
0 0.282813 0.459375 0.015625 0.015625
0 0.381250 0.464062 0.015625 0.015625
0 0.909375 0.475000 0.015625 0.015625
0 0.560937 0.475000 0.015625 0.015625
0 0.809375 0.478125 0.015625 0.015625
0 0.985938 0.479687 0.015625 0.015625
0 0.121875 0.523438 0.015625 0.015625
0 0.196875 0.525000 0.015625 0.015625
0 0.867188 0.525000 0.015625 0.015625
0 0.267188 0.526563 0.015625 0.015625
0 0.328125 0.532813 0.015625 0.015625
0 0.609375 0.537500 0.015625 0.015625
0 0.760938 0.540625 0.015625 0.015625
0 0.945312 0.542188 0.015625 0.015625
0 0.000000 0.554688 0.015625 0.015625
0 0.156250 0.590625 0.015625 0.015625
0 0.079687 0.590625 0.015625 0.015625
0 0.306250 0.592187 0.015625 0.015625
0 0.387500 0.593750 0.015625 0.015625
0 0.235937 0.595313 0.015625 0.015625
0 0.573438 0.603125 0.015625 0.015625
0 0.984375 0.607812 0.015625 0.015625
0 0.809375 0.609375 0.015625 0.015625
0 0.770312 0.660937 0.015625 0.015625
0 0.928125 0.662500 0.015625 0.015625
0 0.621875 0.665625 0.015625 0.015625
0 0.025000 0.689063 0.015625 0.015625
0 0.712500 0.723437 0.015625 0.015625
0 0.896875 0.732812 0.015625 0.015625
0 0.978125 0.735938 0.015625 0.015625
0 0.803125 0.740625 0.015625 0.015625
0 0.510938 0.764062 0.015625 0.015625
0 0.189062 0.782813 0.015625 0.015625
0 0.110937 0.782813 0.015625 0.015625
0 0.342187 0.785937 0.015625 0.015625
0 0.267188 0.787500 0.015625 0.015625
0 0.857812 0.789062 0.015625 0.015625
0 0.442188 0.792188 0.015625 0.015625
0 0.775000 0.793750 0.015625 0.015625
0 0.681250 0.798438 0.015625 0.015625
0 0.937500 0.801562 0.015625 0.015625
0 0.151562 0.848437 0.015625 0.015625
0 0.229687 0.854688 0.015625 0.015625
0 0.307812 0.856250 0.015625 0.015625
0 0.381250 0.859375 0.015625 0.015625
0 0.737500 0.862500 0.015625 0.015625
0 0.584375 0.870313 0.015625 0.015625
0 0.979688 0.873437 0.015625 0.015625
0 0.664062 0.873437 0.015625 0.015625
0 0.479687 0.889062 0.015625 0.015625
0 0.275000 0.893750 0.015625 0.015625
0 0.776563 0.921875 0.015625 0.015625
0 0.706250 0.931250 0.015625 0.015625
0 0.842187 0.931250 0.015625 0.015625
0 0.937500 0.939063 0.015625 0.015625
0 0.014063 0.945312 0.015625 0.015625
0 0.234375 0.948438 0.015625 0.015625
0 0.379688 0.953125 0.015625 0.015625
0 0.082812 0.957812 0.015625 0.015625
0 0.307812 0.965625 0.015625 0.015625
0 0.446875 0.967187 0.015625 0.015625
0 0.735938 0.981250 0.015625 0.015625
0 0.556250 0.982812 0.015625 0.015625
0 0.629687 0.984375 0.015625 0.015625
