0 0.984375 0.042188 0.015625 0.015625
0 0.834375 0.045312 0.015625 0.015625
0 0.909375 0.048438 0.015625 0.015625
0 0.682813 0.048438 0.015625 0.015625
0 0.757812 0.050000 0.015625 0.015625
0 0.606250 0.070312 0.015625 0.015625
0 0.934375 0.090625 0.015625 0.015625
0 0.031250 0.107813 0.015625 0.015625
0 0.265625 0.109375 0.015625 0.015625
0 0.187500 0.110937 0.015625 0.015625
0 0.109375 0.112500 0.015625 0.015625
0 0.485938 0.114062 0.015625 0.015625
0 0.712500 0.114062 0.015625 0.015625
0 0.414062 0.115625 0.015625 0.015625
0 0.345313 0.115625 0.015625 0.015625
0 0.639062 0.117188 0.015625 0.015625
0 0.559375 0.120313 0.015625 0.015625
0 0.914062 0.167187 0.015625 0.015625
0 0.214062 0.170313 0.015625 0.015625
0 0.756250 0.171875 0.015625 0.015625
0 0.146875 0.171875 0.015625 0.015625
0 0.071875 0.173437 0.015625 0.015625
0 0.295312 0.175000 0.015625 0.015625
0 0.676562 0.175000 0.015625 0.015625
0 0.445312 0.176563 0.015625 0.015625
0 0.526563 0.176563 0.015625 0.015625
0 0.603125 0.182812 0.015625 0.015625
0 0.979688 0.185938 0.015625 0.015625
0 0.034375 0.228125 0.015625 0.015625
0 0.345313 0.232813 0.015625 0.015625
0 0.179688 0.235937 0.015625 0.015625
0 0.557813 0.239063 0.015625 0.015625
0 0.707812 0.239063 0.015625 0.015625
0 0.481250 0.239063 0.015625 0.015625
0 0.407813 0.240625 0.015625 0.015625
0 0.109375 0.240625 0.015625 0.015625
0 0.637500 0.243750 0.015625 0.015625
0 0.784375 0.246875 0.015625 0.015625
0 0.214062 0.290625 0.015625 0.015625
0 0.614062 0.290625 0.015625 0.015625
0 0.753125 0.309375 0.015625 0.015625
0 0.059375 0.328125 0.015625 0.015625
0 0.400000 0.362500 0.015625 0.015625
0 0.184375 0.367188 0.015625 0.015625
0 0.257812 0.367188 0.015625 0.015625
0 0.484375 0.368750 0.015625 0.015625
0 0.562500 0.368750 0.015625 0.015625
0 0.864062 0.373437 0.015625 0.015625
0 0.635938 0.378125 0.015625 0.015625
0 0.109375 0.379688 0.015625 0.015625
0 0.712500 0.379688 0.015625 0.015625
0 0.787500 0.379688 0.015625 0.015625
0 0.935937 0.393750 0.015625 0.015625
0 0.070312 0.435937 0.015625 0.015625
0 0.292187 0.437500 0.015625 0.015625
0 0.440625 0.439063 0.015625 0.015625
0 0.217188 0.439063 0.015625 0.015625
0 0.367188 0.439063 0.015625 0.015625
0 0.140625 0.442188 0.015625 0.015625
0 0.518750 0.442188 0.015625 0.015625
0 0.598437 0.443750 0.015625 0.015625
0 0.745313 0.446875 0.015625 0.015625
0 0.826562 0.448437 0.015625 0.015625
0 0.668750 0.448437 0.015625 0.015625
0 0.896875 0.450000 0.015625 0.015625
0 0.976562 0.459375 0.015625 0.015625
0 0.104688 0.498437 0.015625 0.015625
0 0.256250 0.504687 0.015625 0.015625
0 0.406250 0.504687 0.015625 0.015625
0 0.557813 0.507812 0.015625 0.015625
0 0.629687 0.507812 0.015625 0.015625
0 0.481250 0.507812 0.015625 0.015625
0 0.181250 0.509375 0.015625 0.015625
0 0.782813 0.510938 0.015625 0.015625
0 0.932813 0.521875 0.015625 0.015625
0 0.360938 0.560937 0.015625 0.015625
0 0.439063 0.567187 0.015625 0.015625
0 0.515625 0.570312 0.015625 0.015625
0 0.595313 0.570312 0.015625 0.015625
0 0.210938 0.584375 0.015625 0.015625
0 0.668750 0.585938 0.015625 0.015625
0 0.142187 0.585938 0.015625 0.015625
0 0.914062 0.609375 0.015625 0.015625
0 0.864062 0.623437 0.015625 0.015625
0 0.021875 0.626563 0.015625 0.015625
0 0.103125 0.631250 0.015625 0.015625
0 0.329688 0.634375 0.015625 0.015625
0 0.178125 0.634375 0.015625 0.015625
0 0.481250 0.635938 0.015625 0.015625
0 0.557813 0.637500 0.015625 0.015625
0 0.709375 0.637500 0.015625 0.015625
0 0.634375 0.637500 0.015625 0.015625
0 0.932813 0.646875 0.015625 0.015625
0 0.231250 0.664062 0.015625 0.015625
0 0.817187 0.712500 0.015625 0.015625
0 0.287500 0.717187 0.015625 0.015625
0 0.368750 0.717187 0.015625 0.015625
0 0.035937 0.721875 0.015625 0.015625
0 0.890625 0.725000 0.015625 0.015625
0 0.179688 0.760938 0.015625 0.015625
0 0.104688 0.765625 0.015625 0.015625
0 0.457813 0.767188 0.015625 0.015625
0 0.779687 0.767188 0.015625 0.015625
0 0.328125 0.768750 0.015625 0.015625
0 0.846875 0.770312 0.015625 0.015625
0 0.256250 0.770312 0.015625 0.015625
0 0.706250 0.770312 0.015625 0.015625
0 0.398438 0.770312 0.015625 0.015625
0 0.559375 0.770312 0.015625 0.015625
0 0.629687 0.776563 0.015625 0.015625
0 0.889062 0.807813 0.015625 0.015625
0 0.214062 0.832812 0.015625 0.015625
0 0.287500 0.835938 0.015625 0.015625
0 0.139063 0.837500 0.015625 0.015625
0 0.740625 0.856250 0.015625 0.015625
0 0.535937 0.859375 0.015625 0.015625
0 0.676562 0.860938 0.015625 0.015625
0 0.590625 0.860938 0.015625 0.015625
0 0.932813 0.873437 0.015625 0.015625
0 0.103125 0.893750 0.015625 0.015625
0 0.253125 0.895312 0.015625 0.015625
0 0.475000 0.904687 0.015625 0.015625
0 0.779687 0.907813 0.015625 0.015625
0 0.628125 0.907813 0.015625 0.015625
0 0.856250 0.909375 0.015625 0.015625
0 0.137500 0.964063 0.015625 0.015625
0 0.364063 0.965625 0.015625 0.015625
0 0.592187 0.965625 0.015625 0.015625
0 0.514062 0.965625 0.015625 0.015625
0 0.442188 0.965625 0.015625 0.015625
0 0.059375 0.968750 0.015625 0.015625
0 0.210938 0.970313 0.015625 0.015625
0 0.812500 0.989062 0.015625 0.015625
0 0.759375 0.990625 0.015625 0.015625
0 0.714063 0.990625 0.015625 0.015625
0 0.665625 0.992188 0.015625 0.015625
