0 0.009375 0.762500 0.015625 0.015625
0 0.159375 0.764062 0.015625 0.015625
0 0.190625 0.964063 0.015625 0.015625
0 0.043750 0.700000 0.015625 0.015625
0 0.045312 0.823438 0.015625 0.015625
0 0.150000 0.901563 0.015625 0.015625
0 0.539062 0.771875 0.015625 0.015625
0 0.462500 0.770312 0.015625 0.015625
0 0.384375 0.767188 0.015625 0.015625
0 0.915625 0.903125 0.015625 0.015625
0 0.459375 0.898438 0.015625 0.015625
0 0.309375 0.764062 0.015625 0.015625
0 0.537500 0.900000 0.015625 0.015625
0 0.950000 0.973437 0.015625 0.015625
0 0.418750 0.962500 0.015625 0.015625
0 0.235937 0.765625 0.015625 0.015625
0 0.646875 0.965625 0.015625 0.015625
0 0.378125 0.900000 0.015625 0.015625
0 0.959375 0.837500 0.015625 0.015625
0 0.615625 0.773438 0.015625 0.015625
0 0.496875 0.840625 0.015625 0.015625
0 0.879687 0.834375 0.015625 0.015625
0 0.234375 0.896875 0.015625 0.015625
0 0.990625 0.907813 0.015625 0.015625
0 0.573438 0.843750 0.015625 0.015625
0 0.270313 0.698438 0.015625 0.015625
0 0.345313 0.964063 0.015625 0.015625
0 0.612500 0.901563 0.015625 0.015625
0 0.120313 0.706250 0.015625 0.015625
0 0.190625 0.700000 0.015625 0.015625
0 0.348438 0.704688 0.015625 0.015625
0 0.421875 0.700000 0.015625 0.015625
0 0.500000 0.701562 0.015625 0.015625
0 0.581250 0.712500 0.015625 0.015625
0 0.084375 0.762500 0.015625 0.015625
0 0.118750 0.832812 0.015625 0.015625
0 0.195312 0.834375 0.015625 0.015625
0 0.273438 0.834375 0.015625 0.015625
0 0.345313 0.837500 0.015625 0.015625
0 0.428125 0.835938 0.015625 0.015625
0 0.070312 0.893750 0.015625 0.015625
0 0.023438 0.956250 0.015625 0.015625
0 0.110937 0.957812 0.015625 0.015625
0 0.270313 0.960938 0.015625 0.015625
0 0.568750 0.960938 0.015625 0.015625
0 0.687500 0.900000 0.015625 0.015625
0 0.650000 0.834375 0.015625 0.015625
0 0.720313 0.968750 0.015625 0.015625
0 0.993750 0.779687 0.015625 0.015625
0 0.917188 0.776563 0.015625 0.015625
0 0.960938 0.718750 0.015625 0.015625
0 0.884375 0.720313 0.015625 0.015625
0 0.842187 0.778125 0.015625 0.015625
0 0.815625 0.714063 0.015625 0.015625
0 0.728125 0.712500 0.015625 0.015625
0 0.760938 0.773438 0.015625 0.015625
0 0.764062 0.904687 0.015625 0.015625
0 0.728125 0.837500 0.015625 0.015625
0 0.803125 0.970313 0.015625 0.015625
0 0.695312 0.778125 0.015625 0.015625
0 0.837500 0.893750 0.015625 0.015625
0 0.801562 0.837500 0.015625 0.015625
