0 0.093750 0.031250 0.015625 0.015625
0 0.714063 0.035937 0.015625 0.015625
0 0.010937 0.037500 0.015625 0.015625
0 0.548438 0.039062 0.015625 0.015625
0 0.317188 0.039062 0.015625 0.015625
0 0.859375 0.042188 0.015625 0.015625
0 0.937500 0.043750 0.015625 0.015625
0 0.587500 0.048438 0.015625 0.015625
0 0.514062 0.092188 0.015625 0.015625
0 0.407813 0.093750 0.015625 0.015625
0 0.137500 0.096875 0.015625 0.015625
0 0.287500 0.098437 0.015625 0.015625
0 0.743750 0.098437 0.015625 0.015625
0 0.209375 0.100000 0.015625 0.015625
0 0.970313 0.103125 0.015625 0.015625
0 0.564063 0.106250 0.015625 0.015625
0 0.898438 0.107813 0.015625 0.015625
0 0.100000 0.151562 0.015625 0.015625
0 0.018750 0.159375 0.015625 0.015625
0 0.317188 0.160938 0.015625 0.015625
0 0.235937 0.168750 0.015625 0.015625
0 0.932813 0.176563 0.015625 0.015625
0 0.139063 0.225000 0.015625 0.015625
0 0.360938 0.228125 0.015625 0.015625
0 0.742188 0.235937 0.015625 0.015625
0 0.818750 0.237500 0.015625 0.015625
0 0.968750 0.243750 0.015625 0.015625
0 0.020313 0.276562 0.015625 0.015625
0 0.396875 0.289062 0.015625 0.015625
0 0.164062 0.301563 0.015625 0.015625
0 0.342187 0.334375 0.015625 0.015625
0 0.057813 0.351562 0.015625 0.015625
0 0.126562 0.356250 0.015625 0.015625
0 0.662500 0.360938 0.015625 0.015625
0 0.739062 0.364063 0.015625 0.015625
0 0.621875 0.423438 0.015625 0.015625
0 0.695312 0.431250 0.015625 0.015625
0 0.775000 0.431250 0.015625 0.015625
0 0.104688 0.432812 0.015625 0.015625
0 0.198437 0.445312 0.015625 0.015625
0 0.659375 0.490625 0.015625 0.015625
0 0.740625 0.498437 0.015625 0.015625
0 0.996875 0.560937 0.015625 0.015625
0 0.871875 0.593750 0.015625 0.015625
0 0.960938 0.634375 0.015625 0.015625
0 0.848437 0.695312 0.015625 0.015625
0 0.996875 0.701562 0.015625 0.015625
0 0.921875 0.703125 0.015625 0.015625
0 0.045312 0.746875 0.015625 0.015625
0 0.203125 0.746875 0.015625 0.015625
0 0.445312 0.759375 0.015625 0.015625
0 0.809375 0.760938 0.015625 0.015625
0 0.728125 0.762500 0.015625 0.015625
0 0.889062 0.767188 0.015625 0.015625
0 0.959375 0.767188 0.015625 0.015625
0 0.614062 0.793750 0.015625 0.015625
0 0.390625 0.815625 0.015625 0.015625
0 0.846875 0.825000 0.015625 0.015625
0 0.692187 0.828125 0.015625 0.015625
0 0.767188 0.831250 0.015625 0.015625
0 0.995313 0.837500 0.015625 0.015625
0 0.268750 0.884375 0.015625 0.015625
0 0.190625 0.885938 0.015625 0.015625
0 0.348438 0.889062 0.015625 0.015625
0 0.573438 0.892188 0.015625 0.015625
0 0.879687 0.898438 0.015625 0.015625
0 0.637500 0.898438 0.015625 0.015625
0 0.960938 0.898438 0.015625 0.015625
0 0.096875 0.940625 0.015625 0.015625
0 0.159375 0.943750 0.015625 0.015625
0 0.004687 0.945312 0.015625 0.015625
0 0.303125 0.951562 0.015625 0.015625
0 0.225000 0.953125 0.015625 0.015625
0 0.840625 0.960938 0.015625 0.015625
0 0.915625 0.964063 0.015625 0.015625
0 0.589063 0.992188 0.015625 0.015625
0 0.664062 0.103125 0.015625 0.015625
0 0.642188 0.173437 0.015625 0.015625
0 0.703125 0.179688 0.015625 0.015625
0 0.801562 0.900000 0.015625 0.015625
0 0.526563 0.953125 0.015625 0.015625
0 0.428125 0.893750 0.015625 0.015625
0 0.453125 0.954688 0.015625 0.015625
0 0.384375 0.950000 0.015625 0.015625
0 0.542188 0.820312 0.015625 0.015625
0 0.434375 0.357812 0.015625 0.015625
0 0.510938 0.357812 0.015625 0.015625
0 0.493750 0.429688 0.015625 0.015625
0 0.550000 0.428125 0.015625 0.015625
0 0.515625 0.479687 0.015625 0.015625
0 0.470313 0.160938 0.015625 0.015625
0 0.360938 0.104688 0.015625 0.015625
0 0.434375 0.221875 0.015625 0.015625
0 0.512500 0.228125 0.015625 0.015625
0 0.600000 0.232813 0.015625 0.015625
0 0.556250 0.167187 0.015625 0.015625
0 0.621875 0.304688 0.015625 0.015625
0 0.460938 0.296875 0.015625 0.015625
0 0.320312 0.289062 0.015625 0.015625
0 0.278125 0.223438 0.015625 0.015625
0 0.198437 0.223438 0.015625 0.015625
0 0.717187 0.303125 0.015625 0.015625
0 0.862500 0.306250 0.015625 0.015625
0 0.829688 0.362500 0.015625 0.015625
0 0.889062 0.360938 0.015625 0.015625
0 0.854688 0.440625 0.015625 0.015625
0 0.929688 0.434375 0.015625 0.015625
0 0.679688 0.225000 0.015625 0.015625
0 0.776563 0.175000 0.015625 0.015625
0 0.795312 0.121875 0.015625 0.015625
0 0.017188 0.681250 0.015625 0.015625
0 0.078125 0.684375 0.015625 0.015625
0 0.146875 0.679688 0.015625 0.015625
0 0.810937 0.632812 0.015625 0.015625
0 0.692187 0.696875 0.015625 0.015625
0 0.659375 0.756250 0.015625 0.015625
0 0.467187 0.818750 0.015625 0.015625
0 0.310937 0.821875 0.015625 0.015625
0 0.226562 0.810937 0.015625 0.015625
0 0.234375 0.768750 0.015625 0.015625
0 0.160938 0.809375 0.015625 0.015625
0 0.206250 0.353125 0.015625 0.015625
0 0.059375 0.232813 0.015625 0.015625
0 0.684375 0.960938 0.015625 0.015625
