0 0.132812 0.164062 0.015625 0.015625
0 0.545312 0.232813 0.015625 0.015625
0 0.242188 0.229687 0.015625 0.015625
0 0.020313 0.098437 0.015625 0.015625
0 0.125000 0.293750 0.015625 0.015625
0 0.359375 0.035937 0.015625 0.015625
0 0.092188 0.096875 0.015625 0.015625
0 0.057813 0.031250 0.015625 0.015625
0 0.167187 0.100000 0.015625 0.015625
0 0.054688 0.162500 0.015625 0.015625
0 0.132812 0.034375 0.015625 0.015625
0 0.276562 0.293750 0.015625 0.015625
0 0.089063 0.226562 0.015625 0.015625
0 0.206250 0.167187 0.015625 0.015625
0 0.392188 0.364063 0.015625 0.015625
0 0.240625 0.360938 0.015625 0.015625
0 0.287500 0.034375 0.015625 0.015625
0 0.315625 0.229687 0.015625 0.015625
0 0.315625 0.362500 0.015625 0.015625
0 0.282813 0.429688 0.015625 0.015625
0 0.473438 0.235937 0.015625 0.015625
0 0.170313 0.228125 0.015625 0.015625
0 0.201563 0.293750 0.015625 0.015625
0 0.393750 0.231250 0.015625 0.015625
0 0.014063 0.357812 0.015625 0.015625
0 0.506250 0.165625 0.015625 0.015625
0 0.209375 0.034375 0.015625 0.015625
0 0.576562 0.434375 0.015625 0.015625
0 0.700000 0.239063 0.015625 0.015625
0 0.882812 0.440625 0.015625 0.015625
0 0.053125 0.292187 0.015625 0.015625
0 0.473438 0.100000 0.015625 0.015625
0 0.778125 0.104688 0.015625 0.015625
0 0.853125 0.107813 0.015625 0.015625
0 0.731250 0.434375 0.015625 0.015625
0 0.623437 0.234375 0.015625 0.015625
0 0.957812 0.445312 0.015625 0.015625
0 0.621875 0.364063 0.015625 0.015625
0 0.848437 0.239063 0.015625 0.015625
0 0.962500 0.039062 0.015625 0.015625
0 0.926562 0.240625 0.015625 0.015625
0 0.998437 0.240625 0.015625 0.015625
0 0.925000 0.106250 0.015625 0.015625
0 0.656250 0.301563 0.015625 0.015625
0 0.532813 0.362500 0.015625 0.015625
0 0.507812 0.037500 0.015625 0.015625
0 0.201563 0.428125 0.015625 0.015625
0 0.429688 0.300000 0.015625 0.015625
0 0.846875 0.367188 0.015625 0.015625
0 0.428125 0.429688 0.015625 0.015625
0 0.810937 0.437500 0.015625 0.015625
0 0.923438 0.370312 0.015625 0.015625
0 0.279687 0.167187 0.015625 0.015625
0 0.393750 0.095312 0.015625 0.015625
0 0.317188 0.492188 0.015625 0.015625
0 0.243750 0.098437 0.015625 0.015625
0 0.504687 0.428125 0.015625 0.015625
0 0.582812 0.300000 0.015625 0.015625
0 0.731250 0.301563 0.015625 0.015625
0 0.546875 0.500000 0.015625 0.015625
0 0.353125 0.428125 0.015625 0.015625
0 0.700000 0.101562 0.015625 0.015625
0 0.957812 0.173437 0.015625 0.015625
0 0.818750 0.034375 0.015625 0.015625
0 0.731250 0.037500 0.015625 0.015625
0 0.662500 0.040625 0.015625 0.015625
0 0.025000 0.231250 0.015625 0.015625
0 0.095312 0.357812 0.015625 0.015625
0 0.164062 0.360938 0.015625 0.015625
0 0.129688 0.426563 0.015625 0.015625
0 0.059375 0.423438 0.015625 0.015625
0 0.056250 0.481250 0.015625 0.015625
0 0.107813 0.481250 0.015625 0.015625
0 0.171875 0.485938 0.015625 0.015625
0 0.250000 0.489063 0.015625 0.015625
0 0.323437 0.101562 0.015625 0.015625
0 0.353125 0.164062 0.015625 0.015625
0 0.764062 0.235937 0.015625 0.015625
0 0.585938 0.162500 0.015625 0.015625
0 0.653125 0.168750 0.015625 0.015625
0 0.817187 0.178125 0.015625 0.015625
0 0.723437 0.167187 0.015625 0.015625
0 0.784375 0.367188 0.015625 0.015625
0 0.689063 0.362500 0.015625 0.015625
0 0.353125 0.292187 0.015625 0.015625
0 0.462500 0.362500 0.015625 0.015625
0 0.520312 0.300000 0.015625 0.015625
0 0.803125 0.303125 0.015625 0.015625
0 0.892188 0.303125 0.015625 0.015625
0 0.954688 0.304688 0.015625 0.015625
0 0.406250 0.484375 0.015625 0.015625
0 0.473438 0.490625 0.015625 0.015625
0 0.628125 0.496875 0.015625 0.015625
0 0.695312 0.504687 0.015625 0.015625
0 0.770312 0.503125 0.015625 0.015625
0 0.826562 0.506250 0.015625 0.015625
0 0.895312 0.504687 0.015625 0.015625
0 0.957812 0.506250 0.015625 0.015625
0 0.615625 0.095312 0.015625 0.015625
0 0.592187 0.037500 0.015625 0.015625
0 0.889062 0.176563 0.015625 0.015625
0 0.890625 0.034375 0.015625 0.015625
0 0.435937 0.037500 0.015625 0.015625
0 0.415625 0.173437 0.015625 0.015625
0 0.664062 0.435937 0.015625 0.015625
