0 0.598437 0.600000 0.015625 0.015625
0 0.412500 0.270313 0.015625 0.015625
0 0.335938 0.271875 0.015625 0.015625
0 0.290625 0.462500 0.015625 0.015625
0 0.060937 0.465625 0.015625 0.015625
0 0.059375 0.592187 0.015625 0.015625
0 0.671875 0.603125 0.015625 0.015625
0 0.717187 0.276562 0.015625 0.015625
0 0.290625 0.598437 0.015625 0.015625
0 0.521875 0.471875 0.015625 0.015625
0 0.148438 0.071875 0.015625 0.015625
0 0.867188 0.543750 0.015625 0.015625
0 0.595313 0.471875 0.015625 0.015625
0 0.870313 0.018750 0.015625 0.015625
0 0.135937 0.465625 0.015625 0.015625
0 0.567187 0.273438 0.015625 0.015625
0 0.867188 0.278125 0.015625 0.015625
0 0.135937 0.593750 0.015625 0.015625
0 0.640625 0.145313 0.015625 0.015625
0 0.521875 0.600000 0.015625 0.015625
0 0.942187 0.543750 0.015625 0.015625
0 0.642188 0.275000 0.015625 0.015625
0 0.248438 0.270313 0.015625 0.015625
0 0.901563 0.612500 0.015625 0.015625
0 0.754687 0.343750 0.015625 0.015625
0 0.864062 0.675000 0.015625 0.015625
0 0.062500 0.721875 0.015625 0.015625
0 0.367188 0.468750 0.015625 0.015625
0 0.787500 0.671875 0.015625 0.015625
0 0.368750 0.335938 0.015625 0.015625
0 0.751563 0.475000 0.015625 0.015625
0 0.564063 0.396875 0.015625 0.015625
0 0.375000 0.201563 0.015625 0.015625
0 0.325000 0.401562 0.015625 0.015625
0 0.448437 0.201563 0.015625 0.015625
0 0.792188 0.275000 0.015625 0.015625
0 0.214062 0.728125 0.015625 0.015625
0 0.790625 0.410938 0.015625 0.015625
0 0.673438 0.471875 0.015625 0.015625
0 0.446875 0.471875 0.015625 0.015625
0 0.903125 0.212500 0.015625 0.015625
0 0.212500 0.467187 0.015625 0.015625
0 0.212500 0.596875 0.015625 0.015625
0 0.482812 0.535937 0.015625 0.015625
0 0.903125 0.476562 0.015625 0.015625
0 0.367188 0.600000 0.015625 0.015625
0 0.443750 0.600000 0.015625 0.015625
0 0.454688 0.075000 0.015625 0.015625
0 0.285938 0.732812 0.015625 0.015625
0 0.787500 0.546875 0.015625 0.015625
0 0.067187 0.196875 0.015625 0.015625
0 0.943750 0.412500 0.015625 0.015625
0 0.595313 0.725000 0.015625 0.015625
0 0.190625 0.004687 0.015625 0.015625
0 0.798438 0.014063 0.015625 0.015625
0 0.720313 0.015625 0.015625 0.015625
0 0.523438 0.339062 0.015625 0.015625
0 0.717187 0.145313 0.015625 0.015625
0 0.340625 0.010937 0.015625 0.015625
0 0.490625 0.140625 0.015625 0.015625
0 0.093750 0.528125 0.015625 0.015625
0 0.250000 0.401562 0.015625 0.015625
0 0.600000 0.204687 0.015625 0.015625
0 0.835938 0.079687 0.015625 0.015625
0 0.865625 0.410938 0.015625 0.015625
0 0.746875 0.609375 0.015625 0.015625
0 0.868750 0.145313 0.015625 0.015625
0 0.715625 0.401562 0.015625 0.015625
0 0.679688 0.210938 0.015625 0.015625
0 0.714063 0.542188 0.015625 0.015625
0 0.410938 0.404687 0.015625 0.015625
0 0.400000 0.535937 0.015625 0.015625
0 0.440625 0.725000 0.015625 0.015625
0 0.564063 0.143750 0.015625 0.015625
0 0.492188 0.010937 0.015625 0.015625
0 0.035937 0.001563 0.015625 0.015625
0 0.637500 0.401562 0.015625 0.015625
0 0.298438 0.200000 0.015625 0.015625
0 0.907813 0.343750 0.015625 0.015625
0 0.946875 0.018750 0.015625 0.015625
0 0.643750 0.015625 0.015625 0.015625
0 0.171875 0.651563 0.015625 0.015625
0 0.562500 0.665625 0.015625 0.015625
0 0.679688 0.078125 0.015625 0.015625
0 0.248438 0.532813 0.015625 0.015625
0 0.942187 0.145313 0.015625 0.015625
0 0.139063 0.723437 0.015625 0.015625
0 0.601562 0.340625 0.015625 0.015625
0 0.173437 0.401562 0.015625 0.015625
0 0.489063 0.271875 0.015625 0.015625
0 0.682813 0.340625 0.015625 0.015625
0 0.485938 0.409375 0.015625 0.015625
0 0.026562 0.268750 0.015625 0.015625
0 0.632812 0.534375 0.015625 0.015625
0 0.112500 0.010937 0.015625 0.015625
0 0.982812 0.343750 0.015625 0.015625
0 0.975000 0.612500 0.015625 0.015625
0 0.937500 0.684375 0.015625 0.015625
0 0.942187 0.282813 0.015625 0.015625
0 0.982812 0.212500 0.015625 0.015625
0 0.829688 0.476562 0.015625 0.015625
0 0.759375 0.079687 0.015625 0.015625
0 0.982812 0.478125 0.015625 0.015625
0 0.862500 0.803125 0.015625 0.015625
0 0.095312 0.793750 0.015625 0.015625
0 0.475000 0.796875 0.015625 0.015625
0 0.896875 0.870313 0.015625 0.015625
0 0.743750 0.864062 0.015625 0.015625
0 0.592187 0.860938 0.015625 0.015625
0 0.787500 0.801562 0.015625 0.015625
0 0.634375 0.792188 0.015625 0.015625
0 0.670312 0.993750 0.015625 0.015625
0 0.284375 0.987500 0.015625 0.015625
0 0.173437 0.795312 0.015625 0.015625
0 0.746875 0.995313 0.015625 0.015625
0 0.517188 0.860938 0.015625 0.015625
0 0.671875 0.860938 0.015625 0.015625
0 0.556250 0.923438 0.015625 0.015625
0 0.134375 0.860938 0.015625 0.015625
0 0.050000 0.989062 0.015625 0.015625
0 0.248438 0.796875 0.015625 0.015625
0 0.360938 0.985938 0.015625 0.015625
0 0.048438 0.859375 0.015625 0.015625
0 0.015625 0.792188 0.015625 0.015625
0 0.556250 0.793750 0.015625 0.015625
0 0.287500 0.859375 0.015625 0.015625
0 0.012500 0.920312 0.015625 0.015625
0 0.396875 0.921875 0.015625 0.015625
0 0.637500 0.923438 0.015625 0.015625
0 0.321875 0.793750 0.015625 0.015625
0 0.517188 0.726562 0.015625 0.015625
0 0.210938 0.860938 0.015625 0.015625
0 0.939063 0.804688 0.015625 0.015625
0 0.981250 0.873437 0.015625 0.015625
0 0.706250 0.929688 0.015625 0.015625
0 0.789062 0.934375 0.015625 0.015625
0 0.864062 0.931250 0.015625 0.015625
0 0.118750 0.984375 0.015625 0.015625
0 0.196875 0.985938 0.015625 0.015625
0 0.440625 0.989062 0.015625 0.015625
0 0.512500 0.989062 0.015625 0.015625
0 0.087500 0.921875 0.015625 0.015625
0 0.170313 0.926562 0.015625 0.015625
0 0.314063 0.921875 0.015625 0.015625
0 0.365625 0.857812 0.015625 0.015625
0 0.439063 0.860938 0.015625 0.015625
0 0.392188 0.795312 0.015625 0.015625
0 0.473438 0.923438 0.015625 0.015625
0 0.626563 0.665625 0.015625 0.015625
0 0.706250 0.665625 0.015625 0.015625
0 0.475000 0.665625 0.015625 0.015625
0 0.407813 0.664062 0.015625 0.015625
0 0.328125 0.665625 0.015625 0.015625
0 0.260937 0.665625 0.015625 0.015625
0 0.096875 0.659375 0.015625 0.015625
0 0.014063 0.654687 0.015625 0.015625
0 0.835938 0.607812 0.015625 0.015625
0 0.750000 0.732812 0.015625 0.015625
0 0.828125 0.740625 0.015625 0.015625
0 0.917188 0.740625 0.015625 0.015625
0 0.971875 0.743750 0.015625 0.015625
0 0.828125 0.867188 0.015625 0.015625
0 0.701562 0.798438 0.015625 0.015625
0 0.026562 0.135937 0.015625 0.015625
0 0.110937 0.135937 0.015625 0.015625
0 0.193750 0.135937 0.015625 0.015625
0 0.265625 0.132812 0.015625 0.015625
0 0.335938 0.137500 0.015625 0.015625
0 0.412500 0.137500 0.015625 0.015625
0 0.907813 0.084375 0.015625 0.015625
0 0.993750 0.084375 0.015625 0.015625
0 0.096875 0.401562 0.015625 0.015625
0 0.020313 0.400000 0.015625 0.015625
0 0.031250 0.534375 0.015625 0.015625
0 0.181250 0.534375 0.015625 0.015625
0 0.107813 0.264062 0.015625 0.015625
0 0.171875 0.267188 0.015625 0.015625
0 0.226562 0.075000 0.015625 0.015625
0 0.379688 0.075000 0.015625 0.015625
0 0.420312 0.004687 0.015625 0.015625
0 0.532813 0.065625 0.015625 0.015625
0 0.609375 0.073438 0.015625 0.015625
