0 0.604688 0.007812 0.015625 0.015625
0 0.790625 0.018750 0.015625 0.015625
0 0.867188 0.020313 0.015625 0.015625
0 0.940625 0.025000 0.015625 0.015625
0 0.348438 0.042188 0.015625 0.015625
0 0.510938 0.043750 0.015625 0.015625
0 0.764062 0.054688 0.015625 0.015625
0 0.631250 0.054688 0.015625 0.015625
0 0.907813 0.093750 0.015625 0.015625
0 0.831250 0.098437 0.015625 0.015625
0 0.987500 0.101562 0.015625 0.015625
0 0.600000 0.104688 0.015625 0.015625
0 0.375000 0.106250 0.015625 0.015625
0 0.746875 0.110937 0.015625 0.015625
0 0.529687 0.112500 0.015625 0.015625
0 0.684375 0.129688 0.015625 0.015625
0 0.812500 0.137500 0.015625 0.015625
0 0.889062 0.143750 0.015625 0.015625
0 0.935937 0.145313 0.015625 0.015625
0 0.634375 0.187500 0.015625 0.015625
0 0.710938 0.196875 0.015625 0.015625
0 0.773438 0.206250 0.015625 0.015625
0 0.843750 0.207813 0.015625 0.015625
0 0.987500 0.209375 0.015625 0.015625
0 0.434375 0.231250 0.015625 0.015625
0 0.365625 0.245312 0.015625 0.015625
0 0.685937 0.260937 0.015625 0.015625
0 0.539062 0.260937 0.015625 0.015625
0 0.896875 0.264062 0.015625 0.015625
0 0.629687 0.264062 0.015625 0.015625
0 0.806250 0.265625 0.015625 0.015625
0 0.970313 0.267188 0.015625 0.015625
0 0.357812 0.314063 0.015625 0.015625
0 0.442188 0.314063 0.015625 0.015625
0 0.860938 0.325000 0.015625 0.015625
0 0.939063 0.334375 0.015625 0.015625
0 0.790625 0.351562 0.015625 0.015625
0 0.564063 0.371875 0.015625 0.015625
0 0.475000 0.381250 0.015625 0.015625
0 0.395313 0.395313 0.015625 0.015625
0 0.979688 0.398438 0.015625 0.015625
0 0.862500 0.412500 0.015625 0.015625
0 0.700000 0.415625 0.015625 0.015625
0 0.628125 0.435937 0.015625 0.015625
0 0.525000 0.467187 0.015625 0.015625
0 0.723437 0.468750 0.015625 0.015625
0 0.485938 0.493750 0.015625 0.015625
0 0.668750 0.504687 0.015625 0.015625
0 0.889062 0.531250 0.015625 0.015625
0 0.984375 0.534375 0.015625 0.015625
0 0.707812 0.553125 0.015625 0.015625
0 0.565625 0.562500 0.015625 0.015625
0 0.650000 0.573438 0.015625 0.015625
0 0.434375 0.592187 0.015625 0.015625
0 0.767188 0.595313 0.015625 0.015625
0 0.882812 0.601562 0.015625 0.015625
0 0.529687 0.631250 0.015625 0.015625
0 0.709375 0.662500 0.015625 0.015625
0 0.962500 0.664062 0.015625 0.015625
0 0.831250 0.667188 0.015625 0.015625
0 0.476562 0.685937 0.015625 0.015625
0 0.781250 0.698438 0.015625 0.015625
0 0.560937 0.698438 0.015625 0.015625
0 0.931250 0.712500 0.015625 0.015625
0 0.434375 0.728125 0.015625 0.015625
0 0.890625 0.759375 0.015625 0.015625
0 0.389062 0.767188 0.015625 0.015625
0 0.554688 0.784375 0.015625 0.015625
0 0.801562 0.784375 0.015625 0.015625
0 0.654687 0.795312 0.015625 0.015625
0 0.457813 0.807813 0.015625 0.015625
0 0.918750 0.817187 0.015625 0.015625
0 0.328125 0.821875 0.015625 0.015625
0 0.551562 0.831250 0.015625 0.015625
0 0.270313 0.865625 0.015625 0.015625
0 0.662500 0.882812 0.015625 0.015625
0 0.584375 0.893750 0.015625 0.015625
0 0.417187 0.900000 0.015625 0.015625
0 0.303125 0.909375 0.015625 0.015625
0 0.490625 0.910937 0.015625 0.015625
0 0.209375 0.912500 0.015625 0.015625
0 0.989062 0.932813 0.015625 0.015625
0 0.857812 0.934375 0.015625 0.015625
0 0.742188 0.934375 0.015625 0.015625
0 0.626563 0.967187 0.015625 0.015625
0 0.543750 0.970313 0.015625 0.015625
0 0.693750 0.975000 0.015625 0.015625
0 0.459375 0.979688 0.015625 0.015625
0 0.782813 0.987500 0.015625 0.015625
0 0.343750 0.989062 0.015625 0.015625
0 0.167187 0.992188 0.015625 0.015625
