0 0.056250 0.007812 0.015625 0.015625
0 0.810937 0.012500 0.015625 0.015625
0 0.759375 0.012500 0.015625 0.015625
0 0.950000 0.020313 0.015625 0.015625
0 0.109375 0.032813 0.015625 0.015625
0 0.009375 0.035937 0.015625 0.015625
0 0.165625 0.039062 0.015625 0.015625
0 0.537500 0.045312 0.015625 0.015625
0 0.385937 0.045312 0.015625 0.015625
0 0.612500 0.048438 0.015625 0.015625
0 0.460938 0.053125 0.015625 0.015625
0 0.723437 0.062500 0.015625 0.015625
0 0.854688 0.087500 0.015625 0.015625
0 0.206250 0.101562 0.015625 0.015625
0 0.053125 0.104688 0.015625 0.015625
0 0.131250 0.106250 0.015625 0.015625
0 0.948438 0.120313 0.015625 0.015625
0 0.728125 0.120313 0.015625 0.015625
0 0.995313 0.121875 0.015625 0.015625
0 0.846875 0.167187 0.015625 0.015625
0 0.092188 0.167187 0.015625 0.015625
0 0.012500 0.170313 0.015625 0.015625
0 0.764062 0.173437 0.015625 0.015625
0 0.410938 0.175000 0.015625 0.015625
0 0.185938 0.176563 0.015625 0.015625
0 0.465625 0.179688 0.015625 0.015625
0 0.692187 0.181250 0.015625 0.015625
0 0.956250 0.215625 0.015625 0.015625
0 0.589063 0.231250 0.015625 0.015625
0 0.857812 0.239063 0.015625 0.015625
0 0.129688 0.239063 0.015625 0.015625
0 0.051562 0.239063 0.015625 0.015625
0 0.379688 0.240625 0.015625 0.015625
0 0.506250 0.242188 0.015625 0.015625
0 0.204687 0.242188 0.015625 0.015625
0 0.276562 0.243750 0.015625 0.015625
0 0.718750 0.245312 0.015625 0.015625
0 0.798438 0.256250 0.015625 0.015625
0 0.235937 0.281250 0.015625 0.015625
0 0.087500 0.298438 0.015625 0.015625
0 0.164062 0.298438 0.015625 0.015625
0 0.342187 0.300000 0.015625 0.015625
0 0.012500 0.300000 0.015625 0.015625
0 0.537500 0.307812 0.015625 0.015625
0 0.689063 0.310937 0.015625 0.015625
0 0.842187 0.310937 0.015625 0.015625
0 0.764062 0.314063 0.015625 0.015625
0 0.967187 0.345313 0.015625 0.015625
0 0.123438 0.359375 0.015625 0.015625
0 0.278125 0.360938 0.015625 0.015625
0 0.201563 0.362500 0.015625 0.015625
0 0.046875 0.365625 0.015625 0.015625
0 0.717187 0.365625 0.015625 0.015625
0 0.425000 0.375000 0.015625 0.015625
0 0.796875 0.379688 0.015625 0.015625
0 0.953125 0.389062 0.015625 0.015625
0 0.870313 0.390625 0.015625 0.015625
0 0.585938 0.403125 0.015625 0.015625
0 0.007812 0.428125 0.015625 0.015625
0 0.160938 0.428125 0.015625 0.015625
0 0.239063 0.429688 0.015625 0.015625
0 0.081250 0.431250 0.015625 0.015625
0 0.312500 0.431250 0.015625 0.015625
0 0.385937 0.432812 0.015625 0.015625
0 0.912500 0.443750 0.015625 0.015625
0 0.760938 0.446875 0.015625 0.015625
0 0.693750 0.448437 0.015625 0.015625
0 0.829688 0.462500 0.015625 0.015625
0 0.789062 0.479687 0.015625 0.015625
0 0.875000 0.481250 0.015625 0.015625
0 0.200000 0.496875 0.015625 0.015625
0 0.120313 0.496875 0.015625 0.015625
0 0.278125 0.498437 0.015625 0.015625
0 0.354687 0.501563 0.015625 0.015625
0 0.428125 0.501563 0.015625 0.015625
0 0.582812 0.507812 0.015625 0.015625
0 0.945312 0.507812 0.015625 0.015625
0 0.507812 0.509375 0.015625 0.015625
0 0.860938 0.539062 0.015625 0.015625
0 0.610938 0.556250 0.015625 0.015625
0 0.007812 0.557813 0.015625 0.015625
0 0.084375 0.559375 0.015625 0.015625
0 0.160938 0.559375 0.015625 0.015625
0 0.310937 0.560937 0.015625 0.015625
0 0.235937 0.560937 0.015625 0.015625
0 0.390625 0.565625 0.015625 0.015625
0 0.900000 0.567187 0.015625 0.015625
0 0.785937 0.568750 0.015625 0.015625
0 0.464062 0.573438 0.015625 0.015625
0 0.690625 0.578125 0.015625 0.015625
0 0.585938 0.600000 0.015625 0.015625
0 0.051562 0.618750 0.015625 0.015625
0 0.109375 0.632812 0.015625 0.015625
0 0.420312 0.634375 0.015625 0.015625
0 0.193750 0.635938 0.015625 0.015625
0 0.796875 0.643750 0.015625 0.015625
0 0.653125 0.643750 0.015625 0.015625
0 0.720313 0.646875 0.015625 0.015625
0 0.312500 0.681250 0.015625 0.015625
0 0.384375 0.681250 0.015625 0.015625
0 0.235937 0.687500 0.015625 0.015625
0 0.010937 0.687500 0.015625 0.015625
0 0.082812 0.687500 0.015625 0.015625
0 0.534375 0.695312 0.015625 0.015625
0 0.156250 0.709375 0.015625 0.015625
0 0.460938 0.710938 0.015625 0.015625
0 0.409375 0.723437 0.015625 0.015625
0 0.614062 0.725000 0.015625 0.015625
0 0.682813 0.725000 0.015625 0.015625
0 0.754687 0.729688 0.015625 0.015625
0 0.268750 0.729688 0.015625 0.015625
0 0.350000 0.748437 0.015625 0.015625
0 0.046875 0.751563 0.015625 0.015625
0 0.115625 0.764062 0.015625 0.015625
0 0.406250 0.768750 0.015625 0.015625
0 0.498437 0.770312 0.015625 0.015625
0 0.189062 0.770312 0.015625 0.015625
0 0.576562 0.775000 0.015625 0.015625
0 0.876563 0.776563 0.015625 0.015625
0 0.646875 0.776563 0.015625 0.015625
0 0.712500 0.778125 0.015625 0.015625
0 0.996875 0.821875 0.015625 0.015625
0 0.084375 0.823438 0.015625 0.015625
0 0.387500 0.826562 0.015625 0.015625
0 0.015625 0.828125 0.015625 0.015625
0 0.157812 0.829688 0.015625 0.015625
0 0.460938 0.834375 0.015625 0.015625
0 0.235937 0.835938 0.015625 0.015625
0 0.634375 0.839063 0.015625 0.015625
0 0.307812 0.840625 0.015625 0.015625
0 0.545312 0.842187 0.015625 0.015625
0 0.748437 0.845313 0.015625 0.015625
0 0.925000 0.851562 0.015625 0.015625
0 0.821875 0.856250 0.015625 0.015625
0 0.357812 0.864062 0.015625 0.015625
0 0.054688 0.890625 0.015625 0.015625
0 0.190625 0.896875 0.015625 0.015625
0 0.426563 0.896875 0.015625 0.015625
0 0.712500 0.898438 0.015625 0.015625
0 0.268750 0.898438 0.015625 0.015625
0 0.785937 0.900000 0.015625 0.015625
0 0.492188 0.900000 0.015625 0.015625
0 0.328125 0.901563 0.015625 0.015625
0 0.648438 0.901563 0.015625 0.015625
0 0.576562 0.904687 0.015625 0.015625
0 0.309375 0.937500 0.015625 0.015625
0 0.090625 0.960938 0.015625 0.015625
0 0.385937 0.964063 0.015625 0.015625
0 0.459375 0.965625 0.015625 0.015625
0 0.148438 0.967187 0.015625 0.015625
0 0.535937 0.970313 0.015625 0.015625
0 0.985938 0.970313 0.015625 0.015625
0 0.684375 0.971875 0.015625 0.015625
0 0.821875 0.973437 0.015625 0.015625
0 0.607812 0.975000 0.015625 0.015625
0 0.246875 0.976562 0.015625 0.015625
0 0.743750 0.984375 0.015625 0.015625
0 0.307812 0.985938 0.015625 0.015625
0 0.785937 0.985938 0.015625 0.015625
