0 0.100000 0.048438 0.015625 0.015625
0 0.168750 0.037500 0.015625 0.015625
0 0.246875 0.039062 0.015625 0.015625
0 0.317188 0.051562 0.015625 0.015625
0 0.392188 0.048438 0.015625 0.015625
0 0.467187 0.053125 0.015625 0.015625
0 0.545312 0.050000 0.015625 0.015625
0 0.620313 0.048438 0.015625 0.015625
0 0.704688 0.056250 0.015625 0.015625
0 0.784375 0.057813 0.015625 0.015625
0 0.857812 0.057813 0.015625 0.015625
0 0.918750 0.057813 0.015625 0.015625
0 0.995313 0.054688 0.015625 0.015625
0 0.164062 0.160938 0.015625 0.015625
0 0.209375 0.104688 0.015625 0.015625
0 0.284375 0.098437 0.015625 0.015625
0 0.357812 0.103125 0.015625 0.015625
0 0.425000 0.103125 0.015625 0.015625
0 0.500000 0.103125 0.015625 0.015625
0 0.585938 0.106250 0.015625 0.015625
0 0.651563 0.104688 0.015625 0.015625
0 0.735938 0.104688 0.015625 0.015625
0 0.812500 0.110937 0.015625 0.015625
0 0.890625 0.112500 0.015625 0.015625
0 0.956250 0.109375 0.015625 0.015625
0 0.321875 0.170313 0.015625 0.015625
0 0.390625 0.170313 0.015625 0.015625
0 0.473438 0.173437 0.015625 0.015625
0 0.545312 0.176563 0.015625 0.015625
0 0.696875 0.179688 0.015625 0.015625
0 0.768750 0.176563 0.015625 0.015625
0 0.848437 0.176563 0.015625 0.015625
0 0.914062 0.209375 0.015625 0.015625
0 0.929688 0.171875 0.015625 0.015625
0 0.282813 0.234375 0.015625 0.015625
0 0.203125 0.228125 0.015625 0.015625
0 0.248438 0.290625 0.015625 0.015625
0 0.354687 0.231250 0.015625 0.015625
0 0.310937 0.303125 0.015625 0.015625
0 0.393750 0.298438 0.015625 0.015625
0 0.440625 0.232813 0.015625 0.015625
0 0.510938 0.229687 0.015625 0.015625
0 0.551562 0.287500 0.015625 0.015625
0 0.575000 0.235937 0.015625 0.015625
0 0.621875 0.296875 0.015625 0.015625
0 0.657813 0.242188 0.015625 0.015625
0 0.698438 0.301563 0.015625 0.015625
0 0.735938 0.235937 0.015625 0.015625
0 0.775000 0.300000 0.015625 0.015625
0 0.798438 0.243750 0.015625 0.015625
0 0.845313 0.298438 0.015625 0.015625
0 0.884375 0.243750 0.015625 0.015625
0 0.965625 0.243750 0.015625 0.015625
0 0.270313 0.362500 0.015625 0.015625
0 0.309375 0.423438 0.015625 0.015625
0 0.354687 0.365625 0.015625 0.015625
0 0.385937 0.432812 0.015625 0.015625
0 0.425000 0.367188 0.015625 0.015625
0 0.459375 0.432812 0.015625 0.015625
0 0.496875 0.373437 0.015625 0.015625
0 0.537500 0.432812 0.015625 0.015625
0 0.581250 0.368750 0.015625 0.015625
0 0.612500 0.431250 0.015625 0.015625
0 0.659375 0.371875 0.015625 0.015625
0 0.693750 0.431250 0.015625 0.015625
0 0.731250 0.367188 0.015625 0.015625
0 0.771875 0.432812 0.015625 0.015625
0 0.800000 0.371875 0.015625 0.015625
0 0.839063 0.440625 0.015625 0.015625
0 0.884375 0.379688 0.015625 0.015625
0 0.914062 0.450000 0.015625 0.015625
0 0.962500 0.379688 0.015625 0.015625
0 0.995313 0.437500 0.015625 0.015625
0 0.342187 0.495312 0.015625 0.015625
0 0.384375 0.564063 0.015625 0.015625
0 0.431250 0.493750 0.015625 0.015625
0 0.457813 0.557813 0.015625 0.015625
0 0.504687 0.498437 0.015625 0.015625
0 0.545312 0.564063 0.015625 0.015625
0 0.573438 0.501563 0.015625 0.015625
0 0.612500 0.557813 0.015625 0.015625
0 0.651563 0.503125 0.015625 0.015625
0 0.687500 0.564063 0.015625 0.015625
0 0.739062 0.510938 0.015625 0.015625
0 0.770312 0.562500 0.015625 0.015625
0 0.809375 0.506250 0.015625 0.015625
0 0.845313 0.567187 0.015625 0.015625
0 0.885938 0.509375 0.015625 0.015625
0 0.918750 0.568750 0.015625 0.015625
0 0.956250 0.506250 0.015625 0.015625
0 0.992188 0.565625 0.015625 0.015625
0 0.435937 0.628125 0.015625 0.015625
0 0.462500 0.689063 0.015625 0.015625
0 0.503125 0.629687 0.015625 0.015625
0 0.529687 0.692187 0.015625 0.015625
0 0.576562 0.629687 0.015625 0.015625
0 0.604688 0.687500 0.015625 0.015625
0 0.646875 0.625000 0.015625 0.015625
0 0.684375 0.690625 0.015625 0.015625
0 0.725000 0.635938 0.015625 0.015625
0 0.754687 0.692187 0.015625 0.015625
0 0.800000 0.632812 0.015625 0.015625
0 0.851562 0.692187 0.015625 0.015625
0 0.878125 0.634375 0.015625 0.015625
0 0.907813 0.685937 0.015625 0.015625
0 0.956250 0.631250 0.015625 0.015625
0 0.979688 0.693750 0.015625 0.015625
0 0.515625 0.759375 0.015625 0.015625
0 0.548438 0.821875 0.015625 0.015625
0 0.570312 0.765625 0.015625 0.015625
0 0.612500 0.818750 0.015625 0.015625
0 0.646875 0.756250 0.015625 0.015625
0 0.726562 0.757812 0.015625 0.015625
0 0.790625 0.764062 0.015625 0.015625
0 0.868750 0.765625 0.015625 0.015625
0 0.942187 0.767188 0.015625 0.015625
0 0.650000 0.896875 0.015625 0.015625
0 0.684375 0.957812 0.015625 0.015625
0 0.723437 0.890625 0.015625 0.015625
0 0.765625 0.964063 0.015625 0.015625
0 0.796875 0.893750 0.015625 0.015625
0 0.839063 0.960938 0.015625 0.015625
0 0.873437 0.898438 0.015625 0.015625
0 0.909375 0.962500 0.015625 0.015625
0 0.942187 0.906250 0.015625 0.015625
0 0.995313 0.967187 0.015625 0.015625
0 0.012500 0.684375 0.015625 0.015625
0 0.045312 0.492188 0.015625 0.015625
0 0.084375 0.685937 0.015625 0.015625
0 0.234375 0.689063 0.015625 0.015625
0 0.012500 0.425000 0.015625 0.015625
0 0.090625 0.426563 0.015625 0.015625
0 0.084375 0.554688 0.015625 0.015625
0 0.160938 0.687500 0.015625 0.015625
0 0.164062 0.426563 0.015625 0.015625
0 0.009375 0.551562 0.015625 0.015625
0 0.415625 0.890625 0.015625 0.015625
0 0.042188 0.753125 0.015625 0.015625
0 0.264062 0.889062 0.015625 0.015625
0 0.004687 0.817187 0.015625 0.015625
0 0.075000 0.817187 0.015625 0.015625
0 0.045312 0.889062 0.015625 0.015625
0 0.107813 0.887500 0.015625 0.015625
0 0.082812 0.956250 0.015625 0.015625
0 0.167187 0.954688 0.015625 0.015625
0 0.229687 0.953125 0.015625 0.015625
0 0.007812 0.957812 0.015625 0.015625
0 0.379688 0.953125 0.015625 0.015625
0 0.454688 0.954688 0.015625 0.015625
0 0.507812 0.954688 0.015625 0.015625
0 0.489063 0.887500 0.015625 0.015625
0 0.339062 0.881250 0.015625 0.015625
0 0.014063 0.164062 0.015625 0.015625
0 0.204687 0.895312 0.015625 0.015625
0 0.121875 0.760938 0.015625 0.015625
0 0.195312 0.753125 0.015625 0.015625
0 0.314063 0.728125 0.015625 0.015625
0 0.300000 0.781250 0.015625 0.015625
0 0.154688 0.562500 0.015625 0.015625
0 0.239063 0.548438 0.015625 0.015625
0 0.198437 0.489063 0.015625 0.015625
0 0.117188 0.335938 0.015625 0.015625
0 0.126562 0.365625 0.015625 0.015625
0 0.017188 0.289062 0.015625 0.015625
0 0.046875 0.225000 0.015625 0.015625
0 0.609375 0.170313 0.015625 0.015625
0 0.240625 0.165625 0.015625 0.015625
0 0.128125 0.096875 0.015625 0.015625
0 0.985938 0.828125 0.015625 0.015625
0 0.910937 0.829688 0.015625 0.015625
0 0.832812 0.831250 0.015625 0.015625
0 0.757812 0.829688 0.015625 0.015625
0 0.676562 0.826562 0.015625 0.015625
