0 0.170313 0.814063 0.015625 0.015625
0 0.092188 0.942187 0.015625 0.015625
0 0.543750 0.818750 0.015625 0.015625
0 0.134375 0.746875 0.015625 0.015625
0 0.285938 0.750000 0.015625 0.015625
0 0.367188 0.625000 0.015625 0.015625
0 0.395313 0.814063 0.015625 0.015625
0 0.475000 0.818750 0.015625 0.015625
0 0.396875 0.948438 0.015625 0.015625
0 0.471875 0.951562 0.015625 0.015625
0 0.059375 0.743750 0.015625 0.015625
0 0.246875 0.946875 0.015625 0.015625
0 0.284375 0.879687 0.015625 0.015625
0 0.435937 0.885938 0.015625 0.015625
0 0.515625 0.623437 0.015625 0.015625
0 0.132812 0.875000 0.015625 0.015625
0 0.443750 0.625000 0.015625 0.015625
0 0.245312 0.814063 0.015625 0.015625
0 0.207813 0.878125 0.015625 0.015625
0 0.093750 0.812500 0.015625 0.015625
0 0.290625 0.620313 0.015625 0.015625
0 0.360938 0.884375 0.015625 0.015625
0 0.320312 0.945312 0.015625 0.015625
0 0.167187 0.943750 0.015625 0.015625
0 0.510938 0.885938 0.015625 0.015625
0 0.140625 0.618750 0.015625 0.015625
0 0.318750 0.812500 0.015625 0.015625
0 0.209375 0.748437 0.015625 0.015625
0 0.512500 0.753125 0.015625 0.015625
0 0.360938 0.751563 0.015625 0.015625
0 0.328125 0.687500 0.015625 0.015625
0 0.737500 0.889062 0.015625 0.015625
0 0.775000 0.823438 0.015625 0.015625
0 0.701562 0.823438 0.015625 0.015625
0 0.814063 0.890625 0.015625 0.015625
0 0.660937 0.890625 0.015625 0.015625
0 0.740625 0.760938 0.015625 0.015625
0 0.584375 0.889062 0.015625 0.015625
0 0.698438 0.953125 0.015625 0.015625
0 0.621875 0.821875 0.015625 0.015625
0 0.892188 0.890625 0.015625 0.015625
0 0.664062 0.759375 0.015625 0.015625
0 0.785937 0.693750 0.015625 0.015625
0 0.707812 0.692187 0.015625 0.015625
0 0.064062 0.615625 0.015625 0.015625
0 0.212500 0.620313 0.015625 0.015625
0 0.590625 0.625000 0.015625 0.015625
0 0.667188 0.626563 0.015625 0.015625
0 0.739062 0.628125 0.015625 0.015625
0 0.817187 0.634375 0.015625 0.015625
0 0.859375 0.696875 0.015625 0.015625
0 0.882812 0.757812 0.015625 0.015625
0 0.817187 0.760938 0.015625 0.015625
0 0.926562 0.823438 0.015625 0.015625
0 0.850000 0.826562 0.015625 0.015625
0 0.592187 0.756250 0.015625 0.015625
0 0.431250 0.757812 0.015625 0.015625
0 0.401562 0.692187 0.015625 0.015625
0 0.476562 0.690625 0.015625 0.015625
0 0.550000 0.692187 0.015625 0.015625
0 0.173437 0.684375 0.015625 0.015625
0 0.095312 0.684375 0.015625 0.015625
0 0.020313 0.681250 0.015625 0.015625
0 0.012500 0.807813 0.015625 0.015625
0 0.053125 0.875000 0.015625 0.015625
0 0.551562 0.953125 0.015625 0.015625
0 0.629687 0.954688 0.015625 0.015625
0 0.775000 0.956250 0.015625 0.015625
0 0.851562 0.959375 0.015625 0.015625
0 0.934375 0.957812 0.015625 0.015625
0 0.982812 0.628125 0.015625 0.015625
0 0.906250 0.629687 0.015625 0.015625
0 0.934375 0.695312 0.015625 0.015625
0 0.967187 0.768750 0.015625 0.015625
0 0.998437 0.820312 0.015625 0.015625
0 0.250000 0.685937 0.015625 0.015625
0 0.635938 0.709375 0.015625 0.015625
0 0.014063 0.939063 0.015625 0.015625
