0 0.139063 0.010937 0.015625 0.015625
0 0.214062 0.057813 0.015625 0.015625
0 0.068750 0.062500 0.015625 0.015625
0 0.034375 0.115625 0.015625 0.015625
0 0.256250 0.121875 0.015625 0.015625
0 0.145313 0.181250 0.015625 0.015625
0 0.215625 0.182812 0.015625 0.015625
0 0.067187 0.187500 0.015625 0.015625
0 0.290625 0.195312 0.015625 0.015625
0 0.404687 0.245312 0.015625 0.015625
0 0.028125 0.251563 0.015625 0.015625
0 0.256250 0.253125 0.015625 0.015625
0 0.178125 0.253125 0.015625 0.015625
0 0.104688 0.260937 0.015625 0.015625
0 0.064062 0.315625 0.015625 0.015625
0 0.212500 0.315625 0.015625 0.015625
0 0.132812 0.317188 0.015625 0.015625
0 0.439063 0.318750 0.015625 0.015625
0 0.285938 0.320312 0.015625 0.015625
0 0.360938 0.334375 0.015625 0.015625
0 0.976562 0.335938 0.015625 0.015625
0 0.103125 0.375000 0.015625 0.015625
0 0.179688 0.382812 0.015625 0.015625
0 0.026562 0.382812 0.015625 0.015625
0 0.253125 0.387500 0.015625 0.015625
0 0.134375 0.442188 0.015625 0.015625
0 0.056250 0.443750 0.015625 0.015625
0 0.209375 0.448437 0.015625 0.015625
0 0.359375 0.453125 0.015625 0.015625
0 0.282813 0.454688 0.015625 0.015625
0 0.531250 0.457813 0.015625 0.015625
0 0.959375 0.470313 0.015625 0.015625
0 0.457813 0.500000 0.015625 0.015625
0 0.012500 0.510938 0.015625 0.015625
0 0.404687 0.515625 0.015625 0.015625
0 0.176563 0.517188 0.015625 0.015625
0 0.731250 0.565625 0.015625 0.015625
0 0.135937 0.568750 0.015625 0.015625
0 0.371875 0.570312 0.015625 0.015625
0 0.204687 0.576562 0.015625 0.015625
0 0.592187 0.579688 0.015625 0.015625
0 0.817187 0.589063 0.015625 0.015625
0 0.887500 0.592187 0.015625 0.015625
0 0.085938 0.640625 0.015625 0.015625
0 0.409375 0.643750 0.015625 0.015625
0 0.321875 0.651563 0.015625 0.015625
0 0.540625 0.654687 0.015625 0.015625
0 0.007812 0.659375 0.015625 0.015625
0 0.215625 0.696875 0.015625 0.015625
0 0.670312 0.701562 0.015625 0.015625
0 0.131250 0.709375 0.015625 0.015625
0 0.057813 0.709375 0.015625 0.015625
0 0.360938 0.710938 0.015625 0.015625
0 0.587500 0.714063 0.015625 0.015625
0 0.234375 0.770312 0.015625 0.015625
0 0.546875 0.781250 0.015625 0.015625
0 0.170313 0.785937 0.015625 0.015625
0 0.467187 0.785937 0.015625 0.015625
0 0.617188 0.790625 0.015625 0.015625
0 0.354687 0.851562 0.015625 0.015625
0 0.504687 0.853125 0.015625 0.015625
0 0.428125 0.854688 0.015625 0.015625
0 0.959375 0.856250 0.015625 0.015625
0 0.581250 0.860938 0.015625 0.015625
0 0.053125 0.975000 0.015625 0.015625
0 0.504687 0.978125 0.015625 0.015625
0 0.996875 0.925000 0.015625 0.015625
0 0.964063 0.728125 0.015625 0.015625
0 0.885938 0.725000 0.015625 0.015625
0 0.839063 0.665625 0.015625 0.015625
0 0.921875 0.664062 0.015625 0.015625
0 0.973437 0.587500 0.015625 0.015625
0 0.896875 0.460938 0.015625 0.015625
0 0.821875 0.464062 0.015625 0.015625
0 0.859375 0.528125 0.015625 0.015625
0 0.926562 0.526563 0.015625 0.015625
0 0.778125 0.523438 0.015625 0.015625
0 0.740625 0.460938 0.015625 0.015625
0 0.701562 0.514062 0.015625 0.015625
0 0.665625 0.457813 0.015625 0.015625
0 0.881250 0.337500 0.015625 0.015625
0 0.856250 0.398438 0.015625 0.015625
0 0.929688 0.393750 0.015625 0.015625
0 0.996875 0.534375 0.015625 0.015625
0 0.593750 0.064062 0.015625 0.015625
0 0.625000 0.003125 0.015625 0.015625
0 0.662500 0.065625 0.015625 0.015625
0 0.706250 0.004687 0.015625 0.015625
0 0.756250 0.059375 0.015625 0.015625
0 0.787500 0.004687 0.015625 0.015625
0 0.831250 0.075000 0.015625 0.015625
0 0.856250 0.010937 0.015625 0.015625
0 0.892188 0.070312 0.015625 0.015625
0 0.940625 0.017188 0.015625 0.015625
0 0.971875 0.073438 0.015625 0.015625
