0 0.293750 0.614062 0.015625 0.015625
0 0.187500 0.023438 0.015625 0.015625
0 0.264062 0.023438 0.015625 0.015625
0 0.060937 0.476562 0.015625 0.015625
0 0.109375 0.017188 0.015625 0.015625
0 0.143750 0.612500 0.015625 0.015625
0 0.182812 0.550000 0.015625 0.015625
0 0.020313 0.542188 0.015625 0.015625
0 0.104688 0.546875 0.015625 0.015625
0 0.145313 0.090625 0.015625 0.015625
0 0.187500 0.151562 0.015625 0.015625
0 0.262500 0.551562 0.015625 0.015625
0 0.289062 0.875000 0.015625 0.015625
0 0.065625 0.610938 0.015625 0.015625
0 0.065625 0.348438 0.015625 0.015625
0 0.184375 0.417187 0.015625 0.015625
0 0.034375 0.148438 0.015625 0.015625
0 0.260937 0.150000 0.015625 0.015625
0 0.300000 0.089063 0.015625 0.015625
0 0.145313 0.214062 0.015625 0.015625
0 0.221875 0.087500 0.015625 0.015625
0 0.445312 0.617188 0.015625 0.015625
0 0.745313 0.621875 0.015625 0.015625
0 0.815625 0.621875 0.015625 0.015625
0 0.546875 0.943750 0.015625 0.015625
0 0.698438 0.818750 0.015625 0.015625
0 0.626563 0.815625 0.015625 0.015625
0 0.370312 0.614062 0.015625 0.015625
0 0.339062 0.025000 0.015625 0.015625
0 0.893750 0.623437 0.015625 0.015625
0 0.362500 0.875000 0.015625 0.015625
0 0.414062 0.160938 0.015625 0.015625
0 0.564063 0.160938 0.015625 0.015625
0 0.396875 0.812500 0.015625 0.015625
0 0.335938 0.551562 0.015625 0.015625
0 0.448437 0.095312 0.015625 0.015625
0 0.414062 0.023438 0.015625 0.015625
0 0.631250 0.685937 0.015625 0.015625
0 0.414062 0.551562 0.015625 0.015625
0 0.709375 0.560937 0.015625 0.015625
0 0.598437 0.489063 0.015625 0.015625
0 0.439063 0.875000 0.015625 0.015625
0 0.817187 0.750000 0.015625 0.015625
0 0.890625 0.221875 0.015625 0.015625
0 0.748437 0.096875 0.015625 0.015625
0 0.918750 0.823438 0.015625 0.015625
0 0.337500 0.418750 0.015625 0.015625
0 0.856250 0.821875 0.015625 0.015625
0 0.375000 0.093750 0.015625 0.015625
0 0.596875 0.093750 0.015625 0.015625
0 0.671875 0.092188 0.015625 0.015625
0 0.832812 0.095312 0.015625 0.015625
0 0.785937 0.562500 0.015625 0.015625
0 0.246875 0.810937 0.015625 0.015625
0 0.551562 0.676562 0.015625 0.015625
0 0.142187 0.742188 0.015625 0.015625
0 0.396875 0.943750 0.015625 0.015625
0 0.335938 0.290625 0.015625 0.015625
0 0.220312 0.614062 0.015625 0.015625
0 0.793750 0.025000 0.015625 0.015625
0 0.548438 0.814063 0.015625 0.015625
0 0.512500 0.878125 0.015625 0.015625
0 0.475000 0.420312 0.015625 0.015625
0 0.668750 0.487500 0.015625 0.015625
0 0.037500 0.015625 0.015625 0.015625
0 0.023438 0.412500 0.015625 0.015625
0 0.182812 0.812500 0.015625 0.015625
0 0.143750 0.476562 0.015625 0.015625
0 0.257812 0.678125 0.015625 0.015625
0 0.107813 0.285938 0.015625 0.015625
0 0.642188 0.560937 0.015625 0.015625
0 0.595313 0.615625 0.015625 0.015625
0 0.529687 0.615625 0.015625 0.015625
0 0.667188 0.615625 0.015625 0.015625
0 0.753125 0.492188 0.015625 0.015625
0 0.832812 0.492188 0.015625 0.015625
0 0.448437 0.221875 0.015625 0.015625
0 0.375000 0.218750 0.015625 0.015625
0 0.020313 0.281250 0.015625 0.015625
0 0.187500 0.279687 0.015625 0.015625
0 0.154688 0.345313 0.015625 0.015625
0 0.223438 0.346875 0.015625 0.015625
0 0.296875 0.353125 0.015625 0.015625
0 0.900000 0.495312 0.015625 0.015625
0 0.021875 0.940625 0.015625 0.015625
0 0.101562 0.942187 0.015625 0.015625
0 0.064062 0.873437 0.015625 0.015625
0 0.029687 0.796875 0.015625 0.015625
0 0.023438 0.673438 0.015625 0.015625
0 0.106250 0.676562 0.015625 0.015625
0 0.178125 0.678125 0.015625 0.015625
0 0.331250 0.679688 0.015625 0.015625
0 0.396875 0.682813 0.015625 0.015625
0 0.054688 0.739062 0.015625 0.015625
0 0.109375 0.810937 0.015625 0.015625
0 0.251563 0.742188 0.015625 0.015625
0 0.331250 0.806250 0.015625 0.015625
0 0.251563 0.943750 0.015625 0.015625
0 0.329688 0.945312 0.015625 0.015625
0 0.703125 0.685937 0.015625 0.015625
0 0.781250 0.690625 0.015625 0.015625
0 0.851562 0.689063 0.015625 0.015625
0 0.070312 0.078125 0.015625 0.015625
