0 0.409375 0.051562 0.015625 0.015625
0 0.448437 0.109375 0.015625 0.015625
0 0.473438 0.053125 0.015625 0.015625
0 0.517188 0.103125 0.015625 0.015625
0 0.548438 0.054688 0.015625 0.015625
0 0.584375 0.115625 0.015625 0.015625
0 0.625000 0.051562 0.015625 0.015625
0 0.667188 0.117188 0.015625 0.015625
0 0.704688 0.057813 0.015625 0.015625
0 0.737500 0.123438 0.015625 0.015625
0 0.773438 0.054688 0.015625 0.015625
0 0.814063 0.120313 0.015625 0.015625
0 0.848437 0.060937 0.015625 0.015625
0 0.885938 0.123438 0.015625 0.015625
0 0.929688 0.059375 0.015625 0.015625
0 0.962500 0.121875 0.015625 0.015625
0 0.489063 0.181250 0.015625 0.015625
0 0.526563 0.243750 0.015625 0.015625
0 0.545312 0.181250 0.015625 0.015625
0 0.581250 0.254688 0.015625 0.015625
0 0.623437 0.181250 0.015625 0.015625
0 0.656250 0.251563 0.015625 0.015625
0 0.703125 0.181250 0.015625 0.015625
0 0.732812 0.251563 0.015625 0.015625
0 0.770312 0.189062 0.015625 0.015625
0 0.806250 0.254688 0.015625 0.015625
0 0.845313 0.190625 0.015625 0.015625
0 0.882812 0.253125 0.015625 0.015625
0 0.925000 0.193750 0.015625 0.015625
0 0.960938 0.253125 0.015625 0.015625
0 0.562500 0.312500 0.015625 0.015625
0 0.595313 0.378125 0.015625 0.015625
0 0.618750 0.309375 0.015625 0.015625
0 0.654687 0.382812 0.015625 0.015625
0 0.690625 0.318750 0.015625 0.015625
0 0.732812 0.384375 0.015625 0.015625
0 0.767188 0.314063 0.015625 0.015625
0 0.812500 0.381250 0.015625 0.015625
0 0.848437 0.317188 0.015625 0.015625
0 0.885938 0.384375 0.015625 0.015625
0 0.920312 0.325000 0.015625 0.015625
0 0.957812 0.384375 0.015625 0.015625
0 0.993750 0.325000 0.015625 0.015625
0 0.679688 0.448437 0.015625 0.015625
0 0.734375 0.515625 0.015625 0.015625
0 0.768750 0.454688 0.015625 0.015625
0 0.807813 0.521875 0.015625 0.015625
0 0.839063 0.454688 0.015625 0.015625
0 0.882812 0.518750 0.015625 0.015625
0 0.923438 0.454688 0.015625 0.015625
0 0.951562 0.518750 0.015625 0.015625
0 0.993750 0.459375 0.015625 0.015625
0 0.309375 0.442188 0.015625 0.015625
0 0.082812 0.440625 0.015625 0.015625
0 0.234375 0.309375 0.015625 0.015625
0 0.053125 0.107813 0.015625 0.015625
0 0.203125 0.109375 0.015625 0.015625
0 0.462500 0.445312 0.015625 0.015625
0 0.157812 0.445312 0.015625 0.015625
0 0.276562 0.242188 0.015625 0.015625
0 0.385937 0.442188 0.015625 0.015625
0 0.276562 0.109375 0.015625 0.015625
0 0.048438 0.239063 0.015625 0.015625
0 0.162500 0.039062 0.015625 0.015625
0 0.126562 0.240625 0.015625 0.015625
0 0.198437 0.240625 0.015625 0.015625
0 0.125000 0.106250 0.015625 0.015625
0 0.310937 0.310937 0.015625 0.015625
0 0.351562 0.371875 0.015625 0.015625
0 0.200000 0.370312 0.015625 0.015625
0 0.387500 0.309375 0.015625 0.015625
0 0.046875 0.367188 0.015625 0.015625
0 0.353125 0.242188 0.015625 0.015625
0 0.273438 0.373437 0.015625 0.015625
0 0.010937 0.437500 0.015625 0.015625
0 0.237500 0.179688 0.015625 0.015625
0 0.123438 0.370312 0.015625 0.015625
0 0.310937 0.175000 0.015625 0.015625
0 0.428125 0.376563 0.015625 0.015625
0 0.429688 0.245312 0.015625 0.015625
0 0.240625 0.445312 0.015625 0.015625
0 0.157812 0.173437 0.015625 0.015625
0 0.018750 0.034375 0.015625 0.015625
0 0.017188 0.178125 0.015625 0.015625
0 0.003125 0.303125 0.015625 0.015625
0 0.092188 0.303125 0.015625 0.015625
0 0.154688 0.304688 0.015625 0.015625
0 0.468750 0.318750 0.015625 0.015625
0 0.504687 0.379688 0.015625 0.015625
0 0.539062 0.450000 0.015625 0.015625
0 0.353125 0.117188 0.015625 0.015625
0 0.384375 0.167187 0.015625 0.015625
0 0.323437 0.043750 0.015625 0.015625
0 0.237500 0.046875 0.015625 0.015625
0 0.026562 0.506250 0.015625 0.015625
0 0.095312 0.504687 0.015625 0.015625
0 0.157812 0.506250 0.015625 0.015625
0 0.239063 0.510938 0.015625 0.015625
0 0.300000 0.512500 0.015625 0.015625
0 0.357812 0.510938 0.015625 0.015625
0 0.420312 0.514062 0.015625 0.015625
0 0.493750 0.518750 0.015625 0.015625
0 0.565625 0.518750 0.015625 0.015625
0 0.089063 0.176563 0.015625 0.015625
0 0.090625 0.034375 0.015625 0.015625
