0 0.232813 0.867188 0.015625 0.015625
0 0.262500 0.937500 0.015625 0.015625
0 0.215625 0.714063 0.015625 0.015625
0 0.382812 0.868750 0.015625 0.015625
0 0.295312 0.715625 0.015625 0.015625
0 0.414062 0.937500 0.015625 0.015625
0 0.339062 0.934375 0.015625 0.015625
0 0.842187 0.742188 0.015625 0.015625
0 0.265625 0.798438 0.015625 0.015625
0 0.151562 0.865625 0.015625 0.015625
0 0.193750 0.798438 0.015625 0.015625
0 0.834375 0.873437 0.015625 0.015625
0 0.764062 0.871875 0.015625 0.015625
0 0.140625 0.712500 0.015625 0.015625
0 0.189062 0.929688 0.015625 0.015625
0 0.000000 0.862500 0.015625 0.015625
0 0.042188 0.917188 0.015625 0.015625
0 0.342187 0.796875 0.015625 0.015625
0 0.073438 0.864062 0.015625 0.015625
0 0.646875 0.798438 0.015625 0.015625
0 0.800000 0.810937 0.015625 0.015625
0 0.067187 0.704688 0.015625 0.015625
0 0.304688 0.867188 0.015625 0.015625
0 0.990625 0.746875 0.015625 0.015625
0 0.985938 0.876563 0.015625 0.015625
0 0.948438 0.937500 0.015625 0.015625
0 0.867188 0.942187 0.015625 0.015625
0 0.912500 0.740625 0.015625 0.015625
0 0.043750 0.796875 0.015625 0.015625
0 0.118750 0.796875 0.015625 0.015625
0 0.418750 0.800000 0.015625 0.015625
0 0.451562 0.870313 0.015625 0.015625
0 0.484375 0.942187 0.015625 0.015625
0 0.525000 0.859375 0.015625 0.015625
0 0.493750 0.807813 0.015625 0.015625
0 0.568750 0.806250 0.015625 0.015625
0 0.615625 0.871875 0.015625 0.015625
0 0.653125 0.948438 0.015625 0.015625
0 0.514062 0.996875 0.015625 0.015625
0 0.600000 0.993750 0.015625 0.015625
0 0.946875 0.807813 0.015625 0.015625
0 0.879687 0.803125 0.015625 0.015625
0 0.898438 0.875000 0.015625 0.015625
0 0.790625 0.939063 0.015625 0.015625
0 0.782813 0.732812 0.015625 0.015625
0 0.735938 0.803125 0.015625 0.015625
0 0.114062 0.929688 0.015625 0.015625
