0 0.526563 0.018750 0.015625 0.015625
0 0.904687 0.034375 0.015625 0.015625
0 0.981250 0.035937 0.015625 0.015625
0 0.560937 0.085938 0.015625 0.015625
0 0.485938 0.085938 0.015625 0.015625
0 0.409375 0.085938 0.015625 0.015625
0 0.639062 0.089063 0.015625 0.015625
0 0.712500 0.092188 0.015625 0.015625
0 0.942187 0.095312 0.015625 0.015625
0 0.787500 0.095312 0.015625 0.015625
0 0.871875 0.096875 0.015625 0.015625
0 0.453125 0.156250 0.015625 0.015625
0 0.600000 0.156250 0.015625 0.015625
0 0.675000 0.157812 0.015625 0.015625
0 0.748437 0.160938 0.015625 0.015625
0 0.828125 0.162500 0.015625 0.015625
0 0.331250 0.209375 0.015625 0.015625
0 0.481250 0.217188 0.015625 0.015625
0 0.556250 0.221875 0.015625 0.015625
0 0.707812 0.225000 0.015625 0.015625
0 0.784375 0.226562 0.015625 0.015625
0 0.512500 0.282813 0.015625 0.015625
0 0.740625 0.290625 0.015625 0.015625
0 0.817187 0.290625 0.015625 0.015625
0 0.978125 0.293750 0.015625 0.015625
0 0.887500 0.293750 0.015625 0.015625
0 0.478125 0.346875 0.015625 0.015625
0 0.556250 0.348438 0.015625 0.015625
0 0.775000 0.359375 0.015625 0.015625
0 0.857812 0.360938 0.015625 0.015625
0 0.437500 0.412500 0.015625 0.015625
0 0.587500 0.415625 0.015625 0.015625
0 0.510938 0.415625 0.015625 0.015625
0 0.734375 0.417187 0.015625 0.015625
0 0.810937 0.420312 0.015625 0.015625
0 0.401562 0.473438 0.015625 0.015625
0 0.618750 0.481250 0.015625 0.015625
0 0.356250 0.534375 0.015625 0.015625
0 0.434375 0.537500 0.015625 0.015625
0 0.509375 0.542188 0.015625 0.015625
0 0.660937 0.543750 0.015625 0.015625
0 0.585938 0.543750 0.015625 0.015625
0 0.400000 0.600000 0.015625 0.015625
0 0.470313 0.601562 0.015625 0.015625
0 0.620313 0.604688 0.015625 0.015625
0 0.310937 0.606250 0.015625 0.015625
0 0.546875 0.606250 0.015625 0.015625
0 0.696875 0.607812 0.015625 0.015625
0 0.926562 0.615625 0.015625 0.015625
0 0.432812 0.665625 0.015625 0.015625
0 0.356250 0.668750 0.015625 0.015625
0 0.509375 0.670312 0.015625 0.015625
0 0.582812 0.670312 0.015625 0.015625
0 0.659375 0.671875 0.015625 0.015625
0 0.734375 0.673438 0.015625 0.015625
0 0.543750 0.731250 0.015625 0.015625
0 0.468750 0.731250 0.015625 0.015625
0 0.392188 0.732812 0.015625 0.015625
0 0.692187 0.737500 0.015625 0.015625
0 0.318750 0.737500 0.015625 0.015625
0 0.776563 0.737500 0.015625 0.015625
0 0.354687 0.793750 0.015625 0.015625
0 0.429688 0.798438 0.015625 0.015625
0 0.507812 0.800000 0.015625 0.015625
0 0.581250 0.800000 0.015625 0.015625
0 0.659375 0.801562 0.015625 0.015625
0 0.731250 0.804688 0.015625 0.015625
0 0.810937 0.806250 0.015625 0.015625
0 0.885938 0.809375 0.015625 0.015625
0 0.309375 0.859375 0.015625 0.015625
0 0.389062 0.860938 0.015625 0.015625
0 0.465625 0.860938 0.015625 0.015625
0 0.618750 0.868750 0.015625 0.015625
0 0.539062 0.868750 0.015625 0.015625
0 0.692187 0.870313 0.015625 0.015625
0 0.767188 0.871875 0.015625 0.015625
0 0.846875 0.873437 0.015625 0.015625
0 0.929688 0.876563 0.015625 0.015625
0 0.350000 0.923438 0.015625 0.015625
0 0.426563 0.926562 0.015625 0.015625
0 0.503125 0.931250 0.015625 0.015625
0 0.581250 0.931250 0.015625 0.015625
0 0.654687 0.932813 0.015625 0.015625
0 0.729688 0.935937 0.015625 0.015625
0 0.806250 0.940625 0.015625 0.015625
0 0.959375 0.942187 0.015625 0.015625
0 0.885938 0.943750 0.015625 0.015625
0 0.385937 0.992188 0.015625 0.015625
0 0.460938 0.995313 0.015625 0.015625
0 0.537500 0.996875 0.015625 0.015625
0 0.692187 0.998437 0.015625 0.015625
0 0.615625 0.998437 0.015625 0.015625
0 0.765625 0.998437 0.015625 0.015625
0 0.904687 0.156250 0.015625 0.015625
0 0.978125 0.167187 0.015625 0.015625
0 0.932813 0.360938 0.015625 0.015625
0 0.962500 0.423438 0.015625 0.015625
0 0.895312 0.431250 0.015625 0.015625
0 0.920312 0.485938 0.015625 0.015625
0 0.843750 0.482812 0.015625 0.015625
0 0.776563 0.487500 0.015625 0.015625
0 0.804688 0.540625 0.015625 0.015625
0 0.695312 0.478125 0.015625 0.015625
0 0.656250 0.404687 0.015625 0.015625
0 0.614062 0.337500 0.015625 0.015625
0 0.592187 0.273438 0.015625 0.015625
0 0.657813 0.279687 0.015625 0.015625
0 0.626563 0.223438 0.015625 0.015625
0 0.693750 0.351562 0.015625 0.015625
0 0.518750 0.151562 0.015625 0.015625
0 0.368750 0.148438 0.015625 0.015625
0 0.409375 0.214062 0.015625 0.015625
0 0.351562 0.281250 0.015625 0.015625
0 0.443750 0.281250 0.015625 0.015625
0 0.403125 0.343750 0.015625 0.015625
0 0.326562 0.350000 0.015625 0.015625
0 0.364063 0.412500 0.015625 0.015625
0 0.471875 0.478125 0.015625 0.015625
0 0.545312 0.479687 0.015625 0.015625
0 0.737500 0.542188 0.015625 0.015625
0 0.804688 0.676562 0.015625 0.015625
0 0.843750 0.731250 0.015625 0.015625
0 0.612500 0.734375 0.015625 0.015625
0 0.918750 0.748437 0.015625 0.015625
0 0.996875 0.742188 0.015625 0.015625
0 0.951562 0.684375 0.015625 0.015625
0 0.890625 0.678125 0.015625 0.015625
0 0.857812 0.612500 0.015625 0.015625
0 0.890625 0.535937 0.015625 0.015625
0 0.998437 0.492188 0.015625 0.015625
0 0.973437 0.554688 0.015625 0.015625
0 0.928125 0.225000 0.015625 0.015625
0 0.846875 0.225000 0.015625 0.015625
0 0.825000 0.029687 0.015625 0.015625
0 0.742188 0.026562 0.015625 0.015625
0 0.673438 0.020313 0.015625 0.015625
0 0.604688 0.025000 0.015625 0.015625
0 0.442188 0.020313 0.015625 0.015625
0 0.381250 0.023438 0.015625 0.015625
