0 0.910937 0.006250 0.015625 0.015625
0 0.989062 0.006250 0.015625 0.015625
0 0.950000 0.007812 0.015625 0.015625
0 0.023438 0.021875 0.015625 0.015625
0 0.060937 0.023438 0.015625 0.015625
0 0.171875 0.023438 0.015625 0.015625
0 0.135937 0.025000 0.015625 0.015625
0 0.209375 0.025000 0.015625 0.015625
0 0.095312 0.026562 0.015625 0.015625
0 0.970313 0.040625 0.015625 0.015625
0 0.931250 0.042188 0.015625 0.015625
0 0.004687 0.051562 0.015625 0.015625
0 0.076563 0.054688 0.015625 0.015625
0 0.040625 0.054688 0.015625 0.015625
0 0.153125 0.056250 0.015625 0.015625
0 0.114062 0.056250 0.015625 0.015625
0 0.189062 0.057813 0.015625 0.015625
0 0.989062 0.073438 0.015625 0.015625
0 0.948438 0.073438 0.015625 0.015625
0 0.059375 0.084375 0.015625 0.015625
0 0.020313 0.084375 0.015625 0.015625
0 0.098437 0.087500 0.015625 0.015625
0 0.134375 0.087500 0.015625 0.015625
0 0.171875 0.089063 0.015625 0.015625
0 0.200000 0.096875 0.015625 0.015625
0 0.968750 0.107813 0.015625 0.015625
0 0.001563 0.120313 0.015625 0.015625
0 0.040625 0.121875 0.015625 0.015625
0 0.076563 0.121875 0.015625 0.015625
0 0.115625 0.125000 0.015625 0.015625
0 0.984375 0.143750 0.015625 0.015625
0 0.985938 0.206250 0.015625 0.015625
0 0.984375 0.275000 0.015625 0.015625
0 0.984375 0.335938 0.015625 0.015625
0 0.967187 0.367188 0.015625 0.015625
0 0.982812 0.403125 0.015625 0.015625
0 0.968750 0.434375 0.015625 0.015625
0 0.985938 0.467187 0.015625 0.015625
0 0.981250 0.507812 0.015625 0.015625
0 0.987500 0.581250 0.015625 0.015625
