0 0.048438 0.025000 0.015625 0.015625
0 0.128125 0.028125 0.015625 0.015625
0 0.190625 0.029687 0.015625 0.015625
0 0.284375 0.032813 0.015625 0.015625
0 0.357812 0.032813 0.015625 0.015625
0 0.434375 0.032813 0.015625 0.015625
0 0.509375 0.040625 0.015625 0.015625
0 0.578125 0.045312 0.015625 0.015625
0 0.659375 0.048438 0.015625 0.015625
0 0.085938 0.093750 0.015625 0.015625
0 0.007812 0.093750 0.015625 0.015625
0 0.167187 0.096875 0.015625 0.015625
0 0.476562 0.098437 0.015625 0.015625
0 0.239063 0.100000 0.015625 0.015625
0 0.314063 0.101562 0.015625 0.015625
0 0.543750 0.104688 0.015625 0.015625
0 0.125000 0.159375 0.015625 0.015625
0 0.042188 0.162500 0.015625 0.015625
0 0.204687 0.162500 0.015625 0.015625
0 0.281250 0.165625 0.015625 0.015625
0 0.434375 0.165625 0.015625 0.015625
0 0.359375 0.168750 0.015625 0.015625
0 0.589063 0.170313 0.015625 0.015625
0 0.510938 0.170313 0.015625 0.015625
0 0.657813 0.173437 0.015625 0.015625
0 0.007812 0.231250 0.015625 0.015625
0 0.084375 0.232813 0.015625 0.015625
0 0.160938 0.232813 0.015625 0.015625
0 0.478125 0.234375 0.015625 0.015625
0 0.315625 0.235937 0.015625 0.015625
0 0.542188 0.235937 0.015625 0.015625
0 0.685937 0.239063 0.015625 0.015625
0 0.832812 0.245312 0.015625 0.015625
0 0.048438 0.295312 0.015625 0.015625
0 0.204687 0.296875 0.015625 0.015625
0 0.125000 0.296875 0.015625 0.015625
0 0.581250 0.298438 0.015625 0.015625
0 0.278125 0.298438 0.015625 0.015625
0 0.354687 0.298438 0.015625 0.015625
0 0.506250 0.298438 0.015625 0.015625
0 0.429688 0.300000 0.015625 0.015625
0 0.723437 0.301563 0.015625 0.015625
0 0.660937 0.304688 0.015625 0.015625
0 0.162500 0.364063 0.015625 0.015625
0 0.462500 0.365625 0.015625 0.015625
0 0.390625 0.365625 0.015625 0.015625
0 0.240625 0.365625 0.015625 0.015625
0 0.615625 0.367188 0.015625 0.015625
0 0.546875 0.368750 0.015625 0.015625
0 0.685937 0.368750 0.015625 0.015625
0 0.764062 0.368750 0.015625 0.015625
0 0.312500 0.371875 0.015625 0.015625
0 0.906250 0.376563 0.015625 0.015625
0 0.109375 0.415625 0.015625 0.015625
0 0.037500 0.425000 0.015625 0.015625
0 0.500000 0.429688 0.015625 0.015625
0 0.575000 0.431250 0.015625 0.015625
0 0.426563 0.431250 0.015625 0.015625
0 0.650000 0.432812 0.015625 0.015625
0 0.723437 0.434375 0.015625 0.015625
0 0.792188 0.434375 0.015625 0.015625
0 0.939063 0.445312 0.015625 0.015625
0 0.006250 0.493750 0.015625 0.015625
0 0.157812 0.495312 0.015625 0.015625
0 0.385937 0.496875 0.015625 0.015625
0 0.534375 0.496875 0.015625 0.015625
0 0.609375 0.496875 0.015625 0.015625
0 0.462500 0.496875 0.015625 0.015625
0 0.078125 0.498437 0.015625 0.015625
0 0.684375 0.503125 0.015625 0.015625
0 0.757812 0.506250 0.015625 0.015625
0 0.829688 0.506250 0.015625 0.015625
0 0.981250 0.510938 0.015625 0.015625
0 0.270313 0.546875 0.015625 0.015625
0 0.728125 0.556250 0.015625 0.015625
0 0.570312 0.559375 0.015625 0.015625
0 0.495312 0.559375 0.015625 0.015625
0 0.418750 0.560937 0.015625 0.015625
0 0.115625 0.562500 0.015625 0.015625
0 0.195312 0.562500 0.015625 0.015625
0 0.645312 0.567187 0.015625 0.015625
0 0.873437 0.570312 0.015625 0.015625
0 0.795312 0.571875 0.015625 0.015625
0 0.153125 0.628125 0.015625 0.015625
0 0.231250 0.628125 0.015625 0.015625
0 0.532813 0.631250 0.015625 0.015625
0 0.457813 0.632812 0.015625 0.015625
0 0.381250 0.632812 0.015625 0.015625
0 0.307812 0.634375 0.015625 0.015625
0 0.610938 0.634375 0.015625 0.015625
0 0.832812 0.635938 0.015625 0.015625
0 0.681250 0.635938 0.015625 0.015625
0 0.756250 0.635938 0.015625 0.015625
0 0.064062 0.637500 0.015625 0.015625
0 0.907813 0.640625 0.015625 0.015625
0 0.264062 0.696875 0.015625 0.015625
0 0.418750 0.698438 0.015625 0.015625
0 0.492188 0.698438 0.015625 0.015625
0 0.340625 0.698438 0.015625 0.015625
0 0.568750 0.698438 0.015625 0.015625
0 0.800000 0.700000 0.015625 0.015625
0 0.189062 0.700000 0.015625 0.015625
0 0.109375 0.701562 0.015625 0.015625
0 0.642188 0.703125 0.015625 0.015625
0 0.871875 0.704688 0.015625 0.015625
0 0.943750 0.706250 0.015625 0.015625
0 0.457813 0.759375 0.015625 0.015625
0 0.078125 0.762500 0.015625 0.015625
0 0.531250 0.762500 0.015625 0.015625
0 0.757812 0.764062 0.015625 0.015625
0 0.606250 0.765625 0.015625 0.015625
0 0.379688 0.765625 0.015625 0.015625
0 0.145313 0.765625 0.015625 0.015625
0 0.300000 0.767188 0.015625 0.015625
0 0.228125 0.767188 0.015625 0.015625
0 0.834375 0.767188 0.015625 0.015625
0 0.682813 0.768750 0.015625 0.015625
0 0.909375 0.771875 0.015625 0.015625
0 0.985938 0.771875 0.015625 0.015625
0 0.032813 0.826562 0.015625 0.015625
0 0.489063 0.826562 0.015625 0.015625
0 0.410938 0.829688 0.015625 0.015625
0 0.565625 0.831250 0.015625 0.015625
0 0.106250 0.832812 0.015625 0.015625
0 0.339062 0.832812 0.015625 0.015625
0 0.642188 0.832812 0.015625 0.015625
0 0.184375 0.834375 0.015625 0.015625
0 0.715625 0.835938 0.015625 0.015625
0 0.793750 0.837500 0.015625 0.015625
0 0.867188 0.840625 0.015625 0.015625
0 0.940625 0.843750 0.015625 0.015625
0 0.140625 0.892188 0.015625 0.015625
0 0.067187 0.893750 0.015625 0.015625
0 0.223438 0.896875 0.015625 0.015625
0 0.529687 0.898438 0.015625 0.015625
0 0.676562 0.901563 0.015625 0.015625
0 0.604688 0.901563 0.015625 0.015625
0 0.453125 0.903125 0.015625 0.015625
0 0.368750 0.906250 0.015625 0.015625
0 0.756250 0.906250 0.015625 0.015625
0 0.831250 0.907813 0.015625 0.015625
0 0.976562 0.909375 0.015625 0.015625
0 0.903125 0.909375 0.015625 0.015625
0 0.110937 0.960938 0.015625 0.015625
0 0.032813 0.960938 0.015625 0.015625
0 0.259375 0.962500 0.015625 0.015625
0 0.184375 0.965625 0.015625 0.015625
0 0.329688 0.967187 0.015625 0.015625
0 0.410938 0.968750 0.015625 0.015625
0 0.792188 0.970313 0.015625 0.015625
0 0.717187 0.970313 0.015625 0.015625
0 0.637500 0.971875 0.015625 0.015625
0 0.485938 0.971875 0.015625 0.015625
0 0.559375 0.971875 0.015625 0.015625
0 0.937500 0.975000 0.015625 0.015625
0 0.862500 0.976562 0.015625 0.015625
0 0.032813 0.692187 0.015625 0.015625
0 0.003125 0.625000 0.015625 0.015625
0 0.345313 0.432812 0.015625 0.015625
0 0.292187 0.903125 0.015625 0.015625
0 0.270313 0.445312 0.015625 0.015625
0 0.350000 0.562500 0.015625 0.015625
