0 0.110937 0.650000 0.015625 0.015625
0 0.215625 0.851562 0.015625 0.015625
0 0.251563 0.787500 0.015625 0.015625
0 0.107813 0.917188 0.015625 0.015625
0 0.142187 0.850000 0.015625 0.015625
0 0.145313 0.712500 0.015625 0.015625
0 0.189062 0.392188 0.015625 0.015625
0 0.032813 0.648438 0.015625 0.015625
0 0.064062 0.978125 0.015625 0.015625
0 0.118750 0.001563 0.015625 0.015625
0 0.065625 0.845313 0.015625 0.015625
0 0.157812 0.328125 0.015625 0.015625
0 0.071875 0.712500 0.015625 0.015625
0 0.714063 0.800000 0.015625 0.015625
0 0.539062 0.070312 0.015625 0.015625
0 0.990625 0.345313 0.015625 0.015625
0 0.917188 0.342187 0.015625 0.015625
0 0.615625 0.075000 0.015625 0.015625
0 0.957812 0.276562 0.015625 0.015625
0 0.521875 0.465625 0.015625 0.015625
0 0.790625 0.800000 0.015625 0.015625
0 0.689063 0.204687 0.015625 0.015625
0 0.946875 0.539062 0.015625 0.015625
0 0.721875 0.271875 0.015625 0.015625
0 0.687500 0.335938 0.015625 0.015625
0 0.268750 0.126562 0.015625 0.015625
0 0.987500 0.473438 0.015625 0.015625
0 0.346875 0.001563 0.015625 0.015625
0 0.957812 0.146875 0.015625 0.015625
0 0.465625 0.201563 0.015625 0.015625
0 0.264062 0.393750 0.015625 0.015625
0 0.568750 0.534375 0.015625 0.015625
0 0.798438 0.275000 0.015625 0.015625
0 0.271875 0.000000 0.015625 0.015625
0 0.673438 0.862500 0.015625 0.015625
0 0.593750 0.989062 0.015625 0.015625
0 0.690625 0.073438 0.015625 0.015625
0 0.962500 0.020313 0.015625 0.015625
0 0.267188 0.262500 0.015625 0.015625
0 0.643750 0.268750 0.015625 0.015625
0 0.795312 0.534375 0.015625 0.015625
0 0.839063 0.335938 0.015625 0.015625
0 0.457813 0.334375 0.015625 0.015625
0 0.795312 0.400000 0.015625 0.015625
0 0.635938 0.792188 0.015625 0.015625
0 0.837500 0.473438 0.015625 0.015625
0 0.571875 0.271875 0.015625 0.015625
0 0.500000 0.003125 0.015625 0.015625
0 0.871875 0.537500 0.015625 0.015625
0 0.607812 0.467187 0.015625 0.015625
0 0.710938 0.920312 0.015625 0.015625
0 0.762500 0.335938 0.015625 0.015625
0 0.573438 0.137500 0.015625 0.015625
0 0.532813 0.331250 0.015625 0.015625
0 0.865625 0.803125 0.015625 0.015625
0 0.765625 0.073438 0.015625 0.015625
0 0.871875 0.670312 0.015625 0.015625
0 0.612500 0.335938 0.015625 0.015625
0 0.682813 0.467187 0.015625 0.015625
0 0.765625 0.207813 0.015625 0.015625
0 0.306250 0.460938 0.015625 0.015625
0 0.906250 0.998437 0.015625 0.015625
0 0.879687 0.278125 0.015625 0.015625
0 0.832812 0.734375 0.015625 0.015625
0 0.898438 0.865625 0.015625 0.015625
0 0.496875 0.267188 0.015625 0.015625
0 0.343750 0.639062 0.015625 0.015625
0 0.912500 0.737500 0.015625 0.015625
0 0.989062 0.737500 0.015625 0.015625
0 0.723437 0.531250 0.015625 0.015625
0 0.421875 0.531250 0.015625 0.015625
0 0.339062 0.265625 0.015625 0.015625
0 0.884375 0.015625 0.015625 0.015625
0 0.450000 0.464062 0.015625 0.015625
0 0.560937 0.925000 0.015625 0.015625
0 0.562500 0.790625 0.015625 0.015625
0 0.648438 0.139063 0.015625 0.015625
0 0.671875 0.989062 0.015625 0.015625
0 0.490625 0.398438 0.015625 0.015625
0 0.989062 0.206250 0.015625 0.015625
0 0.681250 0.728125 0.015625 0.015625
0 0.182812 0.782813 0.015625 0.015625
0 0.106250 0.781250 0.015625 0.015625
0 0.137500 0.976562 0.015625 0.015625
0 0.192188 0.260937 0.015625 0.015625
0 0.032813 0.782813 0.015625 0.015625
0 0.492188 0.531250 0.015625 0.015625
0 0.410938 0.260937 0.015625 0.015625
0 0.306250 0.331250 0.015625 0.015625
0 0.789062 0.929688 0.015625 0.015625
0 0.948438 0.407813 0.015625 0.015625
0 0.718750 0.651563 0.015625 0.015625
0 0.875000 0.404687 0.015625 0.015625
0 0.748437 0.862500 0.015625 0.015625
0 0.948438 0.806250 0.015625 0.015625
0 0.751563 0.732812 0.015625 0.015625
0 0.860938 0.929688 0.015625 0.015625
0 0.381250 0.331250 0.015625 0.015625
0 0.334375 0.396875 0.015625 0.015625
0 0.292187 0.979688 0.015625 0.015625
0 0.756250 0.132812 0.015625 0.015625
0 0.831250 0.134375 0.015625 0.015625
0 0.975000 0.873437 0.015625 0.015625
0 0.421875 0.129688 0.015625 0.015625
0 0.496875 0.131250 0.015625 0.015625
0 0.348438 0.129688 0.015625 0.015625
0 0.464062 0.071875 0.015625 0.015625
0 0.385937 0.065625 0.015625 0.015625
0 0.304688 0.071875 0.015625 0.015625
0 0.235937 0.070312 0.015625 0.015625
0 0.140625 0.065625 0.015625 0.015625
0 0.575000 0.001563 0.015625 0.015625
0 0.650000 0.007812 0.015625 0.015625
0 0.717187 0.014063 0.015625 0.015625
0 0.803125 0.014063 0.015625 0.015625
0 0.073438 0.585938 0.015625 0.015625
0 0.181250 0.920312 0.015625 0.015625
0 0.954688 0.926562 0.015625 0.015625
0 0.910937 0.081250 0.015625 0.015625
0 0.953125 0.081250 0.015625 0.015625
0 0.600000 0.728125 0.015625 0.015625
0 0.521875 0.728125 0.015625 0.015625
0 0.439063 0.728125 0.015625 0.015625
0 0.579688 0.864062 0.015625 0.015625
0 0.459375 0.853125 0.015625 0.015625
0 0.618750 0.639062 0.015625 0.015625
0 0.460938 0.639062 0.015625 0.015625
0 0.776563 0.646875 0.015625 0.015625
0 0.039062 0.393750 0.015625 0.015625
0 0.918750 0.212500 0.015625 0.015625
0 0.828125 0.217188 0.015625 0.015625
0 0.601562 0.204687 0.015625 0.015625
0 0.517188 0.203125 0.015625 0.015625
0 0.306250 0.201563 0.015625 0.015625
0 0.229687 0.331250 0.015625 0.015625
0 0.445312 0.596875 0.015625 0.015625
0 0.529687 0.600000 0.015625 0.015625
0 0.600000 0.600000 0.015625 0.015625
0 0.673438 0.603125 0.015625 0.015625
0 0.751563 0.600000 0.015625 0.015625
0 0.839063 0.601562 0.015625 0.015625
0 0.920312 0.607812 0.015625 0.015625
0 0.951562 0.668750 0.015625 0.015625
0 0.826562 0.868750 0.015625 0.015625
0 0.559375 0.660937 0.015625 0.015625
0 0.564063 0.396875 0.015625 0.015625
0 0.646875 0.400000 0.015625 0.015625
0 0.026562 0.917188 0.015625 0.015625
0 0.176563 0.651563 0.015625 0.015625
0 0.148438 0.589063 0.015625 0.015625
