0 0.134375 0.014063 0.015625 0.015625
0 0.062500 0.015625 0.015625 0.015625
0 0.534375 0.745313 0.015625 0.015625
0 0.390625 0.215625 0.015625 0.015625
0 0.148438 0.871875 0.015625 0.015625
0 0.870313 0.818750 0.015625 0.015625
0 0.692187 0.221875 0.015625 0.015625
0 0.685937 0.746875 0.015625 0.015625
0 0.615625 0.351562 0.015625 0.015625
0 0.035937 0.670312 0.015625 0.015625
0 0.717187 0.550000 0.015625 0.015625
0 0.640625 0.945312 0.015625 0.015625
0 0.620313 0.220312 0.015625 0.015625
0 0.685937 0.353125 0.015625 0.015625
0 0.762500 0.617188 0.015625 0.015625
0 0.496875 0.546875 0.015625 0.015625
0 0.560937 0.075000 0.015625 0.015625
0 0.384375 0.742188 0.015625 0.015625
0 0.839063 0.751563 0.015625 0.015625
0 0.162500 0.078125 0.015625 0.015625
0 0.039062 0.545312 0.015625 0.015625
0 0.112500 0.670312 0.015625 0.015625
0 0.162500 0.343750 0.015625 0.015625
0 0.650000 0.420312 0.015625 0.015625
0 0.235937 0.214062 0.015625 0.015625
0 0.465625 0.217188 0.015625 0.015625
0 0.540625 0.218750 0.015625 0.015625
0 0.610938 0.745313 0.015625 0.015625
0 0.454688 0.875000 0.015625 0.015625
0 0.657813 0.287500 0.015625 0.015625
0 0.542188 0.350000 0.015625 0.015625
0 0.117188 0.545312 0.015625 0.015625
0 0.070312 0.739062 0.015625 0.015625
0 0.067187 0.996875 0.015625 0.015625
0 0.190625 0.804688 0.015625 0.015625
0 0.809375 0.418750 0.015625 0.015625
0 0.160938 0.215625 0.015625 0.015625
0 0.798438 0.814063 0.015625 0.015625
0 0.385937 0.615625 0.015625 0.015625
0 0.770312 0.350000 0.015625 0.015625
0 0.720313 0.815625 0.015625 0.015625
0 0.717187 0.945312 0.015625 0.015625
0 0.340625 0.810937 0.015625 0.015625
0 0.459375 0.745313 0.015625 0.015625
0 0.490625 0.940625 0.015625 0.015625
0 0.835938 0.879687 0.015625 0.015625
0 0.196875 0.276562 0.015625 0.015625
0 0.187500 0.673438 0.015625 0.015625
0 0.868750 0.945312 0.015625 0.015625
0 0.507812 0.285938 0.015625 0.015625
0 0.310937 0.215625 0.015625 0.015625
0 0.125000 0.150000 0.015625 0.015625
0 0.732812 0.287500 0.015625 0.015625
0 0.807813 0.290625 0.015625 0.015625
0 0.267188 0.671875 0.015625 0.015625
0 0.650000 0.548438 0.015625 0.015625
0 0.564063 0.943750 0.015625 0.015625
0 0.492188 0.810937 0.015625 0.015625
0 0.035937 0.801562 0.015625 0.015625
0 0.768750 0.225000 0.015625 0.015625
0 0.578125 0.285938 0.015625 0.015625
0 0.732812 0.418750 0.015625 0.015625
0 0.271875 0.546875 0.015625 0.015625
0 0.073438 0.610938 0.015625 0.015625
0 0.420312 0.545312 0.015625 0.015625
0 0.946875 0.818750 0.015625 0.015625
0 0.643750 0.815625 0.015625 0.015625
0 0.912500 0.620313 0.015625 0.015625
0 0.842187 0.492188 0.015625 0.015625
0 0.885938 0.290625 0.015625 0.015625
0 0.679688 0.878125 0.015625 0.015625
0 0.242188 0.342187 0.015625 0.015625
0 0.909375 0.750000 0.015625 0.015625
0 0.798438 0.678125 0.015625 0.015625
0 0.460938 0.612500 0.015625 0.015625
0 0.942187 0.945312 0.015625 0.015625
0 0.315625 0.348438 0.015625 0.015625
0 0.112500 0.810937 0.015625 0.015625
0 0.989062 0.750000 0.015625 0.015625
0 0.990625 0.618750 0.015625 0.015625
0 0.585938 0.151562 0.015625 0.015625
0 0.876563 0.678125 0.015625 0.015625
0 0.493750 0.678125 0.015625 0.015625
0 0.759375 0.879687 0.015625 0.015625
0 0.845313 0.350000 0.015625 0.015625
0 0.054688 0.146875 0.015625 0.015625
0 0.279687 0.145313 0.015625 0.015625
0 0.345313 0.151562 0.015625 0.015625
0 0.431250 0.148438 0.015625 0.015625
0 0.501563 0.153125 0.015625 0.015625
0 0.653125 0.156250 0.015625 0.015625
0 0.348438 0.281250 0.015625 0.015625
0 0.265625 0.282813 0.015625 0.015625
0 0.434375 0.282813 0.015625 0.015625
0 0.348438 0.417187 0.015625 0.015625
0 0.453125 0.356250 0.015625 0.015625
0 0.389062 0.350000 0.015625 0.015625
0 0.423438 0.412500 0.015625 0.015625
0 0.279687 0.410938 0.015625 0.015625
0 0.196875 0.410938 0.015625 0.015625
0 0.120313 0.412500 0.015625 0.015625
0 0.050000 0.410938 0.015625 0.015625
0 0.123438 0.278125 0.015625 0.015625
0 0.048438 0.278125 0.015625 0.015625
0 0.023438 0.343750 0.015625 0.015625
0 0.154688 0.603125 0.015625 0.015625
0 0.214062 0.601562 0.015625 0.015625
0 0.579688 0.681250 0.015625 0.015625
0 0.646875 0.681250 0.015625 0.015625
0 0.721875 0.682813 0.015625 0.015625
0 0.418750 0.678125 0.015625 0.015625
0 0.346875 0.678125 0.015625 0.015625
0 0.812500 0.543750 0.015625 0.015625
0 0.026562 0.935937 0.015625 0.015625
0 0.110937 0.935937 0.015625 0.015625
0 0.193750 0.935937 0.015625 0.015625
0 0.265625 0.932813 0.015625 0.015625
0 0.335938 0.937500 0.015625 0.015625
0 0.412500 0.937500 0.015625 0.015625
0 0.907813 0.884375 0.015625 0.015625
0 0.993750 0.884375 0.015625 0.015625
0 0.226562 0.875000 0.015625 0.015625
0 0.379688 0.875000 0.015625 0.015625
0 0.420312 0.804688 0.015625 0.015625
0 0.532813 0.865625 0.015625 0.015625
0 0.609375 0.873437 0.015625 0.015625
0 0.759375 0.746875 0.015625 0.015625
0 0.950000 0.681250 0.015625 0.015625
0 0.820312 0.018750 0.015625 0.015625
0 0.923438 0.357812 0.015625 0.015625
0 0.881250 0.421875 0.015625 0.015625
0 0.984375 0.492188 0.015625 0.015625
