0 0.867188 0.020313 0.015625 0.015625
0 0.926562 0.023438 0.015625 0.015625
0 0.050000 0.043750 0.015625 0.015625
0 0.114062 0.045312 0.015625 0.015625
0 0.728125 0.054688 0.015625 0.015625
0 0.426563 0.054688 0.015625 0.015625
0 0.275000 0.057813 0.015625 0.015625
0 0.351562 0.057813 0.015625 0.015625
0 0.854688 0.096875 0.015625 0.015625
0 0.923438 0.098437 0.015625 0.015625
0 0.006250 0.110937 0.015625 0.015625
0 0.539062 0.110937 0.015625 0.015625
0 0.082812 0.112500 0.015625 0.015625
0 0.232813 0.134375 0.015625 0.015625
0 0.384375 0.140625 0.015625 0.015625
0 0.475000 0.146875 0.015625 0.015625
0 0.317188 0.150000 0.015625 0.015625
0 0.937500 0.159375 0.015625 0.015625
0 0.678125 0.159375 0.015625 0.015625
0 0.585938 0.165625 0.015625 0.015625
0 0.806250 0.192188 0.015625 0.015625
0 0.881250 0.193750 0.015625 0.015625
0 0.078125 0.218750 0.015625 0.015625
0 0.156250 0.240625 0.015625 0.015625
0 0.232813 0.242188 0.015625 0.015625
0 0.462500 0.243750 0.015625 0.015625
0 0.306250 0.243750 0.015625 0.015625
0 0.906250 0.243750 0.015625 0.015625
0 0.384375 0.245312 0.015625 0.015625
0 0.806250 0.245312 0.015625 0.015625
0 0.614062 0.246875 0.015625 0.015625
0 0.650000 0.293750 0.015625 0.015625
0 0.856250 0.295312 0.015625 0.015625
0 0.117188 0.301563 0.015625 0.015625
0 0.035937 0.301563 0.015625 0.015625
0 0.189062 0.307812 0.015625 0.015625
0 0.267188 0.307812 0.015625 0.015625
0 0.787500 0.312500 0.015625 0.015625
0 0.343750 0.318750 0.015625 0.015625
0 0.579688 0.320312 0.015625 0.015625
0 0.418750 0.320312 0.015625 0.015625
0 0.506250 0.332813 0.015625 0.015625
0 0.068750 0.362500 0.015625 0.015625
0 0.151562 0.368750 0.015625 0.015625
0 0.225000 0.371875 0.015625 0.015625
0 0.303125 0.375000 0.015625 0.015625
0 0.685937 0.400000 0.015625 0.015625
0 0.139063 0.420312 0.015625 0.015625
0 0.185938 0.421875 0.015625 0.015625
0 0.071875 0.426563 0.015625 0.015625
0 0.484375 0.429688 0.015625 0.015625
0 0.414062 0.440625 0.015625 0.015625
0 0.654687 0.460938 0.015625 0.015625
0 0.043750 0.485938 0.015625 0.015625
0 0.151562 0.487500 0.015625 0.015625
0 0.382812 0.510938 0.015625 0.015625
0 0.096875 0.534375 0.015625 0.015625
0 0.031250 0.551562 0.015625 0.015625
0 0.239063 0.556250 0.015625 0.015625
0 0.657813 0.568750 0.015625 0.015625
0 0.954688 0.607812 0.015625 0.015625
0 0.889062 0.610938 0.015625 0.015625
0 0.606250 0.617188 0.015625 0.015625
0 0.534375 0.639062 0.015625 0.015625
0 0.685937 0.648438 0.015625 0.015625
0 0.098437 0.662500 0.015625 0.015625
0 0.289062 0.664062 0.015625 0.015625
0 0.935937 0.673438 0.015625 0.015625
0 0.357812 0.687500 0.015625 0.015625
0 0.568750 0.689063 0.015625 0.015625
0 0.435937 0.693750 0.015625 0.015625
0 0.809375 0.718750 0.015625 0.015625
0 0.946875 0.740625 0.015625 0.015625
0 0.462500 0.768750 0.015625 0.015625
0 0.298438 0.771875 0.015625 0.015625
0 0.382812 0.775000 0.015625 0.015625
0 0.532813 0.775000 0.015625 0.015625
0 0.107813 0.793750 0.015625 0.015625
0 0.609375 0.796875 0.015625 0.015625
0 0.190625 0.798438 0.015625 0.015625
0 0.690625 0.798438 0.015625 0.015625
0 0.990625 0.817187 0.015625 0.015625
0 0.768750 0.818750 0.015625 0.015625
0 0.482812 0.845313 0.015625 0.015625
0 0.567187 0.846875 0.015625 0.015625
0 0.343750 0.848437 0.015625 0.015625
0 0.275000 0.853125 0.015625 0.015625
0 0.860938 0.856250 0.015625 0.015625
0 0.739062 0.859375 0.015625 0.015625
0 0.940625 0.864062 0.015625 0.015625
0 0.656250 0.870313 0.015625 0.015625
0 0.832812 0.937500 0.015625 0.015625
0 0.606250 0.939063 0.015625 0.015625
0 0.934375 0.942187 0.015625 0.015625
0 0.407813 0.973437 0.015625 0.015625
0 0.185938 0.975000 0.015625 0.015625
0 0.101562 0.978125 0.015625 0.015625
0 0.242188 0.979688 0.015625 0.015625
0 0.489063 0.981250 0.015625 0.015625
0 0.567187 0.982812 0.015625 0.015625
0 0.712500 0.985938 0.015625 0.015625
0 0.793750 0.987500 0.015625 0.015625
0 0.862500 0.990625 0.015625 0.015625
0 0.942187 0.998437 0.015625 0.015625
0 0.306250 0.998437 0.015625 0.015625
