0 0.659375 0.000000 0.015625 0.015625
0 0.734375 0.000000 0.015625 0.015625
0 0.885938 0.001563 0.015625 0.015625
0 0.960938 0.004687 0.015625 0.015625
0 0.010937 0.046875 0.015625 0.015625
0 0.082812 0.053125 0.015625 0.015625
0 0.232813 0.056250 0.015625 0.015625
0 0.157812 0.057813 0.015625 0.015625
0 0.618750 0.060937 0.015625 0.015625
0 0.387500 0.060937 0.015625 0.015625
0 0.312500 0.062500 0.015625 0.015625
0 0.539062 0.064062 0.015625 0.015625
0 0.460938 0.067187 0.015625 0.015625
0 0.846875 0.068750 0.015625 0.015625
0 0.767188 0.070312 0.015625 0.015625
0 0.996875 0.070312 0.015625 0.015625
0 0.921875 0.071875 0.015625 0.015625
0 0.040625 0.115625 0.015625 0.015625
0 0.110937 0.115625 0.015625 0.015625
0 0.350000 0.121875 0.015625 0.015625
0 0.195312 0.123438 0.015625 0.015625
0 0.267188 0.123438 0.015625 0.015625
0 0.582812 0.129688 0.015625 0.015625
0 0.653125 0.131250 0.015625 0.015625
0 0.501563 0.132812 0.015625 0.015625
0 0.420312 0.134375 0.015625 0.015625
0 0.729688 0.134375 0.015625 0.015625
0 0.804688 0.134375 0.015625 0.015625
0 0.884375 0.137500 0.015625 0.015625
0 0.960938 0.140625 0.015625 0.015625
0 0.010937 0.176563 0.015625 0.015625
0 0.154688 0.184375 0.015625 0.015625
0 0.232813 0.190625 0.015625 0.015625
0 0.309375 0.192188 0.015625 0.015625
0 0.384375 0.193750 0.015625 0.015625
0 0.839063 0.198437 0.015625 0.015625
0 0.762500 0.198437 0.015625 0.015625
0 0.612500 0.198437 0.015625 0.015625
0 0.460938 0.198437 0.015625 0.015625
0 0.689063 0.198437 0.015625 0.015625
0 0.535937 0.200000 0.015625 0.015625
0 0.992188 0.200000 0.015625 0.015625
0 0.914062 0.200000 0.015625 0.015625
0 0.043750 0.246875 0.015625 0.015625
0 0.117188 0.248438 0.015625 0.015625
0 0.190625 0.254688 0.015625 0.015625
0 0.573438 0.259375 0.015625 0.015625
0 0.343750 0.259375 0.015625 0.015625
0 0.267188 0.260937 0.015625 0.015625
0 0.643750 0.260937 0.015625 0.015625
0 0.796875 0.264062 0.015625 0.015625
0 0.871875 0.264062 0.015625 0.015625
0 0.421875 0.264062 0.015625 0.015625
0 0.950000 0.267188 0.015625 0.015625
0 0.721875 0.268750 0.015625 0.015625
0 0.006250 0.309375 0.015625 0.015625
0 0.085938 0.315625 0.015625 0.015625
0 0.159375 0.315625 0.015625 0.015625
0 0.306250 0.320312 0.015625 0.015625
0 0.610938 0.323437 0.015625 0.015625
0 0.534375 0.323437 0.015625 0.015625
0 0.382812 0.325000 0.015625 0.015625
0 0.456250 0.326562 0.015625 0.015625
0 0.684375 0.329688 0.015625 0.015625
0 0.834375 0.331250 0.015625 0.015625
0 0.759375 0.331250 0.015625 0.015625
0 0.910937 0.334375 0.015625 0.015625
0 0.985938 0.335938 0.015625 0.015625
0 0.042188 0.373437 0.015625 0.015625
0 0.118750 0.379688 0.015625 0.015625
0 0.190625 0.382812 0.015625 0.015625
0 0.267188 0.382812 0.015625 0.015625
0 0.415625 0.389062 0.015625 0.015625
0 0.573438 0.389062 0.015625 0.015625
0 0.493750 0.389062 0.015625 0.015625
0 0.645312 0.389062 0.015625 0.015625
0 0.717187 0.393750 0.015625 0.015625
0 0.792188 0.393750 0.015625 0.015625
0 0.950000 0.395313 0.015625 0.015625
0 0.868750 0.396875 0.015625 0.015625
0 0.004687 0.435937 0.015625 0.015625
0 0.157812 0.442188 0.015625 0.015625
0 0.082812 0.443750 0.015625 0.015625
0 0.231250 0.448437 0.015625 0.015625
0 0.457813 0.451562 0.015625 0.015625
0 0.307812 0.451562 0.015625 0.015625
0 0.381250 0.453125 0.015625 0.015625
0 0.532813 0.454688 0.015625 0.015625
0 0.609375 0.456250 0.015625 0.015625
0 0.682813 0.457813 0.015625 0.015625
0 0.756250 0.459375 0.015625 0.015625
0 0.984375 0.459375 0.015625 0.015625
0 0.832812 0.462500 0.015625 0.015625
0 0.910937 0.464062 0.015625 0.015625
0 0.035937 0.504687 0.015625 0.015625
0 0.114062 0.507812 0.015625 0.015625
0 0.192188 0.512500 0.015625 0.015625
0 0.492188 0.515625 0.015625 0.015625
0 0.264062 0.517188 0.015625 0.015625
0 0.567187 0.518750 0.015625 0.015625
0 0.335938 0.518750 0.015625 0.015625
0 0.414062 0.518750 0.015625 0.015625
0 0.642188 0.521875 0.015625 0.015625
0 0.870313 0.523438 0.015625 0.015625
0 0.795312 0.525000 0.015625 0.015625
0 0.715625 0.525000 0.015625 0.015625
0 0.943750 0.526563 0.015625 0.015625
0 0.073438 0.575000 0.015625 0.015625
0 0.153125 0.576562 0.015625 0.015625
0 0.456250 0.579688 0.015625 0.015625
0 0.229687 0.581250 0.015625 0.015625
0 0.532813 0.582812 0.015625 0.015625
0 0.303125 0.582812 0.015625 0.015625
0 0.379688 0.585938 0.015625 0.015625
0 0.607812 0.589063 0.015625 0.015625
0 0.682813 0.589063 0.015625 0.015625
0 0.759375 0.590625 0.015625 0.015625
0 0.837500 0.592187 0.015625 0.015625
0 0.910937 0.593750 0.015625 0.015625
0 0.984375 0.595313 0.015625 0.015625
0 0.110937 0.642188 0.015625 0.015625
0 0.034375 0.642188 0.015625 0.015625
0 0.264062 0.645312 0.015625 0.015625
0 0.189062 0.645312 0.015625 0.015625
0 0.339062 0.645312 0.015625 0.015625
0 0.492188 0.646875 0.015625 0.015625
0 0.560937 0.648438 0.015625 0.015625
0 0.412500 0.650000 0.015625 0.015625
0 0.717187 0.653125 0.015625 0.015625
0 0.793750 0.654687 0.015625 0.015625
0 0.639062 0.654687 0.015625 0.015625
0 0.870313 0.659375 0.015625 0.015625
0 0.943750 0.660937 0.015625 0.015625
0 0.375000 0.706250 0.015625 0.015625
0 0.071875 0.707812 0.015625 0.015625
0 0.146875 0.709375 0.015625 0.015625
0 0.226562 0.710938 0.015625 0.015625
0 0.454688 0.710938 0.015625 0.015625
0 0.529687 0.712500 0.015625 0.015625
0 0.290625 0.714063 0.015625 0.015625
0 0.606250 0.714063 0.015625 0.015625
0 0.759375 0.718750 0.015625 0.015625
0 0.682813 0.718750 0.015625 0.015625
0 0.832812 0.721875 0.015625 0.015625
0 0.909375 0.723437 0.015625 0.015625
0 0.987500 0.728125 0.015625 0.015625
0 0.034375 0.771875 0.015625 0.015625
0 0.109375 0.771875 0.015625 0.015625
0 0.182812 0.776563 0.015625 0.015625
0 0.260937 0.778125 0.015625 0.015625
0 0.335938 0.779687 0.015625 0.015625
0 0.718750 0.782813 0.015625 0.015625
0 0.562500 0.782813 0.015625 0.015625
0 0.792188 0.787500 0.015625 0.015625
0 0.868750 0.789062 0.015625 0.015625
0 0.946875 0.790625 0.015625 0.015625
0 0.070312 0.835938 0.015625 0.015625
0 0.145313 0.839063 0.015625 0.015625
0 0.220312 0.840625 0.015625 0.015625
0 0.606250 0.843750 0.015625 0.015625
0 0.298438 0.843750 0.015625 0.015625
0 0.375000 0.845313 0.015625 0.015625
0 0.528125 0.846875 0.015625 0.015625
0 0.678125 0.846875 0.015625 0.015625
0 0.453125 0.848437 0.015625 0.015625
0 0.754687 0.854688 0.015625 0.015625
0 0.831250 0.856250 0.015625 0.015625
0 0.907813 0.860938 0.015625 0.015625
0 0.981250 0.862500 0.015625 0.015625
0 0.032813 0.901563 0.015625 0.015625
0 0.109375 0.903125 0.015625 0.015625
0 0.185938 0.904687 0.015625 0.015625
0 0.334375 0.907813 0.015625 0.015625
0 0.487500 0.909375 0.015625 0.015625
0 0.639062 0.909375 0.015625 0.015625
0 0.257812 0.910937 0.015625 0.015625
0 0.717187 0.912500 0.015625 0.015625
0 0.562500 0.915625 0.015625 0.015625
0 0.789062 0.915625 0.015625 0.015625
0 0.865625 0.923438 0.015625 0.015625
0 0.945312 0.925000 0.015625 0.015625
0 0.067187 0.968750 0.015625 0.015625
0 0.143750 0.970313 0.015625 0.015625
0 0.451562 0.971875 0.015625 0.015625
0 0.296875 0.973437 0.015625 0.015625
0 0.373437 0.973437 0.015625 0.015625
0 0.225000 0.975000 0.015625 0.015625
0 0.675000 0.976562 0.015625 0.015625
0 0.757812 0.978125 0.015625 0.015625
0 0.831250 0.985938 0.015625 0.015625
0 0.907813 0.989062 0.015625 0.015625
0 0.981250 0.992188 0.015625 0.015625
0 0.343750 0.389062 0.015625 0.015625
