0 0.828125 0.000000 0.015625 0.015625
0 0.596875 0.001563 0.015625 0.015625
0 0.978125 0.004687 0.015625 0.015625
0 0.184375 0.042188 0.015625 0.015625
0 0.034375 0.045312 0.015625 0.015625
0 0.109375 0.048438 0.015625 0.015625
0 0.479687 0.060937 0.015625 0.015625
0 0.937500 0.068750 0.015625 0.015625
0 0.406250 0.068750 0.015625 0.015625
0 0.643750 0.076563 0.015625 0.015625
0 0.332813 0.081250 0.015625 0.015625
0 0.134375 0.090625 0.015625 0.015625
0 0.579688 0.096875 0.015625 0.015625
0 0.903125 0.139063 0.015625 0.015625
0 0.389062 0.154688 0.015625 0.015625
0 0.243750 0.162500 0.015625 0.015625
0 0.114062 0.167187 0.015625 0.015625
0 0.784375 0.184375 0.015625 0.015625
0 0.179688 0.185938 0.015625 0.015625
0 0.631250 0.190625 0.015625 0.015625
0 0.706250 0.192188 0.015625 0.015625
0 0.400000 0.192188 0.015625 0.015625
0 0.479687 0.193750 0.015625 0.015625
0 0.559375 0.193750 0.015625 0.015625
0 0.935937 0.209375 0.015625 0.015625
0 0.515625 0.237500 0.015625 0.015625
0 0.442188 0.239063 0.015625 0.015625
0 0.365625 0.239063 0.015625 0.015625
0 0.562500 0.242188 0.015625 0.015625
0 0.656250 0.245312 0.015625 0.015625
0 0.885938 0.248438 0.015625 0.015625
0 0.232813 0.248438 0.015625 0.015625
0 0.815625 0.248438 0.015625 0.015625
0 0.334375 0.287500 0.015625 0.015625
0 0.923438 0.306250 0.015625 0.015625
0 0.828125 0.307812 0.015625 0.015625
0 0.559375 0.325000 0.015625 0.015625
0 0.300000 0.359375 0.015625 0.015625
0 0.428125 0.359375 0.015625 0.015625
0 0.465625 0.360938 0.015625 0.015625
0 0.210938 0.368750 0.015625 0.015625
0 0.889062 0.368750 0.015625 0.015625
0 0.653125 0.368750 0.015625 0.015625
0 0.987500 0.373437 0.015625 0.015625
0 0.064062 0.373437 0.015625 0.015625
0 0.589063 0.392188 0.015625 0.015625
0 0.135937 0.393750 0.015625 0.015625
0 0.759375 0.442188 0.015625 0.015625
0 0.473438 0.442188 0.015625 0.015625
0 0.253125 0.446875 0.015625 0.015625
0 0.026562 0.448437 0.015625 0.015625
0 0.328125 0.450000 0.015625 0.015625
0 0.096875 0.450000 0.015625 0.015625
0 0.176563 0.459375 0.015625 0.015625
0 0.932813 0.468750 0.015625 0.015625
0 0.587500 0.510938 0.015625 0.015625
0 0.440625 0.512500 0.015625 0.015625
0 0.287500 0.512500 0.015625 0.015625
0 0.518750 0.515625 0.015625 0.015625
0 0.132812 0.521875 0.015625 0.015625
0 0.903125 0.529687 0.015625 0.015625
0 0.745313 0.534375 0.015625 0.015625
0 0.826562 0.534375 0.015625 0.015625
0 0.968750 0.535937 0.015625 0.015625
0 0.387500 0.545312 0.015625 0.015625
0 0.554688 0.587500 0.015625 0.015625
0 0.706250 0.603125 0.015625 0.015625
0 0.779687 0.604688 0.015625 0.015625
0 0.862500 0.606250 0.015625 0.015625
0 0.114062 0.609375 0.015625 0.015625
0 0.064062 0.623437 0.015625 0.015625
0 0.203125 0.628125 0.015625 0.015625
0 0.132812 0.646875 0.015625 0.015625
0 0.284375 0.648438 0.015625 0.015625
0 0.439063 0.657813 0.015625 0.015625
0 0.740625 0.660937 0.015625 0.015625
0 0.664062 0.662500 0.015625 0.015625
0 0.593750 0.664062 0.015625 0.015625
0 0.817187 0.667188 0.015625 0.015625
0 0.514062 0.667188 0.015625 0.015625
0 0.017188 0.712500 0.015625 0.015625
0 0.629687 0.723437 0.015625 0.015625
0 0.090625 0.725000 0.015625 0.015625
0 0.710938 0.726562 0.015625 0.015625
0 0.784375 0.729688 0.015625 0.015625
0 0.856250 0.734375 0.015625 0.015625
0 0.934375 0.735938 0.015625 0.015625
0 0.503125 0.751563 0.015625 0.015625
0 0.046875 0.770312 0.015625 0.015625
0 0.439063 0.782813 0.015625 0.015625
0 0.281250 0.782813 0.015625 0.015625
0 0.742188 0.785937 0.015625 0.015625
0 0.909375 0.787500 0.015625 0.015625
0 0.584375 0.789062 0.015625 0.015625
0 0.510938 0.792188 0.015625 0.015625
0 0.829688 0.793750 0.015625 0.015625
0 0.964063 0.796875 0.015625 0.015625
0 0.089063 0.807813 0.015625 0.015625
0 0.509375 0.839063 0.015625 0.015625
0 0.551562 0.846875 0.015625 0.015625
0 0.621875 0.850000 0.015625 0.015625
0 0.701562 0.853125 0.015625 0.015625
0 0.937500 0.859375 0.015625 0.015625
0 0.862500 0.860938 0.015625 0.015625
0 0.132812 0.873437 0.015625 0.015625
0 0.431250 0.895312 0.015625 0.015625
0 0.279687 0.904687 0.015625 0.015625
0 0.056250 0.909375 0.015625 0.015625
0 0.204687 0.912500 0.015625 0.015625
0 0.660937 0.912500 0.015625 0.015625
0 0.817187 0.914062 0.015625 0.015625
0 0.735938 0.917188 0.015625 0.015625
0 0.970313 0.928125 0.015625 0.015625
0 0.701562 0.982812 0.015625 0.015625
0 0.778125 0.984375 0.015625 0.015625
0 0.853125 0.985938 0.015625 0.015625
0 0.243750 0.987500 0.015625 0.015625
0 0.012500 0.989062 0.015625 0.015625
0 0.928125 0.993750 0.015625 0.015625
0 0.484375 0.993750 0.015625 0.015625
0 0.314063 0.995313 0.015625 0.015625
