0 0.339062 0.720313 0.015625 0.015625
0 0.260937 0.589063 0.015625 0.015625
0 0.120313 0.064062 0.015625 0.015625
0 0.270313 0.068750 0.015625 0.015625
0 0.184375 0.723437 0.015625 0.015625
0 0.418750 0.065625 0.015625 0.015625
0 0.031250 0.717187 0.015625 0.015625
0 0.346875 0.068750 0.015625 0.015625
0 0.526563 0.400000 0.015625 0.015625
0 0.195312 0.065625 0.015625 0.015625
0 0.184375 0.587500 0.015625 0.015625
0 0.414062 0.462500 0.015625 0.015625
0 0.520312 0.662500 0.015625 0.015625
0 0.529687 0.531250 0.015625 0.015625
0 0.453125 0.398438 0.015625 0.015625
0 0.487500 0.596875 0.015625 0.015625
0 0.143750 0.393750 0.015625 0.015625
0 0.046875 0.064062 0.015625 0.015625
0 0.485938 0.728125 0.015625 0.015625
0 0.334375 0.462500 0.015625 0.015625
0 0.107813 0.717187 0.015625 0.015625
0 0.039062 0.585938 0.015625 0.015625
0 0.187500 0.326562 0.015625 0.015625
0 0.843750 0.142187 0.015625 0.015625
0 0.767188 0.142187 0.015625 0.015625
0 0.639062 0.728125 0.015625 0.015625
0 0.717187 0.600000 0.015625 0.015625
0 0.992188 0.142187 0.015625 0.015625
0 0.717187 0.468750 0.015625 0.015625
0 0.985938 0.537500 0.015625 0.015625
0 0.600000 0.665625 0.015625 0.015625
0 0.870313 0.471875 0.015625 0.015625
0 0.918750 0.142187 0.015625 0.015625
0 0.643750 0.467187 0.015625 0.015625
0 0.809375 0.075000 0.015625 0.015625
0 0.793750 0.600000 0.015625 0.015625
0 0.957812 0.078125 0.015625 0.015625
0 0.734375 0.071875 0.015625 0.015625
0 0.564063 0.729688 0.015625 0.015625
0 0.567187 0.334375 0.015625 0.015625
0 0.918750 0.010937 0.015625 0.015625
0 0.690625 0.137500 0.015625 0.015625
0 0.793750 0.468750 0.015625 0.015625
0 0.882812 0.076563 0.015625 0.015625
0 0.714063 0.729688 0.015625 0.015625
0 0.984375 0.670312 0.015625 0.015625
0 0.226562 0.525000 0.015625 0.015625
0 0.489063 0.467187 0.015625 0.015625
0 0.445312 0.531250 0.015625 0.015625
0 0.371875 0.396875 0.015625 0.015625
0 0.412500 0.595313 0.015625 0.015625
0 0.150000 0.656250 0.015625 0.015625
0 0.112500 0.595313 0.015625 0.015625
0 0.068750 0.653125 0.015625 0.015625
0 0.265625 0.723437 0.015625 0.015625
0 0.414062 0.728125 0.015625 0.015625
0 0.376563 0.662500 0.015625 0.015625
0 0.376563 0.528125 0.015625 0.015625
0 0.065625 0.526563 0.015625 0.015625
0 0.301563 0.656250 0.015625 0.015625
0 0.065625 0.387500 0.015625 0.015625
0 0.150000 0.532813 0.015625 0.015625
0 0.446875 0.664062 0.015625 0.015625
0 0.545312 0.600000 0.015625 0.015625
0 0.221875 0.395313 0.015625 0.015625
0 0.226562 0.657813 0.015625 0.015625
0 0.303125 0.395313 0.015625 0.015625
0 0.325000 0.590625 0.015625 0.015625
0 0.907813 0.539062 0.015625 0.015625
0 0.942187 0.735938 0.015625 0.015625
0 0.493750 0.073438 0.015625 0.015625
0 0.615625 0.140625 0.015625 0.015625
0 0.504687 0.200000 0.015625 0.015625
0 0.570312 0.204687 0.015625 0.015625
0 0.643750 0.204687 0.015625 0.015625
0 0.801562 0.207813 0.015625 0.015625
0 0.878125 0.206250 0.015625 0.015625
0 0.937500 0.206250 0.015625 0.015625
0 0.951562 0.607812 0.015625 0.015625
0 0.868750 0.607812 0.015625 0.015625
0 0.906250 0.673438 0.015625 0.015625
0 0.832812 0.668750 0.015625 0.015625
0 0.753125 0.671875 0.015625 0.015625
0 0.673438 0.675000 0.015625 0.015625
0 0.793750 0.737500 0.015625 0.015625
0 0.868750 0.732812 0.015625 0.015625
0 0.634375 0.596875 0.015625 0.015625
0 0.592187 0.532813 0.015625 0.015625
0 0.673438 0.540625 0.015625 0.015625
0 0.740625 0.539062 0.015625 0.015625
0 0.826562 0.539062 0.015625 0.015625
0 0.067187 0.784375 0.015625 0.015625
0 0.150000 0.785937 0.015625 0.015625
0 0.220312 0.787500 0.015625 0.015625
0 0.292187 0.789062 0.015625 0.015625
0 0.371875 0.790625 0.015625 0.015625
0 0.446875 0.792188 0.015625 0.015625
0 0.526563 0.795312 0.015625 0.015625
0 0.601562 0.792188 0.015625 0.015625
0 0.682813 0.795312 0.015625 0.015625
0 0.757812 0.796875 0.015625 0.015625
0 0.825000 0.798438 0.015625 0.015625
0 0.904687 0.800000 0.015625 0.015625
0 0.982812 0.801562 0.015625 0.015625
0 0.023438 0.854688 0.015625 0.015625
0 0.065625 0.918750 0.015625 0.015625
0 0.103125 0.854688 0.015625 0.015625
0 0.140625 0.925000 0.015625 0.015625
0 0.179688 0.851562 0.015625 0.015625
0 0.217188 0.928125 0.015625 0.015625
0 0.254688 0.853125 0.015625 0.015625
0 0.301563 0.921875 0.015625 0.015625
0 0.328125 0.856250 0.015625 0.015625
0 0.370312 0.923438 0.015625 0.015625
0 0.415625 0.854688 0.015625 0.015625
0 0.445312 0.925000 0.015625 0.015625
0 0.478125 0.985938 0.015625 0.015625
0 0.406250 0.987500 0.015625 0.015625
0 0.329688 0.984375 0.015625 0.015625
0 0.260937 0.982812 0.015625 0.015625
0 0.182812 0.985938 0.015625 0.015625
0 0.109375 0.987500 0.015625 0.015625
0 0.029687 0.989062 0.015625 0.015625
0 0.529687 0.925000 0.015625 0.015625
0 0.553125 0.985938 0.015625 0.015625
0 0.596875 0.937500 0.015625 0.015625
0 0.629687 0.987500 0.015625 0.015625
0 0.548438 0.859375 0.015625 0.015625
0 0.490625 0.853125 0.015625 0.015625
0 0.637500 0.856250 0.015625 0.015625
0 0.676562 0.931250 0.015625 0.015625
0 0.710938 0.995313 0.015625 0.015625
0 0.718750 0.867188 0.015625 0.015625
0 0.754687 0.929688 0.015625 0.015625
0 0.793750 0.993750 0.015625 0.015625
0 0.795312 0.859375 0.015625 0.015625
0 0.834375 0.942187 0.015625 0.015625
0 0.857812 0.992188 0.015625 0.015625
0 0.873437 0.862500 0.015625 0.015625
0 0.943750 0.865625 0.015625 0.015625
0 0.909375 0.939063 0.015625 0.015625
0 0.975000 0.939063 0.015625 0.015625
0 0.609375 0.398438 0.015625 0.015625
0 0.642188 0.337500 0.015625 0.015625
0 0.787500 0.340625 0.015625 0.015625
0 0.868750 0.339062 0.015625 0.015625
0 0.832812 0.403125 0.015625 0.015625
0 0.989062 0.398438 0.015625 0.015625
0 0.518750 0.273438 0.015625 0.015625
0 0.614062 0.271875 0.015625 0.015625
0 0.760938 0.271875 0.015625 0.015625
0 0.498437 0.331250 0.015625 0.015625
0 0.734375 0.220312 0.015625 0.015625
0 0.262500 0.468750 0.015625 0.015625
0 0.945312 0.473438 0.015625 0.015625
