0 0.167187 0.042188 0.015625 0.015625
0 0.312500 0.048438 0.015625 0.015625
0 0.075000 0.048438 0.015625 0.015625
0 0.389062 0.050000 0.015625 0.015625
0 0.226562 0.051562 0.015625 0.015625
0 0.462500 0.053125 0.015625 0.015625
0 0.612500 0.056250 0.015625 0.015625
0 0.764062 0.057813 0.015625 0.015625
0 0.843750 0.059375 0.015625 0.015625
0 0.687500 0.060937 0.015625 0.015625
0 0.917188 0.062500 0.015625 0.015625
0 0.992188 0.065625 0.015625 0.015625
0 0.268750 0.117188 0.015625 0.015625
0 0.418750 0.117188 0.015625 0.015625
0 0.343750 0.117188 0.015625 0.015625
0 0.493750 0.123438 0.015625 0.015625
0 0.568750 0.123438 0.015625 0.015625
0 0.039062 0.123438 0.015625 0.015625
0 0.648438 0.125000 0.015625 0.015625
0 0.801562 0.126562 0.015625 0.015625
0 0.723437 0.128125 0.015625 0.015625
0 0.953125 0.129688 0.015625 0.015625
0 0.876563 0.131250 0.015625 0.015625
0 0.153125 0.181250 0.015625 0.015625
0 0.229687 0.181250 0.015625 0.015625
0 0.459375 0.184375 0.015625 0.015625
0 0.376563 0.185938 0.015625 0.015625
0 0.304688 0.187500 0.015625 0.015625
0 0.528125 0.187500 0.015625 0.015625
0 0.687500 0.189062 0.015625 0.015625
0 0.609375 0.189062 0.015625 0.015625
0 0.762500 0.189062 0.015625 0.015625
0 0.840625 0.192188 0.015625 0.015625
0 0.992188 0.193750 0.015625 0.015625
0 0.915625 0.193750 0.015625 0.015625
0 0.107813 0.248438 0.015625 0.015625
0 0.264062 0.250000 0.015625 0.015625
0 0.417187 0.250000 0.015625 0.015625
0 0.342187 0.254688 0.015625 0.015625
0 0.490625 0.254688 0.015625 0.015625
0 0.718750 0.256250 0.015625 0.015625
0 0.642188 0.256250 0.015625 0.015625
0 0.565625 0.256250 0.015625 0.015625
0 0.951562 0.262500 0.015625 0.015625
0 0.885938 0.265625 0.015625 0.015625
0 0.371875 0.312500 0.015625 0.015625
0 0.521875 0.321875 0.015625 0.015625
0 0.600000 0.323437 0.015625 0.015625
0 0.675000 0.325000 0.015625 0.015625
0 0.910937 0.332813 0.015625 0.015625
0 0.148438 0.334375 0.015625 0.015625
0 0.987500 0.334375 0.015625 0.015625
0 0.264062 0.378125 0.015625 0.015625
0 0.339062 0.381250 0.015625 0.015625
0 0.412500 0.384375 0.015625 0.015625
0 0.485938 0.387500 0.015625 0.015625
0 0.793750 0.390625 0.015625 0.015625
0 0.640625 0.392188 0.015625 0.015625
0 0.714063 0.392188 0.015625 0.015625
0 0.946875 0.398438 0.015625 0.015625
0 0.139063 0.437500 0.015625 0.015625
0 0.221875 0.440625 0.015625 0.015625
0 0.301563 0.440625 0.015625 0.015625
0 0.371875 0.453125 0.015625 0.015625
0 0.445312 0.456250 0.015625 0.015625
0 0.600000 0.456250 0.015625 0.015625
0 0.673438 0.456250 0.015625 0.015625
0 0.521875 0.456250 0.015625 0.015625
0 0.757812 0.459375 0.015625 0.015625
0 0.829688 0.462500 0.015625 0.015625
0 0.334375 0.515625 0.015625 0.015625
0 0.181250 0.515625 0.015625 0.015625
0 0.404687 0.515625 0.015625 0.015625
0 0.639062 0.518750 0.015625 0.015625
0 0.487500 0.520312 0.015625 0.015625
0 0.262500 0.535937 0.015625 0.015625
0 0.915625 0.578125 0.015625 0.015625
0 0.368750 0.581250 0.015625 0.015625
0 0.525000 0.585938 0.015625 0.015625
0 0.439063 0.592187 0.015625 0.015625
0 0.826562 0.593750 0.015625 0.015625
0 0.707812 0.646875 0.015625 0.015625
0 0.553125 0.648438 0.015625 0.015625
0 0.635938 0.648438 0.015625 0.015625
0 0.778125 0.656250 0.015625 0.015625
0 0.935937 0.659375 0.015625 0.015625
0 0.139063 0.706250 0.015625 0.015625
0 0.821875 0.721875 0.015625 0.015625
0 0.896875 0.729688 0.015625 0.015625
0 0.756250 0.731250 0.015625 0.015625
0 0.175000 0.770312 0.015625 0.015625
0 0.073438 0.831250 0.015625 0.015625
0 0.215625 0.835938 0.015625 0.015625
0 0.721875 0.884375 0.015625 0.015625
0 0.023438 0.900000 0.015625 0.015625
0 0.101562 0.901563 0.015625 0.015625
0 0.312500 0.904687 0.015625 0.015625
0 0.401562 0.909375 0.015625 0.015625
0 0.471875 0.910937 0.015625 0.015625
0 0.862500 0.912500 0.015625 0.015625
0 0.937500 0.915625 0.015625 0.015625
0 0.625000 0.918750 0.015625 0.015625
0 0.064062 0.965625 0.015625 0.015625
0 0.287500 0.975000 0.015625 0.015625
0 0.362500 0.978125 0.015625 0.015625
0 0.428125 0.979688 0.015625 0.015625
0 0.589063 0.981250 0.015625 0.015625
0 0.890625 0.984375 0.015625 0.015625
0 0.967187 0.984375 0.015625 0.015625
0 0.896875 0.464062 0.015625 0.015625
0 0.857812 0.529687 0.015625 0.015625
0 0.939063 0.531250 0.015625 0.015625
0 0.982812 0.593750 0.015625 0.015625
0 0.032813 0.246875 0.015625 0.015625
0 0.071875 0.312500 0.015625 0.015625
0 0.189062 0.245312 0.015625 0.015625
0 0.225000 0.314063 0.015625 0.015625
0 0.300000 0.317188 0.015625 0.015625
0 0.442188 0.312500 0.015625 0.015625
0 0.564063 0.385937 0.015625 0.015625
0 0.753125 0.318750 0.015625 0.015625
0 0.818750 0.273438 0.015625 0.015625
0 0.834375 0.332813 0.015625 0.015625
0 0.862500 0.401562 0.015625 0.015625
0 0.815625 0.979688 0.015625 0.015625
0 0.732812 0.968750 0.015625 0.015625
0 0.778125 0.910937 0.015625 0.015625
0 0.665625 0.976562 0.015625 0.015625
0 0.518750 0.971875 0.015625 0.015625
0 0.550000 0.915625 0.015625 0.015625
0 0.665625 0.843750 0.015625 0.015625
0 0.598437 0.851562 0.015625 0.015625
0 0.250000 0.903125 0.015625 0.015625
