0 0.545312 0.667188 0.015625 0.015625
0 0.845313 0.668750 0.015625 0.015625
0 0.134375 0.593750 0.015625 0.015625
0 0.964063 0.343750 0.015625 0.015625
0 0.768750 0.668750 0.015625 0.015625
0 0.996875 0.673438 0.015625 0.015625
0 0.392188 0.665625 0.015625 0.015625
0 0.053125 0.595313 0.015625 0.015625
0 0.890625 0.342187 0.015625 0.015625
0 0.732812 0.601562 0.015625 0.015625
0 0.885938 0.475000 0.015625 0.015625
0 0.317188 0.662500 0.015625 0.015625
0 0.785937 0.145313 0.015625 0.015625
0 0.587500 0.470313 0.015625 0.015625
0 0.471875 0.665625 0.015625 0.015625
0 0.359375 0.596875 0.015625 0.015625
0 0.015625 0.653125 0.015625 0.015625
0 0.131250 0.325000 0.015625 0.015625
0 0.964063 0.476562 0.015625 0.015625
0 0.846875 0.540625 0.015625 0.015625
0 0.810937 0.475000 0.015625 0.015625
0 0.089063 0.653125 0.015625 0.015625
0 0.693750 0.665625 0.015625 0.015625
0 0.243750 0.395313 0.015625 0.015625
0 0.884375 0.601562 0.015625 0.015625
0 0.960938 0.604688 0.015625 0.015625
0 0.093750 0.525000 0.015625 0.015625
0 0.282813 0.600000 0.015625 0.015625
0 0.620313 0.667188 0.015625 0.015625
0 0.918750 0.668750 0.015625 0.015625
0 0.810937 0.603125 0.015625 0.015625
0 0.215625 0.596875 0.015625 0.015625
0 0.093750 0.393750 0.015625 0.015625
0 0.920312 0.542188 0.015625 0.015625
0 0.017188 0.393750 0.015625 0.015625
0 0.320312 0.140625 0.015625 0.015625
0 0.812500 0.343750 0.015625 0.015625
0 0.998437 0.543750 0.015625 0.015625
0 0.051562 0.325000 0.015625 0.015625
0 0.285938 0.203125 0.015625 0.015625
0 0.735938 0.475000 0.015625 0.015625
0 0.471875 0.534375 0.015625 0.015625
0 0.359375 0.467187 0.015625 0.015625
0 0.768750 0.539062 0.015625 0.015625
0 0.015625 0.265625 0.015625 0.015625
0 0.742188 0.212500 0.015625 0.015625
0 0.956250 0.735938 0.015625 0.015625
0 0.206250 0.325000 0.015625 0.015625
0 0.014063 0.523438 0.015625 0.015625
0 0.468750 0.273438 0.015625 0.015625
0 0.707812 0.146875 0.015625 0.015625
0 0.776563 0.275000 0.015625 0.015625
0 0.925000 0.410938 0.015625 0.015625
0 0.170313 0.137500 0.015625 0.015625
0 0.168750 0.265625 0.015625 0.015625
0 0.815625 0.214062 0.015625 0.015625
0 0.139063 0.198437 0.015625 0.015625
0 0.584375 0.600000 0.015625 0.015625
0 0.243750 0.265625 0.015625 0.015625
0 0.623437 0.403125 0.015625 0.015625
0 0.860938 0.146875 0.015625 0.015625
0 0.475000 0.143750 0.015625 0.015625
0 0.620313 0.537500 0.015625 0.015625
0 0.998437 0.285938 0.015625 0.015625
0 0.168750 0.654687 0.015625 0.015625
0 0.243750 0.660937 0.015625 0.015625
0 0.134375 0.462500 0.015625 0.015625
0 0.585938 0.204687 0.015625 0.015625
0 0.435937 0.600000 0.015625 0.015625
0 0.659375 0.601562 0.015625 0.015625
0 0.168750 0.528125 0.015625 0.015625
0 0.245312 0.140625 0.015625 0.015625
0 0.292187 0.328125 0.015625 0.015625
0 0.850000 0.409375 0.015625 0.015625
0 0.207813 0.464062 0.015625 0.015625
0 0.625000 0.140625 0.015625 0.015625
0 0.515625 0.203125 0.015625 0.015625
0 0.282813 0.462500 0.015625 0.015625
0 0.514062 0.073438 0.015625 0.015625
0 0.695312 0.540625 0.015625 0.015625
0 0.706250 0.400000 0.015625 0.015625
0 0.700000 0.276562 0.015625 0.015625
0 0.209375 0.198437 0.015625 0.015625
0 0.551562 0.140625 0.015625 0.015625
0 0.621875 0.273438 0.015625 0.015625
0 0.435937 0.470313 0.015625 0.015625
0 0.392188 0.401562 0.015625 0.015625
0 0.860938 0.018750 0.015625 0.015625
0 0.967187 0.215625 0.015625 0.015625
0 0.389062 0.796875 0.015625 0.015625
0 0.275000 0.989062 0.015625 0.015625
0 0.198437 0.851562 0.015625 0.015625
0 0.957812 0.864062 0.015625 0.015625
0 0.692187 0.801562 0.015625 0.015625
0 0.043750 0.850000 0.015625 0.015625
0 0.992188 0.801562 0.015625 0.015625
0 0.918750 0.800000 0.015625 0.015625
0 0.745313 0.078125 0.015625 0.015625
0 0.667188 0.084375 0.015625 0.015625
0 0.582812 0.078125 0.015625 0.015625
0 0.823438 0.087500 0.015625 0.015625
0 0.898438 0.084375 0.015625 0.015625
0 0.967187 0.084375 0.015625 0.015625
0 0.932813 0.137500 0.015625 0.015625
0 0.926562 0.279687 0.015625 0.015625
0 0.831250 0.278125 0.015625 0.015625
0 0.539062 0.271875 0.015625 0.015625
0 0.312500 0.273438 0.015625 0.015625
0 0.434375 0.343750 0.015625 0.015625
0 0.471875 0.412500 0.015625 0.015625
0 0.550000 0.396875 0.015625 0.015625
0 0.512500 0.339062 0.015625 0.015625
0 0.507812 0.473438 0.015625 0.015625
0 0.315625 0.403125 0.015625 0.015625
0 0.057813 0.457813 0.015625 0.015625
0 0.251563 0.529687 0.015625 0.015625
0 0.323437 0.531250 0.015625 0.015625
0 0.017188 0.790625 0.015625 0.015625
0 0.131250 0.723437 0.015625 0.015625
0 0.092188 0.792188 0.015625 0.015625
0 0.164062 0.787500 0.015625 0.015625
0 0.271875 0.731250 0.015625 0.015625
0 0.240625 0.792188 0.015625 0.015625
0 0.326562 0.787500 0.015625 0.015625
0 0.362500 0.732812 0.015625 0.015625
0 0.412500 0.732812 0.015625 0.015625
0 0.587500 0.729688 0.015625 0.015625
0 0.650000 0.729688 0.015625 0.015625
0 0.717187 0.729688 0.015625 0.015625
0 0.792188 0.729688 0.015625 0.015625
0 0.875000 0.731250 0.015625 0.015625
0 0.846875 0.801562 0.015625 0.015625
0 0.767188 0.810937 0.015625 0.015625
0 0.615625 0.803125 0.015625 0.015625
0 0.535937 0.801562 0.015625 0.015625
0 0.454688 0.798438 0.015625 0.015625
0 0.515625 0.598437 0.015625 0.015625
0 0.792188 0.868750 0.015625 0.015625
0 0.726562 0.870313 0.015625 0.015625
0 0.646875 0.867188 0.015625 0.015625
0 0.571875 0.868750 0.015625 0.015625
0 0.500000 0.865625 0.015625 0.015625
0 0.423438 0.865625 0.015625 0.015625
0 0.348438 0.859375 0.015625 0.015625
0 0.092188 0.915625 0.015625 0.015625
0 0.164062 0.915625 0.015625 0.015625
0 0.245312 0.923438 0.015625 0.015625
0 0.320312 0.928125 0.015625 0.015625
0 0.401562 0.932813 0.015625 0.015625
0 0.470313 0.932813 0.015625 0.015625
0 0.543750 0.934375 0.015625 0.015625
0 0.590625 0.996875 0.015625 0.015625
0 0.654687 0.996875 0.015625 0.015625
0 0.731250 0.998437 0.015625 0.015625
0 0.050000 0.989062 0.015625 0.015625
0 0.012500 0.923438 0.015625 0.015625
0 0.031250 0.135937 0.015625 0.015625
0 0.095312 0.143750 0.015625 0.015625
0 0.059375 0.203125 0.015625 0.015625
0 0.100000 0.239063 0.015625 0.015625
0 0.134375 0.079687 0.015625 0.015625
0 0.209375 0.068750 0.015625 0.015625
0 0.357812 0.073438 0.015625 0.015625
0 0.414062 0.125000 0.015625 0.015625
0 0.446875 0.081250 0.015625 0.015625
0 0.365625 0.209375 0.015625 0.015625
0 0.437500 0.207813 0.015625 0.015625
0 0.403125 0.265625 0.015625 0.015625
0 0.675000 0.209375 0.015625 0.015625
0 0.620313 0.009375 0.015625 0.015625
0 0.537500 0.010937 0.015625 0.015625
0 0.470313 0.015625 0.015625 0.015625
0 0.776563 0.012500 0.015625 0.015625
0 0.712500 0.018750 0.015625 0.015625
0 0.890625 0.210938 0.015625 0.015625
0 0.732812 0.343750 0.015625 0.015625
0 0.590625 0.342187 0.015625 0.015625
0 0.615625 0.929688 0.015625 0.015625
0 0.700000 0.929688 0.015625 0.015625
0 0.757812 0.932813 0.015625 0.015625
0 0.851562 0.935937 0.015625 0.015625
0 0.981250 0.929688 0.015625 0.015625
0 0.879687 0.864062 0.015625 0.015625
0 0.350000 0.987500 0.015625 0.015625
0 0.426563 0.993750 0.015625 0.015625
0 0.192188 0.990625 0.015625 0.015625
0 0.129688 0.985938 0.015625 0.015625
