0 0.068750 0.023438 0.015625 0.015625
0 0.892188 0.034375 0.015625 0.015625
0 0.667188 0.034375 0.015625 0.015625
0 0.518750 0.034375 0.015625 0.015625
0 0.598437 0.035937 0.015625 0.015625
0 0.971875 0.035937 0.015625 0.015625
0 0.743750 0.035937 0.015625 0.015625
0 0.818750 0.035937 0.015625 0.015625
0 0.110937 0.084375 0.015625 0.015625
0 0.032813 0.085938 0.015625 0.015625
0 0.184375 0.087500 0.015625 0.015625
0 0.259375 0.090625 0.015625 0.015625
0 0.934375 0.095312 0.015625 0.015625
0 0.857812 0.098437 0.015625 0.015625
0 0.632812 0.098437 0.015625 0.015625
0 0.781250 0.098437 0.015625 0.015625
0 0.704688 0.098437 0.015625 0.015625
0 0.150000 0.146875 0.015625 0.015625
0 0.070312 0.150000 0.015625 0.015625
0 0.218750 0.154688 0.015625 0.015625
0 0.517188 0.160938 0.015625 0.015625
0 0.742188 0.160938 0.015625 0.015625
0 0.592187 0.162500 0.015625 0.015625
0 0.668750 0.162500 0.015625 0.015625
0 0.817187 0.164062 0.015625 0.015625
0 0.893750 0.165625 0.015625 0.015625
0 0.968750 0.167187 0.015625 0.015625
0 0.107813 0.215625 0.015625 0.015625
0 0.184375 0.215625 0.015625 0.015625
0 0.029687 0.220312 0.015625 0.015625
0 0.256250 0.221875 0.015625 0.015625
0 0.482812 0.228125 0.015625 0.015625
0 0.707812 0.228125 0.015625 0.015625
0 0.782813 0.229687 0.015625 0.015625
0 0.632812 0.229687 0.015625 0.015625
0 0.857812 0.231250 0.015625 0.015625
0 0.559375 0.231250 0.015625 0.015625
0 0.931250 0.231250 0.015625 0.015625
0 0.217188 0.281250 0.015625 0.015625
0 0.064062 0.284375 0.015625 0.015625
0 0.667188 0.290625 0.015625 0.015625
0 0.287500 0.292187 0.015625 0.015625
0 0.892188 0.293750 0.015625 0.015625
0 0.740625 0.293750 0.015625 0.015625
0 0.818750 0.293750 0.015625 0.015625
0 0.964063 0.295312 0.015625 0.015625
0 0.518750 0.304688 0.015625 0.015625
0 0.176563 0.348438 0.015625 0.015625
0 0.628125 0.351562 0.015625 0.015625
0 0.706250 0.357812 0.015625 0.015625
0 0.853125 0.359375 0.015625 0.015625
0 0.779687 0.359375 0.015625 0.015625
0 0.929688 0.362500 0.015625 0.015625
0 0.360938 0.409375 0.015625 0.015625
0 0.214062 0.410938 0.015625 0.015625
0 0.742188 0.417187 0.015625 0.015625
0 0.810937 0.418750 0.015625 0.015625
0 0.667188 0.420312 0.015625 0.015625
0 0.434375 0.423438 0.015625 0.015625
0 0.965625 0.425000 0.015625 0.015625
0 0.890625 0.425000 0.015625 0.015625
0 0.025000 0.462500 0.015625 0.015625
0 0.248438 0.468750 0.015625 0.015625
0 0.093750 0.473438 0.015625 0.015625
0 0.779687 0.490625 0.015625 0.015625
0 0.854688 0.493750 0.015625 0.015625
0 0.929688 0.493750 0.015625 0.015625
0 0.079687 0.543750 0.015625 0.015625
0 0.812500 0.554688 0.015625 0.015625
0 0.887500 0.560937 0.015625 0.015625
0 0.962500 0.560937 0.015625 0.015625
0 0.017188 0.601562 0.015625 0.015625
0 0.095312 0.604688 0.015625 0.015625
0 0.170313 0.607812 0.015625 0.015625
0 0.243750 0.609375 0.015625 0.015625
0 0.628125 0.614062 0.015625 0.015625
0 0.051562 0.671875 0.015625 0.015625
0 0.134375 0.679688 0.015625 0.015625
0 0.509375 0.684375 0.015625 0.015625
0 0.962500 0.690625 0.015625 0.015625
0 0.093750 0.737500 0.015625 0.015625
0 0.173437 0.740625 0.015625 0.015625
0 0.242188 0.740625 0.015625 0.015625
0 0.546875 0.743750 0.015625 0.015625
0 0.467187 0.746875 0.015625 0.015625
0 0.400000 0.746875 0.015625 0.015625
0 0.015625 0.748437 0.015625 0.015625
0 0.131250 0.801562 0.015625 0.015625
0 0.056250 0.804688 0.015625 0.015625
0 0.585938 0.807813 0.015625 0.015625
0 0.356250 0.807813 0.015625 0.015625
0 0.207813 0.809375 0.015625 0.015625
0 0.281250 0.809375 0.015625 0.015625
0 0.662500 0.809375 0.015625 0.015625
0 0.509375 0.812500 0.015625 0.015625
0 0.435937 0.812500 0.015625 0.015625
0 0.737500 0.817187 0.015625 0.015625
0 0.012500 0.862500 0.015625 0.015625
0 0.089063 0.865625 0.015625 0.015625
0 0.160938 0.865625 0.015625 0.015625
0 0.618750 0.871875 0.015625 0.015625
0 0.470313 0.873437 0.015625 0.015625
0 0.540625 0.873437 0.015625 0.015625
0 0.993750 0.882812 0.015625 0.015625
0 0.834375 0.903125 0.015625 0.015625
0 0.657813 0.937500 0.015625 0.015625
0 0.507812 0.939063 0.015625 0.015625
0 0.429688 0.939063 0.015625 0.015625
0 0.354687 0.940625 0.015625 0.015625
0 0.581250 0.940625 0.015625 0.015625
0 0.268750 0.942187 0.015625 0.015625
0 0.009375 0.989062 0.015625 0.015625
0 0.232813 0.998437 0.015625 0.015625
0 0.723437 0.490625 0.015625 0.015625
0 0.732812 0.548438 0.015625 0.015625
0 0.773438 0.612500 0.015625 0.015625
0 0.859375 0.625000 0.015625 0.015625
0 0.932813 0.628125 0.015625 0.015625
0 0.992188 0.628125 0.015625 0.015625
0 0.889062 0.689063 0.015625 0.015625
0 0.909375 0.759375 0.015625 0.015625
0 0.929688 0.882812 0.015625 0.015625
0 0.090625 0.998437 0.015625 0.015625
0 0.165625 0.998437 0.015625 0.015625
0 0.187500 0.935937 0.015625 0.015625
0 0.101562 0.935937 0.015625 0.015625
0 0.053125 0.934375 0.015625 0.015625
0 0.246875 0.871875 0.015625 0.015625
0 0.312500 0.871875 0.015625 0.015625
0 0.390625 0.871875 0.015625 0.015625
0 0.323437 0.996875 0.015625 0.015625
0 0.739062 0.937500 0.015625 0.015625
0 0.778125 0.885938 0.015625 0.015625
0 0.695312 0.867188 0.015625 0.015625
0 0.696875 0.751563 0.015625 0.015625
0 0.623437 0.742188 0.015625 0.015625
0 0.665625 0.685937 0.015625 0.015625
0 0.590625 0.687500 0.015625 0.015625
0 0.551562 0.612500 0.015625 0.015625
0 0.273438 0.671875 0.015625 0.015625
0 0.215625 0.542188 0.015625 0.015625
0 0.357812 0.553125 0.015625 0.015625
0 0.429688 0.545312 0.015625 0.015625
0 0.507812 0.543750 0.015625 0.015625
0 0.584375 0.546875 0.015625 0.015625
0 0.550000 0.478125 0.015625 0.015625
0 0.506250 0.420312 0.015625 0.015625
0 0.323437 0.618750 0.015625 0.015625
0 0.360938 0.670312 0.015625 0.015625
0 0.431250 0.671875 0.015625 0.015625
0 0.393750 0.617188 0.015625 0.015625
0 0.471875 0.618750 0.015625 0.015625
0 0.014063 0.348438 0.015625 0.015625
0 0.096875 0.353125 0.015625 0.015625
0 0.045312 0.423438 0.015625 0.015625
0 0.123438 0.410938 0.015625 0.015625
0 0.317188 0.228125 0.015625 0.015625
0 0.356250 0.273438 0.015625 0.015625
0 0.295312 0.154688 0.015625 0.015625
0 0.385937 0.223438 0.015625 0.015625
0 0.435937 0.031250 0.015625 0.015625
0 0.376563 0.029687 0.015625 0.015625
0 0.409375 0.092188 0.015625 0.015625
0 0.484375 0.093750 0.015625 0.015625
0 0.556250 0.095312 0.015625 0.015625
0 0.600000 0.290625 0.015625 0.015625
