0 0.115625 0.051562 0.015625 0.015625
0 0.139063 0.654687 0.015625 0.015625
0 0.564063 0.193750 0.015625 0.015625
0 0.717187 0.196875 0.015625 0.015625
0 0.589063 0.521875 0.015625 0.015625
0 0.790625 0.196875 0.015625 0.015625
0 0.860938 0.465625 0.015625 0.015625
0 0.859375 0.592187 0.015625 0.015625
0 0.948438 0.071875 0.015625 0.015625
0 0.935937 0.465625 0.015625 0.015625
0 0.484375 0.587500 0.015625 0.015625
0 0.737500 0.526563 0.015625 0.015625
0 0.935937 0.593750 0.015625 0.015625
0 0.590625 0.651563 0.015625 0.015625
0 0.696875 0.592187 0.015625 0.015625
0 0.862500 0.721875 0.015625 0.015625
0 0.640625 0.196875 0.015625 0.015625
0 0.368750 0.518750 0.015625 0.015625
0 0.418750 0.064062 0.015625 0.015625
0 0.867188 0.196875 0.015625 0.015625
0 0.443750 0.518750 0.015625 0.015625
0 0.990625 0.004687 0.015625 0.015625
0 0.893750 0.528125 0.015625 0.015625
0 0.776563 0.464062 0.015625 0.015625
0 0.750000 0.267188 0.015625 0.015625
0 0.596875 0.262500 0.015625 0.015625
0 0.514062 0.514062 0.015625 0.015625
0 0.217188 0.650000 0.015625 0.015625
0 0.795312 0.068750 0.015625 0.015625
0 0.659375 0.523438 0.015625 0.015625
0 0.487500 0.323437 0.015625 0.015625
0 0.492188 0.067187 0.015625 0.015625
0 0.525000 0.262500 0.015625 0.015625
0 0.667188 0.392188 0.015625 0.015625
0 0.781250 0.590625 0.015625 0.015625
0 0.835938 0.001563 0.015625 0.015625
0 0.089063 0.721875 0.015625 0.015625
0 0.296875 0.518750 0.015625 0.015625
0 0.971875 0.651563 0.015625 0.015625
0 0.718750 0.067187 0.015625 0.015625
0 0.675000 0.265625 0.015625 0.015625
0 0.939063 0.723437 0.015625 0.015625
0 0.973437 0.401562 0.015625 0.015625
0 0.826562 0.268750 0.015625 0.015625
0 0.912500 0.010937 0.015625 0.015625
0 0.218750 0.768750 0.015625 0.015625
0 0.098437 0.846875 0.015625 0.015625
0 0.021875 0.848437 0.015625 0.015625
0 0.140625 0.914062 0.015625 0.015625
0 0.059375 0.914062 0.015625 0.015625
0 0.665625 0.785937 0.015625 0.015625
0 0.895312 0.793750 0.015625 0.015625
0 0.590625 0.785937 0.015625 0.015625
0 0.775000 0.989062 0.015625 0.015625
0 0.251563 0.845313 0.015625 0.015625
0 0.739062 0.785937 0.015625 0.015625
0 0.973437 0.795312 0.015625 0.015625
0 0.664062 0.920312 0.015625 0.015625
0 0.934375 0.860938 0.015625 0.015625
0 0.850000 0.989062 0.015625 0.015625
0 0.848437 0.859375 0.015625 0.015625
0 0.625000 0.717187 0.015625 0.015625
0 0.698438 0.853125 0.015625 0.015625
0 0.559375 0.853125 0.015625 0.015625
0 0.815625 0.792188 0.015625 0.015625
0 0.626563 0.851562 0.015625 0.015625
0 0.773438 0.725000 0.015625 0.015625
0 0.812500 0.920312 0.015625 0.015625
0 0.550000 0.714063 0.015625 0.015625
0 0.698438 0.987500 0.015625 0.015625
0 0.326562 0.848437 0.015625 0.015625
0 0.918750 0.984375 0.015625 0.015625
0 0.996875 0.985938 0.015625 0.015625
0 0.887500 0.921875 0.015625 0.015625
0 0.970313 0.926562 0.015625 0.015625
0 0.896875 0.659375 0.015625 0.015625
0 0.814063 0.654687 0.015625 0.015625
0 0.731250 0.657813 0.015625 0.015625
0 0.662500 0.657813 0.015625 0.015625
0 0.520312 0.656250 0.015625 0.015625
0 0.446875 0.646875 0.015625 0.015625
0 0.473438 0.710938 0.015625 0.015625
0 0.409375 0.710938 0.015625 0.015625
0 0.367188 0.650000 0.015625 0.015625
0 0.440625 0.782813 0.015625 0.015625
0 0.500000 0.785937 0.015625 0.015625
0 0.475000 0.850000 0.015625 0.015625
0 0.698438 0.721875 0.015625 0.015625
0 0.303125 0.001563 0.015625 0.015625
0 0.031250 0.056250 0.015625 0.015625
0 0.750000 0.129688 0.015625 0.015625
0 0.826562 0.135937 0.015625 0.015625
0 0.910937 0.135937 0.015625 0.015625
0 0.993750 0.135937 0.015625 0.015625
0 0.896875 0.401562 0.015625 0.015625
0 0.820312 0.400000 0.015625 0.015625
0 0.746875 0.401562 0.015625 0.015625
0 0.590625 0.398438 0.015625 0.015625
0 0.509375 0.393750 0.015625 0.015625
0 0.439063 0.395313 0.015625 0.015625
0 0.381250 0.381250 0.015625 0.015625
0 0.331250 0.453125 0.015625 0.015625
0 0.259375 0.464062 0.015625 0.015625
0 0.412500 0.464062 0.015625 0.015625
0 0.487500 0.462500 0.015625 0.015625
0 0.556250 0.457813 0.015625 0.015625
0 0.635938 0.459375 0.015625 0.015625
0 0.709375 0.460938 0.015625 0.015625
0 0.831250 0.534375 0.015625 0.015625
0 0.562500 0.592187 0.015625 0.015625
0 0.629687 0.595313 0.015625 0.015625
0 0.981250 0.534375 0.015625 0.015625
0 0.907813 0.264062 0.015625 0.015625
0 0.971875 0.267188 0.015625 0.015625
0 0.142187 0.121875 0.015625 0.015625
0 0.223438 0.123438 0.015625 0.015625
0 0.293750 0.121875 0.015625 0.015625
0 0.382812 0.121875 0.015625 0.015625
0 0.462500 0.125000 0.015625 0.015625
0 0.407813 0.196875 0.015625 0.015625
0 0.334375 0.190625 0.015625 0.015625
0 0.300000 0.257812 0.015625 0.015625
0 0.375000 0.256250 0.015625 0.015625
0 0.206250 0.259375 0.015625 0.015625
0 0.603125 0.131250 0.015625 0.015625
0 0.664062 0.123438 0.015625 0.015625
0 0.645312 0.057813 0.015625 0.015625
