0 0.092188 0.103125 0.015625 0.015625
0 0.134375 0.173437 0.015625 0.015625
0 0.018750 0.100000 0.015625 0.015625
0 0.168750 0.106250 0.015625 0.015625
0 0.014063 0.360938 0.015625 0.015625
0 0.018750 0.492188 0.015625 0.015625
0 0.135937 0.434375 0.015625 0.015625
0 0.060937 0.175000 0.015625 0.015625
0 0.048438 0.303125 0.015625 0.015625
0 0.050000 0.034375 0.015625 0.015625
0 0.059375 0.431250 0.015625 0.015625
0 0.242188 0.109375 0.015625 0.015625
0 0.018750 0.234375 0.015625 0.015625
0 0.098437 0.375000 0.015625 0.015625
0 0.171875 0.496875 0.015625 0.015625
0 0.160938 0.375000 0.015625 0.015625
0 0.321875 0.110937 0.015625 0.015625
0 0.468750 0.112500 0.015625 0.015625
0 0.542188 0.112500 0.015625 0.015625
0 0.767188 0.382812 0.015625 0.015625
0 0.620313 0.381250 0.015625 0.015625
0 0.662500 0.184375 0.015625 0.015625
0 0.439063 0.050000 0.015625 0.015625
0 0.739062 0.184375 0.015625 0.015625
0 0.284375 0.309375 0.015625 0.015625
0 0.546875 0.379688 0.015625 0.015625
0 0.848437 0.385937 0.015625 0.015625
0 0.285938 0.178125 0.015625 0.015625
0 0.925000 0.384375 0.015625 0.015625
0 0.285938 0.043750 0.015625 0.015625
0 0.395313 0.112500 0.015625 0.015625
0 0.507812 0.182812 0.015625 0.015625
0 0.362500 0.046875 0.015625 0.015625
0 0.389062 0.376563 0.015625 0.015625
0 0.317188 0.240625 0.015625 0.015625
0 0.318750 0.367188 0.015625 0.015625
0 0.467187 0.504687 0.015625 0.015625
0 0.509375 0.050000 0.015625 0.015625
0 0.892188 0.451562 0.015625 0.015625
0 0.623437 0.512500 0.015625 0.015625
0 0.773438 0.512500 0.015625 0.015625
0 0.851562 0.512500 0.015625 0.015625
0 0.917188 0.515625 0.015625 0.015625
0 0.315625 0.498437 0.015625 0.015625
0 0.245312 0.498437 0.015625 0.015625
0 0.215625 0.439063 0.015625 0.015625
0 0.248438 0.367188 0.015625 0.015625
0 0.593750 0.056250 0.015625 0.015625
0 0.656250 0.062500 0.015625 0.015625
0 0.750000 0.065625 0.015625 0.015625
0 0.354687 0.182812 0.015625 0.015625
0 0.112500 0.304688 0.015625 0.015625
0 0.359375 0.439063 0.015625 0.015625
0 0.081250 0.490625 0.015625 0.015625
0 0.715625 0.504687 0.015625 0.015625
0 0.456250 0.359375 0.015625 0.015625
0 0.506250 0.445312 0.015625 0.015625
0 0.435937 0.440625 0.015625 0.015625
0 0.587500 0.443750 0.015625 0.015625
0 0.660937 0.445312 0.015625 0.015625
0 0.743750 0.445312 0.015625 0.015625
0 0.693750 0.384375 0.015625 0.015625
0 0.807813 0.451562 0.015625 0.015625
0 0.631250 0.121875 0.015625 0.015625
0 0.781250 0.256250 0.015625 0.015625
0 0.857812 0.253125 0.015625 0.015625
0 0.553125 0.504687 0.015625 0.015625
0 0.390625 0.495312 0.015625 0.015625
0 0.282813 0.439063 0.015625 0.015625
0 0.967187 0.450000 0.015625 0.015625
0 0.968750 0.189062 0.015625 0.015625
0 0.939063 0.121875 0.015625 0.015625
0 0.893750 0.043750 0.015625 0.015625
0 0.967187 0.050000 0.015625 0.015625
0 0.434375 0.185938 0.015625 0.015625
0 0.576562 0.189062 0.015625 0.015625
0 0.815625 0.201563 0.015625 0.015625
0 0.710938 0.253125 0.015625 0.015625
0 0.626563 0.246875 0.015625 0.015625
0 0.532813 0.239063 0.015625 0.015625
0 0.160938 0.232813 0.015625 0.015625
0 0.092188 0.231250 0.015625 0.015625
0 0.212500 0.307812 0.015625 0.015625
0 0.356250 0.315625 0.015625 0.015625
0 0.421875 0.318750 0.015625 0.015625
0 0.506250 0.320312 0.015625 0.015625
