0 0.042188 0.742188 0.015625 0.015625
0 0.034375 0.873437 0.015625 0.015625
0 0.000000 0.810937 0.015625 0.015625
0 0.446875 0.946875 0.015625 0.015625
0 0.190625 0.746875 0.015625 0.015625
0 0.265625 0.751563 0.015625 0.015625
0 0.757812 0.951562 0.015625 0.015625
0 0.834375 0.953125 0.015625 0.015625
0 0.675000 0.951562 0.015625 0.015625
0 0.718750 0.887500 0.015625 0.015625
0 0.493750 0.760938 0.015625 0.015625
0 0.339062 0.878125 0.015625 0.015625
0 0.221875 0.939063 0.015625 0.015625
0 0.868750 0.889062 0.015625 0.015625
0 0.490625 0.879687 0.015625 0.015625
0 0.342187 0.757812 0.015625 0.015625
0 0.185938 0.876563 0.015625 0.015625
0 0.909375 0.826562 0.015625 0.015625
0 0.565625 0.884375 0.015625 0.015625
0 0.304688 0.940625 0.015625 0.015625
0 0.793750 0.889062 0.015625 0.015625
0 0.723437 0.767188 0.015625 0.015625
0 0.221875 0.815625 0.015625 0.015625
0 0.148438 0.937500 0.015625 0.015625
0 0.417187 0.760938 0.015625 0.015625
0 0.382812 0.942187 0.015625 0.015625
0 0.635938 0.887500 0.015625 0.015625
0 0.067187 0.942187 0.015625 0.015625
0 0.112500 0.740625 0.015625 0.015625
0 0.601562 0.950000 0.015625 0.015625
0 0.570312 0.762500 0.015625 0.015625
0 0.525000 0.943750 0.015625 0.015625
0 0.373437 0.818750 0.015625 0.015625
0 0.795312 0.767188 0.015625 0.015625
0 0.687500 0.825000 0.015625 0.015625
0 0.876563 0.759375 0.015625 0.015625
0 0.643750 0.756250 0.015625 0.015625
0 0.146875 0.807813 0.015625 0.015625
0 0.079687 0.803125 0.015625 0.015625
0 0.298438 0.812500 0.015625 0.015625
0 0.446875 0.825000 0.015625 0.015625
0 0.535937 0.820312 0.015625 0.015625
0 0.614062 0.820312 0.015625 0.015625
0 0.750000 0.826562 0.015625 0.015625
0 0.828125 0.828125 0.015625 0.015625
0 0.267188 0.875000 0.015625 0.015625
0 0.098437 0.875000 0.015625 0.015625
0 0.906250 0.953125 0.015625 0.015625
