0 0.015625 0.292187 0.015625 0.015625
0 0.028125 0.357812 0.015625 0.015625
0 0.064062 0.420312 0.015625 0.015625
0 0.114062 0.465625 0.015625 0.015625
0 0.028125 0.484375 0.015625 0.015625
0 0.164062 0.532813 0.015625 0.015625
0 0.064062 0.550000 0.015625 0.015625
0 0.176563 0.614062 0.015625 0.015625
0 0.029687 0.617188 0.015625 0.015625
0 0.065625 0.651563 0.015625 0.015625
0 0.225000 0.684375 0.015625 0.015625
0 0.023438 0.725000 0.015625 0.015625
0 0.259375 0.750000 0.015625 0.015625
0 0.175000 0.753125 0.015625 0.015625
0 0.100000 0.753125 0.015625 0.015625
0 0.325000 0.754687 0.015625 0.015625
0 0.215625 0.815625 0.015625 0.015625
0 0.287500 0.817187 0.015625 0.015625
0 0.139063 0.818750 0.015625 0.015625
0 0.060937 0.820312 0.015625 0.015625
0 0.335938 0.835938 0.015625 0.015625
0 0.032813 0.870313 0.015625 0.015625
0 0.178125 0.879687 0.015625 0.015625
0 0.101562 0.882812 0.015625 0.015625
0 0.254688 0.882812 0.015625 0.015625
0 0.328125 0.884375 0.015625 0.015625
0 0.059375 0.945312 0.015625 0.015625
0 0.214062 0.946875 0.015625 0.015625
0 0.135937 0.950000 0.015625 0.015625
0 0.290625 0.953125 0.015625 0.015625
0 0.365625 0.959375 0.015625 0.015625
0 0.435937 0.959375 0.015625 0.015625
