0 0.323437 0.043750 0.015625 0.015625
0 0.359375 0.103125 0.015625 0.015625
0 0.428125 0.098437 0.015625 0.015625
0 0.398438 0.037500 0.015625 0.015625
0 0.479687 0.031250 0.015625 0.015625
0 0.510938 0.095312 0.015625 0.015625
0 0.584375 0.100000 0.015625 0.015625
0 0.557813 0.043750 0.015625 0.015625
0 0.628125 0.040625 0.015625 0.015625
0 0.668750 0.107813 0.015625 0.015625
0 0.731250 0.103125 0.015625 0.015625
0 0.700000 0.048438 0.015625 0.015625
0 0.779687 0.050000 0.015625 0.015625
0 0.814063 0.106250 0.015625 0.015625
0 0.901563 0.109375 0.015625 0.015625
0 0.854688 0.048438 0.015625 0.015625
0 0.926562 0.043750 0.015625 0.015625
0 0.962500 0.109375 0.015625 0.015625
0 0.406250 0.162500 0.015625 0.015625
0 0.443750 0.234375 0.015625 0.015625
0 0.481250 0.167187 0.015625 0.015625
0 0.560937 0.173437 0.015625 0.015625
0 0.596875 0.229687 0.015625 0.015625
0 0.632812 0.300000 0.015625 0.015625
0 0.564063 0.300000 0.015625 0.015625
0 0.521875 0.228125 0.015625 0.015625
0 0.629687 0.173437 0.015625 0.015625
0 0.687500 0.170313 0.015625 0.015625
0 0.778125 0.179688 0.015625 0.015625
0 0.854688 0.176563 0.015625 0.015625
0 0.921875 0.176563 0.015625 0.015625
0 0.967187 0.237500 0.015625 0.015625
0 0.957812 0.371875 0.015625 0.015625
0 0.923438 0.310937 0.015625 0.015625
0 0.890625 0.243750 0.015625 0.015625
0 0.893750 0.371875 0.015625 0.015625
0 0.851562 0.315625 0.015625 0.015625
0 0.817187 0.246875 0.015625 0.015625
0 0.817187 0.370312 0.015625 0.015625
0 0.784375 0.309375 0.015625 0.015625
0 0.737500 0.235937 0.015625 0.015625
0 0.748437 0.382812 0.015625 0.015625
0 0.710938 0.306250 0.015625 0.015625
0 0.668750 0.240625 0.015625 0.015625
0 0.668750 0.375000 0.015625 0.015625
0 0.587500 0.371875 0.015625 0.015625
0 0.475000 0.298438 0.015625 0.015625
0 0.515625 0.368750 0.015625 0.015625
0 0.632812 0.435937 0.015625 0.015625
0 0.665625 0.496875 0.015625 0.015625
0 0.698438 0.560937 0.015625 0.015625
0 0.737500 0.645312 0.015625 0.015625
0 0.818750 0.640625 0.015625 0.015625
0 0.785937 0.571875 0.015625 0.015625
0 0.746875 0.510938 0.015625 0.015625
0 0.698438 0.434375 0.015625 0.015625
0 0.778125 0.434375 0.015625 0.015625
0 0.814063 0.498437 0.015625 0.015625
0 0.854688 0.565625 0.015625 0.015625
0 0.893750 0.640625 0.015625 0.015625
0 0.965625 0.651563 0.015625 0.015625
0 0.934375 0.579688 0.015625 0.015625
0 0.893750 0.506250 0.015625 0.015625
0 0.856250 0.442188 0.015625 0.015625
0 0.939063 0.439063 0.015625 0.015625
0 0.978125 0.501563 0.015625 0.015625
0 0.779687 0.698438 0.015625 0.015625
0 0.840625 0.696875 0.015625 0.015625
0 0.918750 0.700000 0.015625 0.015625
0 0.818750 0.765625 0.015625 0.015625
0 0.884375 0.764062 0.015625 0.015625
0 0.954688 0.764062 0.015625 0.015625
0 0.856250 0.829688 0.015625 0.015625
0 0.920312 0.823438 0.015625 0.015625
0 0.951562 0.907813 0.015625 0.015625
0 0.893750 0.901563 0.015625 0.015625
0 0.995313 0.959375 0.015625 0.015625
