0 0.190625 0.017188 0.015625 0.015625
0 0.342187 0.018750 0.015625 0.015625
0 0.434375 0.020313 0.015625 0.015625
0 0.862500 0.035937 0.015625 0.015625
0 0.060937 0.056250 0.015625 0.015625
0 0.140625 0.064062 0.015625 0.015625
0 0.982812 0.070312 0.015625 0.015625
0 0.221875 0.071875 0.015625 0.015625
0 0.303125 0.081250 0.015625 0.015625
0 0.331250 0.129688 0.015625 0.015625
0 0.032813 0.137500 0.015625 0.015625
0 0.134375 0.142187 0.015625 0.015625
0 0.554688 0.145313 0.015625 0.015625
0 0.273438 0.150000 0.015625 0.015625
0 0.062500 0.190625 0.015625 0.015625
0 0.365625 0.195312 0.015625 0.015625
0 0.217188 0.195312 0.015625 0.015625
0 0.142187 0.198437 0.015625 0.015625
0 0.907813 0.206250 0.015625 0.015625
0 0.982812 0.207813 0.015625 0.015625
0 0.454688 0.215625 0.015625 0.015625
0 0.584375 0.221875 0.015625 0.015625
0 0.331250 0.251563 0.015625 0.015625
0 0.184375 0.251563 0.015625 0.015625
0 0.029687 0.256250 0.015625 0.015625
0 0.942187 0.268750 0.015625 0.015625
0 0.864062 0.270313 0.015625 0.015625
0 0.631250 0.292187 0.015625 0.015625
0 0.789062 0.292187 0.015625 0.015625
0 0.060937 0.318750 0.015625 0.015625
0 0.290625 0.321875 0.015625 0.015625
0 0.217188 0.325000 0.015625 0.015625
0 0.439063 0.332813 0.015625 0.015625
0 0.909375 0.337500 0.015625 0.015625
0 0.982812 0.340625 0.015625 0.015625
0 0.821875 0.342187 0.015625 0.015625
0 0.145313 0.346875 0.015625 0.015625
0 0.709375 0.367188 0.015625 0.015625
0 0.029687 0.367188 0.015625 0.015625
0 0.404687 0.393750 0.015625 0.015625
0 0.618750 0.417187 0.015625 0.015625
0 0.756250 0.428125 0.015625 0.015625
0 0.365625 0.450000 0.015625 0.015625
0 0.825000 0.451562 0.015625 0.015625
0 0.284375 0.454688 0.015625 0.015625
0 0.509375 0.456250 0.015625 0.015625
0 0.440625 0.459375 0.015625 0.015625
0 0.904687 0.464062 0.015625 0.015625
0 0.181250 0.465625 0.015625 0.015625
0 0.981250 0.467187 0.015625 0.015625
0 0.789062 0.500000 0.015625 0.015625
0 0.631250 0.509375 0.015625 0.015625
0 0.939063 0.534375 0.015625 0.015625
0 0.226562 0.540625 0.015625 0.015625
0 0.004687 0.542188 0.015625 0.015625
0 0.087500 0.543750 0.015625 0.015625
0 0.429688 0.548438 0.015625 0.015625
0 0.159375 0.551562 0.015625 0.015625
0 0.667188 0.559375 0.015625 0.015625
0 0.739062 0.567187 0.015625 0.015625
0 0.367188 0.581250 0.015625 0.015625
0 0.979688 0.600000 0.015625 0.015625
0 0.912500 0.601562 0.015625 0.015625
0 0.042188 0.615625 0.015625 0.015625
0 0.631250 0.629687 0.015625 0.015625
0 0.692187 0.634375 0.015625 0.015625
0 0.870313 0.656250 0.015625 0.015625
0 0.787500 0.657813 0.015625 0.015625
0 0.264062 0.665625 0.015625 0.015625
0 0.159375 0.667188 0.015625 0.015625
0 0.343750 0.668750 0.015625 0.015625
0 0.421875 0.668750 0.015625 0.015625
0 0.492188 0.675000 0.015625 0.015625
0 0.209375 0.675000 0.015625 0.015625
0 0.137500 0.706250 0.015625 0.015625
0 0.060937 0.710938 0.015625 0.015625
0 0.287500 0.714063 0.015625 0.015625
0 0.820312 0.723437 0.015625 0.015625
0 0.754687 0.723437 0.015625 0.015625
0 0.432812 0.732812 0.015625 0.015625
0 0.365625 0.735938 0.015625 0.015625
0 0.484375 0.739062 0.015625 0.015625
0 0.565625 0.743750 0.015625 0.015625
0 0.912500 0.756250 0.015625 0.015625
0 0.023438 0.770312 0.015625 0.015625
0 0.098437 0.770312 0.015625 0.015625
0 0.179688 0.773438 0.015625 0.015625
0 0.710938 0.789062 0.015625 0.015625
0 0.787500 0.790625 0.015625 0.015625
0 0.309375 0.807813 0.015625 0.015625
0 0.409375 0.809375 0.015625 0.015625
0 0.064062 0.834375 0.015625 0.015625
0 0.132812 0.835938 0.015625 0.015625
0 0.593750 0.845313 0.015625 0.015625
0 0.671875 0.848437 0.015625 0.015625
0 0.750000 0.853125 0.015625 0.015625
0 0.237500 0.870313 0.015625 0.015625
0 0.390625 0.884375 0.015625 0.015625
0 0.326562 0.885938 0.015625 0.015625
0 0.031250 0.889062 0.015625 0.015625
0 0.467187 0.889062 0.015625 0.015625
0 0.178125 0.896875 0.015625 0.015625
0 0.100000 0.900000 0.015625 0.015625
0 0.553125 0.909375 0.015625 0.015625
0 0.632812 0.914062 0.015625 0.015625
0 0.707812 0.914062 0.015625 0.015625
0 0.779687 0.915625 0.015625 0.015625
0 0.360938 0.962500 0.015625 0.015625
0 0.212500 0.968750 0.015625 0.015625
0 0.435937 0.970313 0.015625 0.015625
0 0.134375 0.971875 0.015625 0.015625
0 0.512500 0.976562 0.015625 0.015625
0 0.060937 0.976562 0.015625 0.015625
0 0.590625 0.976562 0.015625 0.015625
0 0.965625 0.984375 0.015625 0.015625
