0 0.243750 0.001563 0.015625 0.015625
0 0.323437 0.004687 0.015625 0.015625
0 0.482812 0.004687 0.015625 0.015625
0 0.404687 0.006250 0.015625 0.015625
0 0.631250 0.007812 0.015625 0.015625
0 0.557813 0.007812 0.015625 0.015625
0 0.709375 0.010937 0.015625 0.015625
0 0.778125 0.012500 0.015625 0.015625
0 0.140625 0.062500 0.015625 0.015625
0 0.367188 0.071875 0.015625 0.015625
0 0.670312 0.073438 0.015625 0.015625
0 0.440625 0.073438 0.015625 0.015625
0 0.518750 0.075000 0.015625 0.015625
0 0.593750 0.075000 0.015625 0.015625
0 0.215625 0.076563 0.015625 0.015625
0 0.743750 0.078125 0.015625 0.015625
0 0.020313 0.128125 0.015625 0.015625
0 0.331250 0.131250 0.015625 0.015625
0 0.095312 0.131250 0.015625 0.015625
0 0.168750 0.132812 0.015625 0.015625
0 0.400000 0.135937 0.015625 0.015625
0 0.246875 0.137500 0.015625 0.015625
0 0.476562 0.139063 0.015625 0.015625
0 0.629687 0.140625 0.015625 0.015625
0 0.785937 0.142187 0.015625 0.015625
0 0.553125 0.143750 0.015625 0.015625
0 0.709375 0.143750 0.015625 0.015625
0 0.857812 0.143750 0.015625 0.015625
0 0.271875 0.189062 0.015625 0.015625
0 0.168750 0.190625 0.015625 0.015625
0 0.050000 0.198437 0.015625 0.015625
0 0.212500 0.200000 0.015625 0.015625
0 0.357812 0.203125 0.015625 0.015625
0 0.590625 0.204687 0.015625 0.015625
0 0.437500 0.207813 0.015625 0.015625
0 0.817187 0.209375 0.015625 0.015625
0 0.510938 0.210938 0.015625 0.015625
0 0.659375 0.212500 0.015625 0.015625
0 0.904687 0.212500 0.015625 0.015625
0 0.737500 0.218750 0.015625 0.015625
0 0.018750 0.260937 0.015625 0.015625
0 0.093750 0.262500 0.015625 0.015625
0 0.171875 0.262500 0.015625 0.015625
0 0.245312 0.265625 0.015625 0.015625
0 0.318750 0.268750 0.015625 0.015625
0 0.398438 0.268750 0.015625 0.015625
0 0.625000 0.270313 0.015625 0.015625
0 0.551562 0.271875 0.015625 0.015625
0 0.471875 0.273438 0.015625 0.015625
0 0.778125 0.276562 0.015625 0.015625
0 0.854688 0.276562 0.015625 0.015625
0 0.696875 0.278125 0.015625 0.015625
0 0.929688 0.281250 0.015625 0.015625
0 0.137500 0.328125 0.015625 0.015625
0 0.059375 0.328125 0.015625 0.015625
0 0.212500 0.331250 0.015625 0.015625
0 0.435937 0.332813 0.015625 0.015625
0 0.360938 0.334375 0.015625 0.015625
0 0.284375 0.334375 0.015625 0.015625
0 0.589063 0.334375 0.015625 0.015625
0 0.664062 0.339062 0.015625 0.015625
0 0.507812 0.340625 0.015625 0.015625
0 0.737500 0.342187 0.015625 0.015625
0 0.815625 0.343750 0.015625 0.015625
0 0.895312 0.343750 0.015625 0.015625
0 0.965625 0.348438 0.015625 0.015625
0 0.326562 0.404687 0.015625 0.015625
0 0.464062 0.404687 0.015625 0.015625
0 0.546875 0.409375 0.015625 0.015625
0 0.603125 0.412500 0.015625 0.015625
0 0.707812 0.410938 0.015625 0.015625
0 0.771875 0.407813 0.015625 0.015625
0 0.859375 0.412500 0.015625 0.015625
0 0.931250 0.415625 0.015625 0.015625
0 0.990625 0.420312 0.015625 0.015625
