0 0.715625 0.190625 0.015625 0.015625
0 0.034375 0.046875 0.015625 0.015625
0 0.410938 0.317188 0.015625 0.015625
0 0.790625 0.192188 0.015625 0.015625
0 0.109375 0.045312 0.015625 0.015625
0 0.598437 0.117188 0.015625 0.015625
0 0.187500 0.046875 0.015625 0.015625
0 0.296875 0.117188 0.015625 0.015625
0 0.485938 0.315625 0.015625 0.015625
0 0.675000 0.253125 0.015625 0.015625
0 0.965625 0.390625 0.015625 0.015625
0 0.942187 0.196875 0.015625 0.015625
0 0.068750 0.242188 0.015625 0.015625
0 0.865625 0.193750 0.015625 0.015625
0 0.034375 0.175000 0.015625 0.015625
0 0.218750 0.239063 0.015625 0.015625
0 0.792188 0.054688 0.015625 0.015625
0 0.906250 0.128125 0.015625 0.015625
0 0.256250 0.310937 0.015625 0.015625
0 0.300000 0.245312 0.015625 0.015625
0 0.746875 0.384375 0.015625 0.015625
0 0.373437 0.248438 0.015625 0.015625
0 0.892188 0.385937 0.015625 0.015625
0 0.825000 0.385937 0.015625 0.015625
0 0.106250 0.309375 0.015625 0.015625
0 0.601562 0.250000 0.015625 0.015625
0 0.331250 0.312500 0.015625 0.015625
0 0.712500 0.321875 0.015625 0.015625
0 0.931250 0.328125 0.015625 0.015625
0 0.143750 0.370312 0.015625 0.015625
0 0.443750 0.379688 0.015625 0.015625
0 0.862500 0.325000 0.015625 0.015625
0 0.900000 0.262500 0.015625 0.015625
0 0.526563 0.382812 0.015625 0.015625
0 0.776563 0.320312 0.015625 0.015625
0 0.332813 0.185938 0.015625 0.015625
0 0.565625 0.317188 0.015625 0.015625
0 0.373437 0.376563 0.015625 0.015625
0 0.826562 0.256250 0.015625 0.015625
0 0.976562 0.262500 0.015625 0.015625
0 0.029687 0.306250 0.015625 0.015625
0 0.560937 0.187500 0.015625 0.015625
0 0.639062 0.192188 0.015625 0.015625
0 0.215625 0.371875 0.015625 0.015625
0 0.750000 0.254688 0.015625 0.015625
0 0.675000 0.389062 0.015625 0.015625
0 0.410938 0.184375 0.015625 0.015625
0 0.178125 0.310937 0.015625 0.015625
0 0.445312 0.248438 0.015625 0.015625
0 0.529687 0.248438 0.015625 0.015625
0 0.143750 0.239063 0.015625 0.015625
0 0.607812 0.384375 0.015625 0.015625
0 0.293750 0.375000 0.015625 0.015625
0 0.642188 0.321875 0.015625 0.015625
0 0.068750 0.365625 0.015625 0.015625
0 0.262500 0.173437 0.015625 0.015625
0 0.492188 0.173437 0.015625 0.015625
0 0.064062 0.109375 0.015625 0.015625
0 0.145313 0.112500 0.015625 0.015625
0 0.109375 0.178125 0.015625 0.015625
0 0.179688 0.179688 0.015625 0.015625
0 0.229687 0.109375 0.015625 0.015625
0 0.265625 0.042188 0.015625 0.015625
0 0.350000 0.040625 0.015625 0.015625
0 0.375000 0.120313 0.015625 0.015625
0 0.523438 0.125000 0.015625 0.015625
0 0.445312 0.118750 0.015625 0.015625
0 0.756250 0.123438 0.015625 0.015625
0 0.876563 0.059375 0.015625 0.015625
0 0.951562 0.060937 0.015625 0.015625
0 0.807813 0.000000 0.015625 0.015625
0 0.715625 0.056250 0.015625 0.015625
0 0.417187 0.051562 0.015625 0.015625
