0 0.504687 0.043750 0.015625 0.015625
0 0.023438 0.050000 0.015625 0.015625
0 0.098437 0.050000 0.015625 0.015625
0 0.718750 0.051562 0.015625 0.015625
0 0.639062 0.051562 0.015625 0.015625
0 0.337500 0.053125 0.015625 0.015625
0 0.559375 0.053125 0.015625 0.015625
0 0.175000 0.056250 0.015625 0.015625
0 0.940625 0.062500 0.015625 0.015625
0 0.787500 0.064062 0.015625 0.015625
0 0.287500 0.115625 0.015625 0.015625
0 0.060937 0.117188 0.015625 0.015625
0 0.743750 0.117188 0.015625 0.015625
0 0.676562 0.118750 0.015625 0.015625
0 0.139063 0.118750 0.015625 0.015625
0 0.365625 0.120313 0.015625 0.015625
0 0.595313 0.121875 0.015625 0.015625
0 0.518750 0.123438 0.015625 0.015625
0 0.440625 0.125000 0.015625 0.015625
0 0.820312 0.128125 0.015625 0.015625
0 0.895312 0.131250 0.015625 0.015625
0 0.968750 0.132812 0.015625 0.015625
0 0.628125 0.171875 0.015625 0.015625
0 0.764062 0.181250 0.015625 0.015625
0 0.246875 0.181250 0.015625 0.015625
0 0.171875 0.181250 0.015625 0.015625
0 0.020313 0.182812 0.015625 0.015625
0 0.095312 0.182812 0.015625 0.015625
0 0.321875 0.184375 0.015625 0.015625
0 0.714063 0.184375 0.015625 0.015625
0 0.482812 0.187500 0.015625 0.015625
0 0.968750 0.190625 0.015625 0.015625
0 0.850000 0.198437 0.015625 0.015625
0 0.284375 0.245312 0.015625 0.015625
0 0.210938 0.245312 0.015625 0.015625
0 0.135937 0.246875 0.015625 0.015625
0 0.060937 0.248438 0.015625 0.015625
0 0.437500 0.248438 0.015625 0.015625
0 0.514062 0.253125 0.015625 0.015625
0 0.590625 0.254688 0.015625 0.015625
0 0.668750 0.259375 0.015625 0.015625
0 0.743750 0.259375 0.015625 0.015625
0 0.818750 0.260937 0.015625 0.015625
0 0.893750 0.262500 0.015625 0.015625
0 0.971875 0.262500 0.015625 0.015625
0 0.026562 0.281250 0.015625 0.015625
0 0.493750 0.303125 0.015625 0.015625
0 0.175000 0.309375 0.015625 0.015625
0 0.248438 0.312500 0.015625 0.015625
0 0.398438 0.314063 0.015625 0.015625
0 0.326562 0.315625 0.015625 0.015625
0 0.628125 0.323437 0.015625 0.015625
0 0.781250 0.326562 0.015625 0.015625
0 0.706250 0.326562 0.015625 0.015625
0 0.546875 0.328125 0.015625 0.015625
0 0.937500 0.328125 0.015625 0.015625
0 0.859375 0.328125 0.015625 0.015625
0 0.029687 0.312500 0.015625 0.015625
0 0.093750 0.312500 0.015625 0.015625
0 0.056250 0.381250 0.015625 0.015625
0 0.148438 0.376563 0.015625 0.015625
0 0.204687 0.378125 0.015625 0.015625
0 0.284375 0.379688 0.015625 0.015625
0 0.365625 0.384375 0.015625 0.015625
0 0.437500 0.384375 0.015625 0.015625
