0 0.832812 0.051562 0.015625 0.015625
0 0.906250 0.043750 0.015625 0.015625
0 0.987500 0.057813 0.015625 0.015625
0 0.803125 0.118750 0.015625 0.015625
0 0.868750 0.121875 0.015625 0.015625
0 0.939063 0.125000 0.015625 0.015625
0 0.842187 0.190625 0.015625 0.015625
0 0.873437 0.250000 0.015625 0.015625
0 0.903125 0.190625 0.015625 0.015625
0 0.943750 0.254688 0.015625 0.015625
0 0.981250 0.185938 0.015625 0.015625
0 0.906250 0.317188 0.015625 0.015625
0 0.953125 0.387500 0.015625 0.015625
0 0.979688 0.323437 0.015625 0.015625
0 0.990625 0.450000 0.015625 0.015625
0 0.023438 0.098437 0.015625 0.015625
0 0.065625 0.171875 0.015625 0.015625
0 0.098437 0.121875 0.015625 0.015625
0 0.150000 0.170313 0.015625 0.015625
0 0.171875 0.115625 0.015625 0.015625
0 0.215625 0.176563 0.015625 0.015625
0 0.248438 0.110937 0.015625 0.015625
0 0.296875 0.181250 0.015625 0.015625
0 0.332813 0.118750 0.015625 0.015625
0 0.362500 0.173437 0.015625 0.015625
0 0.409375 0.126562 0.015625 0.015625
0 0.443750 0.167187 0.015625 0.015625
0 0.484375 0.131250 0.015625 0.015625
0 0.528125 0.182812 0.015625 0.015625
0 0.564063 0.121875 0.015625 0.015625
0 0.596875 0.179688 0.015625 0.015625
0 0.635938 0.118750 0.015625 0.015625
0 0.657813 0.187500 0.015625 0.015625
0 0.714063 0.129688 0.015625 0.015625
0 0.770312 0.198437 0.015625 0.015625
0 0.020313 0.235937 0.015625 0.015625
0 0.064062 0.296875 0.015625 0.015625
0 0.095312 0.234375 0.015625 0.015625
0 0.175000 0.242188 0.015625 0.015625
0 0.243750 0.245312 0.015625 0.015625
0 0.328125 0.248438 0.015625 0.015625
0 0.398438 0.248438 0.015625 0.015625
0 0.364063 0.306250 0.015625 0.015625
0 0.279687 0.306250 0.015625 0.015625
0 0.212500 0.307812 0.015625 0.015625
0 0.481250 0.246875 0.015625 0.015625
0 0.453125 0.300000 0.015625 0.015625
0 0.556250 0.250000 0.015625 0.015625
0 0.515625 0.303125 0.015625 0.015625
0 0.629687 0.251563 0.015625 0.015625
0 0.681250 0.306250 0.015625 0.015625
0 0.717187 0.254688 0.015625 0.015625
0 0.756250 0.315625 0.015625 0.015625
0 0.790625 0.254688 0.015625 0.015625
0 0.029687 0.375000 0.015625 0.015625
0 0.060937 0.437500 0.015625 0.015625
0 0.109375 0.368750 0.015625 0.015625
0 0.146875 0.425000 0.015625 0.015625
0 0.185938 0.373437 0.015625 0.015625
0 0.226562 0.428125 0.015625 0.015625
0 0.287500 0.435937 0.015625 0.015625
0 0.364063 0.443750 0.015625 0.015625
0 0.440625 0.442188 0.015625 0.015625
0 0.403125 0.378125 0.015625 0.015625
0 0.325000 0.370312 0.015625 0.015625
0 0.476562 0.379688 0.015625 0.015625
0 0.559375 0.375000 0.015625 0.015625
0 0.514062 0.440625 0.015625 0.015625
0 0.592187 0.437500 0.015625 0.015625
0 0.642188 0.382812 0.015625 0.015625
0 0.684375 0.443750 0.015625 0.015625
0 0.717187 0.376563 0.015625 0.015625
0 0.759375 0.429688 0.015625 0.015625
0 0.789062 0.387500 0.015625 0.015625
0 0.826562 0.434375 0.015625 0.015625
0 0.867188 0.390625 0.015625 0.015625
0 0.900000 0.448437 0.015625 0.015625
0 0.021875 0.507812 0.015625 0.015625
0 0.060937 0.567187 0.015625 0.015625
0 0.096875 0.507812 0.015625 0.015625
0 0.137500 0.567187 0.015625 0.015625
0 0.168750 0.506250 0.015625 0.015625
0 0.210938 0.568750 0.015625 0.015625
0 0.243750 0.509375 0.015625 0.015625
0 0.289062 0.570312 0.015625 0.015625
0 0.317188 0.504687 0.015625 0.015625
0 0.362500 0.571875 0.015625 0.015625
0 0.398438 0.509375 0.015625 0.015625
0 0.442188 0.576562 0.015625 0.015625
0 0.479687 0.503125 0.015625 0.015625
0 0.515625 0.571875 0.015625 0.015625
0 0.551562 0.514062 0.015625 0.015625
0 0.603125 0.568750 0.015625 0.015625
0 0.635938 0.520312 0.015625 0.015625
0 0.664062 0.568750 0.015625 0.015625
0 0.710938 0.523438 0.015625 0.015625
0 0.743750 0.568750 0.015625 0.015625
0 0.778125 0.520312 0.015625 0.015625
0 0.825000 0.578125 0.015625 0.015625
0 0.859375 0.523438 0.015625 0.015625
0 0.895312 0.578125 0.015625 0.015625
0 0.932813 0.523438 0.015625 0.015625
0 0.959375 0.579688 0.015625 0.015625
0 0.015625 0.632812 0.015625 0.015625
0 0.093750 0.639062 0.015625 0.015625
0 0.176563 0.639062 0.015625 0.015625
0 0.212500 0.703125 0.015625 0.015625
0 0.400000 0.639062 0.015625 0.015625
0 0.478125 0.635938 0.015625 0.015625
0 0.557813 0.637500 0.015625 0.015625
0 0.590625 0.710938 0.015625 0.015625
0 0.628125 0.640625 0.015625 0.015625
0 0.659375 0.707812 0.015625 0.015625
0 0.709375 0.645312 0.015625 0.015625
0 0.782813 0.653125 0.015625 0.015625
0 0.843750 0.653125 0.015625 0.015625
0 0.889062 0.712500 0.015625 0.015625
0 0.937500 0.640625 0.015625 0.015625
0 0.946875 0.725000 0.015625 0.015625
0 0.132812 0.964063 0.015625 0.015625
0 0.439063 0.703125 0.015625 0.015625
0 0.020313 0.898438 0.015625 0.015625
0 0.359375 0.835938 0.015625 0.015625
0 0.287500 0.704688 0.015625 0.015625
0 0.092188 0.896875 0.015625 0.015625
0 0.057813 0.831250 0.015625 0.015625
0 0.167187 0.900000 0.015625 0.015625
0 0.520312 0.704688 0.015625 0.015625
0 0.054688 0.962500 0.015625 0.015625
0 0.132812 0.834375 0.015625 0.015625
0 0.206250 0.967187 0.015625 0.015625
0 0.139063 0.701562 0.015625 0.015625
0 0.287500 0.834375 0.015625 0.015625
0 0.173437 0.770312 0.015625 0.015625
0 0.367188 0.704688 0.015625 0.015625
0 0.256250 0.635938 0.015625 0.015625
0 0.331250 0.635938 0.015625 0.015625
0 0.248438 0.768750 0.015625 0.015625
0 0.476562 0.768750 0.015625 0.015625
0 0.506250 0.965625 0.015625 0.015625
0 0.209375 0.834375 0.015625 0.015625
0 0.473438 0.900000 0.015625 0.015625
0 0.778125 0.904687 0.015625 0.015625
0 0.853125 0.907813 0.015625 0.015625
0 0.628125 0.770312 0.015625 0.015625
0 0.553125 0.770312 0.015625 0.015625
0 0.962500 0.839063 0.015625 0.015625
0 0.925000 0.906250 0.015625 0.015625
0 0.507812 0.837500 0.015625 0.015625
0 0.025000 0.768750 0.015625 0.015625
0 0.401562 0.770312 0.015625 0.015625
0 0.701562 0.771875 0.015625 0.015625
0 0.325000 0.771875 0.015625 0.015625
0 0.737500 0.706250 0.015625 0.015625
0 0.279687 0.967187 0.015625 0.015625
0 0.820312 0.709375 0.015625 0.015625
0 0.096875 0.770312 0.015625 0.015625
0 0.393750 0.895312 0.015625 0.015625
0 0.062500 0.703125 0.015625 0.015625
0 0.243750 0.898438 0.015625 0.015625
0 0.775000 0.773438 0.015625 0.015625
0 0.853125 0.775000 0.015625 0.015625
0 0.700000 0.901563 0.015625 0.015625
0 0.957812 0.973437 0.015625 0.015625
0 0.918750 0.776563 0.015625 0.015625
0 0.818750 0.834375 0.015625 0.015625
0 0.731250 0.837500 0.015625 0.015625
0 0.662500 0.840625 0.015625 0.015625
0 0.323437 0.901563 0.015625 0.015625
0 0.353125 0.964063 0.015625 0.015625
0 0.585938 0.962500 0.015625 0.015625
0 0.653125 0.968750 0.015625 0.015625
0 0.817187 0.978125 0.015625 0.015625
0 0.723437 0.967187 0.015625 0.015625
0 0.615625 0.895312 0.015625 0.015625
0 0.592187 0.837500 0.015625 0.015625
0 0.889062 0.976562 0.015625 0.015625
0 0.890625 0.834375 0.015625 0.015625
0 0.435937 0.837500 0.015625 0.015625
0 0.415625 0.973437 0.015625 0.015625
0 0.681250 0.018750 0.015625 0.015625
0 0.767188 0.059375 0.015625 0.015625
0 0.073438 0.045312 0.015625 0.015625
0 0.153125 0.045312 0.015625 0.015625
0 0.231250 0.045312 0.015625 0.015625
0 0.290625 0.039062 0.015625 0.015625
0 0.381250 0.046875 0.015625 0.015625
0 0.456250 0.046875 0.015625 0.015625
0 0.525000 0.048438 0.015625 0.015625
0 0.621875 0.048438 0.015625 0.015625
0 0.681250 0.053125 0.015625 0.015625
