0 0.539062 0.014063 0.015625 0.015625
0 0.015625 0.014063 0.015625 0.015625
0 0.614062 0.015625 0.015625 0.015625
0 0.243750 0.023438 0.015625 0.015625
0 0.150000 0.028125 0.015625 0.015625
0 0.471875 0.032813 0.015625 0.015625
0 0.779687 0.035937 0.015625 0.015625
0 0.318750 0.035937 0.015625 0.015625
0 0.403125 0.039062 0.015625 0.015625
0 0.657813 0.079687 0.015625 0.015625
0 0.506250 0.084375 0.015625 0.015625
0 0.581250 0.084375 0.015625 0.015625
0 0.734375 0.085938 0.015625 0.015625
0 0.887500 0.090625 0.015625 0.015625
0 0.810937 0.090625 0.015625 0.015625
0 0.067187 0.095312 0.015625 0.015625
0 0.167187 0.123438 0.015625 0.015625
0 0.240625 0.128125 0.015625 0.015625
0 0.318750 0.140625 0.015625 0.015625
0 0.395313 0.142187 0.015625 0.015625
0 0.464062 0.142187 0.015625 0.015625
0 0.107813 0.142187 0.015625 0.015625
0 0.692187 0.145313 0.015625 0.015625
0 0.929688 0.153125 0.015625 0.015625
0 0.768750 0.153125 0.015625 0.015625
0 0.539062 0.154688 0.015625 0.015625
0 0.848437 0.154688 0.015625 0.015625
0 0.617188 0.156250 0.015625 0.015625
0 0.059375 0.203125 0.015625 0.015625
0 0.128125 0.210938 0.015625 0.015625
0 0.204687 0.210938 0.015625 0.015625
0 0.731250 0.212500 0.015625 0.015625
0 0.279687 0.212500 0.015625 0.015625
0 0.356250 0.214062 0.015625 0.015625
0 0.435937 0.215625 0.015625 0.015625
0 0.507812 0.215625 0.015625 0.015625
0 0.962500 0.215625 0.015625 0.015625
0 0.654687 0.217188 0.015625 0.015625
0 0.884375 0.218750 0.015625 0.015625
0 0.578125 0.225000 0.015625 0.015625
0 0.084375 0.271875 0.015625 0.015625
0 0.164062 0.278125 0.015625 0.015625
0 0.768750 0.281250 0.015625 0.015625
0 0.617188 0.282813 0.015625 0.015625
0 0.690625 0.282813 0.015625 0.015625
0 0.842187 0.284375 0.015625 0.015625
0 0.318750 0.284375 0.015625 0.015625
0 0.543750 0.287500 0.015625 0.015625
0 0.923438 0.287500 0.015625 0.015625
0 0.398438 0.289062 0.015625 0.015625
0 0.476562 0.298438 0.015625 0.015625
0 0.357812 0.337500 0.015625 0.015625
0 0.278125 0.340625 0.015625 0.015625
0 0.803125 0.343750 0.015625 0.015625
0 0.504687 0.343750 0.015625 0.015625
0 0.431250 0.343750 0.015625 0.015625
0 0.729688 0.343750 0.015625 0.015625
0 0.128125 0.345313 0.015625 0.015625
0 0.654687 0.346875 0.015625 0.015625
0 0.579688 0.348438 0.015625 0.015625
0 0.200000 0.354687 0.015625 0.015625
0 0.882812 0.359375 0.015625 0.015625
0 0.960938 0.359375 0.015625 0.015625
0 0.037500 0.370312 0.015625 0.015625
0 0.862500 0.390625 0.015625 0.015625
0 0.320312 0.393750 0.015625 0.015625
0 0.537500 0.406250 0.015625 0.015625
0 0.765625 0.406250 0.015625 0.015625
0 0.617188 0.407813 0.015625 0.015625
0 0.400000 0.410938 0.015625 0.015625
0 0.464062 0.412500 0.015625 0.015625
0 0.017188 0.417187 0.015625 0.015625
0 0.693750 0.417187 0.015625 0.015625
0 0.118750 0.450000 0.015625 0.015625
0 0.354687 0.470313 0.015625 0.015625
0 0.431250 0.471875 0.015625 0.015625
0 0.507812 0.473438 0.015625 0.015625
0 0.804688 0.475000 0.015625 0.015625
0 0.581250 0.476562 0.015625 0.015625
0 0.729688 0.479687 0.015625 0.015625
0 0.651563 0.481250 0.015625 0.015625
0 0.979688 0.492188 0.015625 0.015625
0 0.009375 0.510938 0.015625 0.015625
0 0.089063 0.512500 0.015625 0.015625
0 0.160938 0.515625 0.015625 0.015625
0 0.476562 0.521875 0.015625 0.015625
0 0.389062 0.534375 0.015625 0.015625
0 0.309375 0.535937 0.015625 0.015625
0 0.914062 0.537500 0.015625 0.015625
0 0.539062 0.539062 0.015625 0.015625
0 0.685937 0.539062 0.015625 0.015625
0 0.614062 0.540625 0.015625 0.015625
0 0.765625 0.543750 0.015625 0.015625
0 0.839063 0.543750 0.015625 0.015625
0 0.995313 0.548438 0.015625 0.015625
0 0.350000 0.595313 0.015625 0.015625
0 0.428125 0.598437 0.015625 0.015625
0 0.042188 0.601562 0.015625 0.015625
0 0.501563 0.606250 0.015625 0.015625
0 0.578125 0.606250 0.015625 0.015625
0 0.879687 0.610938 0.015625 0.015625
0 0.654687 0.612500 0.015625 0.015625
0 0.728125 0.612500 0.015625 0.015625
0 0.803125 0.617188 0.015625 0.015625
0 0.956250 0.617188 0.015625 0.015625
0 0.204687 0.634375 0.015625 0.015625
0 0.001563 0.660937 0.015625 0.015625
0 0.401562 0.662500 0.015625 0.015625
0 0.071875 0.668750 0.015625 0.015625
0 0.307812 0.670312 0.015625 0.015625
0 0.459375 0.670312 0.015625 0.015625
0 0.837500 0.671875 0.015625 0.015625
0 0.537500 0.671875 0.015625 0.015625
0 0.232813 0.673438 0.015625 0.015625
0 0.915625 0.676562 0.015625 0.015625
0 0.612500 0.679688 0.015625 0.015625
0 0.689063 0.681250 0.015625 0.015625
0 0.990625 0.682813 0.015625 0.015625
0 0.762500 0.685937 0.015625 0.015625
0 0.039062 0.734375 0.015625 0.015625
0 0.115625 0.735938 0.015625 0.015625
0 0.575000 0.740625 0.015625 0.015625
0 0.653125 0.740625 0.015625 0.015625
0 0.723437 0.745313 0.015625 0.015625
0 0.879687 0.746875 0.015625 0.015625
0 0.800000 0.748437 0.015625 0.015625
0 0.956250 0.751563 0.015625 0.015625
0 0.004687 0.796875 0.015625 0.015625
0 0.154688 0.798438 0.015625 0.015625
0 0.079687 0.800000 0.015625 0.015625
0 0.609375 0.804688 0.015625 0.015625
0 0.232813 0.804688 0.015625 0.015625
0 0.462500 0.807813 0.015625 0.015625
0 0.306250 0.807813 0.015625 0.015625
0 0.687500 0.807813 0.015625 0.015625
0 0.760938 0.814063 0.015625 0.015625
0 0.910937 0.815625 0.015625 0.015625
0 0.985938 0.815625 0.015625 0.015625
0 0.835938 0.817187 0.015625 0.015625
0 0.037500 0.860938 0.015625 0.015625
0 0.115625 0.860938 0.015625 0.015625
0 0.190625 0.864062 0.015625 0.015625
0 0.265625 0.864062 0.015625 0.015625
0 0.342187 0.867188 0.015625 0.015625
0 0.648438 0.875000 0.015625 0.015625
0 0.726562 0.876563 0.015625 0.015625
0 0.578125 0.876563 0.015625 0.015625
0 0.951562 0.882812 0.015625 0.015625
0 0.873437 0.887500 0.015625 0.015625
0 0.793750 0.889062 0.015625 0.015625
0 0.395313 0.907813 0.015625 0.015625
0 0.078125 0.926562 0.015625 0.015625
0 0.542188 0.937500 0.015625 0.015625
0 0.232813 0.939063 0.015625 0.015625
0 0.303125 0.942187 0.015625 0.015625
0 0.684375 0.942187 0.015625 0.015625
0 0.609375 0.945312 0.015625 0.015625
0 0.415625 0.995313 0.015625 0.015625
0 0.035937 0.996875 0.015625 0.015625
0 0.264062 0.998437 0.015625 0.015625
