0 0.004687 0.039062 0.015625 0.015625
0 0.151562 0.048438 0.015625 0.015625
0 0.039062 0.109375 0.015625 0.015625
0 0.112500 0.110937 0.015625 0.015625
0 0.187500 0.112500 0.015625 0.015625
0 0.079687 0.173437 0.015625 0.015625
0 0.150000 0.173437 0.015625 0.015625
0 0.228125 0.176563 0.015625 0.015625
0 0.110937 0.239063 0.015625 0.015625
0 0.034375 0.240625 0.015625 0.015625
0 0.260937 0.243750 0.015625 0.015625
0 0.185938 0.245312 0.015625 0.015625
0 0.068750 0.303125 0.015625 0.015625
0 0.140625 0.306250 0.015625 0.015625
0 0.221875 0.309375 0.015625 0.015625
0 0.301563 0.312500 0.015625 0.015625
0 0.035937 0.364063 0.015625 0.015625
0 0.187500 0.371875 0.015625 0.015625
0 0.335938 0.375000 0.015625 0.015625
0 0.368750 0.440625 0.015625 0.015625
0 0.035937 0.496875 0.015625 0.015625
0 0.187500 0.507812 0.015625 0.015625
0 0.335938 0.510938 0.015625 0.015625
0 0.078125 0.560937 0.015625 0.015625
0 0.143750 0.564063 0.015625 0.015625
0 0.226562 0.567187 0.015625 0.015625
0 0.301563 0.570312 0.015625 0.015625
0 0.376563 0.570312 0.015625 0.015625
0 0.456250 0.576562 0.015625 0.015625
0 0.035937 0.635938 0.015625 0.015625
0 0.182812 0.637500 0.015625 0.015625
0 0.334375 0.637500 0.015625 0.015625
0 0.260937 0.637500 0.015625 0.015625
0 0.414062 0.639062 0.015625 0.015625
0 0.492188 0.640625 0.015625 0.015625
0 0.114062 0.642188 0.015625 0.015625
0 0.148438 0.696875 0.015625 0.015625
0 0.068750 0.698438 0.015625 0.015625
0 0.367188 0.700000 0.015625 0.015625
0 0.215625 0.700000 0.015625 0.015625
0 0.451562 0.700000 0.015625 0.015625
0 0.290625 0.706250 0.015625 0.015625
0 0.106250 0.764062 0.015625 0.015625
0 0.259375 0.764062 0.015625 0.015625
0 0.184375 0.767188 0.015625 0.015625
0 0.334375 0.770312 0.015625 0.015625
0 0.487500 0.773438 0.015625 0.015625
0 0.414062 0.773438 0.015625 0.015625
0 0.142187 0.832812 0.015625 0.015625
0 0.062500 0.834375 0.015625 0.015625
0 0.218750 0.835938 0.015625 0.015625
0 0.298438 0.839063 0.015625 0.015625
0 0.368750 0.839063 0.015625 0.015625
0 0.450000 0.842187 0.015625 0.015625
0 0.528125 0.842187 0.015625 0.015625
0 0.029687 0.896875 0.015625 0.015625
0 0.181250 0.900000 0.015625 0.015625
0 0.106250 0.900000 0.015625 0.015625
0 0.257812 0.900000 0.015625 0.015625
0 0.331250 0.901563 0.015625 0.015625
0 0.409375 0.907813 0.015625 0.015625
0 0.562500 0.907813 0.015625 0.015625
0 0.485938 0.907813 0.015625 0.015625
0 0.639062 0.910937 0.015625 0.015625
0 0.065625 0.960938 0.015625 0.015625
0 0.142187 0.962500 0.015625 0.015625
0 0.218750 0.965625 0.015625 0.015625
0 0.293750 0.967187 0.015625 0.015625
0 0.367188 0.968750 0.015625 0.015625
0 0.446875 0.970313 0.015625 0.015625
0 0.525000 0.971875 0.015625 0.015625
0 0.601562 0.973437 0.015625 0.015625
0 0.676562 0.973437 0.015625 0.015625
0 0.079687 0.043750 0.015625 0.015625
0 0.000000 0.435937 0.015625 0.015625
0 0.071875 0.437500 0.015625 0.015625
0 0.110937 0.378125 0.015625 0.015625
0 0.142187 0.437500 0.015625 0.015625
0 0.229687 0.435937 0.015625 0.015625
0 0.278125 0.437500 0.015625 0.015625
0 0.267188 0.378125 0.015625 0.015625
0 0.260937 0.504687 0.015625 0.015625
0 0.103125 0.504687 0.015625 0.015625
