0 0.660937 0.223438 0.015625 0.015625
0 0.310937 0.548438 0.015625 0.015625
0 0.018750 0.018750 0.015625 0.015625
0 0.735938 0.223438 0.015625 0.015625
0 0.507812 0.220312 0.015625 0.015625
0 0.010937 0.545312 0.015625 0.015625
0 0.346875 0.617188 0.015625 0.015625
0 0.092188 0.276562 0.015625 0.015625
0 0.087500 0.546875 0.015625 0.015625
0 0.662500 0.093750 0.015625 0.015625
0 0.509375 0.359375 0.015625 0.015625
0 0.546875 0.023438 0.015625 0.015625
0 0.575000 0.223438 0.015625 0.015625
0 0.696875 0.293750 0.015625 0.015625
0 0.271875 0.746875 0.015625 0.015625
0 0.392188 0.153125 0.015625 0.015625
0 0.017188 0.148438 0.015625 0.015625
0 0.240625 0.546875 0.015625 0.015625
0 0.196875 0.610938 0.015625 0.015625
0 0.059375 0.214062 0.015625 0.015625
0 0.510938 0.092188 0.015625 0.015625
0 0.773438 0.290625 0.015625 0.015625
0 0.196875 0.743750 0.015625 0.015625
0 0.542188 0.418750 0.015625 0.015625
0 0.093750 0.146875 0.015625 0.015625
0 0.620313 0.290625 0.015625 0.015625
0 0.320312 0.020313 0.015625 0.015625
0 0.310937 0.679688 0.015625 0.015625
0 0.345313 0.875000 0.015625 0.015625
0 0.815625 0.095312 0.015625 0.015625
0 0.395313 0.023438 0.015625 0.015625
0 0.084375 0.810937 0.015625 0.015625
0 0.543750 0.157812 0.015625 0.015625
0 0.159375 0.810937 0.015625 0.015625
0 0.309375 0.942187 0.015625 0.015625
0 0.617188 0.420312 0.015625 0.015625
0 0.548438 0.289062 0.015625 0.015625
0 0.587500 0.359375 0.015625 0.015625
0 0.468750 0.287500 0.015625 0.015625
0 0.275000 0.612500 0.015625 0.015625
0 0.125000 0.346875 0.015625 0.015625
0 0.467187 0.942187 0.015625 0.015625
0 0.312500 0.812500 0.015625 0.015625
0 0.843750 0.817187 0.015625 0.015625
0 0.740625 0.093750 0.015625 0.015625
0 0.237500 0.678125 0.015625 0.015625
0 0.162500 0.546875 0.015625 0.015625
0 0.818750 0.223438 0.015625 0.015625
0 0.468750 0.153125 0.015625 0.015625
0 0.234375 0.810937 0.015625 0.015625
0 0.765625 0.687500 0.015625 0.015625
0 0.646875 0.751563 0.015625 0.015625
0 0.839063 0.948438 0.015625 0.015625
0 0.889062 0.228125 0.015625 0.015625
0 0.989062 0.689063 0.015625 0.015625
0 0.890625 0.096875 0.015625 0.015625
0 0.967187 0.228125 0.015625 0.015625
0 0.968750 0.096875 0.015625 0.015625
0 0.915625 0.953125 0.015625 0.015625
0 0.365625 0.089063 0.015625 0.015625
0 0.850000 0.292187 0.015625 0.015625
0 0.931250 0.029687 0.015625 0.015625
0 0.364063 0.217188 0.015625 0.015625
0 0.957812 0.620313 0.015625 0.015625
0 0.382812 0.679688 0.015625 0.015625
0 0.473438 0.023438 0.015625 0.015625
0 0.587500 0.090625 0.015625 0.015625
0 0.537500 0.965625 0.015625 0.015625
0 0.003125 0.939063 0.015625 0.015625
0 0.079687 0.937500 0.015625 0.015625
0 0.154688 0.939063 0.015625 0.015625
0 0.221875 0.942187 0.015625 0.015625
0 0.410938 0.948438 0.015625 0.015625
0 0.462500 0.814063 0.015625 0.015625
0 0.379688 0.815625 0.015625 0.015625
0 0.423438 0.876563 0.015625 0.015625
0 0.496875 0.881250 0.015625 0.015625
0 0.532813 0.823438 0.015625 0.015625
0 0.412500 0.746875 0.015625 0.015625
0 0.353125 0.753125 0.015625 0.015625
0 0.201563 0.475000 0.015625 0.015625
0 0.243750 0.417187 0.015625 0.015625
0 0.007812 0.418750 0.015625 0.015625
0 0.043750 0.467187 0.015625 0.015625
0 0.095312 0.407813 0.015625 0.015625
0 0.129688 0.467187 0.015625 0.015625
0 0.129688 0.217188 0.015625 0.015625
0 0.165625 0.278125 0.015625 0.015625
0 0.053125 0.351562 0.015625 0.015625
0 0.098437 0.017188 0.015625 0.015625
0 0.129688 0.085938 0.015625 0.015625
0 0.168750 0.026562 0.015625 0.015625
0 0.243750 0.150000 0.015625 0.015625
0 0.314063 0.287500 0.015625 0.015625
0 0.253125 0.279687 0.015625 0.015625
0 0.284375 0.350000 0.015625 0.015625
0 0.346875 0.353125 0.015625 0.015625
0 0.392188 0.415625 0.015625 0.015625
0 0.354687 0.482812 0.015625 0.015625
0 0.385937 0.546875 0.015625 0.015625
0 0.423438 0.618750 0.015625 0.015625
0 0.503125 0.621875 0.015625 0.015625
0 0.534375 0.685937 0.015625 0.015625
0 0.575000 0.757812 0.015625 0.015625
0 0.626563 0.685937 0.015625 0.015625
0 0.696875 0.682813 0.015625 0.015625
0 0.720313 0.625000 0.015625 0.015625
0 0.807813 0.754687 0.015625 0.015625
0 0.878125 0.753125 0.015625 0.015625
0 0.720313 0.885938 0.015625 0.015625
0 0.650000 0.875000 0.015625 0.015625
0 0.681250 0.814063 0.015625 0.015625
0 0.620313 0.815625 0.015625 0.015625
0 0.757812 0.820312 0.015625 0.015625
0 0.796875 0.889062 0.015625 0.015625
0 0.864062 0.885938 0.015625 0.015625
0 0.943750 0.889062 0.015625 0.015625
0 0.998437 0.964063 0.015625 0.015625
0 0.760938 0.954688 0.015625 0.015625
0 0.682813 0.943750 0.015625 0.015625
0 0.648438 0.495312 0.015625 0.015625
0 0.721875 0.495312 0.015625 0.015625
0 0.675000 0.562500 0.015625 0.015625
0 0.596875 0.554688 0.015625 0.015625
0 0.565625 0.489063 0.015625 0.015625
0 0.698438 0.021875 0.015625 0.015625
0 0.778125 0.035937 0.015625 0.015625
0 0.773438 0.157812 0.015625 0.015625
0 0.701562 0.154688 0.015625 0.015625
0 0.609375 0.168750 0.015625 0.015625
0 0.857812 0.164062 0.015625 0.015625
0 0.928125 0.160938 0.015625 0.015625
0 0.278125 0.096875 0.015625 0.015625
0 0.312500 0.153125 0.015625 0.015625
0 0.434375 0.220312 0.015625 0.015625
0 0.393750 0.287500 0.015625 0.015625
0 0.425000 0.357812 0.015625 0.015625
0 0.662500 0.364063 0.015625 0.015625
0 0.732812 0.362500 0.015625 0.015625
0 0.807813 0.354687 0.015625 0.015625
0 0.695312 0.426563 0.015625 0.015625
0 0.467187 0.420312 0.015625 0.015625
0 0.503125 0.482812 0.015625 0.015625
0 0.535937 0.551562 0.015625 0.015625
0 0.462500 0.551562 0.015625 0.015625
0 0.423438 0.482812 0.015625 0.015625
0 0.982812 0.560937 0.015625 0.015625
0 0.918750 0.559375 0.015625 0.015625
0 0.870313 0.485938 0.015625 0.015625
0 0.921875 0.500000 0.015625 0.015625
0 0.970313 0.496875 0.015625 0.015625
0 0.987500 0.820312 0.015625 0.015625
0 0.609375 0.942187 0.015625 0.015625
0 0.579688 0.878125 0.015625 0.015625
0 0.931250 0.417187 0.015625 0.015625
0 0.925000 0.295312 0.015625 0.015625
0 0.959375 0.353125 0.015625 0.015625
0 0.890625 0.351562 0.015625 0.015625
0 0.204687 0.084375 0.015625 0.015625
0 0.626563 0.020313 0.015625 0.015625
0 0.859375 0.028125 0.015625 0.015625
