0 0.092188 0.064062 0.015625 0.015625
0 0.970313 0.014063 0.015625 0.015625
0 0.017188 0.064062 0.015625 0.015625
0 0.892188 0.142187 0.015625 0.015625
0 0.234375 0.850000 0.015625 0.015625
0 0.514062 0.003125 0.015625 0.015625
0 0.206250 0.000000 0.015625 0.015625
0 0.357812 0.000000 0.015625 0.015625
0 0.389062 0.854688 0.015625 0.015625
0 0.462500 0.853125 0.015625 0.015625
0 0.395313 0.200000 0.015625 0.015625
0 0.046875 0.518750 0.015625 0.015625
0 0.243750 0.068750 0.015625 0.015625
0 0.437500 0.001563 0.015625 0.015625
0 0.585938 0.400000 0.015625 0.015625
0 0.317188 0.326562 0.015625 0.015625
0 0.921875 0.473438 0.015625 0.015625
0 0.390625 0.595313 0.015625 0.015625
0 0.665625 0.003125 0.015625 0.015625
0 0.395313 0.068750 0.015625 0.015625
0 0.165625 0.062500 0.015625 0.015625
0 0.920312 0.864062 0.015625 0.015625
0 0.470313 0.068750 0.015625 0.015625
0 0.273438 0.654687 0.015625 0.015625
0 0.665625 0.139063 0.015625 0.015625
0 0.809375 0.668750 0.015625 0.015625
0 0.471875 0.200000 0.015625 0.015625
0 0.784375 0.201563 0.015625 0.015625
0 0.320312 0.198437 0.015625 0.015625
0 0.310937 0.725000 0.015625 0.015625
0 0.535937 0.854688 0.015625 0.015625
0 0.160938 0.590625 0.015625 0.015625
0 0.965625 0.543750 0.015625 0.015625
0 0.125000 0.520312 0.015625 0.015625
0 0.621875 0.071875 0.015625 0.015625
0 0.310937 0.853125 0.015625 0.015625
0 0.689063 0.862500 0.015625 0.015625
0 0.200000 0.523438 0.015625 0.015625
0 0.346875 0.659375 0.015625 0.015625
0 0.621875 0.201563 0.015625 0.015625
0 0.546875 0.073438 0.015625 0.015625
0 0.120313 0.651563 0.015625 0.015625
0 0.351562 0.525000 0.015625 0.015625
0 0.234375 0.721875 0.015625 0.015625
0 0.964063 0.671875 0.015625 0.015625
0 0.467187 0.595313 0.015625 0.015625
0 0.392188 0.462500 0.015625 0.015625
0 0.425000 0.790625 0.015625 0.015625
0 0.701562 0.075000 0.015625 0.015625
0 0.737500 0.270313 0.015625 0.015625
0 0.089063 0.589063 0.015625 0.015625
0 0.932813 0.075000 0.015625 0.015625
0 0.542188 0.596875 0.015625 0.015625
0 0.357812 0.395313 0.015625 0.015625
0 0.245312 0.198437 0.015625 0.015625
0 0.614062 0.859375 0.015625 0.015625
0 0.282813 0.395313 0.015625 0.015625
0 0.664062 0.268750 0.015625 0.015625
0 0.425000 0.662500 0.015625 0.015625
0 0.773438 0.339062 0.015625 0.015625
0 0.546875 0.201563 0.015625 0.015625
0 0.893750 0.012500 0.015625 0.015625
0 0.198437 0.787500 0.015625 0.015625
0 0.498437 0.790625 0.015625 0.015625
0 0.762500 0.862500 0.015625 0.015625
0 0.057813 0.126562 0.015625 0.015625
0 0.965625 0.275000 0.015625 0.015625
0 0.578125 0.795312 0.015625 0.015625
0 0.967187 0.143750 0.015625 0.015625
0 0.739062 0.010937 0.015625 0.015625
0 0.092188 0.193750 0.015625 0.015625
0 0.651563 0.796875 0.015625 0.015625
0 0.582812 0.534375 0.015625 0.015625
0 0.159375 0.846875 0.015625 0.015625
0 0.017188 0.192188 0.015625 0.015625
0 0.995313 0.865625 0.015625 0.015625
0 0.193750 0.260937 0.015625 0.015625
0 0.884375 0.670312 0.015625 0.015625
0 0.585938 0.137500 0.015625 0.015625
0 0.318750 0.065625 0.015625 0.015625
0 0.617188 0.728125 0.015625 0.015625
0 0.657813 0.535937 0.015625 0.015625
0 0.543750 0.725000 0.015625 0.015625
0 0.739062 0.139063 0.015625 0.015625
0 0.925000 0.342187 0.015625 0.015625
0 0.496875 0.660937 0.015625 0.015625
0 0.693750 0.601562 0.015625 0.015625
0 0.923438 0.603125 0.015625 0.015625
0 0.735938 0.664062 0.015625 0.015625
0 0.159375 0.717187 0.015625 0.015625
0 0.998437 0.470313 0.015625 0.015625
0 0.845313 0.603125 0.015625 0.015625
0 0.512500 0.267188 0.015625 0.015625
0 0.967187 0.412500 0.015625 0.015625
0 0.846875 0.864062 0.015625 0.015625
0 0.048438 0.651563 0.015625 0.015625
0 0.923438 0.203125 0.015625 0.015625
0 0.268750 0.921875 0.015625 0.015625
0 0.434375 0.400000 0.015625 0.015625
0 0.500000 0.529687 0.015625 0.015625
0 0.467187 0.464062 0.015625 0.015625
0 0.775000 0.075000 0.015625 0.015625
0 0.275000 0.525000 0.015625 0.015625
0 0.887500 0.537500 0.015625 0.015625
0 0.768750 0.601562 0.015625 0.015625
0 0.582812 0.664062 0.015625 0.015625
0 0.425000 0.528125 0.015625 0.015625
0 0.284375 0.135937 0.015625 0.015625
0 0.240625 0.592187 0.015625 0.015625
0 0.243750 0.328125 0.015625 0.015625
0 0.545312 0.332813 0.015625 0.015625
0 0.701562 0.201563 0.015625 0.015625
0 0.390625 0.723437 0.015625 0.015625
0 0.348438 0.790625 0.015625 0.015625
0 0.620313 0.335938 0.015625 0.015625
0 0.393750 0.326562 0.015625 0.015625
0 0.359375 0.264062 0.015625 0.015625
0 0.465625 0.725000 0.015625 0.015625
0 0.696875 0.337500 0.015625 0.015625
0 0.432812 0.135937 0.015625 0.015625
0 0.057813 0.262500 0.015625 0.015625
0 0.725000 0.798438 0.015625 0.015625
0 0.998437 0.604688 0.015625 0.015625
0 0.582812 0.006250 0.015625 0.015625
0 0.812500 0.007812 0.015625 0.015625
0 0.853125 0.075000 0.015625 0.015625
0 0.128125 0.128125 0.015625 0.015625
0 0.207813 0.132812 0.015625 0.015625
0 0.164062 0.198437 0.015625 0.015625
0 0.281250 0.260937 0.015625 0.015625
0 0.007812 0.454688 0.015625 0.015625
0 0.082812 0.457813 0.015625 0.015625
0 0.159375 0.457813 0.015625 0.015625
0 0.223438 0.457813 0.015625 0.015625
0 0.304688 0.460938 0.015625 0.015625
0 0.470313 0.332813 0.015625 0.015625
0 0.165625 0.328125 0.015625 0.015625
0 0.087500 0.323437 0.015625 0.015625
0 0.006250 0.323437 0.015625 0.015625
0 0.654687 0.664062 0.015625 0.015625
0 0.695312 0.729688 0.015625 0.015625
0 0.768750 0.732812 0.015625 0.015625
0 0.512500 0.132812 0.015625 0.015625
0 0.345313 0.131250 0.015625 0.015625
0 0.426563 0.275000 0.015625 0.015625
0 0.579688 0.270313 0.015625 0.015625
0 0.792188 0.267188 0.015625 0.015625
0 0.882812 0.273438 0.015625 0.015625
0 0.854688 0.210938 0.015625 0.015625
0 0.878125 0.409375 0.015625 0.015625
0 0.800000 0.400000 0.015625 0.015625
0 0.740625 0.406250 0.015625 0.015625
0 0.854688 0.348438 0.015625 0.015625
0 0.798438 0.540625 0.015625 0.015625
0 0.198437 0.646875 0.015625 0.015625
0 0.193750 0.925000 0.015625 0.015625
0 0.231250 0.992188 0.015625 0.015625
0 0.814063 0.139063 0.015625 0.015625
0 0.207813 0.387500 0.015625 0.015625
0 0.112500 0.385937 0.015625 0.015625
0 0.034375 0.385937 0.015625 0.015625
