0 0.012500 0.007812 0.015625 0.015625
0 0.162500 0.010937 0.015625 0.015625
0 0.087500 0.012500 0.015625 0.015625
0 0.245312 0.012500 0.015625 0.015625
0 0.317188 0.015625 0.015625 0.015625
0 0.471875 0.017188 0.015625 0.015625
0 0.393750 0.018750 0.015625 0.015625
0 0.698438 0.023438 0.015625 0.015625
0 0.850000 0.025000 0.015625 0.015625
0 0.921875 0.026562 0.015625 0.015625
0 0.046875 0.073438 0.015625 0.015625
0 0.123438 0.075000 0.015625 0.015625
0 0.201563 0.081250 0.015625 0.015625
0 0.276562 0.081250 0.015625 0.015625
0 0.893750 0.087500 0.015625 0.015625
0 0.429688 0.087500 0.015625 0.015625
0 0.590625 0.087500 0.015625 0.015625
0 0.510938 0.087500 0.015625 0.015625
0 0.739062 0.089063 0.015625 0.015625
0 0.810937 0.092188 0.015625 0.015625
0 0.007812 0.139063 0.015625 0.015625
0 0.239063 0.140625 0.015625 0.015625
0 0.089063 0.140625 0.015625 0.015625
0 0.318750 0.142187 0.015625 0.015625
0 0.160938 0.142187 0.015625 0.015625
0 0.398438 0.145313 0.015625 0.015625
0 0.467187 0.151562 0.015625 0.015625
0 0.548438 0.151562 0.015625 0.015625
0 0.625000 0.151562 0.015625 0.015625
0 0.851562 0.153125 0.015625 0.015625
0 0.926562 0.156250 0.015625 0.015625
0 0.775000 0.159375 0.015625 0.015625
0 0.196875 0.207813 0.015625 0.015625
0 0.045312 0.207813 0.015625 0.015625
0 0.120313 0.209375 0.015625 0.015625
0 0.275000 0.212500 0.015625 0.015625
0 0.428125 0.214062 0.015625 0.015625
0 0.814063 0.215625 0.015625 0.015625
0 0.960938 0.226562 0.015625 0.015625
0 0.889062 0.226562 0.015625 0.015625
0 0.239063 0.276562 0.015625 0.015625
0 0.475000 0.276562 0.015625 0.015625
0 0.314063 0.279687 0.015625 0.015625
0 0.389062 0.279687 0.015625 0.015625
0 0.548438 0.282813 0.015625 0.015625
0 0.696875 0.285938 0.015625 0.015625
0 0.623437 0.287500 0.015625 0.015625
0 0.776563 0.287500 0.015625 0.015625
0 0.920312 0.295312 0.015625 0.015625
0 0.996875 0.295312 0.015625 0.015625
0 0.195312 0.340625 0.015625 0.015625
0 0.117188 0.340625 0.015625 0.015625
0 0.351562 0.342187 0.015625 0.015625
0 0.275000 0.343750 0.015625 0.015625
0 0.510938 0.348438 0.015625 0.015625
0 0.428125 0.350000 0.015625 0.015625
0 0.734375 0.351562 0.015625 0.015625
0 0.660937 0.353125 0.015625 0.015625
0 0.579688 0.353125 0.015625 0.015625
0 0.878125 0.356250 0.015625 0.015625
0 0.954688 0.359375 0.015625 0.015625
0 0.831250 0.364063 0.015625 0.015625
0 0.093750 0.396875 0.015625 0.015625
0 0.007812 0.398438 0.015625 0.015625
0 0.242188 0.401562 0.015625 0.015625
0 0.160938 0.406250 0.015625 0.015625
0 0.317188 0.409375 0.015625 0.015625
0 0.468750 0.412500 0.015625 0.015625
0 0.546875 0.414062 0.015625 0.015625
0 0.393750 0.415625 0.015625 0.015625
0 0.620313 0.415625 0.015625 0.015625
0 0.773438 0.415625 0.015625 0.015625
0 0.695312 0.417187 0.015625 0.015625
0 0.998437 0.421875 0.015625 0.015625
0 0.279687 0.460938 0.015625 0.015625
0 0.048438 0.464062 0.015625 0.015625
0 0.126562 0.467187 0.015625 0.015625
0 0.348438 0.475000 0.015625 0.015625
0 0.426563 0.476562 0.015625 0.015625
0 0.584375 0.478125 0.015625 0.015625
0 0.654687 0.478125 0.015625 0.015625
0 0.503125 0.479687 0.015625 0.015625
0 0.806250 0.484375 0.015625 0.015625
0 0.957812 0.484375 0.015625 0.015625
0 0.734375 0.484375 0.015625 0.015625
0 0.012500 0.537500 0.015625 0.015625
0 0.545312 0.539062 0.015625 0.015625
0 0.317188 0.540625 0.015625 0.015625
0 0.848437 0.543750 0.015625 0.015625
0 0.695312 0.546875 0.015625 0.015625
0 0.770312 0.546875 0.015625 0.015625
0 0.615625 0.548438 0.015625 0.015625
0 0.992188 0.551562 0.015625 0.015625
0 0.121875 0.600000 0.015625 0.015625
0 0.343750 0.606250 0.015625 0.015625
0 0.420312 0.610938 0.015625 0.015625
0 0.878125 0.610938 0.015625 0.015625
0 0.806250 0.612500 0.015625 0.015625
0 0.728125 0.612500 0.015625 0.015625
0 0.293750 0.646875 0.015625 0.015625
0 0.156250 0.668750 0.015625 0.015625
0 0.085938 0.668750 0.015625 0.015625
0 0.464062 0.673438 0.015625 0.015625
0 0.389062 0.673438 0.015625 0.015625
0 0.692187 0.675000 0.015625 0.015625
0 0.535937 0.675000 0.015625 0.015625
0 0.917188 0.675000 0.015625 0.015625
0 0.614062 0.676562 0.015625 0.015625
0 0.765625 0.681250 0.015625 0.015625
0 0.843750 0.681250 0.015625 0.015625
0 0.118750 0.726562 0.015625 0.015625
0 0.042188 0.729688 0.015625 0.015625
0 0.196875 0.732812 0.015625 0.015625
0 0.267188 0.737500 0.015625 0.015625
0 0.504687 0.740625 0.015625 0.015625
0 0.420312 0.740625 0.015625 0.015625
0 0.345313 0.740625 0.015625 0.015625
0 0.654687 0.742188 0.015625 0.015625
0 0.725000 0.745313 0.015625 0.015625
0 0.573438 0.746875 0.015625 0.015625
0 0.881250 0.746875 0.015625 0.015625
0 0.793750 0.751563 0.015625 0.015625
0 0.954688 0.754687 0.015625 0.015625
0 0.920312 0.785937 0.015625 0.015625
0 0.159375 0.793750 0.015625 0.015625
0 0.001563 0.795312 0.015625 0.015625
0 0.078125 0.796875 0.015625 0.015625
0 0.840625 0.800000 0.015625 0.015625
0 0.301563 0.800000 0.015625 0.015625
0 0.756250 0.803125 0.015625 0.015625
0 0.465625 0.806250 0.015625 0.015625
0 0.529687 0.807813 0.015625 0.015625
0 0.689063 0.809375 0.015625 0.015625
0 0.614062 0.809375 0.015625 0.015625
0 0.992188 0.818750 0.015625 0.015625
0 0.043750 0.859375 0.015625 0.015625
0 0.117188 0.862500 0.015625 0.015625
0 0.192188 0.865625 0.015625 0.015625
0 0.270313 0.865625 0.015625 0.015625
0 0.415625 0.867188 0.015625 0.015625
0 0.570312 0.873437 0.015625 0.015625
0 0.645312 0.876563 0.015625 0.015625
0 0.876563 0.879687 0.015625 0.015625
0 0.721875 0.879687 0.015625 0.015625
0 0.795312 0.881250 0.015625 0.015625
0 0.951562 0.882812 0.015625 0.015625
0 0.001563 0.926562 0.015625 0.015625
0 0.153125 0.929688 0.015625 0.015625
0 0.232813 0.931250 0.015625 0.015625
0 0.076563 0.931250 0.015625 0.015625
0 0.307812 0.935937 0.015625 0.015625
0 0.453125 0.937500 0.015625 0.015625
0 0.842187 0.942187 0.015625 0.015625
0 0.985938 0.945312 0.015625 0.015625
0 0.762500 0.946875 0.015625 0.015625
0 0.909375 0.946875 0.015625 0.015625
0 0.040625 0.992188 0.015625 0.015625
0 0.192188 0.993750 0.015625 0.015625
0 0.115625 0.993750 0.015625 0.015625
0 0.268750 0.998437 0.015625 0.015625
0 0.085938 0.273438 0.015625 0.015625
0 0.187500 0.471875 0.015625 0.015625
0 0.012500 0.667188 0.015625 0.015625
0 0.587500 0.221875 0.015625 0.015625
0 0.517188 0.221875 0.015625 0.015625
0 0.667188 0.225000 0.015625 0.015625
0 0.979688 0.104688 0.015625 0.015625
0 0.156250 0.537500 0.015625 0.015625
0 0.232813 0.537500 0.015625 0.015625
0 0.081250 0.535937 0.015625 0.015625
0 0.390625 0.546875 0.015625 0.015625
0 0.470313 0.548438 0.015625 0.015625
0 0.509375 0.604688 0.015625 0.015625
0 0.585938 0.609375 0.015625 0.015625
0 0.648438 0.610938 0.015625 0.015625
0 0.206250 0.609375 0.015625 0.015625
0 0.229687 0.668750 0.015625 0.015625
0 0.046875 0.604688 0.015625 0.015625
0 0.689063 0.940625 0.015625 0.015625
0 0.614062 0.939063 0.015625 0.015625
0 0.375000 0.935937 0.015625 0.015625
0 0.343750 0.867188 0.015625 0.015625
0 0.231250 0.798438 0.015625 0.015625
0 0.387500 0.800000 0.015625 0.015625
0 0.059375 0.340625 0.015625 0.015625
0 0.353125 0.078125 0.015625 0.015625
