0 0.637500 0.968750 0.015625 0.015625
0 0.034375 0.953125 0.015625 0.015625
0 0.562500 0.965625 0.015625 0.015625
0 0.643750 0.842187 0.015625 0.015625
0 0.068750 0.889062 0.015625 0.015625
0 0.409375 0.962500 0.015625 0.015625
0 0.487500 0.834375 0.015625 0.015625
0 0.264062 0.828125 0.015625 0.015625
0 0.109375 0.826562 0.015625 0.015625
0 0.715625 0.973437 0.015625 0.015625
0 0.571875 0.832812 0.015625 0.015625
0 0.718750 0.843750 0.015625 0.015625
0 0.339062 0.832812 0.015625 0.015625
0 0.865625 0.971875 0.015625 0.015625
0 0.940625 0.973437 0.015625 0.015625
0 0.792188 0.970313 0.015625 0.015625
0 0.990625 0.792188 0.015625 0.015625
0 0.831250 0.903125 0.015625 0.015625
0 0.920312 0.787500 0.015625 0.015625
0 0.868750 0.843750 0.015625 0.015625
0 0.793750 0.843750 0.015625 0.015625
0 0.837500 0.782813 0.015625 0.015625
0 0.985938 0.904687 0.015625 0.015625
0 0.371875 0.889062 0.015625 0.015625
0 0.334375 0.953125 0.015625 0.015625
0 0.414062 0.829688 0.015625 0.015625
0 0.909375 0.909375 0.015625 0.015625
0 0.689063 0.782813 0.015625 0.015625
0 0.756250 0.901563 0.015625 0.015625
0 0.293750 0.896875 0.015625 0.015625
0 0.260937 0.953125 0.015625 0.015625
0 0.521875 0.903125 0.015625 0.015625
0 0.450000 0.893750 0.015625 0.015625
0 0.485938 0.957812 0.015625 0.015625
0 0.595313 0.901563 0.015625 0.015625
0 0.678125 0.901563 0.015625 0.015625
0 0.609375 0.779687 0.015625 0.015625
0 0.534375 0.776563 0.015625 0.015625
0 0.462500 0.775000 0.015625 0.015625
0 0.382812 0.771875 0.015625 0.015625
0 0.310937 0.759375 0.015625 0.015625
0 0.228125 0.760938 0.015625 0.015625
0 0.076563 0.759375 0.015625 0.015625
0 0.028125 0.828125 0.015625 0.015625
0 0.106250 0.953125 0.015625 0.015625
0 0.959375 0.839063 0.015625 0.015625
