0 0.412500 0.310937 0.015625 0.015625
0 0.428125 0.345313 0.015625 0.015625
0 0.587500 0.150000 0.015625 0.015625
0 0.014063 0.270313 0.015625 0.015625
0 0.323437 0.079687 0.015625 0.015625
0 0.146875 0.306250 0.015625 0.015625
0 0.337500 0.243750 0.015625 0.015625
0 0.378125 0.173437 0.015625 0.015625
0 0.051562 0.271875 0.015625 0.015625
0 0.126562 0.271875 0.015625 0.015625
0 0.606250 0.182812 0.015625 0.015625
0 0.031250 0.235937 0.015625 0.015625
0 0.392188 0.343750 0.015625 0.015625
0 0.717187 0.185938 0.015625 0.015625
0 0.201563 0.271875 0.015625 0.015625
0 0.434375 0.212500 0.015625 0.015625
0 0.678125 0.250000 0.015625 0.015625
0 0.248438 0.081250 0.015625 0.015625
0 0.375000 0.112500 0.015625 0.015625
0 0.185938 0.173437 0.015625 0.015625
0 0.339062 0.112500 0.015625 0.015625
0 0.415625 0.246875 0.015625 0.015625
0 0.603125 0.248438 0.015625 0.015625
0 0.714063 0.314063 0.015625 0.015625
0 0.106250 0.237500 0.015625 0.015625
0 0.143750 0.371875 0.015625 0.015625
0 0.087500 0.271875 0.015625 0.015625
0 0.051562 0.139063 0.015625 0.015625
0 0.015625 0.139063 0.015625 0.015625
0 0.373437 0.309375 0.015625 0.015625
0 0.209375 0.012500 0.015625 0.015625
0 0.285938 0.076563 0.015625 0.015625
0 0.639062 0.318750 0.015625 0.015625
0 0.146875 0.173437 0.015625 0.015625
0 0.071875 0.237500 0.015625 0.015625
0 0.414062 0.112500 0.015625 0.015625
0 0.542188 0.345313 0.015625 0.015625
0 0.298438 0.373437 0.015625 0.015625
0 0.051562 0.337500 0.015625 0.015625
0 0.107813 0.173437 0.015625 0.015625
0 0.656250 0.350000 0.015625 0.015625
0 0.450000 0.310937 0.015625 0.015625
0 0.339062 0.175000 0.015625 0.015625
0 0.068750 0.171875 0.015625 0.015625
0 0.451562 0.246875 0.015625 0.015625
0 0.625000 0.150000 0.015625 0.015625
0 0.581250 0.348438 0.015625 0.015625
0 0.264062 0.110937 0.015625 0.015625
0 0.162500 0.271875 0.015625 0.015625
0 0.528125 0.245312 0.015625 0.015625
0 0.564063 0.312500 0.015625 0.015625
0 0.165625 0.337500 0.015625 0.015625
0 0.376563 0.046875 0.015625 0.015625
0 0.243750 0.012500 0.015625 0.015625
0 0.110937 0.106250 0.015625 0.015625
0 0.017188 0.009375 0.015625 0.015625
0 0.051562 0.206250 0.015625 0.015625
0 0.278125 0.339062 0.015625 0.015625
0 0.089063 0.337500 0.015625 0.015625
0 0.401562 0.014063 0.015625 0.015625
0 0.087500 0.206250 0.015625 0.015625
0 0.359375 0.079687 0.015625 0.015625
0 0.184375 0.306250 0.015625 0.015625
0 0.398438 0.212500 0.015625 0.015625
0 0.357812 0.209375 0.015625 0.015625
0 0.089063 0.139063 0.015625 0.015625
0 0.034375 0.306250 0.015625 0.015625
0 0.054688 0.009375 0.015625 0.015625
0 0.623437 0.282813 0.015625 0.015625
0 0.223438 0.237500 0.015625 0.015625
0 0.318750 0.210938 0.015625 0.015625
0 0.031250 0.104688 0.015625 0.015625
0 0.031250 0.171875 0.015625 0.015625
0 0.129688 0.075000 0.015625 0.015625
0 0.696875 0.350000 0.015625 0.015625
0 0.128125 0.140625 0.015625 0.015625
0 0.226562 0.043750 0.015625 0.015625
0 0.640625 0.250000 0.015625 0.015625
0 0.068750 0.304688 0.015625 0.015625
0 0.239063 0.337500 0.015625 0.015625
0 0.242188 0.273438 0.015625 0.015625
0 0.221875 0.306250 0.015625 0.015625
0 0.396875 0.079687 0.015625 0.015625
0 0.223438 0.175000 0.015625 0.015625
0 0.068750 0.104688 0.015625 0.015625
0 0.323437 0.010937 0.015625 0.015625
0 0.167187 0.139063 0.015625 0.015625
0 0.676562 0.318750 0.015625 0.015625
0 0.201563 0.207813 0.015625 0.015625
0 0.657813 0.215625 0.015625 0.015625
0 0.150000 0.106250 0.015625 0.015625
0 0.392188 0.276562 0.015625 0.015625
0 0.301563 0.175000 0.015625 0.015625
0 0.260937 0.307812 0.015625 0.015625
0 0.354687 0.276562 0.015625 0.015625
0 0.070312 0.371875 0.015625 0.015625
0 0.221875 0.373437 0.015625 0.015625
0 0.184375 0.240625 0.015625 0.015625
0 0.471875 0.215625 0.015625 0.015625
0 0.437500 0.014063 0.015625 0.015625
0 0.504687 0.345313 0.015625 0.015625
0 0.373437 0.243750 0.015625 0.015625
0 0.640625 0.181250 0.015625 0.015625
0 0.090625 0.073438 0.015625 0.015625
0 0.143750 0.237500 0.015625 0.015625
0 0.698438 0.217188 0.015625 0.015625
0 0.678125 0.182812 0.015625 0.015625
0 0.104688 0.371875 0.015625 0.015625
0 0.126562 0.339062 0.015625 0.015625
0 0.603125 0.317188 0.015625 0.015625
0 0.490625 0.246875 0.015625 0.015625
0 0.621875 0.217188 0.015625 0.015625
0 0.339062 0.046875 0.015625 0.015625
0 0.242188 0.209375 0.015625 0.015625
0 0.031250 0.371875 0.015625 0.015625
0 0.754687 0.185938 0.015625 0.015625
0 0.829688 0.187500 0.015625 0.015625
0 0.909375 0.187500 0.015625 0.015625
0 0.754687 0.251563 0.015625 0.015625
0 0.928125 0.221875 0.015625 0.015625
0 0.793750 0.185938 0.015625 0.015625
0 0.889062 0.285938 0.015625 0.015625
0 0.985938 0.254688 0.015625 0.015625
0 0.734375 0.348438 0.015625 0.015625
0 0.795312 0.253125 0.015625 0.015625
0 0.967187 0.221875 0.015625 0.015625
0 0.851562 0.154688 0.015625 0.015625
0 0.870313 0.121875 0.015625 0.015625
0 0.776563 0.151562 0.015625 0.015625
0 0.868750 0.187500 0.015625 0.015625
0 0.928125 0.285938 0.015625 0.015625
0 0.989062 0.123438 0.015625 0.015625
0 0.965625 0.285938 0.015625 0.015625
0 0.775000 0.285938 0.015625 0.015625
0 0.814063 0.154688 0.015625 0.015625
0 0.846875 0.351562 0.015625 0.015625
0 0.810937 0.285938 0.015625 0.015625
0 0.753125 0.317188 0.015625 0.015625
0 0.737500 0.218750 0.015625 0.015625
0 0.910937 0.251563 0.015625 0.015625
0 0.985938 0.320312 0.015625 0.015625
0 0.889062 0.220312 0.015625 0.015625
0 0.946875 0.187500 0.015625 0.015625
0 0.739062 0.018750 0.015625 0.015625
0 0.892188 0.089063 0.015625 0.015625
0 0.945312 0.125000 0.015625 0.015625
0 0.834375 0.121875 0.015625 0.015625
0 0.792188 0.315625 0.015625 0.015625
0 0.987500 0.187500 0.015625 0.015625
0 0.904687 0.318750 0.015625 0.015625
0 0.773438 0.217188 0.015625 0.015625
0 0.868750 0.250000 0.015625 0.015625
0 0.943750 0.320312 0.015625 0.015625
0 0.967187 0.156250 0.015625 0.015625
0 0.850000 0.282813 0.015625 0.015625
0 0.739062 0.151562 0.015625 0.015625
0 0.850000 0.218750 0.015625 0.015625
0 0.548438 0.279687 0.015625 0.015625
0 0.584375 0.279687 0.015625 0.015625
0 0.567187 0.182812 0.015625 0.015625
0 0.867188 0.318750 0.015625 0.015625
0 0.585938 0.215625 0.015625 0.015625
0 0.851562 0.087500 0.015625 0.015625
0 0.948438 0.251563 0.015625 0.015625
0 0.701562 0.153125 0.015625 0.015625
0 0.635938 0.510938 0.015625 0.015625
0 0.068750 0.700000 0.015625 0.015625
0 0.460938 0.673438 0.015625 0.015625
0 0.534375 0.937500 0.015625 0.015625
0 0.315625 0.409375 0.015625 0.015625
0 0.673438 0.510938 0.015625 0.015625
0 0.089063 0.406250 0.015625 0.015625
0 0.142187 0.700000 0.015625 0.015625
0 0.559375 0.509375 0.015625 0.015625
0 0.310937 0.671875 0.015625 0.015625
0 0.106250 0.700000 0.015625 0.015625
0 0.479687 0.707812 0.015625 0.015625
0 0.410938 0.375000 0.015625 0.015625
0 0.060937 0.896875 0.015625 0.015625
0 0.487500 0.375000 0.015625 0.015625
0 0.275000 0.673438 0.015625 0.015625
0 0.351562 0.537500 0.015625 0.015625
0 0.573438 0.937500 0.015625 0.015625
0 0.051562 0.406250 0.015625 0.015625
0 0.350000 0.673438 0.015625 0.015625
0 0.253125 0.635938 0.015625 0.015625
0 0.637500 0.446875 0.015625 0.015625
0 0.178125 0.701562 0.015625 0.015625
0 0.560937 0.579688 0.015625 0.015625
0 0.362500 0.900000 0.015625 0.015625
0 0.201563 0.406250 0.015625 0.015625
0 0.579688 0.410938 0.015625 0.015625
0 0.714063 0.381250 0.015625 0.015625
0 0.115625 0.996875 0.015625 0.015625
0 0.031250 0.437500 0.015625 0.015625
0 0.278125 0.473438 0.015625 0.015625
0 0.593750 0.510938 0.015625 0.015625
0 0.278125 0.407813 0.015625 0.015625
0 0.257812 0.373437 0.015625 0.015625
0 0.654687 0.546875 0.015625 0.015625
0 0.239063 0.471875 0.015625 0.015625
0 0.023438 0.896875 0.015625 0.015625
0 0.137500 0.898438 0.015625 0.015625
0 0.121875 0.800000 0.015625 0.015625
0 0.003125 0.864062 0.015625 0.015625
0 0.442188 0.773438 0.015625 0.015625
0 0.289062 0.900000 0.015625 0.015625
0 0.501563 0.476562 0.015625 0.015625
0 0.014063 0.406250 0.015625 0.015625
0 0.031250 0.700000 0.015625 0.015625
0 0.314063 0.473438 0.015625 0.015625
0 0.426563 0.673438 0.015625 0.015625
0 0.404687 0.704688 0.015625 0.015625
0 0.146875 0.437500 0.015625 0.015625
0 0.335938 0.506250 0.015625 0.015625
0 0.215625 0.637500 0.015625 0.015625
0 0.560937 0.445312 0.015625 0.015625
0 0.162500 0.668750 0.015625 0.015625
0 0.692187 0.545312 0.015625 0.015625
0 0.235937 0.735938 0.015625 0.015625
0 0.139063 0.768750 0.015625 0.015625
0 0.404687 0.771875 0.015625 0.015625
0 0.576562 0.609375 0.015625 0.015625
0 0.353125 0.473438 0.015625 0.015625
0 0.615625 0.545312 0.015625 0.015625
0 0.031250 0.564063 0.015625 0.015625
0 0.025000 0.831250 0.015625 0.015625
0 0.465625 0.409375 0.015625 0.015625
0 0.298438 0.439063 0.015625 0.015625
0 0.401562 0.901563 0.015625 0.015625
0 0.460938 0.739062 0.015625 0.015625
0 0.478125 0.837500 0.015625 0.015625
0 0.714063 0.446875 0.015625 0.015625
0 0.503125 0.410938 0.015625 0.015625
0 0.348438 0.804688 0.015625 0.015625
0 0.578125 0.478125 0.015625 0.015625
0 0.592187 0.907813 0.015625 0.015625
0 0.126562 0.471875 0.015625 0.015625
0 0.200000 0.471875 0.015625 0.015625
0 0.046875 0.798438 0.015625 0.015625
0 0.198437 0.668750 0.015625 0.015625
0 0.385937 0.804688 0.015625 0.015625
0 0.564063 0.379688 0.015625 0.015625
0 0.460938 0.870313 0.015625 0.015625
0 0.614062 0.609375 0.015625 0.015625
0 0.253125 0.770312 0.015625 0.015625
0 0.579688 0.543750 0.015625 0.015625
0 0.096875 0.896875 0.015625 0.015625
0 0.600000 0.579688 0.015625 0.015625
0 0.540625 0.543750 0.015625 0.015625
0 0.292187 0.634375 0.015625 0.015625
0 0.235937 0.670312 0.015625 0.015625
0 0.443750 0.706250 0.015625 0.015625
0 0.181250 0.437500 0.015625 0.015625
0 0.215625 0.770312 0.015625 0.015625
0 0.060937 0.959375 0.015625 0.015625
0 0.368750 0.573438 0.015625 0.015625
0 0.071875 0.437500 0.015625 0.015625
0 0.539062 0.870313 0.015625 0.015625
0 0.126562 0.404687 0.015625 0.015625
0 0.498437 0.937500 0.015625 0.015625
0 0.067187 0.767188 0.015625 0.015625
0 0.164062 0.404687 0.015625 0.015625
0 0.462500 0.806250 0.015625 0.015625
0 0.728125 0.807813 0.015625 0.015625
0 0.676562 0.446875 0.015625 0.015625
0 0.079687 0.864062 0.015625 0.015625
0 0.425000 0.739062 0.015625 0.015625
0 0.064062 0.831250 0.015625 0.015625
0 0.387500 0.673438 0.015625 0.015625
0 0.276562 0.537500 0.015625 0.015625
0 0.715625 0.510938 0.015625 0.015625
0 0.540625 0.476562 0.015625 0.015625
0 0.029687 0.504687 0.015625 0.015625
0 0.076563 0.996875 0.015625 0.015625
0 0.610938 0.940625 0.015625 0.015625
0 0.215625 0.701562 0.015625 0.015625
0 0.381250 0.935937 0.015625 0.015625
0 0.423438 0.804688 0.015625 0.015625
0 0.689063 0.743750 0.015625 0.015625
0 0.629687 0.775000 0.015625 0.015625
0 0.239063 0.406250 0.015625 0.015625
0 0.525000 0.376563 0.015625 0.015625
0 0.323437 0.900000 0.015625 0.015625
0 0.725000 0.873437 0.015625 0.015625
0 0.750000 0.514062 0.015625 0.015625
0 0.987500 0.876563 0.015625 0.015625
0 0.923438 0.548438 0.015625 0.015625
0 0.875000 0.878125 0.015625 0.015625
0 0.950000 0.745313 0.015625 0.015625
0 0.989062 0.745313 0.015625 0.015625
0 0.951562 0.876563 0.015625 0.015625
0 0.828125 0.382812 0.015625 0.015625
0 0.800000 0.743750 0.015625 0.015625
0 0.845313 0.546875 0.015625 0.015625
0 0.904687 0.448437 0.015625 0.015625
0 0.893750 0.843750 0.015625 0.015625
0 0.959375 0.484375 0.015625 0.015625
0 0.751563 0.448437 0.015625 0.015625
0 0.968750 0.910937 0.015625 0.015625
0 0.839063 0.745313 0.015625 0.015625
0 0.929688 0.910937 0.015625 0.015625
0 0.915625 0.679688 0.015625 0.015625
0 0.825000 0.517188 0.015625 0.015625
0 0.898438 0.710938 0.015625 0.015625
0 0.912500 0.743750 0.015625 0.015625
0 0.789062 0.514062 0.015625 0.015625
0 0.867188 0.384375 0.015625 0.015625
0 0.810937 0.412500 0.015625 0.015625
0 0.923438 0.418750 0.015625 0.015625
0 0.790625 0.448437 0.015625 0.015625
0 0.764062 0.876563 0.015625 0.015625
0 0.862500 0.517188 0.015625 0.015625
0 0.987500 0.810937 0.015625 0.015625
0 0.940625 0.450000 0.015625 0.015625
0 0.790625 0.382812 0.015625 0.015625
0 0.960938 0.418750 0.015625 0.015625
0 0.489063 0.443750 0.015625 0.015625
0 0.731250 0.545312 0.015625 0.015625
0 0.918750 0.484375 0.015625 0.015625
0 0.771875 0.414062 0.015625 0.015625
0 0.487500 0.507812 0.015625 0.015625
0 0.978125 0.451562 0.015625 0.015625
0 0.843750 0.482812 0.015625 0.015625
0 0.973437 0.645312 0.015625 0.015625
0 0.882812 0.548438 0.015625 0.015625
0 0.935937 0.709375 0.015625 0.015625
0 0.998437 0.485938 0.015625 0.015625
0 0.935937 0.648438 0.015625 0.015625
0 0.784375 0.709375 0.015625 0.015625
0 0.998437 0.418750 0.015625 0.015625
0 0.953125 0.679688 0.015625 0.015625
0 0.931250 0.779687 0.015625 0.015625
0 0.971875 0.710938 0.015625 0.015625
0 0.496875 0.739062 0.015625 0.015625
0 0.753125 0.381250 0.015625 0.015625
0 0.542188 0.410938 0.015625 0.015625
0 0.990625 0.679688 0.015625 0.015625
0 0.600000 0.445312 0.015625 0.015625
0 0.806250 0.546875 0.015625 0.015625
0 0.418750 0.937500 0.015625 0.015625
0 0.459375 0.937500 0.015625 0.015625
0 0.003125 0.929688 0.015625 0.015625
0 0.439063 0.903125 0.015625 0.015625
0 0.040625 0.929688 0.015625 0.015625
0 0.342187 0.934375 0.015625 0.015625
0 0.020313 0.960938 0.015625 0.015625
0 0.178125 0.900000 0.015625 0.015625
0 0.553125 0.903125 0.015625 0.015625
0 0.517188 0.906250 0.015625 0.015625
0 0.725000 0.940625 0.015625 0.015625
0 0.306250 0.931250 0.015625 0.015625
0 0.114062 0.931250 0.015625 0.015625
0 0.214062 0.901563 0.015625 0.015625
0 0.154688 0.932813 0.015625 0.015625
0 0.096875 0.960938 0.015625 0.015625
0 0.193750 0.934375 0.015625 0.015625
0 0.928125 0.973437 0.015625 0.015625
0 0.893750 0.909375 0.015625 0.015625
0 0.889062 0.971875 0.015625 0.015625
0 0.946875 0.942187 0.015625 0.015625
0 0.487500 0.909375 0.015625 0.015625
0 0.873437 0.943750 0.015625 0.015625
0 0.781250 0.909375 0.015625 0.015625
0 0.914062 0.882812 0.015625 0.015625
0 0.965625 0.970313 0.015625 0.015625
0 0.759375 0.935937 0.015625 0.015625
0 0.989062 0.943750 0.015625 0.015625
0 0.820312 0.910937 0.015625 0.015625
0 0.857812 0.909375 0.015625 0.015625
0 0.912500 0.943750 0.015625 0.015625
0 0.645312 0.940625 0.015625 0.015625
0 0.832812 0.882812 0.015625 0.015625
0 0.742188 0.907813 0.015625 0.015625
0 0.800000 0.939063 0.015625 0.015625
0 0.575000 0.882812 0.015625 0.015625
0 0.981250 0.992188 0.015625 0.015625
0 0.307812 0.868750 0.015625 0.015625
0 0.345313 0.868750 0.015625 0.015625
0 0.382812 0.868750 0.015625 0.015625
0 0.417187 0.870313 0.015625 0.015625
0 0.510938 0.873437 0.015625 0.015625
0 0.537500 0.806250 0.015625 0.015625
0 0.495312 0.807813 0.015625 0.015625
0 0.517188 0.837500 0.015625 0.015625
0 0.554688 0.840625 0.015625 0.015625
0 0.571875 0.810937 0.015625 0.015625
0 0.512500 0.773438 0.015625 0.015625
0 0.482812 0.776563 0.015625 0.015625
0 0.406250 0.637500 0.015625 0.015625
0 0.428125 0.607812 0.015625 0.015625
0 0.014063 0.664062 0.015625 0.015625
0 0.046875 0.664062 0.015625 0.015625
0 0.085938 0.665625 0.015625 0.015625
0 0.123438 0.668750 0.015625 0.015625
0 0.015625 0.603125 0.015625 0.015625
0 0.046875 0.603125 0.015625 0.015625
0 0.089063 0.603125 0.015625 0.015625
0 0.120313 0.606250 0.015625 0.015625
0 0.159375 0.606250 0.015625 0.015625
0 0.198437 0.609375 0.015625 0.015625
0 0.235937 0.607812 0.015625 0.015625
0 0.015625 0.535937 0.015625 0.015625
0 0.043750 0.537500 0.015625 0.015625
0 0.084375 0.537500 0.015625 0.015625
0 0.123438 0.540625 0.015625 0.015625
0 0.164062 0.540625 0.015625 0.015625
0 0.196875 0.539062 0.015625 0.015625
0 0.232813 0.539062 0.015625 0.015625
0 0.109375 0.504687 0.015625 0.015625
0 0.139063 0.504687 0.015625 0.015625
0 0.179688 0.509375 0.015625 0.015625
0 0.214062 0.506250 0.015625 0.015625
0 0.165625 0.473438 0.015625 0.015625
0 0.085938 0.471875 0.015625 0.015625
0 0.012500 0.340625 0.015625 0.015625
0 0.107813 0.304688 0.015625 0.015625
0 0.109375 0.437500 0.015625 0.015625
0 0.215625 0.439063 0.015625 0.015625
0 0.187500 0.376563 0.015625 0.015625
0 0.200000 0.340625 0.015625 0.015625
0 0.260937 0.509375 0.015625 0.015625
0 0.298438 0.509375 0.015625 0.015625
0 0.034375 0.635938 0.015625 0.015625
0 0.070312 0.637500 0.015625 0.015625
0 0.106250 0.637500 0.015625 0.015625
0 0.145313 0.637500 0.015625 0.015625
0 0.175000 0.635938 0.015625 0.015625
0 0.267188 0.609375 0.015625 0.015625
0 0.293750 0.571875 0.015625 0.015625
0 0.254688 0.571875 0.015625 0.015625
0 0.215625 0.571875 0.015625 0.015625
0 0.176563 0.571875 0.015625 0.015625
0 0.143750 0.568750 0.015625 0.015625
0 0.107813 0.568750 0.015625 0.015625
0 0.071875 0.568750 0.015625 0.015625
0 0.309375 0.609375 0.015625 0.015625
0 0.328125 0.632812 0.015625 0.015625
0 0.353125 0.603125 0.015625 0.015625
0 0.370312 0.632812 0.015625 0.015625
0 0.370312 0.507812 0.015625 0.015625
0 0.389062 0.539062 0.015625 0.015625
0 0.332813 0.575000 0.015625 0.015625
0 0.195312 0.734375 0.015625 0.015625
0 0.159375 0.734375 0.015625 0.015625
0 0.123438 0.734375 0.015625 0.015625
0 0.087500 0.732812 0.015625 0.015625
0 0.053125 0.731250 0.015625 0.015625
0 0.003125 0.734375 0.015625 0.015625
0 0.082812 0.801562 0.015625 0.015625
0 0.104688 0.770312 0.015625 0.015625
0 0.156250 0.804688 0.015625 0.015625
0 0.195312 0.801562 0.015625 0.015625
0 0.231250 0.801562 0.015625 0.015625
0 0.271875 0.801562 0.015625 0.015625
0 0.100000 0.829688 0.015625 0.015625
0 0.139063 0.829688 0.015625 0.015625
0 0.168750 0.829688 0.015625 0.015625
0 0.043750 0.867188 0.015625 0.015625
0 0.254688 0.834375 0.015625 0.015625
0 0.081250 0.929688 0.015625 0.015625
0 0.035937 0.993750 0.015625 0.015625
0 0.260937 0.246875 0.015625 0.015625
0 0.278125 0.278125 0.015625 0.015625
0 0.296875 0.310937 0.015625 0.015625
0 0.314063 0.340625 0.015625 0.015625
0 0.334375 0.375000 0.015625 0.015625
0 0.354687 0.343750 0.015625 0.015625
0 0.354687 0.407813 0.015625 0.015625
0 0.370312 0.442188 0.015625 0.015625
0 0.390625 0.412500 0.015625 0.015625
0 0.451562 0.387500 0.015625 0.015625
0 0.428125 0.475000 0.015625 0.015625
0 0.462500 0.543750 0.015625 0.015625
0 0.432812 0.539062 0.015625 0.015625
0 0.448437 0.575000 0.015625 0.015625
0 0.479687 0.576562 0.015625 0.015625
0 0.501563 0.607812 0.015625 0.015625
0 0.482812 0.640625 0.015625 0.015625
0 0.498437 0.673438 0.015625 0.015625
0 0.517188 0.709375 0.015625 0.015625
0 0.557813 0.710938 0.015625 0.015625
0 0.573438 0.742188 0.015625 0.015625
0 0.593750 0.778125 0.015625 0.015625
0 0.618750 0.742188 0.015625 0.015625
0 0.654687 0.740625 0.015625 0.015625
0 0.665625 0.712500 0.015625 0.015625
0 0.709375 0.776563 0.015625 0.015625
0 0.745313 0.776563 0.015625 0.015625
0 0.815625 0.778125 0.015625 0.015625
0 0.859375 0.778125 0.015625 0.015625
0 0.856250 0.801562 0.015625 0.015625
0 0.968750 0.778125 0.015625 0.015625
0 0.909375 0.810937 0.015625 0.015625
0 0.950000 0.810937 0.015625 0.015625
0 0.931250 0.842187 0.015625 0.015625
0 0.975000 0.842187 0.015625 0.015625
0 0.003125 0.042188 0.015625 0.015625
0 0.032813 0.040625 0.015625 0.015625
0 0.095312 0.010937 0.015625 0.015625
0 0.112500 0.034375 0.015625 0.015625
0 0.051562 0.073438 0.015625 0.015625
0 0.012500 0.068750 0.015625 0.015625
0 0.014063 0.209375 0.015625 0.015625
0 0.028125 0.767188 0.015625 0.015625
0 0.115625 0.865625 0.015625 0.015625
0 0.226562 0.864062 0.015625 0.015625
0 0.665625 0.842187 0.015625 0.015625
0 0.631250 0.837500 0.015625 0.015625
0 0.646875 0.806250 0.015625 0.015625
0 0.615625 0.807813 0.015625 0.015625
0 0.684375 0.809375 0.015625 0.015625
0 0.704688 0.843750 0.015625 0.015625
0 0.737500 0.842187 0.015625 0.015625
0 0.778125 0.843750 0.015625 0.015625
0 0.804688 0.881250 0.015625 0.015625
0 0.685937 0.876563 0.015625 0.015625
0 0.837500 0.810937 0.015625 0.015625
0 0.859375 0.839063 0.015625 0.015625
0 0.646875 0.871875 0.015625 0.015625
0 0.667188 0.904687 0.015625 0.015625
0 0.629687 0.646875 0.015625 0.015625
0 0.667188 0.646875 0.015625 0.015625
0 0.643750 0.681250 0.015625 0.015625
0 0.604688 0.676562 0.015625 0.015625
0 0.589063 0.643750 0.015625 0.015625
0 0.654687 0.410938 0.015625 0.015625
0 0.695312 0.417187 0.015625 0.015625
0 0.692187 0.478125 0.015625 0.015625
0 0.656250 0.476562 0.015625 0.015625
0 0.610938 0.484375 0.015625 0.015625
0 0.734375 0.481250 0.015625 0.015625
0 0.770312 0.479687 0.015625 0.015625
0 0.806250 0.481250 0.015625 0.015625
0 0.825000 0.450000 0.015625 0.015625
0 0.843750 0.417187 0.015625 0.015625
0 0.862500 0.450000 0.015625 0.015625
0 0.678125 0.117188 0.015625 0.015625
0 0.720313 0.121875 0.015625 0.015625
0 0.928125 0.089063 0.015625 0.015625
0 0.965625 0.093750 0.015625 0.015625
0 0.889062 0.153125 0.015625 0.015625
0 0.931250 0.156250 0.015625 0.015625
