0 0.096875 0.004687 0.015625 0.015625
0 0.018750 0.007812 0.015625 0.015625
0 0.323437 0.007812 0.015625 0.015625
0 0.857812 0.007812 0.015625 0.015625
0 0.245312 0.010937 0.015625 0.015625
0 0.401562 0.010937 0.015625 0.015625
0 0.476562 0.014063 0.015625 0.015625
0 0.615625 0.015625 0.015625 0.015625
0 0.781250 0.017188 0.015625 0.015625
0 0.703125 0.017188 0.015625 0.015625
0 0.139063 0.062500 0.015625 0.015625
0 0.062500 0.065625 0.015625 0.015625
0 0.439063 0.071875 0.015625 0.015625
0 0.890625 0.084375 0.015625 0.015625
0 0.660937 0.085938 0.015625 0.015625
0 0.589063 0.089063 0.015625 0.015625
0 0.964063 0.089063 0.015625 0.015625
0 0.814063 0.089063 0.015625 0.015625
0 0.737500 0.090625 0.015625 0.015625
0 0.245312 0.126562 0.015625 0.015625
0 0.928125 0.153125 0.015625 0.015625
0 0.854688 0.154688 0.015625 0.015625
0 0.998437 0.156250 0.015625 0.015625
0 0.779687 0.159375 0.015625 0.015625
0 0.012500 0.162500 0.015625 0.015625
0 0.087500 0.165625 0.015625 0.015625
0 0.435937 0.212500 0.015625 0.015625
0 0.132812 0.212500 0.015625 0.015625
0 0.282813 0.212500 0.015625 0.015625
0 0.587500 0.214062 0.015625 0.015625
0 0.206250 0.214062 0.015625 0.015625
0 0.510938 0.214062 0.015625 0.015625
0 0.887500 0.215625 0.015625 0.015625
0 0.360938 0.215625 0.015625 0.015625
0 0.962500 0.220312 0.015625 0.015625
0 0.740625 0.221875 0.015625 0.015625
0 0.814063 0.226562 0.015625 0.015625
0 0.089063 0.260937 0.015625 0.015625
0 0.240625 0.271875 0.015625 0.015625
0 0.395313 0.271875 0.015625 0.015625
0 0.014063 0.278125 0.015625 0.015625
0 0.317188 0.278125 0.015625 0.015625
0 0.473438 0.278125 0.015625 0.015625
0 0.542188 0.278125 0.015625 0.015625
0 0.621875 0.279687 0.015625 0.015625
0 0.698438 0.284375 0.015625 0.015625
0 0.775000 0.284375 0.015625 0.015625
0 0.846875 0.285938 0.015625 0.015625
0 0.925000 0.287500 0.015625 0.015625
0 0.079687 0.325000 0.015625 0.015625
0 0.510938 0.329688 0.015625 0.015625
0 0.267188 0.329688 0.015625 0.015625
0 0.356250 0.331250 0.015625 0.015625
0 0.204687 0.334375 0.015625 0.015625
0 0.660937 0.335938 0.015625 0.015625
0 0.739062 0.337500 0.015625 0.015625
0 0.810937 0.342187 0.015625 0.015625
0 0.889062 0.351562 0.015625 0.015625
0 0.962500 0.353125 0.015625 0.015625
0 0.482812 0.389062 0.015625 0.015625
0 0.770312 0.395313 0.015625 0.015625
0 0.009375 0.398438 0.015625 0.015625
0 0.318750 0.400000 0.015625 0.015625
0 0.237500 0.401562 0.015625 0.015625
0 0.164062 0.403125 0.015625 0.015625
0 0.089063 0.404687 0.015625 0.015625
0 0.845313 0.412500 0.015625 0.015625
0 0.920312 0.415625 0.015625 0.015625
0 0.201563 0.462500 0.015625 0.015625
0 0.053125 0.464062 0.015625 0.015625
0 0.131250 0.464062 0.015625 0.015625
0 0.278125 0.468750 0.015625 0.015625
0 0.431250 0.475000 0.015625 0.015625
0 0.507812 0.476562 0.015625 0.015625
0 0.582812 0.476562 0.015625 0.015625
0 0.657813 0.481250 0.015625 0.015625
0 0.962500 0.485938 0.015625 0.015625
0 0.767188 0.540625 0.015625 0.015625
0 0.920312 0.548438 0.015625 0.015625
0 0.993750 0.551562 0.015625 0.015625
0 0.279687 0.579688 0.015625 0.015625
0 0.118750 0.582812 0.015625 0.015625
0 0.432812 0.587500 0.015625 0.015625
0 0.509375 0.606250 0.015625 0.015625
0 0.648438 0.609375 0.015625 0.015625
0 0.804688 0.610938 0.015625 0.015625
0 0.882812 0.610938 0.015625 0.015625
0 0.579688 0.610938 0.015625 0.015625
0 0.731250 0.610938 0.015625 0.015625
0 0.957812 0.614062 0.015625 0.015625
0 0.159375 0.656250 0.015625 0.015625
0 0.089063 0.664062 0.015625 0.015625
0 0.234375 0.665625 0.015625 0.015625
0 0.006250 0.665625 0.015625 0.015625
0 0.312500 0.670312 0.015625 0.015625
0 0.614062 0.675000 0.015625 0.015625
0 0.765625 0.675000 0.015625 0.015625
0 0.840625 0.676562 0.015625 0.015625
0 0.915625 0.676562 0.015625 0.015625
0 0.993750 0.681250 0.015625 0.015625
0 0.392188 0.682813 0.015625 0.015625
0 0.046875 0.737500 0.015625 0.015625
0 0.123438 0.739062 0.015625 0.015625
0 0.653125 0.740625 0.015625 0.015625
0 0.201563 0.742188 0.015625 0.015625
0 0.278125 0.743750 0.015625 0.015625
0 0.729688 0.745313 0.015625 0.015625
0 0.506250 0.746875 0.015625 0.015625
0 0.875000 0.751563 0.015625 0.015625
0 0.431250 0.751563 0.015625 0.015625
0 0.354687 0.753125 0.015625 0.015625
0 0.807813 0.753125 0.015625 0.015625
0 0.006250 0.800000 0.015625 0.015625
0 0.689063 0.803125 0.015625 0.015625
0 0.084375 0.803125 0.015625 0.015625
0 0.160938 0.807813 0.015625 0.015625
0 0.762500 0.810937 0.015625 0.015625
0 0.235937 0.810937 0.015625 0.015625
0 0.315625 0.815625 0.015625 0.015625
0 0.610938 0.818750 0.015625 0.015625
0 0.389062 0.820312 0.015625 0.015625
0 0.501563 0.840625 0.015625 0.015625
0 0.121875 0.870313 0.015625 0.015625
0 0.040625 0.871875 0.015625 0.015625
0 0.198437 0.876563 0.015625 0.015625
0 0.278125 0.876563 0.015625 0.015625
0 0.350000 0.876563 0.015625 0.015625
0 0.728125 0.882812 0.015625 0.015625
0 0.942187 0.885938 0.015625 0.015625
0 0.429688 0.889062 0.015625 0.015625
0 0.537500 0.928125 0.015625 0.015625
0 0.007812 0.935937 0.015625 0.015625
0 0.759375 0.946875 0.015625 0.015625
0 0.687500 0.946875 0.015625 0.015625
0 0.987500 0.946875 0.015625 0.015625
0 0.835938 0.950000 0.015625 0.015625
0 0.384375 0.951562 0.015625 0.015625
