0 0.275000 0.004687 0.015625 0.015625
0 0.732812 0.009375 0.015625 0.015625
0 0.062500 0.015625 0.015625 0.015625
0 0.542188 0.059375 0.015625 0.015625
0 0.692187 0.062500 0.015625 0.015625
0 0.623437 0.064062 0.015625 0.015625
0 0.468750 0.065625 0.015625 0.015625
0 0.392188 0.065625 0.015625 0.015625
0 0.779687 0.070312 0.015625 0.015625
0 0.853125 0.073438 0.015625 0.015625
0 0.929688 0.078125 0.015625 0.015625
0 0.307812 0.084375 0.015625 0.015625
0 0.187500 0.093750 0.015625 0.015625
0 0.090625 0.096875 0.015625 0.015625
0 0.690625 0.107813 0.015625 0.015625
0 0.807813 0.142187 0.015625 0.015625
0 0.732812 0.143750 0.015625 0.015625
0 0.431250 0.145313 0.015625 0.015625
0 0.512500 0.145313 0.015625 0.015625
0 0.359375 0.153125 0.015625 0.015625
0 0.207813 0.156250 0.015625 0.015625
0 0.939063 0.171875 0.015625 0.015625
0 0.014063 0.185938 0.015625 0.015625
0 0.839063 0.200000 0.015625 0.015625
0 0.360938 0.232813 0.015625 0.015625
0 0.260937 0.235937 0.015625 0.015625
0 0.501563 0.242188 0.015625 0.015625
0 0.631250 0.243750 0.015625 0.015625
0 0.567187 0.245312 0.015625 0.015625
0 0.862500 0.251563 0.015625 0.015625
0 0.089063 0.287500 0.015625 0.015625
0 0.193750 0.315625 0.015625 0.015625
0 0.485938 0.321875 0.015625 0.015625
0 0.564063 0.325000 0.015625 0.015625
0 0.918750 0.334375 0.015625 0.015625
0 0.079687 0.359375 0.015625 0.015625
0 0.420312 0.360938 0.015625 0.015625
0 0.510938 0.364063 0.015625 0.015625
0 0.732812 0.368750 0.015625 0.015625
0 0.614062 0.370312 0.015625 0.015625
0 0.846875 0.371875 0.015625 0.015625
0 0.964063 0.398438 0.015625 0.015625
0 0.237500 0.409375 0.015625 0.015625
0 0.129688 0.412500 0.015625 0.015625
0 0.779687 0.418750 0.015625 0.015625
0 0.304688 0.428125 0.015625 0.015625
0 0.879687 0.439063 0.015625 0.015625
0 0.459375 0.450000 0.015625 0.015625
0 0.962500 0.454688 0.015625 0.015625
0 0.187500 0.485938 0.015625 0.015625
0 0.392188 0.492188 0.015625 0.015625
0 0.857812 0.493750 0.015625 0.015625
0 0.107813 0.495312 0.015625 0.015625
0 0.270313 0.495312 0.015625 0.015625
0 0.501563 0.495312 0.015625 0.015625
0 0.625000 0.500000 0.015625 0.015625
0 0.712500 0.501563 0.015625 0.015625
0 0.784375 0.506250 0.015625 0.015625
0 0.573438 0.507812 0.015625 0.015625
0 0.932813 0.514062 0.015625 0.015625
0 0.059375 0.515625 0.015625 0.015625
0 0.975000 0.559375 0.015625 0.015625
0 0.754687 0.565625 0.015625 0.015625
0 0.160938 0.587500 0.015625 0.015625
0 0.314063 0.589063 0.015625 0.015625
0 0.004687 0.589063 0.015625 0.015625
0 0.234375 0.592187 0.015625 0.015625
0 0.589063 0.618750 0.015625 0.015625
0 0.462500 0.631250 0.015625 0.015625
0 0.812500 0.634375 0.015625 0.015625
0 0.737500 0.635938 0.015625 0.015625
0 0.679688 0.637500 0.015625 0.015625
0 0.951562 0.648438 0.015625 0.015625
0 0.162500 0.667188 0.015625 0.015625
0 0.657813 0.689063 0.015625 0.015625
0 0.756250 0.701562 0.015625 0.015625
0 0.571875 0.704688 0.015625 0.015625
0 0.840625 0.762500 0.015625 0.015625
0 0.039062 0.773438 0.015625 0.015625
0 0.117188 0.779687 0.015625 0.015625
0 0.309375 0.789062 0.015625 0.015625
0 0.768750 0.790625 0.015625 0.015625
0 0.467187 0.796875 0.015625 0.015625
0 0.692187 0.796875 0.015625 0.015625
0 0.559375 0.812500 0.015625 0.015625
0 0.264062 0.842187 0.015625 0.015625
0 0.154688 0.845313 0.015625 0.015625
0 0.010937 0.850000 0.015625 0.015625
0 0.831250 0.857812 0.015625 0.015625
0 0.915625 0.864062 0.015625 0.015625
0 0.573438 0.892188 0.015625 0.015625
0 0.807813 0.893750 0.015625 0.015625
0 0.707812 0.895312 0.015625 0.015625
0 0.110937 0.914062 0.015625 0.015625
0 0.342187 0.914062 0.015625 0.015625
0 0.246875 0.934375 0.015625 0.015625
0 0.668750 0.946875 0.015625 0.015625
