0 0.168750 0.003125 0.015625 0.015625
0 0.246875 0.006250 0.015625 0.015625
0 0.403125 0.007812 0.015625 0.015625
0 0.323437 0.010937 0.015625 0.015625
0 0.467187 0.015625 0.015625 0.015625
0 0.704688 0.017188 0.015625 0.015625
0 0.207813 0.071875 0.015625 0.015625
0 0.134375 0.071875 0.015625 0.015625
0 0.284375 0.075000 0.015625 0.015625
0 0.507812 0.076563 0.015625 0.015625
0 0.434375 0.076563 0.015625 0.015625
0 0.660937 0.078125 0.015625 0.015625
0 0.585938 0.079687 0.015625 0.015625
0 0.737500 0.082812 0.015625 0.015625
0 0.360938 0.082812 0.015625 0.015625
0 0.809375 0.089063 0.015625 0.015625
0 0.164062 0.139063 0.015625 0.015625
0 0.317188 0.143750 0.015625 0.015625
0 0.546875 0.145313 0.015625 0.015625
0 0.467187 0.145313 0.015625 0.015625
0 0.700000 0.146875 0.015625 0.015625
0 0.621875 0.150000 0.015625 0.015625
0 0.125000 0.203125 0.015625 0.015625
0 0.509375 0.204687 0.015625 0.015625
0 0.201563 0.207813 0.015625 0.015625
0 0.357812 0.210938 0.015625 0.015625
0 0.582812 0.212500 0.015625 0.015625
0 0.735938 0.212500 0.015625 0.015625
0 0.656250 0.212500 0.015625 0.015625
0 0.807813 0.214062 0.015625 0.015625
0 0.884375 0.215625 0.015625 0.015625
0 0.779687 0.256250 0.015625 0.015625
0 0.314063 0.273438 0.015625 0.015625
0 0.703125 0.273438 0.015625 0.015625
0 0.160938 0.275000 0.015625 0.015625
0 0.396875 0.276562 0.015625 0.015625
0 0.467187 0.278125 0.015625 0.015625
0 0.618750 0.279687 0.015625 0.015625
0 0.918750 0.281250 0.015625 0.015625
0 0.840625 0.284375 0.015625 0.015625
0 0.125000 0.339062 0.015625 0.015625
0 0.279687 0.340625 0.015625 0.015625
0 0.431250 0.342187 0.015625 0.015625
0 0.203125 0.343750 0.015625 0.015625
0 0.354687 0.343750 0.015625 0.015625
0 0.509375 0.345313 0.015625 0.015625
0 0.660937 0.345313 0.015625 0.015625
0 0.581250 0.346875 0.015625 0.015625
0 0.737500 0.346875 0.015625 0.015625
0 0.817187 0.350000 0.015625 0.015625
0 0.882812 0.351562 0.015625 0.015625
0 0.959375 0.353125 0.015625 0.015625
0 0.162500 0.404687 0.015625 0.015625
0 0.234375 0.407813 0.015625 0.015625
0 0.385937 0.409375 0.015625 0.015625
0 0.462500 0.410938 0.015625 0.015625
0 0.542188 0.414062 0.015625 0.015625
0 0.698438 0.418750 0.015625 0.015625
0 0.921875 0.421875 0.015625 0.015625
0 0.778125 0.421875 0.015625 0.015625
0 0.123438 0.465625 0.015625 0.015625
0 0.268750 0.468750 0.015625 0.015625
0 0.428125 0.468750 0.015625 0.015625
0 0.353125 0.468750 0.015625 0.015625
0 0.506250 0.470313 0.015625 0.015625
0 0.193750 0.471875 0.015625 0.015625
0 0.732812 0.482812 0.015625 0.015625
0 0.881250 0.485938 0.015625 0.015625
0 0.806250 0.487500 0.015625 0.015625
0 0.156250 0.535937 0.015625 0.015625
0 0.235937 0.539062 0.015625 0.015625
0 0.464062 0.540625 0.015625 0.015625
0 0.690625 0.542188 0.015625 0.015625
0 0.385937 0.543750 0.015625 0.015625
0 0.312500 0.543750 0.015625 0.015625
0 0.767188 0.548438 0.015625 0.015625
0 0.535937 0.553125 0.015625 0.015625
0 0.840625 0.559375 0.015625 0.015625
0 0.614062 0.559375 0.015625 0.015625
0 0.193750 0.601562 0.015625 0.015625
0 0.270313 0.603125 0.015625 0.015625
0 0.115625 0.604688 0.015625 0.015625
0 0.420312 0.610938 0.015625 0.015625
0 0.495312 0.610938 0.015625 0.015625
0 0.654687 0.610938 0.015625 0.015625
0 0.579688 0.614062 0.015625 0.015625
0 0.734375 0.614062 0.015625 0.015625
0 0.814063 0.618750 0.015625 0.015625
0 0.307812 0.660937 0.015625 0.015625
0 0.382812 0.668750 0.015625 0.015625
0 0.912500 0.681250 0.015625 0.015625
0 0.992188 0.682813 0.015625 0.015625
0 0.267188 0.723437 0.015625 0.015625
0 0.342187 0.725000 0.015625 0.015625
0 0.189062 0.729688 0.015625 0.015625
0 0.112500 0.732812 0.015625 0.015625
0 0.492188 0.734375 0.015625 0.015625
0 0.571875 0.739062 0.015625 0.015625
0 0.873437 0.746875 0.015625 0.015625
0 0.954688 0.748437 0.015625 0.015625
0 0.804688 0.750000 0.015625 0.015625
0 0.231250 0.792188 0.015625 0.015625
0 0.689063 0.795312 0.015625 0.015625
0 0.765625 0.796875 0.015625 0.015625
0 0.154688 0.796875 0.015625 0.015625
0 0.309375 0.796875 0.015625 0.015625
0 0.381250 0.796875 0.015625 0.015625
0 0.614062 0.800000 0.015625 0.015625
0 0.456250 0.800000 0.015625 0.015625
0 0.532813 0.803125 0.015625 0.015625
0 0.835938 0.809375 0.015625 0.015625
0 0.909375 0.814063 0.015625 0.015625
0 0.987500 0.815625 0.015625 0.015625
0 0.190625 0.860938 0.015625 0.015625
0 0.107813 0.862500 0.015625 0.015625
0 0.267188 0.867188 0.015625 0.015625
0 0.339062 0.867188 0.015625 0.015625
0 0.492188 0.868750 0.015625 0.015625
0 0.573438 0.868750 0.015625 0.015625
0 0.723437 0.868750 0.015625 0.015625
0 0.414062 0.870313 0.015625 0.015625
0 0.648438 0.873437 0.015625 0.015625
0 0.798438 0.873437 0.015625 0.015625
0 0.871875 0.876563 0.015625 0.015625
0 0.948438 0.878125 0.015625 0.015625
0 0.756250 0.931250 0.015625 0.015625
0 0.609375 0.932813 0.015625 0.015625
0 0.531250 0.935937 0.015625 0.015625
0 0.684375 0.935937 0.015625 0.015625
0 0.835938 0.945312 0.015625 0.015625
0 0.985938 0.946875 0.015625 0.015625
0 0.910937 0.946875 0.015625 0.015625
0 0.181250 0.993750 0.015625 0.015625
0 0.259375 0.996875 0.015625 0.015625
0 0.951562 0.090625 0.015625 0.015625
