0 0.807813 0.018750 0.015625 0.015625
0 0.110937 0.035937 0.015625 0.015625
0 0.042188 0.040625 0.015625 0.015625
0 0.410938 0.042188 0.015625 0.015625
0 0.648438 0.042188 0.015625 0.015625
0 0.187500 0.043750 0.015625 0.015625
0 0.485938 0.043750 0.015625 0.015625
0 0.337500 0.045312 0.015625 0.015625
0 0.550000 0.050000 0.015625 0.015625
0 0.004687 0.092188 0.015625 0.015625
0 0.079687 0.092188 0.015625 0.015625
0 0.142187 0.093750 0.015625 0.015625
0 0.451562 0.096875 0.015625 0.015625
0 0.376563 0.098437 0.015625 0.015625
0 0.532813 0.109375 0.015625 0.015625
0 0.684375 0.110937 0.015625 0.015625
0 0.218750 0.114062 0.015625 0.015625
0 0.610938 0.115625 0.015625 0.015625
0 0.989062 0.117188 0.015625 0.015625
0 0.334375 0.162500 0.015625 0.015625
0 0.185938 0.164062 0.015625 0.015625
0 0.259375 0.167187 0.015625 0.015625
0 0.123438 0.168750 0.015625 0.015625
0 0.504687 0.168750 0.015625 0.015625
0 0.635938 0.170313 0.015625 0.015625
0 0.942187 0.170313 0.015625 0.015625
0 0.409375 0.170313 0.015625 0.015625
0 0.217188 0.217188 0.015625 0.015625
0 0.904687 0.218750 0.015625 0.015625
0 0.062500 0.218750 0.015625 0.015625
0 0.293750 0.225000 0.015625 0.015625
0 0.376563 0.226562 0.015625 0.015625
0 0.979688 0.232813 0.015625 0.015625
0 0.665625 0.232813 0.015625 0.015625
0 0.106250 0.257812 0.015625 0.015625
0 0.179688 0.275000 0.015625 0.015625
0 0.029687 0.278125 0.015625 0.015625
0 0.557813 0.285938 0.015625 0.015625
0 0.487500 0.287500 0.015625 0.015625
0 0.632812 0.290625 0.015625 0.015625
0 0.712500 0.290625 0.015625 0.015625
0 0.410938 0.293750 0.015625 0.015625
0 0.789062 0.296875 0.015625 0.015625
0 0.940625 0.300000 0.015625 0.015625
0 0.896875 0.342187 0.015625 0.015625
0 0.140625 0.346875 0.015625 0.015625
0 0.300000 0.346875 0.015625 0.015625
0 0.065625 0.348438 0.015625 0.015625
0 0.370312 0.350000 0.015625 0.015625
0 0.521875 0.354687 0.015625 0.015625
0 0.671875 0.357812 0.015625 0.015625
0 0.440625 0.359375 0.015625 0.015625
0 0.751563 0.362500 0.015625 0.015625
0 0.028125 0.414062 0.015625 0.015625
0 0.182812 0.415625 0.015625 0.015625
0 0.104688 0.417187 0.015625 0.015625
0 0.331250 0.418750 0.015625 0.015625
0 0.404687 0.421875 0.015625 0.015625
0 0.631250 0.425000 0.015625 0.015625
0 0.707812 0.431250 0.015625 0.015625
0 0.939063 0.434375 0.015625 0.015625
0 0.785937 0.434375 0.015625 0.015625
0 0.065625 0.479687 0.015625 0.015625
0 0.139063 0.485938 0.015625 0.015625
0 0.301563 0.487500 0.015625 0.015625
0 0.215625 0.490625 0.015625 0.015625
0 0.362500 0.490625 0.015625 0.015625
0 0.437500 0.492188 0.015625 0.015625
0 0.593750 0.493750 0.015625 0.015625
0 0.820312 0.496875 0.015625 0.015625
0 0.981250 0.498437 0.015625 0.015625
0 0.679688 0.500000 0.015625 0.015625
0 0.254688 0.548438 0.015625 0.015625
0 0.328125 0.554688 0.015625 0.015625
0 0.631250 0.556250 0.015625 0.015625
0 0.478125 0.556250 0.015625 0.015625
0 0.857812 0.562500 0.015625 0.015625
0 0.784375 0.562500 0.015625 0.015625
0 0.279687 0.584375 0.015625 0.015625
0 0.064062 0.615625 0.015625 0.015625
0 0.139063 0.617188 0.015625 0.015625
0 0.440625 0.618750 0.015625 0.015625
0 0.365625 0.620313 0.015625 0.015625
0 0.212500 0.620313 0.015625 0.015625
0 0.515625 0.621875 0.015625 0.015625
0 0.590625 0.623437 0.015625 0.015625
0 0.665625 0.625000 0.015625 0.015625
0 0.289062 0.625000 0.015625 0.015625
0 0.900000 0.625000 0.015625 0.015625
0 0.743750 0.631250 0.015625 0.015625
0 0.818750 0.632812 0.015625 0.015625
0 0.029687 0.670312 0.015625 0.015625
0 0.634375 0.670312 0.015625 0.015625
0 0.176563 0.679688 0.015625 0.015625
0 0.101562 0.681250 0.015625 0.015625
0 0.253125 0.684375 0.015625 0.015625
0 0.404687 0.685937 0.015625 0.015625
0 0.328125 0.685937 0.015625 0.015625
0 0.554688 0.687500 0.015625 0.015625
0 0.857812 0.690625 0.015625 0.015625
0 0.704688 0.692187 0.015625 0.015625
0 0.935937 0.692187 0.015625 0.015625
0 0.832812 0.735938 0.015625 0.015625
0 0.975000 0.745313 0.015625 0.015625
0 0.589063 0.745313 0.015625 0.015625
0 0.062500 0.746875 0.015625 0.015625
0 0.289062 0.748437 0.015625 0.015625
0 0.360938 0.748437 0.015625 0.015625
0 0.740625 0.754687 0.015625 0.015625
0 0.512500 0.754687 0.015625 0.015625
0 0.664062 0.756250 0.015625 0.015625
0 0.096875 0.804688 0.015625 0.015625
0 0.018750 0.807813 0.015625 0.015625
0 0.323437 0.807813 0.015625 0.015625
0 0.857812 0.807813 0.015625 0.015625
0 0.245312 0.810937 0.015625 0.015625
0 0.401562 0.810937 0.015625 0.015625
0 0.476562 0.814063 0.015625 0.015625
0 0.615625 0.815625 0.015625 0.015625
0 0.781250 0.817187 0.015625 0.015625
0 0.703125 0.817187 0.015625 0.015625
0 0.139063 0.862500 0.015625 0.015625
0 0.062500 0.865625 0.015625 0.015625
0 0.439063 0.871875 0.015625 0.015625
0 0.890625 0.884375 0.015625 0.015625
0 0.660937 0.885938 0.015625 0.015625
0 0.589063 0.889062 0.015625 0.015625
0 0.964063 0.889062 0.015625 0.015625
0 0.814063 0.889062 0.015625 0.015625
0 0.737500 0.890625 0.015625 0.015625
0 0.245312 0.926562 0.015625 0.015625
0 0.928125 0.953125 0.015625 0.015625
0 0.854688 0.954688 0.015625 0.015625
0 0.998437 0.956250 0.015625 0.015625
0 0.779687 0.959375 0.015625 0.015625
0 0.012500 0.962500 0.015625 0.015625
0 0.087500 0.965625 0.015625 0.015625
