0 0.910937 0.664062 0.015625 0.015625
0 0.596875 0.526563 0.015625 0.015625
0 0.715625 0.990625 0.015625 0.015625
0 0.034375 0.846875 0.015625 0.015625
0 0.235937 0.251563 0.015625 0.015625
0 0.160938 0.246875 0.015625 0.015625
0 0.762500 0.653125 0.015625 0.015625
0 0.037500 0.712500 0.015625 0.015625
0 0.490625 0.721875 0.015625 0.015625
0 0.190625 0.715625 0.015625 0.015625
0 0.687500 0.525000 0.015625 0.015625
0 0.464062 0.392188 0.015625 0.015625
0 0.762500 0.525000 0.015625 0.015625
0 0.796875 0.590625 0.015625 0.015625
0 0.464062 0.521875 0.015625 0.015625
0 0.790625 0.992188 0.015625 0.015625
0 0.148438 0.778125 0.015625 0.015625
0 0.234375 0.387500 0.015625 0.015625
0 0.565625 0.721875 0.015625 0.015625
0 0.498437 0.326562 0.015625 0.015625
0 0.534375 0.523438 0.015625 0.015625
0 0.990625 0.268750 0.015625 0.015625
0 0.618750 0.387500 0.015625 0.015625
0 0.042188 0.578125 0.015625 0.015625
0 0.917188 0.270313 0.015625 0.015625
0 0.070312 0.778125 0.015625 0.015625
0 0.959375 0.465625 0.015625 0.015625
0 0.275000 0.189062 0.015625 0.015625
0 0.195312 0.321875 0.015625 0.015625
0 0.109375 0.845313 0.015625 0.015625
0 0.598437 0.917188 0.015625 0.015625
0 0.609375 0.653125 0.015625 0.015625
0 0.198437 0.051562 0.015625 0.015625
0 0.187500 0.846875 0.015625 0.015625
0 0.296875 0.917188 0.015625 0.015625
0 0.417187 0.718750 0.015625 0.015625
0 0.371875 0.653125 0.015625 0.015625
0 0.425000 0.321875 0.015625 0.015625
0 0.987500 0.662500 0.015625 0.015625
0 0.115625 0.714063 0.015625 0.015625
0 0.692187 0.392188 0.015625 0.015625
0 0.684375 0.657813 0.015625 0.015625
0 0.226562 0.650000 0.015625 0.015625
0 0.942187 0.996875 0.015625 0.015625
0 0.000000 0.643750 0.015625 0.015625
0 0.001563 0.515625 0.015625 0.015625
0 0.798438 0.725000 0.015625 0.015625
0 0.957812 0.064062 0.015625 0.015625
0 0.865625 0.993750 0.015625 0.015625
0 0.692187 0.001563 0.015625 0.015625
0 0.043750 0.050000 0.015625 0.015625
0 0.839063 0.392188 0.015625 0.015625
0 0.034375 0.975000 0.015625 0.015625
0 0.645312 0.721875 0.015625 0.015625
0 0.268750 0.320312 0.015625 0.015625
0 0.792188 0.854688 0.015625 0.015625
0 0.906250 0.928125 0.015625 0.015625
0 0.387500 0.389062 0.015625 0.015625
0 0.267188 0.450000 0.015625 0.015625
0 0.075000 0.646875 0.015625 0.015625
0 0.871875 0.723437 0.015625 0.015625
0 0.721875 0.723437 0.015625 0.015625
0 0.764062 0.393750 0.015625 0.015625
0 0.992188 0.001563 0.015625 0.015625
0 0.909375 0.793750 0.015625 0.015625
0 0.718750 0.465625 0.015625 0.015625
0 0.148438 0.650000 0.015625 0.015625
0 0.918750 0.000000 0.015625 0.015625
0 0.332813 0.985938 0.015625 0.015625
0 0.560937 0.987500 0.015625 0.015625
0 0.639062 0.992188 0.015625 0.015625
0 0.410938 0.984375 0.015625 0.015625
0 0.262500 0.973437 0.015625 0.015625
0 0.492188 0.973437 0.015625 0.015625
0 0.064062 0.909375 0.015625 0.015625
0 0.145313 0.912500 0.015625 0.015625
0 0.109375 0.978125 0.015625 0.015625
0 0.179688 0.979688 0.015625 0.015625
0 0.229687 0.909375 0.015625 0.015625
0 0.265625 0.842187 0.015625 0.015625
0 0.226562 0.778125 0.015625 0.015625
0 0.264062 0.721875 0.015625 0.015625
0 0.310937 0.790625 0.015625 0.015625
0 0.350000 0.840625 0.015625 0.015625
0 0.375000 0.920312 0.015625 0.015625
0 0.120313 0.581250 0.015625 0.015625
0 0.189062 0.585938 0.015625 0.015625
0 0.007812 0.778125 0.015625 0.015625
0 0.004687 0.385937 0.015625 0.015625
0 0.846875 0.001563 0.015625 0.015625
0 0.767188 0.010937 0.015625 0.015625
0 0.615625 0.003125 0.015625 0.015625
0 0.535937 0.001563 0.015625 0.015625
0 0.792188 0.068750 0.015625 0.015625
0 0.726562 0.070312 0.015625 0.015625
0 0.646875 0.067187 0.015625 0.015625
0 0.571875 0.068750 0.015625 0.015625
0 0.500000 0.065625 0.015625 0.015625
0 0.423438 0.065625 0.015625 0.015625
0 0.348438 0.059375 0.015625 0.015625
0 0.092188 0.115625 0.015625 0.015625
0 0.164062 0.115625 0.015625 0.015625
0 0.245312 0.123438 0.015625 0.015625
0 0.320312 0.128125 0.015625 0.015625
0 0.401562 0.132812 0.015625 0.015625
0 0.470313 0.132812 0.015625 0.015625
0 0.543750 0.134375 0.015625 0.015625
0 0.590625 0.196875 0.015625 0.015625
0 0.654687 0.196875 0.015625 0.015625
0 0.731250 0.198437 0.015625 0.015625
0 0.814063 0.203125 0.015625 0.015625
0 0.889062 0.203125 0.015625 0.015625
0 0.951562 0.204687 0.015625 0.015625
0 0.418750 0.454688 0.015625 0.015625
0 0.343750 0.454688 0.015625 0.015625
0 0.523438 0.456250 0.015625 0.015625
0 0.590625 0.456250 0.015625 0.015625
0 0.664062 0.460938 0.015625 0.015625
0 0.296875 0.390625 0.015625 0.015625
0 0.470313 0.646875 0.015625 0.015625
0 0.531250 0.651563 0.015625 0.015625
0 0.271875 0.584375 0.015625 0.015625
0 0.304688 0.657813 0.015625 0.015625
0 0.348438 0.579688 0.015625 0.015625
0 0.421875 0.589063 0.015625 0.015625
0 0.510938 0.589063 0.015625 0.015625
0 0.720313 0.601562 0.015625 0.015625
0 0.642188 0.595313 0.015625 0.015625
0 0.876563 0.596875 0.015625 0.015625
0 0.957812 0.600000 0.015625 0.015625
0 0.945312 0.725000 0.015625 0.015625
0 0.450000 0.784375 0.015625 0.015625
0 0.523438 0.925000 0.015625 0.015625
0 0.445312 0.918750 0.015625 0.015625
0 0.756250 0.923438 0.015625 0.015625
0 0.876563 0.859375 0.015625 0.015625
0 0.951562 0.860938 0.015625 0.015625
0 0.807813 0.800000 0.015625 0.015625
0 0.715625 0.856250 0.015625 0.015625
0 0.073438 0.517188 0.015625 0.015625
0 0.118750 0.462500 0.015625 0.015625
0 0.157812 0.512500 0.015625 0.015625
0 0.123438 0.321875 0.015625 0.015625
0 0.156250 0.389062 0.015625 0.015625
0 0.192188 0.457813 0.015625 0.015625
0 0.223438 0.507812 0.015625 0.015625
0 0.342187 0.725000 0.015625 0.015625
0 0.378125 0.785937 0.015625 0.015625
0 0.417187 0.851562 0.015625 0.015625
0 0.081250 0.248438 0.015625 0.015625
0 0.050000 0.189062 0.015625 0.015625
0 0.012500 0.123438 0.015625 0.015625
0 0.615625 0.129688 0.015625 0.015625
0 0.700000 0.129688 0.015625 0.015625
0 0.757812 0.132812 0.015625 0.015625
0 0.851562 0.135937 0.015625 0.015625
0 0.981250 0.129688 0.015625 0.015625
0 0.879687 0.064062 0.015625 0.015625
0 0.875000 0.467187 0.015625 0.015625
0 0.915625 0.398438 0.015625 0.015625
0 0.520312 0.400000 0.015625 0.015625
0 0.496875 0.454688 0.015625 0.015625
0 0.576562 0.328125 0.015625 0.015625
0 0.337500 0.323437 0.015625 0.015625
0 0.375000 0.521875 0.015625 0.015625
0 0.298438 0.520312 0.015625 0.015625
0 0.982812 0.531250 0.015625 0.015625
0 0.907813 0.529687 0.015625 0.015625
0 0.954688 0.337500 0.015625 0.015625
0 0.875000 0.335938 0.015625 0.015625
0 0.810937 0.332813 0.015625 0.015625
0 0.731250 0.334375 0.015625 0.015625
0 0.659375 0.337500 0.015625 0.015625
0 0.526563 0.260937 0.015625 0.015625
0 0.456250 0.260937 0.015625 0.015625
0 0.382812 0.254688 0.015625 0.015625
0 0.314063 0.256250 0.015625 0.015625
0 0.350000 0.187500 0.015625 0.015625
0 0.426563 0.193750 0.015625 0.015625
0 0.192188 0.190625 0.015625 0.015625
0 0.129688 0.185938 0.015625 0.015625
0 0.626563 0.262500 0.015625 0.015625
0 0.685937 0.262500 0.015625 0.015625
0 0.768750 0.264062 0.015625 0.015625
