0 0.051562 0.168750 0.015625 0.015625
0 0.126562 0.170313 0.015625 0.015625
0 0.195312 0.175000 0.015625 0.015625
0 0.256250 0.178125 0.015625 0.015625
0 0.245312 0.228125 0.015625 0.015625
0 0.301563 0.226562 0.015625 0.015625
0 0.354687 0.226562 0.015625 0.015625
0 0.170313 0.225000 0.015625 0.015625
0 0.098437 0.225000 0.015625 0.015625
0 0.015625 0.226562 0.015625 0.015625
0 0.053125 0.296875 0.015625 0.015625
0 0.134375 0.301563 0.015625 0.015625
0 0.196875 0.303125 0.015625 0.015625
0 0.276562 0.301563 0.015625 0.015625
0 0.353125 0.304688 0.015625 0.015625
0 0.393750 0.367188 0.015625 0.015625
0 0.317188 0.368750 0.015625 0.015625
0 0.242188 0.370312 0.015625 0.015625
0 0.160938 0.365625 0.015625 0.015625
0 0.082812 0.365625 0.015625 0.015625
0 0.051562 0.428125 0.015625 0.015625
0 0.128125 0.432812 0.015625 0.015625
0 0.196875 0.432812 0.015625 0.015625
0 0.276562 0.434375 0.015625 0.015625
0 0.004687 0.492188 0.015625 0.015625
0 0.079687 0.492188 0.015625 0.015625
0 0.167187 0.496875 0.015625 0.015625
0 0.242188 0.496875 0.015625 0.015625
0 0.310937 0.503125 0.015625 0.015625
0 0.384375 0.503125 0.015625 0.015625
0 0.431250 0.562500 0.015625 0.015625
0 0.348438 0.568750 0.015625 0.015625
0 0.289062 0.568750 0.015625 0.015625
0 0.200000 0.568750 0.015625 0.015625
0 0.039062 0.565625 0.015625 0.015625
0 0.006250 0.625000 0.015625 0.015625
0 0.082812 0.632812 0.015625 0.015625
0 0.156250 0.634375 0.015625 0.015625
0 0.237500 0.637500 0.015625 0.015625
0 0.312500 0.639062 0.015625 0.015625
0 0.385937 0.637500 0.015625 0.015625
0 0.457813 0.637500 0.015625 0.015625
0 0.542188 0.642188 0.015625 0.015625
0 0.495312 0.567187 0.015625 0.015625
0 0.482812 0.503125 0.015625 0.015625
0 0.432812 0.429688 0.015625 0.015625
0 0.354687 0.432812 0.015625 0.015625
0 0.048438 0.696875 0.015625 0.015625
0 0.121875 0.701562 0.015625 0.015625
0 0.193750 0.701562 0.015625 0.015625
0 0.268750 0.703125 0.015625 0.015625
0 0.357812 0.701562 0.015625 0.015625
0 0.429688 0.703125 0.015625 0.015625
0 0.007812 0.757812 0.015625 0.015625
0 0.084375 0.762500 0.015625 0.015625
0 0.156250 0.768750 0.015625 0.015625
0 0.242188 0.770312 0.015625 0.015625
0 0.317188 0.770312 0.015625 0.015625
0 0.392188 0.767188 0.015625 0.015625
0 0.467187 0.767188 0.015625 0.015625
0 0.539062 0.770312 0.015625 0.015625
0 0.590625 0.701562 0.015625 0.015625
0 0.501563 0.701562 0.015625 0.015625
0 0.617188 0.771875 0.015625 0.015625
0 0.654687 0.840625 0.015625 0.015625
0 0.578125 0.837500 0.015625 0.015625
0 0.495312 0.839063 0.015625 0.015625
0 0.423438 0.839063 0.015625 0.015625
0 0.345313 0.834375 0.015625 0.015625
0 0.257812 0.834375 0.015625 0.015625
0 0.193750 0.835938 0.015625 0.015625
0 0.117188 0.837500 0.015625 0.015625
0 0.039062 0.831250 0.015625 0.015625
0 0.009375 0.893750 0.015625 0.015625
0 0.045312 0.960938 0.015625 0.015625
0 0.084375 0.895312 0.015625 0.015625
0 0.115625 0.964063 0.015625 0.015625
0 0.159375 0.900000 0.015625 0.015625
0 0.201563 0.973437 0.015625 0.015625
0 0.225000 0.909375 0.015625 0.015625
0 0.273438 0.970313 0.015625 0.015625
0 0.304688 0.896875 0.015625 0.015625
0 0.343750 0.970313 0.015625 0.015625
0 0.385937 0.918750 0.015625 0.015625
0 0.417187 0.975000 0.015625 0.015625
0 0.464062 0.904687 0.015625 0.015625
0 0.500000 0.975000 0.015625 0.015625
0 0.542188 0.904687 0.015625 0.015625
0 0.620313 0.900000 0.015625 0.015625
0 0.654687 0.973437 0.015625 0.015625
0 0.690625 0.906250 0.015625 0.015625
0 0.723437 0.970313 0.015625 0.015625
0 0.470313 0.223438 0.015625 0.015625
0 0.556250 0.226562 0.015625 0.015625
0 0.618750 0.231250 0.015625 0.015625
0 0.692187 0.231250 0.015625 0.015625
0 0.509375 0.309375 0.015625 0.015625
0 0.581250 0.310937 0.015625 0.015625
0 0.662500 0.312500 0.015625 0.015625
0 0.732812 0.312500 0.015625 0.015625
0 0.764062 0.237500 0.015625 0.015625
0 0.812500 0.309375 0.015625 0.015625
0 0.842187 0.240625 0.015625 0.015625
0 0.893750 0.309375 0.015625 0.015625
0 0.920312 0.245312 0.015625 0.015625
0 0.967187 0.318750 0.015625 0.015625
0 0.542188 0.382812 0.015625 0.015625
0 0.584375 0.439063 0.015625 0.015625
0 0.623437 0.373437 0.015625 0.015625
0 0.656250 0.435937 0.015625 0.015625
0 0.690625 0.373437 0.015625 0.015625
0 0.725000 0.445312 0.015625 0.015625
0 0.775000 0.376563 0.015625 0.015625
0 0.810937 0.440625 0.015625 0.015625
0 0.843750 0.381250 0.015625 0.015625
0 0.878125 0.456250 0.015625 0.015625
0 0.920312 0.375000 0.015625 0.015625
0 0.960938 0.442188 0.015625 0.015625
0 0.995313 0.378125 0.015625 0.015625
0 0.617188 0.503125 0.015625 0.015625
0 0.656250 0.573438 0.015625 0.015625
0 0.690625 0.507812 0.015625 0.015625
0 0.734375 0.582812 0.015625 0.015625
0 0.764062 0.512500 0.015625 0.015625
0 0.812500 0.587500 0.015625 0.015625
0 0.843750 0.509375 0.015625 0.015625
0 0.876563 0.576562 0.015625 0.015625
0 0.914062 0.514062 0.015625 0.015625
0 0.954688 0.584375 0.015625 0.015625
0 0.995313 0.514062 0.015625 0.015625
0 0.679688 0.648438 0.015625 0.015625
0 0.723437 0.712500 0.015625 0.015625
0 0.767188 0.645312 0.015625 0.015625
0 0.812500 0.715625 0.015625 0.015625
0 0.839063 0.643750 0.015625 0.015625
0 0.885938 0.710938 0.015625 0.015625
0 0.923438 0.632812 0.015625 0.015625
0 0.956250 0.725000 0.015625 0.015625
0 0.993750 0.646875 0.015625 0.015625
0 0.759375 0.771875 0.015625 0.015625
0 0.796875 0.853125 0.015625 0.015625
0 0.867188 0.843750 0.015625 0.015625
0 0.925000 0.778125 0.015625 0.015625
0 0.957812 0.845313 0.015625 0.015625
0 0.990625 0.773438 0.015625 0.015625
0 0.865625 0.973437 0.015625 0.015625
0 0.901563 0.912500 0.015625 0.015625
0 0.953125 0.979688 0.015625 0.015625
0 0.990625 0.909375 0.015625 0.015625
0 0.765625 0.989062 0.015625 0.015625
0 0.026562 0.112500 0.015625 0.015625
0 0.098437 0.115625 0.015625 0.015625
0 0.179688 0.120313 0.015625 0.015625
0 0.270313 0.123438 0.015625 0.015625
0 0.350000 0.125000 0.015625 0.015625
0 0.326562 0.179688 0.015625 0.015625
0 0.423438 0.123438 0.015625 0.015625
0 0.496875 0.126562 0.015625 0.015625
0 0.581250 0.132812 0.015625 0.015625
0 0.653125 0.132812 0.015625 0.015625
0 0.726562 0.139063 0.015625 0.015625
0 0.803125 0.140625 0.015625 0.015625
0 0.882812 0.145313 0.015625 0.015625
0 0.956250 0.140625 0.015625 0.015625
0 0.832812 0.906250 0.015625 0.015625
