0 0.064062 0.000000 0.015625 0.015625
0 0.025000 0.001563 0.015625 0.015625
0 0.140625 0.001563 0.015625 0.015625
0 0.101562 0.003125 0.015625 0.015625
0 0.176563 0.003125 0.015625 0.015625
0 0.292187 0.003125 0.015625 0.015625
0 0.254688 0.004687 0.015625 0.015625
0 0.215625 0.004687 0.015625 0.015625
0 0.684375 0.006250 0.015625 0.015625
0 0.332813 0.006250 0.015625 0.015625
0 0.368750 0.007812 0.015625 0.015625
0 0.407813 0.007812 0.015625 0.015625
0 0.484375 0.009375 0.015625 0.015625
0 0.446875 0.009375 0.015625 0.015625
0 0.521875 0.009375 0.015625 0.015625
0 0.560937 0.010937 0.015625 0.015625
0 0.626563 0.012500 0.015625 0.015625
0 0.784375 0.012500 0.015625 0.015625
0 0.596875 0.012500 0.015625 0.015625
0 0.821875 0.014063 0.015625 0.015625
0 0.973437 0.020313 0.015625 0.015625
0 0.895312 0.029687 0.015625 0.015625
0 0.007812 0.034375 0.015625 0.015625
0 0.121875 0.034375 0.015625 0.015625
0 0.046875 0.034375 0.015625 0.015625
0 0.082812 0.034375 0.015625 0.015625
0 0.159375 0.035937 0.015625 0.015625
0 0.198437 0.035937 0.015625 0.015625
0 0.235937 0.037500 0.015625 0.015625
0 0.273438 0.039062 0.015625 0.015625
0 0.840625 0.039062 0.015625 0.015625
0 0.760938 0.039062 0.015625 0.015625
0 0.312500 0.040625 0.015625 0.015625
0 0.348438 0.042188 0.015625 0.015625
0 0.935937 0.042188 0.015625 0.015625
0 0.809375 0.042188 0.015625 0.015625
0 0.501563 0.045312 0.015625 0.015625
0 0.426563 0.045312 0.015625 0.015625
0 0.540625 0.046875 0.015625 0.015625
0 0.575000 0.048438 0.015625 0.015625
0 0.667188 0.050000 0.015625 0.015625
0 0.618750 0.051562 0.015625 0.015625
0 0.873437 0.060937 0.015625 0.015625
0 0.062500 0.065625 0.015625 0.015625
0 0.178125 0.067187 0.015625 0.015625
0 0.101562 0.067187 0.015625 0.015625
0 0.025000 0.067187 0.015625 0.015625
0 0.140625 0.068750 0.015625 0.015625
0 0.293750 0.071875 0.015625 0.015625
0 0.832812 0.071875 0.015625 0.015625
0 0.368750 0.075000 0.015625 0.015625
0 0.407813 0.076563 0.015625 0.015625
0 0.482812 0.076563 0.015625 0.015625
0 0.443750 0.078125 0.015625 0.015625
0 0.520312 0.078125 0.015625 0.015625
0 0.595313 0.078125 0.015625 0.015625
0 0.557813 0.079687 0.015625 0.015625
0 0.935937 0.087500 0.015625 0.015625
0 0.687500 0.095312 0.015625 0.015625
0 0.006250 0.100000 0.015625 0.015625
0 0.045312 0.100000 0.015625 0.015625
0 0.843750 0.100000 0.015625 0.015625
0 0.079687 0.101562 0.015625 0.015625
0 0.120313 0.101562 0.015625 0.015625
0 0.196875 0.101562 0.015625 0.015625
0 0.159375 0.101562 0.015625 0.015625
0 0.234375 0.103125 0.015625 0.015625
0 0.275000 0.104688 0.015625 0.015625
0 0.310937 0.104688 0.015625 0.015625
0 0.348438 0.104688 0.015625 0.015625
0 0.762500 0.104688 0.015625 0.015625
0 0.884375 0.106250 0.015625 0.015625
0 0.385937 0.106250 0.015625 0.015625
0 0.423438 0.109375 0.015625 0.015625
0 0.460938 0.109375 0.015625 0.015625
0 0.498437 0.110937 0.015625 0.015625
0 0.537500 0.112500 0.015625 0.015625
0 0.615625 0.112500 0.015625 0.015625
0 0.723437 0.115625 0.015625 0.015625
0 0.910937 0.132812 0.015625 0.015625
0 0.139063 0.132812 0.015625 0.015625
0 0.025000 0.134375 0.015625 0.015625
0 0.060937 0.135937 0.015625 0.015625
0 0.214062 0.135937 0.015625 0.015625
0 0.100000 0.135937 0.015625 0.015625
0 0.251563 0.135937 0.015625 0.015625
0 0.326562 0.137500 0.015625 0.015625
0 0.365625 0.137500 0.015625 0.015625
0 0.404687 0.140625 0.015625 0.015625
0 0.785937 0.140625 0.015625 0.015625
0 0.440625 0.142187 0.015625 0.015625
0 0.481250 0.142187 0.015625 0.015625
0 0.518750 0.142187 0.015625 0.015625
0 0.595313 0.143750 0.015625 0.015625
0 0.745313 0.143750 0.015625 0.015625
0 0.707812 0.145313 0.015625 0.015625
0 0.818750 0.164062 0.015625 0.015625
0 0.196875 0.165625 0.015625 0.015625
0 0.864062 0.165625 0.015625 0.015625
0 0.118750 0.167187 0.015625 0.015625
0 0.076563 0.167187 0.015625 0.015625
0 0.157812 0.167187 0.015625 0.015625
0 0.939063 0.167187 0.015625 0.015625
0 0.904687 0.167187 0.015625 0.015625
0 0.973437 0.168750 0.015625 0.015625
0 0.307812 0.168750 0.015625 0.015625
0 0.271875 0.168750 0.015625 0.015625
0 0.232813 0.170313 0.015625 0.015625
0 0.421875 0.170313 0.015625 0.015625
0 0.345313 0.171875 0.015625 0.015625
0 0.384375 0.171875 0.015625 0.015625
0 0.535937 0.173437 0.015625 0.015625
0 0.687500 0.173437 0.015625 0.015625
0 0.460938 0.175000 0.015625 0.015625
0 0.498437 0.176563 0.015625 0.015625
0 0.648438 0.176563 0.015625 0.015625
0 0.573438 0.176563 0.015625 0.015625
0 0.725000 0.178125 0.015625 0.015625
0 0.612500 0.178125 0.015625 0.015625
0 0.023438 0.196875 0.015625 0.015625
0 0.060937 0.198437 0.015625 0.015625
0 0.098437 0.200000 0.015625 0.015625
0 0.175000 0.201563 0.015625 0.015625
0 0.137500 0.201563 0.015625 0.015625
0 0.289062 0.203125 0.015625 0.015625
0 0.325000 0.203125 0.015625 0.015625
0 0.212500 0.203125 0.015625 0.015625
0 0.250000 0.203125 0.015625 0.015625
0 0.362500 0.203125 0.015625 0.015625
0 0.401562 0.206250 0.015625 0.015625
0 0.989062 0.207813 0.015625 0.015625
0 0.439063 0.207813 0.015625 0.015625
0 0.476562 0.209375 0.015625 0.015625
0 0.556250 0.209375 0.015625 0.015625
0 0.515625 0.209375 0.015625 0.015625
0 0.631250 0.210938 0.015625 0.015625
0 0.778125 0.210938 0.015625 0.015625
0 0.593750 0.210938 0.015625 0.015625
0 0.668750 0.210938 0.015625 0.015625
0 0.893750 0.223438 0.015625 0.015625
0 0.725000 0.225000 0.015625 0.015625
0 0.762500 0.228125 0.015625 0.015625
0 0.851562 0.229687 0.015625 0.015625
0 0.935937 0.231250 0.015625 0.015625
0 0.039062 0.231250 0.015625 0.015625
0 0.079687 0.232813 0.015625 0.015625
0 0.973437 0.232813 0.015625 0.015625
0 0.231250 0.235937 0.015625 0.015625
0 0.268750 0.237500 0.015625 0.015625
0 0.193750 0.237500 0.015625 0.015625
0 0.345313 0.237500 0.015625 0.015625
0 0.306250 0.237500 0.015625 0.015625
0 0.907813 0.237500 0.015625 0.015625
0 0.382812 0.239063 0.015625 0.015625
0 0.459375 0.240625 0.015625 0.015625
0 0.496875 0.240625 0.015625 0.015625
0 0.420312 0.240625 0.015625 0.015625
0 0.534375 0.240625 0.015625 0.015625
0 0.648438 0.242188 0.015625 0.015625
0 0.612500 0.243750 0.015625 0.015625
0 0.573438 0.243750 0.015625 0.015625
0 0.798438 0.245312 0.015625 0.015625
0 0.837500 0.250000 0.015625 0.015625
0 0.059375 0.265625 0.015625 0.015625
0 0.021875 0.265625 0.015625 0.015625
0 0.096875 0.265625 0.015625 0.015625
0 0.668750 0.267188 0.015625 0.015625
0 0.882812 0.267188 0.015625 0.015625
0 0.135937 0.267188 0.015625 0.015625
0 0.173437 0.267188 0.015625 0.015625
0 0.325000 0.268750 0.015625 0.015625
0 0.210938 0.268750 0.015625 0.015625
0 0.362500 0.268750 0.015625 0.015625
0 0.710938 0.268750 0.015625 0.015625
0 0.285938 0.268750 0.015625 0.015625
0 0.248438 0.268750 0.015625 0.015625
0 0.476562 0.268750 0.015625 0.015625
0 0.439063 0.270313 0.015625 0.015625
0 0.400000 0.270313 0.015625 0.015625
0 0.551562 0.275000 0.015625 0.015625
0 0.926562 0.275000 0.015625 0.015625
0 0.745313 0.275000 0.015625 0.015625
0 0.515625 0.275000 0.015625 0.015625
0 0.628125 0.276562 0.015625 0.015625
0 0.814063 0.278125 0.015625 0.015625
0 0.779687 0.278125 0.015625 0.015625
0 0.934375 0.293750 0.015625 0.015625
0 0.871875 0.295312 0.015625 0.015625
0 0.000000 0.298438 0.015625 0.015625
0 0.076563 0.300000 0.015625 0.015625
0 0.037500 0.300000 0.015625 0.015625
0 0.190625 0.301563 0.015625 0.015625
0 0.643750 0.301563 0.015625 0.015625
0 0.151562 0.301563 0.015625 0.015625
0 0.115625 0.301563 0.015625 0.015625
0 0.228125 0.301563 0.015625 0.015625
0 0.265625 0.301563 0.015625 0.015625
0 0.342187 0.303125 0.015625 0.015625
0 0.303125 0.304688 0.015625 0.015625
0 0.684375 0.304688 0.015625 0.015625
0 0.609375 0.306250 0.015625 0.015625
0 0.456250 0.306250 0.015625 0.015625
0 0.418750 0.306250 0.015625 0.015625
0 0.379688 0.306250 0.015625 0.015625
0 0.534375 0.307812 0.015625 0.015625
0 0.573438 0.309375 0.015625 0.015625
0 0.496875 0.309375 0.015625 0.015625
0 0.757812 0.310937 0.015625 0.015625
0 0.796875 0.312500 0.015625 0.015625
0 0.057813 0.331250 0.015625 0.015625
0 0.018750 0.331250 0.015625 0.015625
0 0.171875 0.334375 0.015625 0.015625
0 0.096875 0.334375 0.015625 0.015625
0 0.246875 0.334375 0.015625 0.015625
0 0.321875 0.334375 0.015625 0.015625
0 0.207813 0.334375 0.015625 0.015625
0 0.284375 0.335938 0.015625 0.015625
0 0.134375 0.335938 0.015625 0.015625
0 0.975000 0.335938 0.015625 0.015625
0 0.360938 0.337500 0.015625 0.015625
0 0.437500 0.340625 0.015625 0.015625
0 0.398438 0.340625 0.015625 0.015625
0 0.626563 0.340625 0.015625 0.015625
0 0.550000 0.340625 0.015625 0.015625
0 0.476562 0.340625 0.015625 0.015625
0 0.514062 0.340625 0.015625 0.015625
0 0.665625 0.340625 0.015625 0.015625
0 0.589063 0.342187 0.015625 0.015625
0 0.887500 0.348438 0.015625 0.015625
0 0.037500 0.362500 0.015625 0.015625
0 0.959375 0.364063 0.015625 0.015625
0 0.075000 0.367188 0.015625 0.015625
0 0.264062 0.367188 0.015625 0.015625
0 0.189062 0.368750 0.015625 0.015625
0 0.900000 0.368750 0.015625 0.015625
0 0.226562 0.368750 0.015625 0.015625
0 0.151562 0.370312 0.015625 0.015625
0 0.339062 0.371875 0.015625 0.015625
0 0.454688 0.371875 0.015625 0.015625
0 0.571875 0.371875 0.015625 0.015625
0 0.417187 0.371875 0.015625 0.015625
0 0.645312 0.373437 0.015625 0.015625
0 0.684375 0.373437 0.015625 0.015625
0 0.531250 0.373437 0.015625 0.015625
0 0.495312 0.373437 0.015625 0.015625
0 0.607812 0.373437 0.015625 0.015625
0 0.378125 0.373437 0.015625 0.015625
0 0.757812 0.376563 0.015625 0.015625
0 0.796875 0.378125 0.015625 0.015625
0 0.017188 0.395313 0.015625 0.015625
0 0.093750 0.398438 0.015625 0.015625
0 0.132812 0.400000 0.015625 0.015625
0 0.245312 0.400000 0.015625 0.015625
0 0.284375 0.401562 0.015625 0.015625
0 0.207813 0.401562 0.015625 0.015625
0 0.170313 0.401562 0.015625 0.015625
0 0.321875 0.403125 0.015625 0.015625
0 0.721875 0.403125 0.015625 0.015625
0 0.359375 0.403125 0.015625 0.015625
0 0.435937 0.406250 0.015625 0.015625
0 0.398438 0.406250 0.015625 0.015625
0 0.475000 0.406250 0.015625 0.015625
0 0.550000 0.407813 0.015625 0.015625
0 0.512500 0.407813 0.015625 0.015625
0 0.776563 0.410938 0.015625 0.015625
0 0.857812 0.412500 0.015625 0.015625
0 0.820312 0.412500 0.015625 0.015625
0 0.598437 0.417187 0.015625 0.015625
0 0.939063 0.423438 0.015625 0.015625
0 0.981250 0.426563 0.015625 0.015625
0 0.037500 0.431250 0.015625 0.015625
0 0.075000 0.432812 0.015625 0.015625
0 0.226562 0.432812 0.015625 0.015625
0 0.114062 0.434375 0.015625 0.015625
0 0.189062 0.434375 0.015625 0.015625
0 0.151562 0.434375 0.015625 0.015625
0 0.264062 0.434375 0.015625 0.015625
0 0.303125 0.435937 0.015625 0.015625
0 0.340625 0.435937 0.015625 0.015625
0 0.378125 0.437500 0.015625 0.015625
0 0.415625 0.439063 0.015625 0.015625
0 0.490625 0.439063 0.015625 0.015625
0 0.453125 0.439063 0.015625 0.015625
0 0.529687 0.440625 0.015625 0.015625
0 0.607812 0.440625 0.015625 0.015625
0 0.645312 0.442188 0.015625 0.015625
0 0.565625 0.442188 0.015625 0.015625
0 0.810937 0.442188 0.015625 0.015625
0 0.892188 0.445312 0.015625 0.015625
0 0.850000 0.448437 0.015625 0.015625
0 0.762500 0.459375 0.015625 0.015625
0 0.014063 0.464062 0.015625 0.015625
0 0.053125 0.464062 0.015625 0.015625
0 0.245312 0.465625 0.015625 0.015625
0 0.209375 0.465625 0.015625 0.015625
0 0.093750 0.465625 0.015625 0.015625
0 0.282813 0.467187 0.015625 0.015625
0 0.132812 0.467187 0.015625 0.015625
0 0.170313 0.467187 0.015625 0.015625
0 0.320312 0.467187 0.015625 0.015625
0 0.996875 0.467187 0.015625 0.015625
0 0.359375 0.468750 0.015625 0.015625
0 0.471875 0.468750 0.015625 0.015625
0 0.957812 0.468750 0.015625 0.015625
0 0.396875 0.470313 0.015625 0.015625
0 0.510938 0.470313 0.015625 0.015625
0 0.434375 0.470313 0.015625 0.015625
0 0.585938 0.471875 0.015625 0.015625
0 0.548438 0.471875 0.015625 0.015625
0 0.623437 0.473438 0.015625 0.015625
0 0.662500 0.473438 0.015625 0.015625
0 0.885938 0.481250 0.015625 0.015625
0 0.743750 0.492188 0.015625 0.015625
0 0.792188 0.496875 0.015625 0.015625
0 0.032813 0.496875 0.015625 0.015625
0 0.071875 0.496875 0.015625 0.015625
0 0.110937 0.498437 0.015625 0.015625
0 0.150000 0.498437 0.015625 0.015625
0 0.262500 0.500000 0.015625 0.015625
0 0.225000 0.501563 0.015625 0.015625
0 0.187500 0.501563 0.015625 0.015625
0 0.300000 0.501563 0.015625 0.015625
0 0.565625 0.501563 0.015625 0.015625
0 0.489063 0.503125 0.015625 0.015625
0 0.451562 0.503125 0.015625 0.015625
0 0.337500 0.503125 0.015625 0.015625
0 0.375000 0.504687 0.015625 0.015625
0 0.528125 0.504687 0.015625 0.015625
0 0.414062 0.504687 0.015625 0.015625
0 0.604688 0.504687 0.015625 0.015625
0 0.642188 0.506250 0.015625 0.015625
0 0.832812 0.507812 0.015625 0.015625
0 0.014063 0.525000 0.015625 0.015625
0 0.996875 0.526563 0.015625 0.015625
0 0.051562 0.529687 0.015625 0.015625
0 0.090625 0.529687 0.015625 0.015625
0 0.128125 0.531250 0.015625 0.015625
0 0.282813 0.531250 0.015625 0.015625
0 0.356250 0.534375 0.015625 0.015625
0 0.432812 0.535937 0.015625 0.015625
0 0.509375 0.535937 0.015625 0.015625
0 0.318750 0.535937 0.015625 0.015625
0 0.471875 0.537500 0.015625 0.015625
0 0.392188 0.537500 0.015625 0.015625
0 0.546875 0.537500 0.015625 0.015625
0 0.240625 0.537500 0.015625 0.015625
0 0.754687 0.539062 0.015625 0.015625
0 0.584375 0.539062 0.015625 0.015625
0 0.721875 0.540625 0.015625 0.015625
0 0.812500 0.542188 0.015625 0.015625
0 0.850000 0.545312 0.015625 0.015625
0 0.032813 0.560937 0.015625 0.015625
0 0.071875 0.564063 0.015625 0.015625
0 0.109375 0.564063 0.015625 0.015625
0 0.148438 0.564063 0.015625 0.015625
0 0.645312 0.565625 0.015625 0.015625
0 0.185938 0.565625 0.015625 0.015625
0 0.223438 0.565625 0.015625 0.015625
0 0.262500 0.567187 0.015625 0.015625
0 0.298438 0.567187 0.015625 0.015625
0 0.692187 0.567187 0.015625 0.015625
0 0.339062 0.567187 0.015625 0.015625
0 0.373437 0.568750 0.015625 0.015625
0 0.412500 0.568750 0.015625 0.015625
0 0.451562 0.568750 0.015625 0.015625
0 0.564063 0.568750 0.015625 0.015625
0 0.526563 0.568750 0.015625 0.015625
0 0.489063 0.568750 0.015625 0.015625
0 0.603125 0.570312 0.015625 0.015625
0 0.710938 0.570312 0.015625 0.015625
0 0.790625 0.573438 0.015625 0.015625
0 0.831250 0.573438 0.015625 0.015625
0 0.746875 0.573438 0.015625 0.015625
0 0.862500 0.575000 0.015625 0.015625
0 0.909375 0.578125 0.015625 0.015625
0 0.946875 0.581250 0.015625 0.015625
0 0.012500 0.592187 0.015625 0.015625
0 0.051562 0.593750 0.015625 0.015625
0 0.087500 0.595313 0.015625 0.015625
0 0.203125 0.596875 0.015625 0.015625
0 0.278125 0.598437 0.015625 0.015625
0 0.240625 0.598437 0.015625 0.015625
0 0.164062 0.598437 0.015625 0.015625
0 0.393750 0.600000 0.015625 0.015625
0 0.545312 0.600000 0.015625 0.015625
0 0.431250 0.600000 0.015625 0.015625
0 0.356250 0.600000 0.015625 0.015625
0 0.470313 0.601562 0.015625 0.015625
0 0.584375 0.601562 0.015625 0.015625
0 0.507812 0.601562 0.015625 0.015625
0 0.995313 0.601562 0.015625 0.015625
0 0.621875 0.601562 0.015625 0.015625
0 0.887500 0.610938 0.015625 0.015625
0 0.925000 0.612500 0.015625 0.015625
0 0.746875 0.617188 0.015625 0.015625
0 0.707812 0.617188 0.015625 0.015625
0 0.790625 0.620313 0.015625 0.015625
0 0.032813 0.625000 0.015625 0.015625
0 0.070312 0.626563 0.015625 0.015625
0 0.109375 0.628125 0.015625 0.015625
0 0.146875 0.629687 0.015625 0.015625
0 0.184375 0.629687 0.015625 0.015625
0 0.223438 0.631250 0.015625 0.015625
0 0.260937 0.631250 0.015625 0.015625
0 0.335938 0.631250 0.015625 0.015625
0 0.298438 0.632812 0.015625 0.015625
0 0.412500 0.634375 0.015625 0.015625
0 0.525000 0.634375 0.015625 0.015625
0 0.373437 0.634375 0.015625 0.015625
0 0.562500 0.634375 0.015625 0.015625
0 0.450000 0.634375 0.015625 0.015625
0 0.485938 0.634375 0.015625 0.015625
0 0.601562 0.635938 0.015625 0.015625
0 0.635938 0.639062 0.015625 0.015625
0 0.828125 0.639062 0.015625 0.015625
0 0.750000 0.640625 0.015625 0.015625
0 0.912500 0.650000 0.015625 0.015625
0 0.048438 0.657813 0.015625 0.015625
0 0.010937 0.659375 0.015625 0.015625
0 0.125000 0.660937 0.015625 0.015625
0 0.390625 0.667188 0.015625 0.015625
0 0.431250 0.667188 0.015625 0.015625
0 0.467187 0.668750 0.015625 0.015625
0 0.582812 0.668750 0.015625 0.015625
0 0.764062 0.668750 0.015625 0.015625
0 0.621875 0.670312 0.015625 0.015625
0 0.850000 0.671875 0.015625 0.015625
0 0.809375 0.671875 0.015625 0.015625
0 0.896875 0.678125 0.015625 0.015625
0 0.939063 0.685937 0.015625 0.015625
0 0.028125 0.689063 0.015625 0.015625
0 0.565625 0.689063 0.015625 0.015625
0 0.107813 0.692187 0.015625 0.015625
0 0.220312 0.695312 0.015625 0.015625
0 0.296875 0.695312 0.015625 0.015625
0 0.335938 0.696875 0.015625 0.015625
0 0.662500 0.696875 0.015625 0.015625
0 0.371875 0.698438 0.015625 0.015625
0 0.410938 0.700000 0.015625 0.015625
0 0.740625 0.700000 0.015625 0.015625
0 0.446875 0.700000 0.015625 0.015625
0 0.523438 0.701562 0.015625 0.015625
0 0.484375 0.701562 0.015625 0.015625
0 0.600000 0.703125 0.015625 0.015625
0 0.864062 0.704688 0.015625 0.015625
0 0.826562 0.704688 0.015625 0.015625
0 0.939063 0.709375 0.015625 0.015625
0 0.800000 0.720313 0.015625 0.015625
0 0.320312 0.732812 0.015625 0.015625
0 0.920312 0.737500 0.015625 0.015625
0 0.434375 0.739062 0.015625 0.015625
0 0.492188 0.739062 0.015625 0.015625
0 0.996875 0.740625 0.015625 0.015625
