0 0.006250 0.764062 0.015625 0.015625
0 0.039062 0.765625 0.015625 0.015625
0 0.023438 0.800000 0.015625 0.015625
0 0.060937 0.801562 0.015625 0.015625
0 0.267188 0.903125 0.015625 0.015625
0 0.306250 0.901563 0.015625 0.015625
0 0.345313 0.901563 0.015625 0.015625
0 0.382812 0.901563 0.015625 0.015625
0 0.417187 0.903125 0.015625 0.015625
0 0.456250 0.903125 0.015625 0.015625
0 0.495312 0.904687 0.015625 0.015625
0 0.532813 0.906250 0.015625 0.015625
0 0.570312 0.906250 0.015625 0.015625
0 0.607812 0.907813 0.015625 0.015625
0 0.648438 0.909375 0.015625 0.015625
0 0.687500 0.910937 0.015625 0.015625
0 0.726562 0.912500 0.015625 0.015625
0 0.762500 0.915625 0.015625 0.015625
0 0.800000 0.914062 0.015625 0.015625
0 0.839063 0.912500 0.015625 0.015625
0 0.875000 0.914062 0.015625 0.015625
0 0.910937 0.914062 0.015625 0.015625
0 0.953125 0.914062 0.015625 0.015625
0 0.992188 0.915625 0.015625 0.015625
0 0.284375 0.934375 0.015625 0.015625
0 0.245312 0.934375 0.015625 0.015625
0 0.320312 0.934375 0.015625 0.015625
0 0.365625 0.935937 0.015625 0.015625
0 0.400000 0.935937 0.015625 0.015625
0 0.439063 0.935937 0.015625 0.015625
0 0.476562 0.939063 0.015625 0.015625
0 0.515625 0.939063 0.015625 0.015625
0 0.554688 0.939063 0.015625 0.015625
0 0.590625 0.940625 0.015625 0.015625
0 0.629687 0.940625 0.015625 0.015625
0 0.671875 0.942187 0.015625 0.015625
0 0.707812 0.942187 0.015625 0.015625
0 0.740625 0.942187 0.015625 0.015625
0 0.778125 0.943750 0.015625 0.015625
0 0.815625 0.943750 0.015625 0.015625
0 0.853125 0.945312 0.015625 0.015625
0 0.895312 0.948438 0.015625 0.015625
0 0.932813 0.946875 0.015625 0.015625
0 0.970313 0.948438 0.015625 0.015625
0 0.267188 0.965625 0.015625 0.015625
0 0.303125 0.965625 0.015625 0.015625
0 0.340625 0.967187 0.015625 0.015625
0 0.379688 0.967187 0.015625 0.015625
0 0.417187 0.968750 0.015625 0.015625
0 0.453125 0.970313 0.015625 0.015625
0 0.492188 0.971875 0.015625 0.015625
0 0.531250 0.971875 0.015625 0.015625
0 0.571875 0.968750 0.015625 0.015625
0 0.609375 0.971875 0.015625 0.015625
0 0.646875 0.975000 0.015625 0.015625
0 0.681250 0.973437 0.015625 0.015625
0 0.721875 0.978125 0.015625 0.015625
0 0.760938 0.978125 0.015625 0.015625
0 0.798438 0.979688 0.015625 0.015625
0 0.837500 0.979688 0.015625 0.015625
0 0.873437 0.981250 0.015625 0.015625
0 0.909375 0.979688 0.015625 0.015625
0 0.953125 0.981250 0.015625 0.015625
0 0.985938 0.981250 0.015625 0.015625
0 0.279687 0.998437 0.015625 0.015625
