0 0.831250 0.039062 0.015625 0.015625
0 0.907813 0.046875 0.015625 0.015625
0 0.981250 0.048438 0.015625 0.015625
0 0.792188 0.095312 0.015625 0.015625
0 0.868750 0.104688 0.015625 0.015625
0 0.937500 0.109375 0.015625 0.015625
0 0.834375 0.167187 0.015625 0.015625
0 0.906250 0.173437 0.015625 0.015625
0 0.979688 0.176563 0.015625 0.015625
0 0.865625 0.237500 0.015625 0.015625
0 0.935937 0.240625 0.015625 0.015625
0 0.817187 0.296875 0.015625 0.015625
0 0.904687 0.304688 0.015625 0.015625
0 0.976562 0.307812 0.015625 0.015625
0 0.789062 0.367188 0.015625 0.015625
0 0.864062 0.368750 0.015625 0.015625
0 0.935937 0.371875 0.015625 0.015625
0 0.898438 0.431250 0.015625 0.015625
0 0.814063 0.432812 0.015625 0.015625
0 0.907813 0.492188 0.015625 0.015625
0 0.823438 0.559375 0.015625 0.015625
0 0.965625 0.564063 0.015625 0.015625
0 0.845313 0.632812 0.015625 0.015625
0 0.925000 0.635938 0.015625 0.015625
0 0.892188 0.698438 0.015625 0.015625
0 0.931250 0.760938 0.015625 0.015625
0 0.856250 0.762500 0.015625 0.015625
0 0.814063 0.823438 0.015625 0.015625
0 0.970313 0.825000 0.015625 0.015625
0 0.887500 0.826562 0.015625 0.015625
0 0.926562 0.890625 0.015625 0.015625
0 0.845313 0.890625 0.015625 0.015625
0 0.965625 0.950000 0.015625 0.015625
0 0.889062 0.956250 0.015625 0.015625
