0 0.354687 0.051562 0.015625 0.015625
0 0.504687 0.053125 0.015625 0.015625
0 0.428125 0.054688 0.015625 0.015625
0 0.959375 0.056250 0.015625 0.015625
0 0.581250 0.060937 0.015625 0.015625
0 0.053125 0.175000 0.015625 0.015625
0 0.504687 0.178125 0.015625 0.015625
0 0.007812 0.239063 0.015625 0.015625
0 0.315625 0.240625 0.015625 0.015625
0 0.084375 0.242188 0.015625 0.015625
0 0.390625 0.243750 0.015625 0.015625
0 0.240625 0.243750 0.015625 0.015625
0 0.542188 0.245312 0.015625 0.015625
0 0.770312 0.245312 0.015625 0.015625
0 0.467187 0.246875 0.015625 0.015625
0 0.690625 0.250000 0.015625 0.015625
0 0.121875 0.306250 0.015625 0.015625
0 0.351562 0.310937 0.015625 0.015625
0 0.201563 0.312500 0.015625 0.015625
0 0.278125 0.312500 0.015625 0.015625
0 0.582812 0.312500 0.015625 0.015625
0 0.503125 0.312500 0.015625 0.015625
0 0.729688 0.314063 0.015625 0.015625
0 0.654687 0.315625 0.015625 0.015625
0 0.431250 0.317188 0.015625 0.015625
0 0.809375 0.317188 0.015625 0.015625
0 0.889062 0.326562 0.015625 0.015625
0 0.006250 0.371875 0.015625 0.015625
0 0.081250 0.373437 0.015625 0.015625
0 0.159375 0.375000 0.015625 0.015625
0 0.039062 0.435937 0.015625 0.015625
0 0.082812 0.498437 0.015625 0.015625
0 0.004687 0.501563 0.015625 0.015625
0 0.232813 0.504687 0.015625 0.015625
0 0.307812 0.506250 0.015625 0.015625
0 0.157812 0.506250 0.015625 0.015625
0 0.462500 0.507812 0.015625 0.015625
0 0.384375 0.509375 0.015625 0.015625
0 0.535937 0.510938 0.015625 0.015625
0 0.609375 0.515625 0.015625 0.015625
0 0.685937 0.515625 0.015625 0.015625
0 0.762500 0.517188 0.015625 0.015625
0 0.989062 0.517188 0.015625 0.015625
0 0.839063 0.518750 0.015625 0.015625
0 0.914062 0.518750 0.015625 0.015625
0 0.114062 0.570312 0.015625 0.015625
0 0.192188 0.571875 0.015625 0.015625
0 0.267188 0.573438 0.015625 0.015625
0 0.570312 0.575000 0.015625 0.015625
0 0.493750 0.581250 0.015625 0.015625
0 0.878125 0.582812 0.015625 0.015625
0 0.651563 0.582812 0.015625 0.015625
0 0.800000 0.587500 0.015625 0.015625
0 0.964063 0.600000 0.015625 0.015625
0 0.079687 0.634375 0.015625 0.015625
0 0.156250 0.637500 0.015625 0.015625
0 0.003125 0.637500 0.015625 0.015625
0 0.232813 0.640625 0.015625 0.015625
0 0.381250 0.643750 0.015625 0.015625
0 0.304688 0.643750 0.015625 0.015625
0 0.532813 0.648438 0.015625 0.015625
0 0.459375 0.648438 0.015625 0.015625
0 0.759375 0.648438 0.015625 0.015625
0 0.606250 0.648438 0.015625 0.015625
0 0.835938 0.648438 0.015625 0.015625
0 0.685937 0.648438 0.015625 0.015625
0 0.112500 0.700000 0.015625 0.015625
0 0.189062 0.701562 0.015625 0.015625
0 0.267188 0.704688 0.015625 0.015625
0 0.342187 0.706250 0.015625 0.015625
0 0.870313 0.707812 0.015625 0.015625
0 0.492188 0.712500 0.015625 0.015625
0 0.415625 0.712500 0.015625 0.015625
0 0.945312 0.712500 0.015625 0.015625
0 0.565625 0.714063 0.015625 0.015625
0 0.793750 0.714063 0.015625 0.015625
0 0.642188 0.715625 0.015625 0.015625
0 0.717187 0.717187 0.015625 0.015625
0 0.143750 0.765625 0.015625 0.015625
0 0.304688 0.771875 0.015625 0.015625
0 0.229687 0.771875 0.015625 0.015625
0 0.378125 0.775000 0.015625 0.015625
0 0.454688 0.776563 0.015625 0.015625
0 0.756250 0.778125 0.015625 0.015625
0 0.531250 0.779687 0.015625 0.015625
0 0.907813 0.779687 0.015625 0.015625
0 0.982812 0.779687 0.015625 0.015625
0 0.604688 0.781250 0.015625 0.015625
0 0.679688 0.781250 0.015625 0.015625
0 0.832812 0.782813 0.015625 0.015625
0 0.185938 0.837500 0.015625 0.015625
0 0.264062 0.837500 0.015625 0.015625
0 0.337500 0.843750 0.015625 0.015625
0 0.415625 0.845313 0.015625 0.015625
0 0.565625 0.845313 0.015625 0.015625
0 0.715625 0.845313 0.015625 0.015625
0 0.489063 0.846875 0.015625 0.015625
0 0.789062 0.846875 0.015625 0.015625
0 0.639062 0.848437 0.015625 0.015625
0 0.865625 0.850000 0.015625 0.015625
0 0.939063 0.851562 0.015625 0.015625
0 0.301563 0.901563 0.015625 0.015625
0 0.226562 0.901563 0.015625 0.015625
0 0.376563 0.904687 0.015625 0.015625
0 0.454688 0.910937 0.015625 0.015625
0 0.754687 0.912500 0.015625 0.015625
0 0.528125 0.912500 0.015625 0.015625
0 0.600000 0.912500 0.015625 0.015625
0 0.679688 0.914062 0.015625 0.015625
0 0.982812 0.914062 0.015625 0.015625
0 0.906250 0.914062 0.015625 0.015625
0 0.828125 0.914062 0.015625 0.015625
0 0.037500 0.965625 0.015625 0.015625
0 0.409375 0.971875 0.015625 0.015625
0 0.484375 0.978125 0.015625 0.015625
0 0.784375 0.984375 0.015625 0.015625
0 0.996875 0.256250 0.015625 0.015625
0 0.996875 0.125000 0.015625 0.015625
