0 0.393750 0.598437 0.015625 0.015625
0 0.510938 0.600000 0.015625 0.015625
0 0.435937 0.598437 0.015625 0.015625
0 0.489063 0.698438 0.015625 0.015625
0 0.603125 0.698438 0.015625 0.015625
0 0.164062 0.985938 0.015625 0.015625
0 0.240625 0.859375 0.015625 0.015625
0 0.340625 0.698438 0.015625 0.015625
0 0.421875 0.432812 0.015625 0.015625
0 0.300000 0.696875 0.015625 0.015625
0 0.464062 0.992188 0.015625 0.015625
0 0.601562 0.896875 0.015625 0.015625
0 0.542188 0.992188 0.015625 0.015625
0 0.376563 0.762500 0.015625 0.015625
0 0.526563 0.895312 0.015625 0.015625
0 0.640625 0.896875 0.015625 0.015625
0 0.303125 0.496875 0.015625 0.015625
0 0.601562 0.832812 0.015625 0.015625
0 0.437500 0.468750 0.015625 0.015625
0 0.603125 0.764062 0.015625 0.015625
0 0.526563 0.832812 0.015625 0.015625
0 0.604688 0.632812 0.015625 0.015625
0 0.678125 0.834375 0.015625 0.015625
0 0.531250 0.500000 0.015625 0.015625
0 0.415625 0.632812 0.015625 0.015625
0 0.490625 0.634375 0.015625 0.015625
0 0.392188 0.859375 0.015625 0.015625
0 0.531250 0.635938 0.015625 0.015625
0 0.414062 0.356250 0.015625 0.015625
0 0.623437 0.798438 0.015625 0.015625
0 0.564063 0.762500 0.015625 0.015625
0 0.660937 0.796875 0.015625 0.015625
0 0.223438 0.348438 0.015625 0.015625
0 0.301563 0.631250 0.015625 0.015625
0 0.584375 0.796875 0.015625 0.015625
0 0.278125 0.857812 0.015625 0.015625
0 0.335938 0.760938 0.015625 0.015625
0 0.496875 0.434375 0.015625 0.015625
0 0.528125 0.698438 0.015625 0.015625
0 0.509375 0.796875 0.015625 0.015625
0 0.546875 0.731250 0.015625 0.015625
0 0.565625 0.698438 0.015625 0.015625
0 0.076563 0.429688 0.015625 0.015625
0 0.696875 0.931250 0.015625 0.015625
0 0.017188 0.592187 0.015625 0.015625
0 0.489063 0.762500 0.015625 0.015625
0 0.454688 0.634375 0.015625 0.015625
0 0.451562 0.762500 0.015625 0.015625
0 0.453125 0.357812 0.015625 0.015625
0 0.676562 0.896875 0.015625 0.015625
0 0.021875 0.460938 0.015625 0.015625
0 0.512500 0.468750 0.015625 0.015625
0 0.585938 0.664062 0.015625 0.015625
0 0.414062 0.762500 0.015625 0.015625
0 0.204687 0.859375 0.015625 0.015625
0 0.510938 0.731250 0.015625 0.015625
0 0.581250 0.993750 0.015625 0.015625
0 0.285938 0.531250 0.015625 0.015625
0 0.437500 0.532813 0.015625 0.015625
0 0.475000 0.467187 0.015625 0.015625
0 0.451562 0.959375 0.015625 0.015625
0 0.698438 0.798438 0.015625 0.015625
0 0.726562 0.370312 0.015625 0.015625
0 0.150000 0.626563 0.015625 0.015625
0 0.439063 0.398438 0.015625 0.015625
0 0.640625 0.764062 0.015625 0.015625
0 0.359375 0.662500 0.015625 0.015625
0 0.039062 0.557813 0.015625 0.015625
0 0.059375 0.396875 0.015625 0.015625
0 0.381250 0.432812 0.015625 0.015625
0 0.562500 0.895312 0.015625 0.015625
0 0.264062 0.629687 0.015625 0.015625
0 0.248438 0.531250 0.015625 0.015625
0 0.323437 0.662500 0.015625 0.015625
0 0.403125 0.398438 0.015625 0.015625
0 0.467187 0.795312 0.015625 0.015625
0 0.714063 0.962500 0.015625 0.015625
0 0.723437 0.435937 0.015625 0.015625
0 0.201563 0.985938 0.015625 0.015625
0 0.584375 0.862500 0.015625 0.015625
0 0.148438 0.887500 0.015625 0.015625
0 0.679688 0.764062 0.015625 0.015625
0 0.187500 0.889062 0.015625 0.015625
0 0.489063 0.895312 0.015625 0.015625
0 0.126562 0.921875 0.015625 0.015625
0 0.187500 0.626563 0.015625 0.015625
0 0.014063 0.984375 0.015625 0.015625
0 0.618750 0.929688 0.015625 0.015625
0 0.687500 0.435937 0.015625 0.015625
0 0.640625 0.960938 0.015625 0.015625
0 0.431250 0.731250 0.015625 0.015625
0 0.190625 0.429688 0.015625 0.015625
0 0.485938 0.959375 0.015625 0.015625
0 0.128125 0.857812 0.015625 0.015625
0 0.223438 0.889062 0.015625 0.015625
0 0.620313 0.993750 0.015625 0.015625
0 0.371875 0.957812 0.015625 0.015625
0 0.175000 0.923438 0.015625 0.015625
0 0.528125 0.764062 0.015625 0.015625
0 0.270313 0.431250 0.015625 0.015625
0 0.129688 0.659375 0.015625 0.015625
0 0.376563 0.356250 0.015625 0.015625
0 0.428125 0.992188 0.015625 0.015625
0 0.353125 0.859375 0.015625 0.015625
0 0.110937 0.823438 0.015625 0.015625
0 0.400000 0.464062 0.015625 0.015625
0 0.451562 0.698438 0.015625 0.015625
0 0.089063 0.789062 0.015625 0.015625
0 0.396875 0.925000 0.015625 0.015625
0 0.659375 0.993750 0.015625 0.015625
0 0.284375 0.596875 0.015625 0.015625
0 0.000000 0.557813 0.015625 0.015625
0 0.171875 0.462500 0.015625 0.015625
0 0.015625 0.789062 0.015625 0.015625
0 0.473438 0.731250 0.015625 0.015625
0 0.054688 0.525000 0.015625 0.015625
0 0.204687 0.725000 0.015625 0.015625
0 0.096875 0.659375 0.015625 0.015625
0 0.260937 0.825000 0.015625 0.015625
0 0.434375 0.664062 0.015625 0.015625
0 0.282813 0.660937 0.015625 0.015625
0 0.003125 0.429688 0.015625 0.015625
0 0.564063 0.960938 0.015625 0.015625
0 0.289062 0.464062 0.015625 0.015625
0 0.623437 0.731250 0.015625 0.015625
0 0.306250 0.431250 0.015625 0.015625
0 0.546875 0.665625 0.015625 0.015625
0 0.471875 0.667188 0.015625 0.015625
0 0.359375 0.596875 0.015625 0.015625
0 0.000000 0.687500 0.015625 0.015625
0 0.678125 0.962500 0.015625 0.015625
0 0.298438 0.350000 0.015625 0.015625
0 0.326562 0.457813 0.015625 0.015625
0 0.014063 0.720313 0.015625 0.015625
0 0.620313 0.865625 0.015625 0.015625
0 0.223438 0.826562 0.015625 0.015625
0 0.264062 0.496875 0.015625 0.015625
0 0.076563 0.559375 0.015625 0.015625
0 0.510938 0.860938 0.015625 0.015625
0 0.110937 0.757812 0.015625 0.015625
0 0.295312 0.893750 0.015625 0.015625
0 0.226562 0.495312 0.015625 0.015625
0 0.150000 0.826562 0.015625 0.015625
0 0.192188 0.495312 0.015625 0.015625
0 0.151562 0.429688 0.015625 0.015625
0 0.059375 0.460938 0.015625 0.015625
0 0.187500 0.562500 0.015625 0.015625
0 0.476562 0.398438 0.015625 0.015625
0 0.342187 0.431250 0.015625 0.015625
0 0.696875 0.995313 0.015625 0.015625
0 0.543750 0.796875 0.015625 0.015625
0 0.223438 0.759375 0.015625 0.015625
0 0.015625 0.656250 0.015625 0.015625
0 0.728125 0.993750 0.015625 0.015625
0 0.039062 0.429688 0.015625 0.015625
0 0.164062 0.726562 0.015625 0.015625
0 0.506250 0.664062 0.015625 0.015625
0 0.715625 0.896875 0.015625 0.015625
0 0.629687 0.398438 0.015625 0.015625
0 0.706250 0.404687 0.015625 0.015625
0 0.600000 0.959375 0.015625 0.015625
0 0.339062 0.351562 0.015625 0.015625
0 0.434375 0.796875 0.015625 0.015625
0 0.076563 0.695312 0.015625 0.015625
0 0.260937 0.695312 0.015625 0.015625
0 0.112500 0.626563 0.015625 0.015625
0 0.151562 0.560937 0.015625 0.015625
0 0.279687 0.729688 0.015625 0.015625
0 0.073438 0.757812 0.015625 0.015625
0 0.240625 0.659375 0.015625 0.015625
0 0.457813 0.432812 0.015625 0.015625
0 0.104688 0.956250 0.015625 0.015625
0 0.454688 0.562500 0.015625 0.015625
0 0.382812 0.632812 0.015625 0.015625
0 0.173437 0.529687 0.015625 0.015625
0 0.067187 0.884375 0.015625 0.015625
0 0.148438 0.693750 0.015625 0.015625
0 0.167187 0.857812 0.015625 0.015625
0 0.584375 0.731250 0.015625 0.015625
0 0.371875 0.890625 0.015625 0.015625
0 0.929688 0.473438 0.015625 0.015625
0 0.801562 0.373437 0.015625 0.015625
0 0.839063 0.375000 0.015625 0.015625
0 0.814063 0.600000 0.015625 0.015625
0 0.889062 0.734375 0.015625 0.015625
0 0.798438 0.501563 0.015625 0.015625
0 0.851562 0.732812 0.015625 0.015625
0 0.912500 0.506250 0.015625 0.015625
0 0.953125 0.379688 0.015625 0.015625
0 0.875000 0.439063 0.015625 0.015625
0 0.928125 0.734375 0.015625 0.015625
0 0.817187 0.468750 0.015625 0.015625
0 0.831250 0.567187 0.015625 0.015625
0 0.979688 0.903125 0.015625 0.015625
0 0.951562 0.439063 0.015625 0.015625
0 0.762500 0.501563 0.015625 0.015625
0 0.876563 0.378125 0.015625 0.015625
0 0.798438 0.437500 0.015625 0.015625
0 0.867188 0.637500 0.015625 0.015625
0 0.985938 0.571875 0.015625 0.015625
0 0.776563 0.534375 0.015625 0.015625
0 0.790625 0.964063 0.015625 0.015625
0 0.984375 0.770312 0.015625 0.015625
0 0.989062 0.442188 0.015625 0.015625
0 0.892188 0.537500 0.015625 0.015625
0 0.857812 0.470313 0.015625 0.015625
0 0.970313 0.734375 0.015625 0.015625
0 0.887500 0.800000 0.015625 0.015625
0 0.829688 0.768750 0.015625 0.015625
0 0.964063 0.671875 0.015625 0.015625
0 0.959375 0.934375 0.015625 0.015625
0 0.868750 0.570312 0.015625 0.015625
0 0.817187 0.407813 0.015625 0.015625
0 0.867188 0.768750 0.015625 0.015625
0 0.490625 0.832812 0.015625 0.015625
0 0.779687 0.468750 0.015625 0.015625
0 0.914062 0.379688 0.015625 0.015625
0 0.896875 0.470313 0.015625 0.015625
0 0.940625 0.901563 0.015625 0.015625
0 0.812500 0.731250 0.015625 0.015625
0 0.753125 0.964063 0.015625 0.015625
0 0.837500 0.501563 0.015625 0.015625
0 0.965625 0.604688 0.015625 0.015625
0 0.887500 0.671875 0.015625 0.015625
0 0.853125 0.535937 0.015625 0.015625
0 0.739062 0.470313 0.015625 0.015625
0 0.904687 0.637500 0.015625 0.015625
0 0.762500 0.370312 0.015625 0.015625
0 0.814063 0.534375 0.015625 0.015625
0 0.990625 0.381250 0.015625 0.015625
0 0.968750 0.471875 0.015625 0.015625
0 0.851562 0.670312 0.015625 0.015625
0 0.948438 0.507812 0.015625 0.015625
0 0.892188 0.409375 0.015625 0.015625
0 0.928125 0.601562 0.015625 0.015625
0 0.735938 0.929688 0.015625 0.015625
0 0.853125 0.601562 0.015625 0.015625
0 0.960938 0.868750 0.015625 0.015625
0 0.793750 0.568750 0.015625 0.015625
0 0.889062 0.601562 0.015625 0.015625
0 0.945312 0.768750 0.015625 0.015625
0 0.985938 0.837500 0.015625 0.015625
0 0.945312 0.834375 0.015625 0.015625
0 0.910937 0.837500 0.015625 0.015625
0 0.920312 0.865625 0.015625 0.015625
0 0.968750 0.539062 0.015625 0.015625
0 0.979688 0.968750 0.015625 0.015625
0 0.939063 0.965625 0.015625 0.015625
0 0.900000 0.968750 0.015625 0.015625
0 0.218750 0.954688 0.015625 0.015625
0 0.253125 0.957812 0.015625 0.015625
0 0.334375 0.957812 0.015625 0.015625
0 0.446875 0.893750 0.015625 0.015625
0 0.407813 0.892188 0.015625 0.015625
0 0.260937 0.889062 0.015625 0.015625
0 0.204687 0.920312 0.015625 0.015625
0 0.242188 0.920312 0.015625 0.015625
0 0.396875 0.795312 0.015625 0.015625
0 0.357812 0.796875 0.015625 0.015625
0 0.318750 0.792188 0.015625 0.015625
0 0.281250 0.792188 0.015625 0.015625
0 0.239063 0.793750 0.015625 0.015625
0 0.206250 0.793750 0.015625 0.015625
0 0.162500 0.793750 0.015625 0.015625
0 0.128125 0.790625 0.015625 0.015625
0 0.028125 0.887500 0.015625 0.015625
0 0.109375 0.885938 0.015625 0.015625
0 0.115625 0.689063 0.015625 0.015625
0 0.165625 0.662500 0.015625 0.015625
0 0.201563 0.662500 0.015625 0.015625
0 0.189062 0.695312 0.015625 0.015625
0 0.225000 0.693750 0.015625 0.015625
0 0.226562 0.628125 0.015625 0.015625
0 0.345313 0.631250 0.015625 0.015625
0 0.567187 0.634375 0.015625 0.015625
0 0.359375 0.728125 0.015625 0.015625
0 0.242188 0.725000 0.015625 0.015625
0 0.395313 0.729688 0.015625 0.015625
0 0.417187 0.698438 0.015625 0.015625
0 0.378125 0.698438 0.015625 0.015625
0 0.534375 0.564063 0.015625 0.015625
0 0.546875 0.600000 0.015625 0.015625
0 0.245312 0.598437 0.015625 0.015625
0 0.206250 0.595313 0.015625 0.015625
0 0.325000 0.596875 0.015625 0.015625
0 0.471875 0.601562 0.015625 0.015625
0 0.248438 0.459375 0.015625 0.015625
0 0.245312 0.398438 0.015625 0.015625
0 0.206250 0.398438 0.015625 0.015625
0 0.175000 0.395313 0.015625 0.015625
0 0.285938 0.398438 0.015625 0.015625
0 0.328125 0.398438 0.015625 0.015625
0 0.365625 0.398438 0.015625 0.015625
0 0.131250 0.395313 0.015625 0.015625
0 0.098437 0.395313 0.015625 0.015625
0 0.087500 0.370312 0.015625 0.015625
0 0.042188 0.370312 0.015625 0.015625
0 0.020313 0.395313 0.015625 0.015625
0 0.000000 0.368750 0.015625 0.015625
0 0.515625 0.400000 0.015625 0.015625
0 0.531250 0.434375 0.015625 0.015625
0 0.548438 0.470313 0.015625 0.015625
0 0.568750 0.429688 0.015625 0.015625
0 0.553125 0.403125 0.015625 0.015625
0 0.590625 0.403125 0.015625 0.015625
0 0.614062 0.435937 0.015625 0.015625
0 0.632812 0.473438 0.015625 0.015625
0 0.562500 0.498437 0.015625 0.015625
0 0.584375 0.531250 0.015625 0.015625
0 0.604688 0.568750 0.015625 0.015625
0 0.506250 0.534375 0.015625 0.015625
0 0.590625 0.596875 0.015625 0.015625
0 0.182812 0.757812 0.015625 0.015625
0 0.150000 0.759375 0.015625 0.015625
0 0.314063 0.857812 0.015625 0.015625
0 0.431250 0.857812 0.015625 0.015625
0 0.457813 0.857812 0.015625 0.015625
0 0.453125 0.832812 0.015625 0.015625
0 0.407813 0.834375 0.015625 0.015625
0 0.334375 0.834375 0.015625 0.015625
0 0.367188 0.832812 0.015625 0.015625
0 0.295312 0.831250 0.015625 0.015625
0 0.548438 0.862500 0.015625 0.015625
0 0.618750 0.601562 0.015625 0.015625
0 0.639062 0.631250 0.015625 0.015625
0 0.657813 0.660937 0.015625 0.015625
0 0.676562 0.698438 0.015625 0.015625
0 0.698438 0.734375 0.015625 0.015625
0 0.717187 0.770312 0.015625 0.015625
0 0.732812 0.801562 0.015625 0.015625
0 0.754687 0.839063 0.015625 0.015625
0 0.771875 0.867188 0.015625 0.015625
0 0.789062 0.896875 0.015625 0.015625
0 0.825000 0.965625 0.015625 0.015625
0 0.889062 0.993750 0.015625 0.015625
0 0.640625 0.562500 0.015625 0.015625
0 0.621875 0.529687 0.015625 0.015625
0 0.606250 0.496875 0.015625 0.015625
0 0.662500 0.600000 0.015625 0.015625
0 0.682813 0.639062 0.015625 0.015625
0 0.706250 0.671875 0.015625 0.015625
0 0.720313 0.704688 0.015625 0.015625
0 0.779687 0.403125 0.015625 0.015625
0 0.745313 0.401562 0.015625 0.015625
0 0.854688 0.406250 0.015625 0.015625
0 0.929688 0.412500 0.015625 0.015625
0 0.973437 0.409375 0.015625 0.015625
0 0.839063 0.437500 0.015625 0.015625
0 0.754687 0.437500 0.015625 0.015625
0 0.989062 0.504687 0.015625 0.015625
0 0.875000 0.501563 0.015625 0.015625
0 0.717187 0.501563 0.015625 0.015625
0 0.701562 0.468750 0.015625 0.015625
0 0.685937 0.503125 0.015625 0.015625
0 0.740625 0.535937 0.015625 0.015625
0 0.701562 0.535937 0.015625 0.015625
0 0.714063 0.570312 0.015625 0.015625
0 0.735938 0.603125 0.015625 0.015625
0 0.754687 0.634375 0.015625 0.015625
0 0.775000 0.664062 0.015625 0.015625
0 0.743750 0.667188 0.015625 0.015625
0 0.725000 0.631250 0.015625 0.015625
0 0.757812 0.695312 0.015625 0.015625
0 0.792188 0.703125 0.015625 0.015625
0 0.832812 0.637500 0.015625 0.015625
0 0.946875 0.635938 0.015625 0.015625
0 0.926562 0.671875 0.015625 0.015625
0 0.143750 0.954688 0.015625 0.015625
0 0.909375 0.775000 0.015625 0.015625
0 0.925000 0.800000 0.015625 0.015625
0 0.959375 0.801562 0.015625 0.015625
0 0.984375 0.704688 0.015625 0.015625
0 0.926562 0.706250 0.015625 0.015625
0 0.696875 0.365625 0.015625 0.015625
0 0.673438 0.401562 0.015625 0.015625
0 0.110937 0.496875 0.015625 0.015625
0 0.070312 0.490625 0.015625 0.015625
0 0.037500 0.492188 0.015625 0.015625
0 0.135937 0.529687 0.015625 0.015625
0 0.214062 0.529687 0.015625 0.015625
0 0.320312 0.531250 0.015625 0.015625
0 0.364063 0.531250 0.015625 0.015625
0 0.395313 0.531250 0.015625 0.015625
0 0.415625 0.557813 0.015625 0.015625
0 0.362500 0.464062 0.015625 0.015625
0 0.345313 0.500000 0.015625 0.015625
0 0.385937 0.500000 0.015625 0.015625
0 0.018750 0.526563 0.015625 0.015625
0 0.087500 0.528125 0.015625 0.015625
0 0.115625 0.428125 0.015625 0.015625
0 0.265625 0.564063 0.015625 0.015625
0 0.228125 0.564063 0.015625 0.015625
0 0.303125 0.564063 0.015625 0.015625
0 0.351562 0.564063 0.015625 0.015625
0 0.659375 0.862500 0.015625 0.015625
0 0.695312 0.862500 0.015625 0.015625
0 0.717187 0.835938 0.015625 0.015625
0 0.734375 0.865625 0.015625 0.015625
0 0.751563 0.893750 0.015625 0.015625
