0 0.900000 0.048438 0.015625 0.015625
0 0.968750 0.037500 0.015625 0.015625
0 0.964063 0.160938 0.015625 0.015625
0 0.045312 0.668750 0.015625 0.015625
0 0.273438 0.545312 0.015625 0.015625
0 0.164062 0.343750 0.015625 0.015625
0 0.196875 0.673438 0.015625 0.015625
0 0.420312 0.675000 0.015625 0.015625
0 0.543750 0.617188 0.015625 0.015625
0 0.090625 0.342187 0.015625 0.015625
0 0.346875 0.675000 0.015625 0.015625
0 0.346875 0.546875 0.015625 0.015625
0 0.271875 0.675000 0.015625 0.015625
0 0.085938 0.475000 0.015625 0.015625
0 0.242188 0.346875 0.015625 0.015625
0 0.515625 0.153125 0.015625 0.015625
0 0.164062 0.476562 0.015625 0.015625
0 0.360938 0.020313 0.015625 0.015625
0 0.046875 0.540625 0.015625 0.015625
0 0.010937 0.475000 0.015625 0.015625
0 0.512500 0.418750 0.015625 0.015625
0 0.240625 0.476562 0.015625 0.015625
0 0.435937 0.417187 0.015625 0.015625
0 0.646875 0.551562 0.015625 0.015625
0 0.314063 0.346875 0.015625 0.015625
0 0.084375 0.601562 0.015625 0.015625
0 0.498437 0.678125 0.015625 0.015625
0 0.310937 0.743750 0.015625 0.015625
0 0.460938 0.746875 0.015625 0.015625
0 0.501563 0.548438 0.015625 0.015625
0 0.160938 0.604688 0.015625 0.015625
0 0.314063 0.478125 0.015625 0.015625
0 0.615625 0.617188 0.015625 0.015625
0 0.421875 0.548438 0.015625 0.015625
0 0.360938 0.151562 0.015625 0.015625
0 0.118750 0.668750 0.015625 0.015625
0 0.546875 0.348438 0.015625 0.015625
0 0.582812 0.548438 0.015625 0.015625
0 0.010937 0.603125 0.015625 0.015625
0 0.465625 0.615625 0.015625 0.015625
0 0.237500 0.609375 0.015625 0.015625
0 0.312500 0.610938 0.015625 0.015625
0 0.120313 0.542188 0.015625 0.015625
0 0.012500 0.343750 0.015625 0.015625
0 0.198437 0.543750 0.015625 0.015625
0 0.470313 0.348438 0.015625 0.015625
0 0.470313 0.220312 0.015625 0.015625
0 0.156250 0.735938 0.015625 0.015625
0 0.287500 0.150000 0.015625 0.015625
0 0.125000 0.410938 0.015625 0.015625
0 0.015625 0.214062 0.015625 0.015625
0 0.385937 0.745313 0.015625 0.015625
0 0.465625 0.485938 0.015625 0.015625
0 0.060937 0.146875 0.015625 0.015625
0 0.437500 0.151562 0.015625 0.015625
0 0.389062 0.479687 0.015625 0.015625
0 0.198437 0.285938 0.015625 0.015625
0 0.314063 0.215625 0.015625 0.015625
0 0.396875 0.087500 0.015625 0.015625
0 0.232813 0.742188 0.015625 0.015625
0 0.393750 0.221875 0.015625 0.015625
0 0.050000 0.409375 0.015625 0.015625
0 0.200000 0.406250 0.015625 0.015625
0 0.345313 0.287500 0.015625 0.015625
0 0.585938 0.420312 0.015625 0.015625
0 0.550000 0.221875 0.015625 0.015625
0 0.592187 0.159375 0.015625 0.015625
0 0.350000 0.412500 0.015625 0.015625
0 0.321875 0.087500 0.015625 0.015625
0 0.629687 0.351562 0.015625 0.015625
0 0.282813 0.410938 0.015625 0.015625
0 0.582812 0.679688 0.015625 0.015625
0 0.431250 0.287500 0.015625 0.015625
0 0.389062 0.612500 0.015625 0.015625
0 0.060937 0.018750 0.015625 0.015625
0 0.812500 0.684375 0.015625 0.015625
0 0.739062 0.292187 0.015625 0.015625
0 0.770312 0.495312 0.015625 0.015625
0 0.739062 0.423438 0.015625 0.015625
0 0.735938 0.679688 0.015625 0.015625
0 0.845313 0.492188 0.015625 0.015625
0 0.884375 0.685937 0.015625 0.015625
0 0.812500 0.425000 0.015625 0.015625
0 0.890625 0.426563 0.015625 0.015625
0 0.884375 0.554688 0.015625 0.015625
0 0.167187 0.215625 0.015625 0.015625
0 0.768750 0.618750 0.015625 0.015625
0 0.960938 0.687500 0.015625 0.015625
0 0.740625 0.165625 0.015625 0.015625
0 0.964063 0.426563 0.015625 0.015625
0 0.698438 0.098437 0.015625 0.015625
0 0.809375 0.551562 0.015625 0.015625
0 0.495312 0.810937 0.015625 0.015625
0 0.420312 0.810937 0.015625 0.015625
0 0.535937 0.871875 0.015625 0.015625
0 0.267188 0.935937 0.015625 0.015625
0 0.157812 0.864062 0.015625 0.015625
0 0.573438 0.940625 0.015625 0.015625
0 0.495312 0.939063 0.015625 0.015625
0 0.573438 0.814063 0.015625 0.015625
0 0.192188 0.801562 0.015625 0.015625
0 0.118750 0.800000 0.015625 0.015625
0 0.692187 0.878125 0.015625 0.015625
0 0.768750 0.751563 0.015625 0.015625
0 0.614062 0.871875 0.015625 0.015625
0 0.842187 0.753125 0.015625 0.015625
0 0.773438 0.360938 0.015625 0.015625
0 0.023438 0.087500 0.015625 0.015625
0 0.098437 0.084375 0.015625 0.015625
0 0.167187 0.084375 0.015625 0.015625
0 0.132812 0.137500 0.015625 0.015625
0 0.206250 0.153125 0.015625 0.015625
0 0.437500 0.028125 0.015625 0.015625
0 0.479687 0.095312 0.015625 0.015625
0 0.546875 0.095312 0.015625 0.015625
0 0.639062 0.090625 0.015625 0.015625
0 0.212500 0.017188 0.015625 0.015625
0 0.279687 0.018750 0.015625 0.015625
0 0.253125 0.089063 0.015625 0.015625
0 0.671875 0.167187 0.015625 0.015625
0 0.585938 0.295312 0.015625 0.015625
0 0.657813 0.295312 0.015625 0.015625
0 0.515625 0.292187 0.015625 0.015625
0 0.278125 0.284375 0.015625 0.015625
0 0.126562 0.279687 0.015625 0.015625
0 0.031250 0.278125 0.015625 0.015625
0 0.607812 0.462500 0.015625 0.015625
0 0.075000 0.731250 0.015625 0.015625
0 0.046875 0.801562 0.015625 0.015625
0 0.737500 0.553125 0.015625 0.015625
0 0.654687 0.681250 0.015625 0.015625
0 0.659375 0.812500 0.015625 0.015625
0 0.729688 0.814063 0.015625 0.015625
0 0.804688 0.817187 0.015625 0.015625
0 0.875000 0.817187 0.015625 0.015625
0 0.771875 0.884375 0.015625 0.015625
0 0.845313 0.889062 0.015625 0.015625
0 0.907813 0.887500 0.015625 0.015625
0 0.882812 0.956250 0.015625 0.015625
0 0.967187 0.954688 0.015625 0.015625
0 0.807813 0.957812 0.015625 0.015625
0 0.714063 0.948438 0.015625 0.015625
0 0.650000 0.948438 0.015625 0.015625
0 0.420312 0.937500 0.015625 0.015625
0 0.329688 0.937500 0.015625 0.015625
0 0.242188 0.217188 0.015625 0.015625
0 0.620313 0.225000 0.015625 0.015625
0 0.700000 0.225000 0.015625 0.015625
0 0.779687 0.221875 0.015625 0.015625
0 0.814063 0.164062 0.015625 0.015625
0 0.776563 0.098437 0.015625 0.015625
0 0.515625 0.020313 0.015625 0.015625
0 0.090625 0.210938 0.015625 0.015625
0 0.051562 0.935937 0.015625 0.015625
0 0.181250 0.929688 0.015625 0.015625
0 0.079687 0.864062 0.015625 0.015625
0 0.245312 0.870313 0.015625 0.015625
0 0.314063 0.867188 0.015625 0.015625
0 0.387500 0.873437 0.015625 0.015625
0 0.456250 0.870313 0.015625 0.015625
0 0.921875 0.760938 0.015625 0.015625
0 0.995313 0.753125 0.015625 0.015625
0 0.954688 0.562500 0.015625 0.015625
0 0.998437 0.489063 0.015625 0.015625
0 0.917188 0.335938 0.015625 0.015625
0 0.926562 0.365625 0.015625 0.015625
0 0.695312 0.354687 0.015625 0.015625
0 0.817187 0.289062 0.015625 0.015625
0 0.846875 0.225000 0.015625 0.015625
0 0.673438 0.025000 0.015625 0.015625
0 0.589063 0.031250 0.015625 0.015625
0 0.721875 0.015625 0.015625 0.015625
0 0.928125 0.096875 0.015625 0.015625
