0 0.051562 0.968750 0.015625 0.015625
0 0.126562 0.970313 0.015625 0.015625
0 0.195312 0.975000 0.015625 0.015625
0 0.256250 0.978125 0.015625 0.015625
0 0.026562 0.912500 0.015625 0.015625
0 0.098437 0.915625 0.015625 0.015625
0 0.179688 0.920312 0.015625 0.015625
0 0.270313 0.923438 0.015625 0.015625
0 0.350000 0.925000 0.015625 0.015625
0 0.326562 0.979688 0.015625 0.015625
0 0.423438 0.923438 0.015625 0.015625
0 0.496875 0.926562 0.015625 0.015625
0 0.581250 0.932813 0.015625 0.015625
0 0.653125 0.932813 0.015625 0.015625
0 0.726562 0.939063 0.015625 0.015625
0 0.803125 0.940625 0.015625 0.015625
0 0.882812 0.945312 0.015625 0.015625
0 0.956250 0.940625 0.015625 0.015625
