0 0.323437 0.448437 0.015625 0.015625
0 0.025000 0.448437 0.015625 0.015625
0 0.101562 0.448437 0.015625 0.015625
0 0.620313 0.453125 0.015625 0.015625
0 0.471875 0.456250 0.015625 0.015625
0 0.543750 0.456250 0.015625 0.015625
0 0.695312 0.456250 0.015625 0.015625
0 0.179688 0.457813 0.015625 0.015625
0 0.776563 0.459375 0.015625 0.015625
0 0.284375 0.515625 0.015625 0.015625
0 0.062500 0.515625 0.015625 0.015625
0 0.134375 0.517188 0.015625 0.015625
0 0.506250 0.520312 0.015625 0.015625
0 0.434375 0.520312 0.015625 0.015625
0 0.585938 0.523438 0.015625 0.015625
0 0.215625 0.525000 0.015625 0.015625
0 0.656250 0.529687 0.015625 0.015625
0 0.362500 0.531250 0.015625 0.015625
0 0.732812 0.531250 0.015625 0.015625
0 0.884375 0.535937 0.015625 0.015625
0 0.807813 0.537500 0.015625 0.015625
0 0.020313 0.579688 0.015625 0.015625
0 0.168750 0.582812 0.015625 0.015625
0 0.545312 0.582812 0.015625 0.015625
0 0.092188 0.584375 0.015625 0.015625
0 0.467187 0.587500 0.015625 0.015625
0 0.389062 0.592187 0.015625 0.015625
0 0.982812 0.593750 0.015625 0.015625
0 0.612500 0.600000 0.015625 0.015625
0 0.690625 0.603125 0.015625 0.015625
0 0.762500 0.607812 0.015625 0.015625
0 0.842187 0.609375 0.015625 0.015625
0 0.204687 0.640625 0.015625 0.015625
0 0.284375 0.646875 0.015625 0.015625
0 0.423438 0.651563 0.015625 0.015625
0 0.507812 0.653125 0.015625 0.015625
0 0.912500 0.667188 0.015625 0.015625
0 0.356250 0.701562 0.015625 0.015625
0 0.218750 0.703125 0.015625 0.015625
0 0.773438 0.704688 0.015625 0.015625
0 0.617188 0.710938 0.015625 0.015625
0 0.853125 0.717187 0.015625 0.015625
0 0.992188 0.718750 0.015625 0.015625
0 0.660937 0.771875 0.015625 0.015625
0 0.735938 0.771875 0.015625 0.015625
0 0.810937 0.784375 0.015625 0.015625
0 0.885938 0.785937 0.015625 0.015625
0 0.534375 0.795312 0.015625 0.015625
0 0.317188 0.831250 0.015625 0.015625
0 0.781250 0.840625 0.015625 0.015625
0 0.918750 0.846875 0.015625 0.015625
0 0.998437 0.846875 0.015625 0.015625
0 0.850000 0.850000 0.015625 0.015625
0 0.565625 0.887500 0.015625 0.015625
0 0.334375 0.901563 0.015625 0.015625
0 0.735938 0.903125 0.015625 0.015625
0 0.881250 0.910937 0.015625 0.015625
0 0.962500 0.915625 0.015625 0.015625
0 0.654687 0.946875 0.015625 0.015625
0 0.735938 0.957812 0.015625 0.015625
0 0.923438 0.976562 0.015625 0.015625
0 0.998437 0.982812 0.015625 0.015625
0 0.842187 0.460938 0.015625 0.015625
