0 0.021875 0.145313 0.015625 0.015625
0 0.059375 0.146875 0.015625 0.015625
0 0.075000 0.168750 0.015625 0.015625
0 0.037500 0.175000 0.015625 0.015625
0 0.148438 0.198437 0.015625 0.015625
0 0.109375 0.200000 0.015625 0.015625
0 0.068750 0.201563 0.015625 0.015625
0 0.029687 0.204687 0.015625 0.015625
0 0.160938 0.231250 0.015625 0.015625
0 0.242188 0.232813 0.015625 0.015625
0 0.089063 0.232813 0.015625 0.015625
0 0.392188 0.232813 0.015625 0.015625
0 0.125000 0.232813 0.015625 0.015625
0 0.046875 0.234375 0.015625 0.015625
0 0.276562 0.234375 0.015625 0.015625
0 0.200000 0.234375 0.015625 0.015625
0 0.354687 0.235937 0.015625 0.015625
0 0.429688 0.235937 0.015625 0.015625
0 0.309375 0.237500 0.015625 0.015625
0 0.542188 0.240625 0.015625 0.015625
0 0.501563 0.240625 0.015625 0.015625
0 0.651563 0.242188 0.015625 0.015625
0 0.685937 0.242188 0.015625 0.015625
0 0.734375 0.243750 0.015625 0.015625
0 0.614062 0.243750 0.015625 0.015625
0 0.576562 0.245312 0.015625 0.015625
0 0.993750 0.251563 0.015625 0.015625
0 0.106250 0.264062 0.015625 0.015625
0 0.137500 0.268750 0.015625 0.015625
0 0.212500 0.268750 0.015625 0.015625
0 0.179688 0.268750 0.015625 0.015625
0 0.370312 0.268750 0.015625 0.015625
0 0.332813 0.270313 0.015625 0.015625
0 0.254688 0.270313 0.015625 0.015625
0 0.292187 0.270313 0.015625 0.015625
0 0.059375 0.270313 0.015625 0.015625
0 0.409375 0.271875 0.015625 0.015625
0 0.446875 0.271875 0.015625 0.015625
0 0.598437 0.275000 0.015625 0.015625
0 0.559375 0.275000 0.015625 0.015625
0 0.481250 0.275000 0.015625 0.015625
0 0.635938 0.275000 0.015625 0.015625
0 0.517188 0.276562 0.015625 0.015625
0 0.710938 0.276562 0.015625 0.015625
0 0.750000 0.278125 0.015625 0.015625
0 0.785937 0.278125 0.015625 0.015625
0 0.671875 0.278125 0.015625 0.015625
0 0.825000 0.279687 0.015625 0.015625
0 0.971875 0.281250 0.015625 0.015625
0 0.937500 0.281250 0.015625 0.015625
0 0.898438 0.281250 0.015625 0.015625
0 0.864062 0.282813 0.015625 0.015625
0 0.195312 0.300000 0.015625 0.015625
0 0.235937 0.300000 0.015625 0.015625
0 0.154688 0.303125 0.015625 0.015625
0 0.350000 0.304688 0.015625 0.015625
0 0.273438 0.304688 0.015625 0.015625
0 0.387500 0.304688 0.015625 0.015625
0 0.426563 0.304688 0.015625 0.015625
0 0.542188 0.306250 0.015625 0.015625
0 0.462500 0.306250 0.015625 0.015625
0 0.312500 0.306250 0.015625 0.015625
0 0.503125 0.307812 0.015625 0.015625
0 0.581250 0.309375 0.015625 0.015625
0 0.618750 0.309375 0.015625 0.015625
0 0.729688 0.309375 0.015625 0.015625
0 0.690625 0.309375 0.015625 0.015625
0 0.653125 0.310937 0.015625 0.015625
0 0.767188 0.310937 0.015625 0.015625
0 0.843750 0.312500 0.015625 0.015625
0 0.882812 0.312500 0.015625 0.015625
0 0.804688 0.312500 0.015625 0.015625
0 0.920312 0.312500 0.015625 0.015625
0 0.954688 0.314063 0.015625 0.015625
0 0.993750 0.317188 0.015625 0.015625
0 0.484375 0.335938 0.015625 0.015625
0 0.406250 0.339062 0.015625 0.015625
0 0.443750 0.339062 0.015625 0.015625
0 0.523438 0.340625 0.015625 0.015625
0 0.559375 0.342187 0.015625 0.015625
0 0.825000 0.342187 0.015625 0.015625
0 0.598437 0.343750 0.015625 0.015625
0 0.710938 0.343750 0.015625 0.015625
0 0.746875 0.343750 0.015625 0.015625
0 0.785937 0.343750 0.015625 0.015625
0 0.862500 0.343750 0.015625 0.015625
0 0.634375 0.345313 0.015625 0.015625
0 0.671875 0.345313 0.015625 0.015625
0 0.898438 0.345313 0.015625 0.015625
0 0.970313 0.348438 0.015625 0.015625
0 0.389062 0.367188 0.015625 0.015625
0 0.804688 0.375000 0.015625 0.015625
0 0.843750 0.375000 0.015625 0.015625
0 0.726562 0.375000 0.015625 0.015625
0 0.767188 0.375000 0.015625 0.015625
0 0.882812 0.376563 0.015625 0.015625
0 0.690625 0.376563 0.015625 0.015625
0 0.576562 0.378125 0.015625 0.015625
0 0.918750 0.379688 0.015625 0.015625
0 0.989062 0.379688 0.015625 0.015625
0 0.951562 0.379688 0.015625 0.015625
0 0.448437 0.393750 0.015625 0.015625
0 0.409375 0.393750 0.015625 0.015625
0 0.484375 0.395313 0.015625 0.015625
0 0.525000 0.395313 0.015625 0.015625
0 0.859375 0.410938 0.015625 0.015625
0 0.975000 0.412500 0.015625 0.015625
0 0.935937 0.414062 0.015625 0.015625
0 0.821875 0.415625 0.015625 0.015625
0 0.721875 0.418750 0.015625 0.015625
0 0.685937 0.421875 0.015625 0.015625
0 0.426563 0.426563 0.015625 0.015625
0 0.543750 0.426563 0.015625 0.015625
0 0.467187 0.426563 0.015625 0.015625
0 0.654687 0.428125 0.015625 0.015625
0 0.617188 0.428125 0.015625 0.015625
0 0.579688 0.428125 0.015625 0.015625
0 0.764062 0.429688 0.015625 0.015625
0 0.992188 0.446875 0.015625 0.015625
0 0.726562 0.450000 0.015625 0.015625
0 0.521875 0.459375 0.015625 0.015625
0 0.559375 0.460938 0.015625 0.015625
0 0.635938 0.460938 0.015625 0.015625
0 0.446875 0.460938 0.015625 0.015625
0 0.595313 0.462500 0.015625 0.015625
0 0.673438 0.464062 0.015625 0.015625
0 0.482812 0.465625 0.015625 0.015625
0 0.859375 0.468750 0.015625 0.015625
0 0.700000 0.481250 0.015625 0.015625
0 0.534375 0.496875 0.015625 0.015625
0 0.614062 0.496875 0.015625 0.015625
0 0.651563 0.496875 0.015625 0.015625
0 0.917188 0.501563 0.015625 0.015625
0 0.993750 0.501563 0.015625 0.015625
0 0.801562 0.503125 0.015625 0.015625
0 0.556250 0.525000 0.015625 0.015625
0 0.596875 0.525000 0.015625 0.015625
0 0.671875 0.526563 0.015625 0.015625
0 0.748437 0.528125 0.015625 0.015625
0 0.710938 0.528125 0.015625 0.015625
0 0.484375 0.528125 0.015625 0.015625
0 0.634375 0.529687 0.015625 0.015625
0 0.823438 0.529687 0.015625 0.015625
0 0.785937 0.531250 0.015625 0.015625
0 0.937500 0.535937 0.015625 0.015625
0 0.975000 0.535937 0.015625 0.015625
0 0.576562 0.556250 0.015625 0.015625
0 0.656250 0.556250 0.015625 0.015625
0 0.698438 0.557813 0.015625 0.015625
0 0.498437 0.560937 0.015625 0.015625
0 0.729688 0.560937 0.015625 0.015625
0 0.612500 0.562500 0.015625 0.015625
0 0.765625 0.564063 0.015625 0.015625
0 0.917188 0.567187 0.015625 0.015625
0 0.801562 0.567187 0.015625 0.015625
0 0.957812 0.568750 0.015625 0.015625
0 0.993750 0.570312 0.015625 0.015625
0 0.557813 0.584375 0.015625 0.015625
0 0.520312 0.590625 0.015625 0.015625
0 0.634375 0.592187 0.015625 0.015625
0 0.709375 0.593750 0.015625 0.015625
0 0.746875 0.595313 0.015625 0.015625
0 0.671875 0.596875 0.015625 0.015625
0 0.823438 0.596875 0.015625 0.015625
0 0.785937 0.596875 0.015625 0.015625
0 0.860938 0.598437 0.015625 0.015625
0 0.898438 0.600000 0.015625 0.015625
0 0.937500 0.600000 0.015625 0.015625
0 0.976562 0.601562 0.015625 0.015625
0 0.537500 0.621875 0.015625 0.015625
0 0.575000 0.625000 0.015625 0.015625
0 0.692187 0.625000 0.015625 0.015625
0 0.765625 0.626563 0.015625 0.015625
0 0.612500 0.628125 0.015625 0.015625
0 0.725000 0.628125 0.015625 0.015625
0 0.803125 0.629687 0.015625 0.015625
0 0.842187 0.629687 0.015625 0.015625
0 0.657813 0.631250 0.015625 0.015625
0 0.876563 0.631250 0.015625 0.015625
0 0.915625 0.631250 0.015625 0.015625
0 0.993750 0.632812 0.015625 0.015625
0 0.956250 0.632812 0.015625 0.015625
0 0.628125 0.646875 0.015625 0.015625
0 0.559375 0.648438 0.015625 0.015625
0 0.593750 0.651563 0.015625 0.015625
0 0.714063 0.657813 0.015625 0.015625
0 0.675000 0.659375 0.015625 0.015625
0 0.784375 0.660937 0.015625 0.015625
0 0.746875 0.660937 0.015625 0.015625
0 0.859375 0.660937 0.015625 0.015625
0 0.898438 0.664062 0.015625 0.015625
0 0.975000 0.665625 0.015625 0.015625
0 0.935937 0.665625 0.015625 0.015625
0 0.612500 0.679688 0.015625 0.015625
0 0.650000 0.685937 0.015625 0.015625
0 0.687500 0.692187 0.015625 0.015625
0 0.804688 0.693750 0.015625 0.015625
0 0.762500 0.693750 0.015625 0.015625
0 0.723437 0.695312 0.015625 0.015625
0 0.839063 0.695312 0.015625 0.015625
0 0.878125 0.696875 0.015625 0.015625
0 0.915625 0.696875 0.015625 0.015625
0 0.953125 0.700000 0.015625 0.015625
0 0.992188 0.701562 0.015625 0.015625
0 0.589063 0.720313 0.015625 0.015625
0 0.668750 0.721875 0.015625 0.015625
0 0.635938 0.721875 0.015625 0.015625
0 0.785937 0.725000 0.015625 0.015625
0 0.743750 0.726562 0.015625 0.015625
0 0.707812 0.726562 0.015625 0.015625
0 0.821875 0.726562 0.015625 0.015625
0 0.857812 0.729688 0.015625 0.015625
0 0.896875 0.729688 0.015625 0.015625
0 0.973437 0.731250 0.015625 0.015625
0 0.934375 0.732812 0.015625 0.015625
0 0.646875 0.754687 0.015625 0.015625
0 0.685937 0.756250 0.015625 0.015625
0 0.723437 0.757812 0.015625 0.015625
0 0.800000 0.760938 0.015625 0.015625
0 0.760938 0.760938 0.015625 0.015625
0 0.875000 0.760938 0.015625 0.015625
0 0.837500 0.762500 0.015625 0.015625
0 0.664062 0.785937 0.015625 0.015625
0 0.701562 0.787500 0.015625 0.015625
0 0.743750 0.790625 0.015625 0.015625
0 0.782813 0.790625 0.015625 0.015625
0 0.820312 0.792188 0.015625 0.015625
0 0.857812 0.793750 0.015625 0.015625
0 0.932813 0.793750 0.015625 0.015625
0 0.895312 0.795312 0.015625 0.015625
0 0.970313 0.798438 0.015625 0.015625
0 0.723437 0.818750 0.015625 0.015625
0 0.760938 0.821875 0.015625 0.015625
0 0.682813 0.823438 0.015625 0.015625
0 0.800000 0.825000 0.015625 0.015625
0 0.835938 0.826562 0.015625 0.015625
0 0.875000 0.828125 0.015625 0.015625
0 0.914062 0.829688 0.015625 0.015625
0 0.950000 0.829688 0.015625 0.015625
0 0.989062 0.831250 0.015625 0.015625
0 0.635938 0.835938 0.015625 0.015625
0 0.704688 0.846875 0.015625 0.015625
0 0.670312 0.846875 0.015625 0.015625
0 0.742188 0.853125 0.015625 0.015625
0 0.779687 0.857812 0.015625 0.015625
0 0.820312 0.857812 0.015625 0.015625
0 0.856250 0.859375 0.015625 0.015625
0 0.895312 0.859375 0.015625 0.015625
0 0.970313 0.860938 0.015625 0.015625
0 0.934375 0.860938 0.015625 0.015625
0 0.684375 0.879687 0.015625 0.015625
0 0.725000 0.881250 0.015625 0.015625
0 0.801562 0.885938 0.015625 0.015625
0 0.759375 0.887500 0.015625 0.015625
0 0.835938 0.892188 0.015625 0.015625
0 0.951562 0.892188 0.015625 0.015625
0 0.873437 0.892188 0.015625 0.015625
0 0.987500 0.892188 0.015625 0.015625
0 0.912500 0.893750 0.015625 0.015625
0 0.743750 0.912500 0.015625 0.015625
0 0.703125 0.918750 0.015625 0.015625
0 0.778125 0.921875 0.015625 0.015625
0 0.854688 0.921875 0.015625 0.015625
0 0.814063 0.921875 0.015625 0.015625
0 0.895312 0.923438 0.015625 0.015625
0 0.931250 0.923438 0.015625 0.015625
0 0.970313 0.925000 0.015625 0.015625
0 0.798438 0.950000 0.015625 0.015625
0 0.721875 0.950000 0.015625 0.015625
0 0.760938 0.951562 0.015625 0.015625
0 0.871875 0.954688 0.015625 0.015625
0 0.910937 0.957812 0.015625 0.015625
0 0.948438 0.959375 0.015625 0.015625
0 0.987500 0.959375 0.015625 0.015625
0 0.821875 0.970313 0.015625 0.015625
0 0.748437 0.979688 0.015625 0.015625
0 0.782813 0.981250 0.015625 0.015625
0 0.890625 0.987500 0.015625 0.015625
0 0.964063 0.992188 0.015625 0.015625
0 0.934375 0.998437 0.015625 0.015625
0 0.879687 0.501563 0.015625 0.015625
0 0.957812 0.504687 0.015625 0.015625
0 0.859375 0.532813 0.015625 0.015625
0 0.873437 0.562500 0.015625 0.015625
0 0.834375 0.567187 0.015625 0.015625
0 0.762500 0.498437 0.015625 0.015625
0 0.951562 0.440625 0.015625 0.015625
0 0.896875 0.409375 0.015625 0.015625
0 0.931250 0.348438 0.015625 0.015625
0 0.954688 0.243750 0.015625 0.015625
0 0.910937 0.245312 0.015625 0.015625
0 0.871875 0.243750 0.015625 0.015625
0 0.618750 0.371875 0.015625 0.015625
0 0.654687 0.371875 0.015625 0.015625
0 0.946875 0.762500 0.015625 0.015625
0 0.914062 0.762500 0.015625 0.015625
0 0.987500 0.767188 0.015625 0.015625
