0 0.062500 0.168750 0.015625 0.015625
0 0.135937 0.171875 0.015625 0.015625
0 0.093750 0.096875 0.015625 0.015625
0 0.028125 0.093750 0.015625 0.015625
0 0.225000 0.171875 0.015625 0.015625
0 0.182812 0.098437 0.015625 0.015625
0 0.296875 0.170313 0.015625 0.015625
0 0.370312 0.175000 0.015625 0.015625
0 0.446875 0.173437 0.015625 0.015625
0 0.521875 0.176563 0.015625 0.015625
0 0.593750 0.176563 0.015625 0.015625
0 0.668750 0.181250 0.015625 0.015625
0 0.742188 0.181250 0.015625 0.015625
0 0.785937 0.114062 0.015625 0.015625
0 0.828125 0.175000 0.015625 0.015625
0 0.859375 0.110937 0.015625 0.015625
0 0.896875 0.171875 0.015625 0.015625
0 0.934375 0.114062 0.015625 0.015625
0 0.976562 0.179688 0.015625 0.015625
0 0.023438 0.231250 0.015625 0.015625
0 0.100000 0.231250 0.015625 0.015625
0 0.173437 0.232813 0.015625 0.015625
0 0.264062 0.240625 0.015625 0.015625
0 0.342187 0.240625 0.015625 0.015625
0 0.396875 0.243750 0.015625 0.015625
0 0.484375 0.245312 0.015625 0.015625
0 0.557813 0.243750 0.015625 0.015625
0 0.635938 0.245312 0.015625 0.015625
0 0.337500 0.110937 0.015625 0.015625
0 0.410938 0.112500 0.015625 0.015625
0 0.479687 0.110937 0.015625 0.015625
0 0.559375 0.112500 0.015625 0.015625
0 0.635938 0.110937 0.015625 0.015625
0 0.709375 0.110937 0.015625 0.015625
0 0.782813 0.250000 0.015625 0.015625
0 0.856250 0.254688 0.015625 0.015625
0 0.928125 0.254688 0.015625 0.015625
0 0.064062 0.035937 0.015625 0.015625
0 0.231250 0.042188 0.015625 0.015625
0 0.293750 0.042188 0.015625 0.015625
0 0.371875 0.045312 0.015625 0.015625
0 0.448437 0.046875 0.015625 0.015625
0 0.523438 0.048438 0.015625 0.015625
0 0.596875 0.048438 0.015625 0.015625
0 0.757812 0.050000 0.015625 0.015625
0 0.828125 0.053125 0.015625 0.015625
0 0.893750 0.054688 0.015625 0.015625
0 0.979688 0.056250 0.015625 0.015625
0 0.059375 0.296875 0.015625 0.015625
0 0.135937 0.296875 0.015625 0.015625
0 0.215625 0.298438 0.015625 0.015625
0 0.290625 0.306250 0.015625 0.015625
0 0.442188 0.307812 0.015625 0.015625
0 0.525000 0.309375 0.015625 0.015625
0 0.596875 0.307812 0.015625 0.015625
0 0.664062 0.307812 0.015625 0.015625
0 0.748437 0.310937 0.015625 0.015625
0 0.812500 0.314063 0.015625 0.015625
0 0.895312 0.314063 0.015625 0.015625
0 0.970313 0.315625 0.015625 0.015625
0 0.026562 0.368750 0.015625 0.015625
0 0.054688 0.432812 0.015625 0.015625
0 0.101562 0.370312 0.015625 0.015625
0 0.135937 0.434375 0.015625 0.015625
0 0.171875 0.370312 0.015625 0.015625
0 0.206250 0.434375 0.015625 0.015625
0 0.245312 0.376563 0.015625 0.015625
0 0.285938 0.439063 0.015625 0.015625
0 0.328125 0.375000 0.015625 0.015625
0 0.368750 0.435937 0.015625 0.015625
0 0.404687 0.378125 0.015625 0.015625
0 0.445312 0.440625 0.015625 0.015625
0 0.481250 0.379688 0.015625 0.015625
0 0.518750 0.439063 0.015625 0.015625
0 0.556250 0.381250 0.015625 0.015625
0 0.596875 0.442188 0.015625 0.015625
0 0.610938 0.382812 0.015625 0.015625
0 0.662500 0.442188 0.015625 0.015625
0 0.662500 0.382812 0.015625 0.015625
0 0.740625 0.442188 0.015625 0.015625
0 0.740625 0.379688 0.015625 0.015625
0 0.810937 0.451562 0.015625 0.015625
0 0.895312 0.446875 0.015625 0.015625
0 0.907813 0.387500 0.015625 0.015625
0 0.965625 0.453125 0.015625 0.015625
0 0.021875 0.501563 0.015625 0.015625
0 0.065625 0.570312 0.015625 0.015625
0 0.106250 0.496875 0.015625 0.015625
0 0.129688 0.570312 0.015625 0.015625
0 0.165625 0.500000 0.015625 0.015625
0 0.212500 0.565625 0.015625 0.015625
0 0.257812 0.490625 0.015625 0.015625
0 0.287500 0.562500 0.015625 0.015625
0 0.331250 0.504687 0.015625 0.015625
0 0.364063 0.570312 0.015625 0.015625
0 0.404687 0.500000 0.015625 0.015625
0 0.442188 0.567187 0.015625 0.015625
0 0.481250 0.503125 0.015625 0.015625
0 0.514062 0.573438 0.015625 0.015625
0 0.551562 0.509375 0.015625 0.015625
0 0.587500 0.573438 0.015625 0.015625
0 0.626563 0.507812 0.015625 0.015625
0 0.662500 0.578125 0.015625 0.015625
0 0.701562 0.520312 0.015625 0.015625
0 0.781250 0.518750 0.015625 0.015625
0 0.817187 0.576562 0.015625 0.015625
0 0.854688 0.518750 0.015625 0.015625
0 0.904687 0.579688 0.015625 0.015625
0 0.940625 0.517188 0.015625 0.015625
0 0.967187 0.584375 0.015625 0.015625
0 0.023438 0.632812 0.015625 0.015625
0 0.095312 0.632812 0.015625 0.015625
0 0.170313 0.634375 0.015625 0.015625
0 0.250000 0.635938 0.015625 0.015625
0 0.314063 0.635938 0.015625 0.015625
0 0.282813 0.703125 0.015625 0.015625
0 0.359375 0.701562 0.015625 0.015625
0 0.407813 0.639062 0.015625 0.015625
0 0.476562 0.637500 0.015625 0.015625
0 0.554688 0.637500 0.015625 0.015625
0 0.626563 0.642188 0.015625 0.015625
0 0.698438 0.643750 0.015625 0.015625
0 0.740625 0.704688 0.015625 0.015625
0 0.775000 0.650000 0.015625 0.015625
0 0.812500 0.707812 0.015625 0.015625
0 0.864062 0.651563 0.015625 0.015625
0 0.896875 0.717187 0.015625 0.015625
0 0.929688 0.654687 0.015625 0.015625
0 0.970313 0.709375 0.015625 0.015625
0 0.010937 0.760938 0.015625 0.015625
0 0.059375 0.831250 0.015625 0.015625
0 0.104688 0.762500 0.015625 0.015625
0 0.140625 0.832812 0.015625 0.015625
0 0.165625 0.770312 0.015625 0.015625
0 0.204687 0.839063 0.015625 0.015625
0 0.248438 0.768750 0.015625 0.015625
0 0.276562 0.835938 0.015625 0.015625
0 0.321875 0.768750 0.015625 0.015625
0 0.348438 0.839063 0.015625 0.015625
0 0.393750 0.771875 0.015625 0.015625
0 0.434375 0.829688 0.015625 0.015625
0 0.460938 0.773438 0.015625 0.015625
0 0.507812 0.840625 0.015625 0.015625
0 0.543750 0.778125 0.015625 0.015625
0 0.582812 0.834375 0.015625 0.015625
0 0.618750 0.771875 0.015625 0.015625
0 0.659375 0.842187 0.015625 0.015625
0 0.706250 0.790625 0.015625 0.015625
0 0.742188 0.842187 0.015625 0.015625
0 0.779687 0.782813 0.015625 0.015625
0 0.857812 0.779687 0.015625 0.015625
0 0.890625 0.843750 0.015625 0.015625
0 0.932813 0.782813 0.015625 0.015625
0 0.009375 0.893750 0.015625 0.015625
0 0.090625 0.892188 0.015625 0.015625
0 0.162500 0.890625 0.015625 0.015625
0 0.239063 0.892188 0.015625 0.015625
0 0.315625 0.893750 0.015625 0.015625
0 0.195312 0.960938 0.015625 0.015625
0 0.275000 0.956250 0.015625 0.015625
0 0.359375 0.960938 0.015625 0.015625
0 0.387500 0.896875 0.015625 0.015625
0 0.429688 0.967187 0.015625 0.015625
0 0.468750 0.904687 0.015625 0.015625
0 0.548438 0.910937 0.015625 0.015625
0 0.700000 0.912500 0.015625 0.015625
0 0.668750 0.976562 0.015625 0.015625
0 0.735938 0.981250 0.015625 0.015625
0 0.768750 0.918750 0.015625 0.015625
0 0.815625 0.984375 0.015625 0.015625
0 0.854688 0.912500 0.015625 0.015625
0 0.884375 0.978125 0.015625 0.015625
0 0.925000 0.912500 0.015625 0.015625
0 0.965625 0.981250 0.015625 0.015625
0 0.681250 0.053125 0.015625 0.015625
0 0.134375 0.040625 0.015625 0.015625
0 0.509375 0.710938 0.015625 0.015625
0 0.590625 0.707812 0.015625 0.015625
0 0.960938 0.850000 0.015625 0.015625
0 0.837500 0.384375 0.015625 0.015625
