0 0.012500 0.264062 0.015625 0.015625
0 0.092188 0.004687 0.015625 0.015625
0 0.043750 0.465625 0.015625 0.015625
0 0.317188 0.404687 0.015625 0.015625
0 0.164062 0.264062 0.015625 0.015625
0 0.282813 0.204687 0.015625 0.015625
0 0.240625 0.137500 0.015625 0.015625
0 0.195312 0.465625 0.015625 0.015625
0 0.198437 0.332813 0.015625 0.015625
0 0.242188 0.267188 0.015625 0.015625
0 0.317188 0.276562 0.015625 0.015625
0 0.284375 0.467187 0.015625 0.015625
0 0.006250 0.400000 0.015625 0.015625
0 0.281250 0.334375 0.015625 0.015625
0 0.087500 0.534375 0.015625 0.015625
0 0.165625 0.537500 0.015625 0.015625
0 0.015625 0.132812 0.015625 0.015625
0 0.206250 0.073438 0.015625 0.015625
0 0.315625 0.140625 0.015625 0.015625
0 0.117188 0.462500 0.015625 0.015625
0 0.167187 0.004687 0.015625 0.015625
0 0.089063 0.267188 0.015625 0.015625
0 0.235937 0.393750 0.015625 0.015625
0 0.314063 0.004687 0.015625 0.015625
0 0.248438 0.001563 0.015625 0.015625
0 0.270313 0.073438 0.015625 0.015625
0 0.167187 0.403125 0.015625 0.015625
0 0.357812 0.076563 0.015625 0.015625
0 0.242188 0.543750 0.015625 0.015625
0 0.128125 0.200000 0.015625 0.015625
0 0.164062 0.137500 0.015625 0.015625
0 0.056250 0.334375 0.015625 0.015625
0 0.346875 0.335938 0.015625 0.015625
0 0.318750 0.531250 0.015625 0.015625
0 0.081250 0.400000 0.015625 0.015625
0 0.357812 0.207813 0.015625 0.015625
0 0.010937 0.529687 0.015625 0.015625
0 0.054688 0.200000 0.015625 0.015625
0 0.214062 0.190625 0.015625 0.015625
0 0.121875 0.328125 0.015625 0.015625
