0 0.010937 0.020313 0.015625 0.015625
0 0.045312 0.137500 0.015625 0.015625
0 0.120313 0.264062 0.015625 0.015625
0 0.082812 0.318750 0.015625 0.015625
0 0.153125 0.335938 0.015625 0.015625
0 0.029687 0.370312 0.015625 0.015625
0 0.112500 0.406250 0.015625 0.015625
0 0.000000 0.453125 0.015625 0.015625
0 0.250000 0.475000 0.015625 0.015625
0 0.164062 0.506250 0.015625 0.015625
0 0.325000 0.515625 0.015625 0.015625
0 0.225000 0.543750 0.015625 0.015625
0 0.065625 0.554688 0.015625 0.015625
0 0.275000 0.564063 0.015625 0.015625
0 0.145313 0.589063 0.015625 0.015625
0 0.212500 0.620313 0.015625 0.015625
0 0.295312 0.621875 0.015625 0.015625
0 0.042188 0.648438 0.015625 0.015625
0 0.110937 0.657813 0.015625 0.015625
0 0.240625 0.662500 0.015625 0.015625
0 0.000000 0.720313 0.015625 0.015625
0 0.220312 0.723437 0.015625 0.015625
0 0.146875 0.725000 0.015625 0.015625
0 0.067187 0.731250 0.015625 0.015625
0 0.332813 0.732812 0.015625 0.015625
0 0.421875 0.735938 0.015625 0.015625
0 0.217188 0.787500 0.015625 0.015625
0 0.032813 0.793750 0.015625 0.015625
0 0.168750 0.796875 0.015625 0.015625
0 0.085938 0.796875 0.015625 0.015625
0 0.257812 0.798438 0.015625 0.015625
0 0.396875 0.800000 0.015625 0.015625
0 0.484375 0.800000 0.015625 0.015625
0 0.315625 0.801562 0.015625 0.015625
0 0.068750 0.854688 0.015625 0.015625
0 0.220312 0.860938 0.015625 0.015625
0 0.142187 0.862500 0.015625 0.015625
0 0.371875 0.864062 0.015625 0.015625
0 0.446875 0.873437 0.015625 0.015625
0 0.040625 0.921875 0.015625 0.015625
0 0.112500 0.921875 0.015625 0.015625
0 0.262500 0.923438 0.015625 0.015625
0 0.190625 0.923438 0.015625 0.015625
0 0.418750 0.926562 0.015625 0.015625
0 0.343750 0.929688 0.015625 0.015625
0 0.564063 0.935937 0.015625 0.015625
0 0.492188 0.935937 0.015625 0.015625
0 0.223438 0.984375 0.015625 0.015625
0 0.139063 0.985938 0.015625 0.015625
0 0.448437 0.989062 0.015625 0.015625
0 0.298438 0.990625 0.015625 0.015625
0 0.521875 0.990625 0.015625 0.015625
0 0.048438 0.993750 0.015625 0.015625
0 0.368750 0.993750 0.015625 0.015625
