0 0.210938 0.001563 0.015625 0.015625
0 0.125000 0.003125 0.015625 0.015625
0 0.346875 0.007812 0.015625 0.015625
0 0.514062 0.009375 0.015625 0.015625
0 0.273438 0.009375 0.015625 0.015625
0 0.054688 0.010937 0.015625 0.015625
0 0.429688 0.010937 0.015625 0.015625
0 0.815625 0.014063 0.015625 0.015625
0 0.950000 0.028125 0.015625 0.015625
0 0.564063 0.043750 0.015625 0.015625
0 0.703125 0.067187 0.015625 0.015625
0 0.167187 0.075000 0.015625 0.015625
0 0.253125 0.089063 0.015625 0.015625
0 0.014063 0.092188 0.015625 0.015625
0 0.098437 0.093750 0.015625 0.015625
0 0.867188 0.095312 0.015625 0.015625
0 0.428125 0.098437 0.015625 0.015625
0 0.678125 0.110937 0.015625 0.015625
0 0.967187 0.123438 0.015625 0.015625
0 0.573438 0.126562 0.015625 0.015625
0 0.735938 0.131250 0.015625 0.015625
0 0.037500 0.134375 0.015625 0.015625
0 0.190625 0.135937 0.015625 0.015625
0 0.128125 0.135937 0.015625 0.015625
0 0.907813 0.142187 0.015625 0.015625
0 0.398438 0.189062 0.015625 0.015625
0 0.470313 0.196875 0.015625 0.015625
0 0.240625 0.196875 0.015625 0.015625
0 0.779687 0.196875 0.015625 0.015625
0 0.164062 0.198437 0.015625 0.015625
0 0.318750 0.198437 0.015625 0.015625
0 0.095312 0.198437 0.015625 0.015625
0 0.540625 0.198437 0.015625 0.015625
0 0.017188 0.200000 0.015625 0.015625
0 0.859375 0.203125 0.015625 0.015625
0 0.928125 0.210938 0.015625 0.015625
0 0.710938 0.245312 0.015625 0.015625
0 0.610938 0.245312 0.015625 0.015625
0 0.431250 0.245312 0.015625 0.015625
0 0.182812 0.246875 0.015625 0.015625
0 0.515625 0.246875 0.015625 0.015625
0 0.785937 0.246875 0.015625 0.015625
0 0.126562 0.248438 0.015625 0.015625
0 0.235937 0.248438 0.015625 0.015625
0 0.884375 0.271875 0.015625 0.015625
0 0.964063 0.278125 0.015625 0.015625
0 0.564063 0.284375 0.015625 0.015625
0 0.159375 0.317188 0.015625 0.015625
0 0.779687 0.320312 0.015625 0.015625
0 0.239063 0.321875 0.015625 0.015625
0 0.692187 0.329688 0.015625 0.015625
0 0.389062 0.334375 0.015625 0.015625
0 0.317188 0.334375 0.015625 0.015625
0 0.617188 0.337500 0.015625 0.015625
0 0.539062 0.337500 0.015625 0.015625
0 0.007812 0.342187 0.015625 0.015625
0 0.928125 0.345313 0.015625 0.015625
0 0.837500 0.370312 0.015625 0.015625
0 0.439063 0.370312 0.015625 0.015625
0 0.767188 0.371875 0.015625 0.015625
0 0.670312 0.384375 0.015625 0.015625
0 0.356250 0.410938 0.015625 0.015625
0 0.064062 0.415625 0.015625 0.015625
0 0.817187 0.417187 0.015625 0.015625
0 0.540625 0.445312 0.015625 0.015625
0 0.918750 0.450000 0.015625 0.015625
0 0.157812 0.454688 0.015625 0.015625
0 0.239063 0.460938 0.015625 0.015625
0 0.307812 0.462500 0.015625 0.015625
0 0.387500 0.479687 0.015625 0.015625
0 0.337500 0.490625 0.015625 0.015625
0 0.464062 0.490625 0.015625 0.015625
0 0.659375 0.496875 0.015625 0.015625
0 0.725000 0.501563 0.015625 0.015625
0 0.579688 0.506250 0.015625 0.015625
0 0.809375 0.510938 0.015625 0.015625
0 0.889062 0.512500 0.015625 0.015625
0 0.960938 0.515625 0.015625 0.015625
0 0.129688 0.535937 0.015625 0.015625
0 0.337500 0.556250 0.015625 0.015625
0 0.462500 0.557813 0.015625 0.015625
0 0.239063 0.587500 0.015625 0.015625
0 0.767188 0.593750 0.015625 0.015625
0 0.162500 0.595313 0.015625 0.015625
0 0.092188 0.596875 0.015625 0.015625
0 0.842187 0.601562 0.015625 0.015625
0 0.387500 0.623437 0.015625 0.015625
0 0.581250 0.637500 0.015625 0.015625
0 0.639062 0.637500 0.015625 0.015625
0 0.801562 0.660937 0.015625 0.015625
0 0.871875 0.668750 0.015625 0.015625
0 0.082812 0.718750 0.015625 0.015625
0 0.006250 0.723437 0.015625 0.015625
0 0.606250 0.723437 0.015625 0.015625
0 0.534375 0.729688 0.015625 0.015625
0 0.839063 0.734375 0.015625 0.015625
0 0.762500 0.735938 0.015625 0.015625
0 0.915625 0.735938 0.015625 0.015625
0 0.210938 0.773438 0.015625 0.015625
0 0.642188 0.781250 0.015625 0.015625
0 0.043750 0.793750 0.015625 0.015625
0 0.567187 0.795312 0.015625 0.015625
0 0.804688 0.796875 0.015625 0.015625
0 0.954688 0.798438 0.015625 0.015625
0 0.879687 0.800000 0.015625 0.015625
0 0.454688 0.851562 0.015625 0.015625
0 0.159375 0.851562 0.015625 0.015625
0 0.682813 0.853125 0.015625 0.015625
0 0.529687 0.853125 0.015625 0.015625
0 0.604688 0.857812 0.015625 0.015625
0 0.084375 0.860938 0.015625 0.015625
0 0.837500 0.860938 0.015625 0.015625
0 0.915625 0.860938 0.015625 0.015625
0 0.760938 0.864062 0.015625 0.015625
0 0.990625 0.864062 0.015625 0.015625
0 0.560937 0.912500 0.015625 0.015625
0 0.117188 0.917188 0.015625 0.015625
0 0.196875 0.920312 0.015625 0.015625
0 0.343750 0.920312 0.015625 0.015625
0 0.268750 0.920312 0.015625 0.015625
0 0.420312 0.925000 0.015625 0.015625
0 0.878125 0.926562 0.015625 0.015625
0 0.717187 0.934375 0.015625 0.015625
0 0.793750 0.935937 0.015625 0.015625
0 0.235937 0.981250 0.015625 0.015625
0 0.310937 0.985938 0.015625 0.015625
0 0.384375 0.993750 0.015625 0.015625
0 0.757812 0.995313 0.015625 0.015625
0 0.682813 0.995313 0.015625 0.015625
0 0.835938 0.996875 0.015625 0.015625
0 0.021875 0.568750 0.015625 0.015625
0 0.067187 0.520312 0.015625 0.015625
0 0.084375 0.471875 0.015625 0.015625
0 0.023438 0.456250 0.015625 0.015625
0 0.118750 0.657813 0.015625 0.015625
0 0.043750 0.635938 0.015625 0.015625
