0 0.637500 0.034375 0.015625 0.015625
0 0.101562 0.034375 0.015625 0.015625
0 0.406250 0.035937 0.015625 0.015625
0 0.181250 0.035937 0.015625 0.015625
0 0.484375 0.039062 0.015625 0.015625
0 0.862500 0.040625 0.015625 0.015625
0 0.254688 0.042188 0.015625 0.015625
0 0.557813 0.042188 0.015625 0.015625
0 0.939063 0.045312 0.015625 0.015625
0 0.062500 0.095312 0.015625 0.015625
0 0.139063 0.096875 0.015625 0.015625
0 0.214062 0.098437 0.015625 0.015625
0 0.756250 0.100000 0.015625 0.015625
0 0.828125 0.103125 0.015625 0.015625
0 0.365625 0.103125 0.015625 0.015625
0 0.289062 0.106250 0.015625 0.015625
0 0.443750 0.106250 0.015625 0.015625
0 0.675000 0.107813 0.015625 0.015625
0 0.906250 0.107813 0.015625 0.015625
0 0.518750 0.107813 0.015625 0.015625
0 0.592187 0.114062 0.015625 0.015625
0 0.026562 0.159375 0.015625 0.015625
0 0.098437 0.165625 0.015625 0.015625
0 0.178125 0.167187 0.015625 0.015625
0 0.250000 0.167187 0.015625 0.015625
0 0.331250 0.171875 0.015625 0.015625
0 0.407813 0.171875 0.015625 0.015625
0 0.481250 0.173437 0.015625 0.015625
0 0.856250 0.173437 0.015625 0.015625
0 0.784375 0.176563 0.015625 0.015625
0 0.934375 0.178125 0.015625 0.015625
0 0.556250 0.178125 0.015625 0.015625
0 0.215625 0.226562 0.015625 0.015625
0 0.064062 0.228125 0.015625 0.015625
0 0.137500 0.231250 0.015625 0.015625
0 0.665625 0.232813 0.015625 0.015625
0 0.439063 0.232813 0.015625 0.015625
0 0.285938 0.232813 0.015625 0.015625
0 0.973437 0.234375 0.015625 0.015625
0 0.893750 0.234375 0.015625 0.015625
0 0.817187 0.235937 0.015625 0.015625
0 0.743750 0.235937 0.015625 0.015625
0 0.364063 0.240625 0.015625 0.015625
0 0.937500 0.290625 0.015625 0.015625
0 0.857812 0.295312 0.015625 0.015625
0 0.100000 0.295312 0.015625 0.015625
0 0.021875 0.295312 0.015625 0.015625
0 0.782813 0.295312 0.015625 0.015625
0 0.179688 0.296875 0.015625 0.015625
0 0.706250 0.296875 0.015625 0.015625
0 0.628125 0.300000 0.015625 0.015625
0 0.279687 0.356250 0.015625 0.015625
0 0.512500 0.356250 0.015625 0.015625
0 0.137500 0.357812 0.015625 0.015625
0 0.360938 0.357812 0.015625 0.015625
0 0.815625 0.359375 0.015625 0.015625
0 0.059375 0.359375 0.015625 0.015625
0 0.740625 0.359375 0.015625 0.015625
0 0.673438 0.364063 0.015625 0.015625
0 0.967187 0.365625 0.015625 0.015625
0 0.437500 0.365625 0.015625 0.015625
0 0.170313 0.423438 0.015625 0.015625
0 0.554688 0.425000 0.015625 0.015625
0 0.857812 0.425000 0.015625 0.015625
0 0.703125 0.426563 0.015625 0.015625
0 0.779687 0.426563 0.015625 0.015625
0 0.479687 0.428125 0.015625 0.015625
0 0.320312 0.429688 0.015625 0.015625
0 0.939063 0.432812 0.015625 0.015625
0 0.815625 0.490625 0.015625 0.015625
0 0.282813 0.492188 0.015625 0.015625
0 0.206250 0.492188 0.015625 0.015625
0 0.054688 0.492188 0.015625 0.015625
0 0.892188 0.493750 0.015625 0.015625
0 0.664062 0.493750 0.015625 0.015625
0 0.512500 0.493750 0.015625 0.015625
0 0.356250 0.493750 0.015625 0.015625
0 0.740625 0.493750 0.015625 0.015625
0 0.432812 0.495312 0.015625 0.015625
0 0.585938 0.495312 0.015625 0.015625
0 0.970313 0.498437 0.015625 0.015625
0 0.623437 0.553125 0.015625 0.015625
0 0.017188 0.554688 0.015625 0.015625
0 0.468750 0.554688 0.015625 0.015625
0 0.545312 0.556250 0.015625 0.015625
0 0.318750 0.556250 0.015625 0.015625
0 0.698438 0.556250 0.015625 0.015625
0 0.854688 0.556250 0.015625 0.015625
0 0.159375 0.557813 0.015625 0.015625
0 0.393750 0.557813 0.015625 0.015625
0 0.781250 0.557813 0.015625 0.015625
0 0.243750 0.559375 0.015625 0.015625
0 0.931250 0.564063 0.015625 0.015625
0 0.050000 0.621875 0.015625 0.015625
0 0.126562 0.621875 0.015625 0.015625
0 0.204687 0.623437 0.015625 0.015625
0 0.582812 0.623437 0.015625 0.015625
0 0.507812 0.626563 0.015625 0.015625
0 0.657813 0.626563 0.015625 0.015625
0 0.279687 0.626563 0.015625 0.015625
0 0.426563 0.628125 0.015625 0.015625
0 0.812500 0.629687 0.015625 0.015625
0 0.737500 0.629687 0.015625 0.015625
0 0.893750 0.631250 0.015625 0.015625
0 0.971875 0.643750 0.015625 0.015625
0 0.240625 0.690625 0.015625 0.015625
0 0.853125 0.692187 0.015625 0.015625
0 0.312500 0.693750 0.015625 0.015625
0 0.467187 0.693750 0.015625 0.015625
0 0.778125 0.693750 0.015625 0.015625
0 0.617188 0.693750 0.015625 0.015625
0 0.543750 0.695312 0.015625 0.015625
0 0.696875 0.696875 0.015625 0.015625
0 0.385937 0.696875 0.015625 0.015625
0 0.931250 0.698438 0.015625 0.015625
0 0.271875 0.754687 0.015625 0.015625
0 0.657813 0.759375 0.015625 0.015625
0 0.732812 0.759375 0.015625 0.015625
0 0.421875 0.760938 0.015625 0.015625
0 0.887500 0.760938 0.015625 0.015625
0 0.339062 0.760938 0.015625 0.015625
0 0.581250 0.760938 0.015625 0.015625
0 0.957812 0.762500 0.015625 0.015625
0 0.775000 0.820312 0.015625 0.015625
0 0.693750 0.823438 0.015625 0.015625
0 0.615625 0.825000 0.015625 0.015625
0 0.848437 0.825000 0.015625 0.015625
0 0.385937 0.826562 0.015625 0.015625
0 0.310937 0.826562 0.015625 0.015625
0 0.928125 0.828125 0.015625 0.015625
0 0.990625 0.829688 0.015625 0.015625
0 0.125000 0.885938 0.015625 0.015625
0 0.501563 0.889062 0.015625 0.015625
0 0.042188 0.890625 0.015625 0.015625
0 0.192188 0.890625 0.015625 0.015625
0 0.728125 0.892188 0.015625 0.015625
0 0.653125 0.892188 0.015625 0.015625
0 0.353125 0.892188 0.015625 0.015625
0 0.579688 0.893750 0.015625 0.015625
0 0.885938 0.893750 0.015625 0.015625
0 0.807813 0.893750 0.015625 0.015625
0 0.426563 0.895312 0.015625 0.015625
0 0.967187 0.896875 0.015625 0.015625
0 0.084375 0.951562 0.015625 0.015625
0 0.770312 0.954688 0.015625 0.015625
0 0.389062 0.957812 0.015625 0.015625
0 0.459375 0.959375 0.015625 0.015625
0 0.687500 0.959375 0.015625 0.015625
0 0.925000 0.959375 0.015625 0.015625
0 0.535937 0.960938 0.015625 0.015625
0 0.842187 0.962500 0.015625 0.015625
0 0.612500 0.962500 0.015625 0.015625
0 0.059375 0.762500 0.015625 0.015625
0 0.145313 0.817187 0.015625 0.015625
0 0.171875 0.706250 0.015625 0.015625
0 0.246875 0.818750 0.015625 0.015625
0 0.271875 0.889062 0.015625 0.015625
0 0.310937 0.956250 0.015625 0.015625
0 0.232813 0.959375 0.015625 0.015625
0 0.160938 0.962500 0.015625 0.015625
0 0.076563 0.423438 0.015625 0.015625
0 0.014063 0.425000 0.015625 0.015625
0 0.554688 0.304688 0.015625 0.015625
0 0.460938 0.298438 0.015625 0.015625
0 0.384375 0.298438 0.015625 0.015625
0 0.310937 0.300000 0.015625 0.015625
0 0.245312 0.298438 0.015625 0.015625
0 0.398438 0.426563 0.015625 0.015625
0 0.234375 0.432812 0.015625 0.015625
0 0.143750 0.485938 0.015625 0.015625
0 0.609375 0.420312 0.015625 0.015625
0 0.604688 0.350000 0.015625 0.015625
0 0.643750 0.189062 0.015625 0.015625
0 0.707812 0.178125 0.015625 0.015625
0 0.992188 0.582812 0.015625 0.015625
0 0.732812 0.670312 0.015625 0.015625
0 0.343750 0.621875 0.015625 0.015625
0 0.085938 0.690625 0.015625 0.015625
