0 0.035937 0.475000 0.015625 0.015625
0 0.026562 0.604688 0.015625 0.015625
0 0.064062 0.548438 0.015625 0.015625
0 0.106250 0.609375 0.015625 0.015625
0 0.096875 0.479687 0.015625 0.015625
0 0.128125 0.545312 0.015625 0.015625
0 0.015625 0.737500 0.015625 0.015625
0 0.060937 0.676562 0.015625 0.015625
0 0.100000 0.742188 0.015625 0.015625
0 0.139063 0.678125 0.015625 0.015625
0 0.178125 0.743750 0.015625 0.015625
0 0.028125 0.867188 0.015625 0.015625
0 0.059375 0.807813 0.015625 0.015625
0 0.101562 0.865625 0.015625 0.015625
0 0.140625 0.807813 0.015625 0.015625
0 0.181250 0.871875 0.015625 0.015625
0 0.215625 0.817187 0.015625 0.015625
0 0.237500 0.878125 0.015625 0.015625
0 0.051562 0.942187 0.015625 0.015625
0 0.139063 0.948438 0.015625 0.015625
0 0.212500 0.946875 0.015625 0.015625
0 0.289062 0.948438 0.015625 0.015625
0 0.182812 0.081250 0.015625 0.015625
0 0.270313 0.087500 0.015625 0.015625
0 0.335938 0.087500 0.015625 0.015625
0 0.407813 0.087500 0.015625 0.015625
0 0.371875 0.021875 0.015625 0.015625
0 0.450000 0.025000 0.015625 0.015625
0 0.535937 0.026562 0.015625 0.015625
0 0.612500 0.029687 0.015625 0.015625
0 0.681250 0.031250 0.015625 0.015625
0 0.760938 0.031250 0.015625 0.015625
0 0.840625 0.032813 0.015625 0.015625
0 0.904687 0.035937 0.015625 0.015625
0 0.860938 0.098437 0.015625 0.015625
0 0.503125 0.095312 0.015625 0.015625
0 0.568750 0.093750 0.015625 0.015625
0 0.640625 0.095312 0.015625 0.015625
0 0.715625 0.098437 0.015625 0.015625
0 0.982812 0.045312 0.015625 0.015625
0 0.921875 0.112500 0.015625 0.015625
0 0.070312 0.020313 0.015625 0.015625
0 0.153125 0.021875 0.015625 0.015625
0 0.228125 0.023438 0.015625 0.015625
0 0.110937 0.081250 0.015625 0.015625
0 0.032813 0.078125 0.015625 0.015625
0 0.068750 0.146875 0.015625 0.015625
0 0.151562 0.150000 0.015625 0.015625
0 0.223438 0.148438 0.015625 0.015625
0 0.290625 0.148438 0.015625 0.015625
0 0.368750 0.153125 0.015625 0.015625
0 0.451562 0.153125 0.015625 0.015625
0 0.532813 0.156250 0.015625 0.015625
0 0.614062 0.159375 0.015625 0.015625
0 0.687500 0.160938 0.015625 0.015625
0 0.751563 0.160938 0.015625 0.015625
0 0.823438 0.167187 0.015625 0.015625
0 0.892188 0.170313 0.015625 0.015625
0 0.978125 0.171875 0.015625 0.015625
0 0.037500 0.209375 0.015625 0.015625
0 0.106250 0.207813 0.015625 0.015625
0 0.187500 0.217188 0.015625 0.015625
0 0.251563 0.214062 0.015625 0.015625
0 0.340625 0.225000 0.015625 0.015625
0 0.406250 0.223438 0.015625 0.015625
0 0.481250 0.225000 0.015625 0.015625
0 0.559375 0.229687 0.015625 0.015625
0 0.648438 0.226562 0.015625 0.015625
0 0.714063 0.228125 0.015625 0.015625
0 0.073438 0.278125 0.015625 0.015625
0 0.134375 0.278125 0.015625 0.015625
0 0.220312 0.285938 0.015625 0.015625
0 0.298438 0.285938 0.015625 0.015625
0 0.904687 0.296875 0.015625 0.015625
0 0.868750 0.367188 0.015625 0.015625
0 0.943750 0.364063 0.015625 0.015625
0 0.985938 0.306250 0.015625 0.015625
0 0.103125 0.348438 0.015625 0.015625
0 0.192188 0.348438 0.015625 0.015625
0 0.268750 0.350000 0.015625 0.015625
0 0.337500 0.354687 0.015625 0.015625
0 0.409375 0.360938 0.015625 0.015625
0 0.489063 0.357812 0.015625 0.015625
0 0.223438 0.417187 0.015625 0.015625
0 0.307812 0.418750 0.015625 0.015625
0 0.370312 0.420312 0.015625 0.015625
0 0.328125 0.479687 0.015625 0.015625
0 0.401562 0.484375 0.015625 0.015625
0 0.181250 0.479687 0.015625 0.015625
0 0.210938 0.550000 0.015625 0.015625
0 0.634375 0.362500 0.015625 0.015625
0 0.717187 0.365625 0.015625 0.015625
0 0.795312 0.362500 0.015625 0.015625
0 0.435937 0.414062 0.015625 0.015625
0 0.484375 0.481250 0.015625 0.015625
0 0.525000 0.415625 0.015625 0.015625
0 0.562500 0.481250 0.015625 0.015625
0 0.607812 0.423438 0.015625 0.015625
0 0.637500 0.487500 0.015625 0.015625
0 0.676562 0.428125 0.015625 0.015625
0 0.707812 0.487500 0.015625 0.015625
0 0.745313 0.426563 0.015625 0.015625
0 0.787500 0.484375 0.015625 0.015625
0 0.868750 0.498437 0.015625 0.015625
0 0.943750 0.495312 0.015625 0.015625
0 0.973437 0.428125 0.015625 0.015625
0 0.289062 0.546875 0.015625 0.015625
0 0.328125 0.607812 0.015625 0.015625
0 0.370312 0.545312 0.015625 0.015625
0 0.403125 0.612500 0.015625 0.015625
0 0.445312 0.553125 0.015625 0.015625
0 0.478125 0.615625 0.015625 0.015625
0 0.520312 0.551562 0.015625 0.015625
0 0.559375 0.617188 0.015625 0.015625
0 0.590625 0.550000 0.015625 0.015625
0 0.625000 0.614062 0.015625 0.015625
0 0.670312 0.556250 0.015625 0.015625
0 0.701562 0.620313 0.015625 0.015625
0 0.740625 0.550000 0.015625 0.015625
0 0.773438 0.629687 0.015625 0.015625
0 0.814063 0.557813 0.015625 0.015625
0 0.853125 0.617188 0.015625 0.015625
0 0.890625 0.562500 0.015625 0.015625
0 0.473438 0.745313 0.015625 0.015625
0 0.548438 0.748437 0.015625 0.015625
0 0.626563 0.748437 0.015625 0.015625
0 0.740625 0.692187 0.015625 0.015625
0 0.967187 0.698438 0.015625 0.015625
0 0.581250 0.817187 0.015625 0.015625
0 0.667188 0.820312 0.015625 0.015625
0 0.735938 0.818750 0.015625 0.015625
0 0.812500 0.818750 0.015625 0.015625
0 0.885938 0.818750 0.015625 0.015625
0 0.981250 0.562500 0.015625 0.015625
0 0.368750 0.681250 0.015625 0.015625
0 0.440625 0.690625 0.015625 0.015625
0 0.510938 0.682813 0.015625 0.015625
0 0.579688 0.682813 0.015625 0.015625
0 0.357812 0.817187 0.015625 0.015625
0 0.443750 0.812500 0.015625 0.015625
0 0.504687 0.814063 0.015625 0.015625
0 0.328125 0.751563 0.015625 0.015625
0 0.289062 0.685937 0.015625 0.015625
0 0.440625 0.943750 0.015625 0.015625
0 0.510938 0.948438 0.015625 0.015625
0 0.589063 0.945312 0.015625 0.015625
0 0.564063 0.873437 0.015625 0.015625
0 0.620313 0.889062 0.015625 0.015625
0 0.700000 0.887500 0.015625 0.015625
0 0.773438 0.884375 0.015625 0.015625
0 0.881250 0.885938 0.015625 0.015625
0 0.026562 0.353125 0.015625 0.015625
0 0.057813 0.410938 0.015625 0.015625
0 0.448437 0.289062 0.015625 0.015625
0 0.515625 0.303125 0.015625 0.015625
0 0.664062 0.298438 0.015625 0.015625
0 0.796875 0.237500 0.015625 0.015625
0 0.864062 0.237500 0.015625 0.015625
0 0.946875 0.232813 0.015625 0.015625
0 0.904687 0.425000 0.015625 0.015625
0 0.834375 0.301563 0.015625 0.015625
0 0.754687 0.295312 0.015625 0.015625
0 0.950000 0.632812 0.015625 0.015625
0 0.857812 0.754687 0.015625 0.015625
0 0.928125 0.754687 0.015625 0.015625
0 0.890625 0.685937 0.015625 0.015625
0 0.810937 0.690625 0.015625 0.015625
0 0.670312 0.685937 0.015625 0.015625
0 0.467187 0.873437 0.015625 0.015625
0 0.385937 0.881250 0.015625 0.015625
