0 0.046875 0.025000 0.015625 0.015625
0 0.275000 0.034375 0.015625 0.015625
0 0.351562 0.035937 0.015625 0.015625
0 0.195312 0.037500 0.015625 0.015625
0 0.967187 0.042188 0.015625 0.015625
0 0.875000 0.048438 0.015625 0.015625
0 0.795312 0.051562 0.015625 0.015625
0 0.079687 0.098437 0.015625 0.015625
0 0.160938 0.098437 0.015625 0.015625
0 0.309375 0.101562 0.015625 0.015625
0 0.235937 0.103125 0.015625 0.015625
0 0.382812 0.103125 0.015625 0.015625
0 0.839063 0.123438 0.015625 0.015625
0 0.040625 0.160938 0.015625 0.015625
0 0.115625 0.164062 0.015625 0.015625
0 0.418750 0.171875 0.015625 0.015625
0 0.795312 0.181250 0.015625 0.015625
0 0.953125 0.181250 0.015625 0.015625
0 0.071875 0.232813 0.015625 0.015625
0 0.296875 0.232813 0.015625 0.015625
0 0.150000 0.232813 0.015625 0.015625
0 0.376563 0.234375 0.015625 0.015625
0 0.456250 0.235937 0.015625 0.015625
0 0.907813 0.248438 0.015625 0.015625
0 0.253125 0.284375 0.015625 0.015625
0 0.043750 0.295312 0.015625 0.015625
0 0.107813 0.298438 0.015625 0.015625
0 0.493750 0.306250 0.015625 0.015625
0 0.568750 0.309375 0.015625 0.015625
0 0.948438 0.334375 0.015625 0.015625
0 0.346875 0.353125 0.015625 0.015625
0 0.526563 0.371875 0.015625 0.015625
0 0.109375 0.431250 0.015625 0.015625
0 0.184375 0.432812 0.015625 0.015625
0 0.260937 0.434375 0.015625 0.015625
0 0.410938 0.434375 0.015625 0.015625
0 0.939063 0.437500 0.015625 0.015625
0 0.493750 0.442188 0.015625 0.015625
0 0.615625 0.454688 0.015625 0.015625
0 0.146875 0.495312 0.015625 0.015625
0 0.295312 0.501563 0.015625 0.015625
0 0.675000 0.501563 0.015625 0.015625
0 0.448437 0.504687 0.015625 0.015625
0 0.371875 0.506250 0.015625 0.015625
0 0.981250 0.515625 0.015625 0.015625
0 0.040625 0.557813 0.015625 0.015625
0 0.106250 0.560937 0.015625 0.015625
0 0.643750 0.565625 0.015625 0.015625
0 0.717187 0.567187 0.015625 0.015625
0 0.417187 0.567187 0.015625 0.015625
0 0.342187 0.589063 0.015625 0.015625
0 0.064062 0.625000 0.015625 0.015625
0 0.678125 0.629687 0.015625 0.015625
0 0.148438 0.632812 0.015625 0.015625
0 0.596875 0.634375 0.015625 0.015625
0 0.751563 0.634375 0.015625 0.015625
0 0.254688 0.687500 0.015625 0.015625
0 0.342187 0.690625 0.015625 0.015625
0 0.714063 0.696875 0.015625 0.015625
0 0.406250 0.698438 0.015625 0.015625
0 0.637500 0.698438 0.015625 0.015625
0 0.093750 0.701562 0.015625 0.015625
0 0.790625 0.704688 0.015625 0.015625
0 0.939063 0.706250 0.015625 0.015625
0 0.367188 0.760938 0.015625 0.015625
0 0.670312 0.767188 0.015625 0.015625
0 0.750000 0.767188 0.015625 0.015625
0 0.975000 0.770312 0.015625 0.015625
0 0.570312 0.812500 0.015625 0.015625
0 0.635938 0.825000 0.015625 0.015625
0 0.792188 0.829688 0.015625 0.015625
0 0.873437 0.831250 0.015625 0.015625
0 0.057813 0.857812 0.015625 0.015625
0 0.154688 0.882812 0.015625 0.015625
0 0.292187 0.887500 0.015625 0.015625
0 0.370312 0.887500 0.015625 0.015625
0 0.596875 0.892188 0.015625 0.015625
0 0.671875 0.896875 0.015625 0.015625
0 0.745313 0.900000 0.015625 0.015625
0 0.823438 0.900000 0.015625 0.015625
0 0.901563 0.901563 0.015625 0.015625
0 0.098437 0.950000 0.015625 0.015625
0 0.242188 0.951562 0.015625 0.015625
0 0.473438 0.954688 0.015625 0.015625
0 0.335938 0.956250 0.015625 0.015625
0 0.553125 0.962500 0.015625 0.015625
0 0.635938 0.964063 0.015625 0.015625
0 0.864062 0.965625 0.015625 0.015625
0 0.701562 0.967187 0.015625 0.015625
0 0.048438 0.490625 0.015625 0.015625
0 0.195312 0.568750 0.015625 0.015625
0 0.259375 0.565625 0.015625 0.015625
0 0.221875 0.628125 0.015625 0.015625
0 0.140625 0.359375 0.015625 0.015625
0 0.221875 0.359375 0.015625 0.015625
0 0.187500 0.307812 0.015625 0.015625
0 0.342187 0.304688 0.015625 0.015625
0 0.417187 0.304688 0.015625 0.015625
0 0.464062 0.378125 0.015625 0.015625
0 0.531250 0.240625 0.015625 0.015625
0 0.001563 0.100000 0.015625 0.015625
0 0.500000 0.803125 0.015625 0.015625
0 0.492188 0.039062 0.015625 0.015625
0 0.532813 0.112500 0.015625 0.015625
0 0.570312 0.175000 0.015625 0.015625
0 0.607812 0.245312 0.015625 0.015625
0 0.645312 0.306250 0.015625 0.015625
0 0.681250 0.376563 0.015625 0.015625
0 0.601562 0.514062 0.015625 0.015625
0 0.562500 0.576562 0.015625 0.015625
0 0.484375 0.570312 0.015625 0.015625
0 0.515625 0.895312 0.015625 0.015625
0 0.784375 0.965625 0.015625 0.015625
0 0.179688 0.962500 0.015625 0.015625
0 0.556250 0.700000 0.015625 0.015625
0 0.515625 0.762500 0.015625 0.015625
0 0.337500 0.171875 0.015625 0.015625
0 0.076563 0.362500 0.015625 0.015625
0 0.037500 0.428125 0.015625 0.015625
0 0.329688 0.440625 0.015625 0.015625
0 0.051562 0.798438 0.015625 0.015625
0 0.070312 0.754687 0.015625 0.015625
0 0.096875 0.804688 0.015625 0.015625
0 0.031250 0.684375 0.015625 0.015625
0 0.139063 0.762500 0.015625 0.015625
0 0.178125 0.825000 0.015625 0.015625
0 0.725000 0.046875 0.015625 0.015625
0 0.832812 0.246875 0.015625 0.015625
0 0.871875 0.312500 0.015625 0.015625
0 0.989062 0.245312 0.015625 0.015625
