0 0.559375 0.012500 0.015625 0.015625
0 0.264062 0.042188 0.015625 0.015625
0 0.154688 0.045312 0.015625 0.015625
0 0.010937 0.050000 0.015625 0.015625
0 0.831250 0.057813 0.015625 0.015625
0 0.915625 0.064062 0.015625 0.015625
0 0.573438 0.092188 0.015625 0.015625
0 0.807813 0.093750 0.015625 0.015625
0 0.707812 0.095312 0.015625 0.015625
0 0.110937 0.114062 0.015625 0.015625
0 0.342187 0.114062 0.015625 0.015625
0 0.246875 0.134375 0.015625 0.015625
0 0.668750 0.146875 0.015625 0.015625
0 0.157812 0.209375 0.015625 0.015625
0 0.835938 0.215625 0.015625 0.015625
0 0.934375 0.225000 0.015625 0.015625
0 0.567187 0.254688 0.015625 0.015625
0 0.410938 0.317188 0.015625 0.015625
0 0.228125 0.321875 0.015625 0.015625
0 0.523438 0.353125 0.015625 0.015625
0 0.901563 0.357812 0.015625 0.015625
0 0.610938 0.367188 0.015625 0.015625
0 0.806250 0.368750 0.015625 0.015625
0 0.535937 0.423438 0.015625 0.015625
0 0.451562 0.442188 0.015625 0.015625
0 0.751563 0.450000 0.015625 0.015625
0 0.660937 0.450000 0.015625 0.015625
0 0.104688 0.489063 0.015625 0.015625
0 0.031250 0.498437 0.015625 0.015625
0 0.185938 0.500000 0.015625 0.015625
0 0.262500 0.504687 0.015625 0.015625
0 0.334375 0.507812 0.015625 0.015625
0 0.410938 0.507812 0.015625 0.015625
0 0.484375 0.510938 0.015625 0.015625
0 0.628125 0.512500 0.015625 0.015625
0 0.782813 0.514062 0.015625 0.015625
0 0.709375 0.515625 0.015625 0.015625
0 0.065625 0.565625 0.015625 0.015625
0 0.150000 0.565625 0.015625 0.015625
0 0.593750 0.571875 0.015625 0.015625
0 0.218750 0.571875 0.015625 0.015625
0 0.292187 0.573438 0.015625 0.015625
0 0.523438 0.573438 0.015625 0.015625
0 0.371875 0.575000 0.015625 0.015625
0 0.753125 0.575000 0.015625 0.015625
0 0.448437 0.576562 0.015625 0.015625
0 0.675000 0.578125 0.015625 0.015625
0 0.995313 0.623437 0.015625 0.015625
0 0.912500 0.626563 0.015625 0.015625
0 0.029687 0.631250 0.015625 0.015625
0 0.107813 0.635938 0.015625 0.015625
0 0.559375 0.640625 0.015625 0.015625
0 0.485938 0.640625 0.015625 0.015625
0 0.259375 0.642188 0.015625 0.015625
0 0.409375 0.642188 0.015625 0.015625
0 0.187500 0.642188 0.015625 0.015625
0 0.639062 0.643750 0.015625 0.015625
0 0.334375 0.643750 0.015625 0.015625
0 0.068750 0.695312 0.015625 0.015625
0 0.142187 0.698438 0.015625 0.015625
0 0.223438 0.704688 0.015625 0.015625
0 0.521875 0.706250 0.015625 0.015625
0 0.370312 0.707812 0.015625 0.015625
0 0.443750 0.707812 0.015625 0.015625
0 0.595313 0.709375 0.015625 0.015625
0 0.029687 0.759375 0.015625 0.015625
0 0.106250 0.762500 0.015625 0.015625
0 0.182812 0.767188 0.015625 0.015625
0 0.409375 0.768750 0.015625 0.015625
0 0.635938 0.771875 0.015625 0.015625
0 0.332813 0.771875 0.015625 0.015625
0 0.484375 0.773438 0.015625 0.015625
0 0.560937 0.775000 0.015625 0.015625
0 0.262500 0.775000 0.015625 0.015625
0 0.709375 0.775000 0.015625 0.015625
0 0.064062 0.825000 0.015625 0.015625
0 0.140625 0.828125 0.015625 0.015625
0 0.365625 0.834375 0.015625 0.015625
0 0.443750 0.835938 0.015625 0.015625
0 0.660937 0.835938 0.015625 0.015625
0 0.592187 0.839063 0.015625 0.015625
0 0.518750 0.839063 0.015625 0.015625
0 0.293750 0.840625 0.015625 0.015625
0 0.740625 0.842187 0.015625 0.015625
0 0.871875 0.853125 0.015625 0.015625
0 0.214062 0.864062 0.015625 0.015625
0 0.181250 0.893750 0.015625 0.015625
0 0.103125 0.893750 0.015625 0.015625
0 0.028125 0.895312 0.015625 0.015625
0 0.332813 0.896875 0.015625 0.015625
0 0.629687 0.900000 0.015625 0.015625
0 0.707812 0.901563 0.015625 0.015625
0 0.479687 0.901563 0.015625 0.015625
0 0.890625 0.912500 0.015625 0.015625
0 0.387500 0.945312 0.015625 0.015625
0 0.212500 0.957812 0.015625 0.015625
0 0.137500 0.959375 0.015625 0.015625
0 0.060937 0.959375 0.015625 0.015625
0 0.289062 0.959375 0.015625 0.015625
0 0.442188 0.962500 0.015625 0.015625
0 0.517188 0.965625 0.015625 0.015625
0 0.593750 0.967187 0.015625 0.015625
0 0.668750 0.968750 0.015625 0.015625
0 0.734375 0.973437 0.015625 0.015625
0 0.857812 0.976562 0.015625 0.015625
