0 0.015625 0.007812 0.015625 0.015625
0 0.395313 0.017188 0.015625 0.015625
0 0.171875 0.020313 0.015625 0.015625
0 0.325000 0.020313 0.015625 0.015625
0 0.098437 0.021875 0.015625 0.015625
0 0.250000 0.023438 0.015625 0.015625
0 0.784375 0.029687 0.015625 0.015625
0 0.554688 0.029687 0.015625 0.015625
0 0.704688 0.031250 0.015625 0.015625
0 0.934375 0.037500 0.015625 0.015625
0 0.132812 0.092188 0.015625 0.015625
0 0.428125 0.093750 0.015625 0.015625
0 0.290625 0.093750 0.015625 0.015625
0 0.209375 0.095312 0.015625 0.015625
0 0.529687 0.095312 0.015625 0.015625
0 0.735938 0.098437 0.015625 0.015625
0 0.703125 0.159375 0.015625 0.015625
0 0.781250 0.160938 0.015625 0.015625
0 0.854688 0.160938 0.015625 0.015625
0 0.934375 0.165625 0.015625 0.015625
0 0.064062 0.210938 0.015625 0.015625
0 0.132812 0.214062 0.015625 0.015625
0 0.207813 0.217188 0.015625 0.015625
0 0.281250 0.218750 0.015625 0.015625
0 0.359375 0.220312 0.015625 0.015625
0 0.590625 0.220312 0.015625 0.015625
0 0.514062 0.220312 0.015625 0.015625
0 0.434375 0.221875 0.015625 0.015625
0 0.740625 0.223438 0.015625 0.015625
0 0.814063 0.226562 0.015625 0.015625
0 0.662500 0.228125 0.015625 0.015625
0 0.967187 0.231250 0.015625 0.015625
0 0.889062 0.231250 0.015625 0.015625
0 0.093750 0.279687 0.015625 0.015625
0 0.243750 0.279687 0.015625 0.015625
0 0.318750 0.282813 0.015625 0.015625
0 0.398438 0.285938 0.015625 0.015625
0 0.931250 0.296875 0.015625 0.015625
0 0.854688 0.298438 0.015625 0.015625
0 0.765625 0.300000 0.015625 0.015625
0 0.054688 0.345313 0.015625 0.015625
0 0.132812 0.348438 0.015625 0.015625
0 0.207813 0.348438 0.015625 0.015625
0 0.362500 0.348438 0.015625 0.015625
0 0.810937 0.350000 0.015625 0.015625
0 0.281250 0.350000 0.015625 0.015625
0 0.434375 0.351562 0.015625 0.015625
0 0.742188 0.351562 0.015625 0.015625
0 0.510938 0.353125 0.015625 0.015625
0 0.667188 0.356250 0.015625 0.015625
0 0.964063 0.362500 0.015625 0.015625
0 0.171875 0.409375 0.015625 0.015625
0 0.318750 0.409375 0.015625 0.015625
0 0.243750 0.412500 0.015625 0.015625
0 0.473438 0.415625 0.015625 0.015625
0 0.393750 0.418750 0.015625 0.015625
0 0.703125 0.423438 0.015625 0.015625
0 0.626563 0.423438 0.015625 0.015625
0 0.548438 0.425000 0.015625 0.015625
0 0.929688 0.426563 0.015625 0.015625
0 0.435937 0.473438 0.015625 0.015625
0 0.360938 0.473438 0.015625 0.015625
0 0.284375 0.476562 0.015625 0.015625
0 0.662500 0.481250 0.015625 0.015625
0 0.584375 0.484375 0.015625 0.015625
0 0.814063 0.489063 0.015625 0.015625
0 0.890625 0.490625 0.015625 0.015625
0 0.734375 0.490625 0.015625 0.015625
0 0.964063 0.493750 0.015625 0.015625
0 0.390625 0.539062 0.015625 0.015625
0 0.010937 0.540625 0.015625 0.015625
0 0.240625 0.542188 0.015625 0.015625
0 0.317188 0.545312 0.015625 0.015625
0 0.625000 0.546875 0.015625 0.015625
0 0.695312 0.548438 0.015625 0.015625
0 0.468750 0.553125 0.015625 0.015625
0 0.853125 0.554688 0.015625 0.015625
0 0.926562 0.554688 0.015625 0.015625
0 0.770312 0.554688 0.015625 0.015625
0 0.129688 0.601562 0.015625 0.015625
0 0.053125 0.603125 0.015625 0.015625
0 0.360938 0.606250 0.015625 0.015625
0 0.200000 0.607812 0.015625 0.015625
0 0.278125 0.614062 0.015625 0.015625
0 0.431250 0.615625 0.015625 0.015625
0 0.657813 0.618750 0.015625 0.015625
0 0.510938 0.618750 0.015625 0.015625
0 0.584375 0.618750 0.015625 0.015625
0 0.731250 0.620313 0.015625 0.015625
0 0.807813 0.621875 0.015625 0.015625
0 0.887500 0.621875 0.015625 0.015625
0 0.959375 0.625000 0.015625 0.015625
0 0.090625 0.670312 0.015625 0.015625
0 0.309375 0.675000 0.015625 0.015625
0 0.234375 0.676562 0.015625 0.015625
0 0.387500 0.676562 0.015625 0.015625
0 0.468750 0.684375 0.015625 0.015625
0 0.615625 0.685937 0.015625 0.015625
0 0.767188 0.690625 0.015625 0.015625
0 0.853125 0.690625 0.015625 0.015625
0 0.692187 0.692187 0.015625 0.015625
0 0.993750 0.698438 0.015625 0.015625
0 0.276562 0.735938 0.015625 0.015625
0 0.046875 0.735938 0.015625 0.015625
0 0.128125 0.735938 0.015625 0.015625
0 0.350000 0.737500 0.015625 0.015625
0 0.501563 0.740625 0.015625 0.015625
0 0.425000 0.742188 0.015625 0.015625
0 0.575000 0.745313 0.015625 0.015625
0 0.654687 0.748437 0.015625 0.015625
0 0.728125 0.750000 0.015625 0.015625
0 0.804688 0.751563 0.015625 0.015625
0 0.881250 0.754687 0.015625 0.015625
0 0.957812 0.756250 0.015625 0.015625
0 0.235937 0.798438 0.015625 0.015625
0 0.085938 0.801562 0.015625 0.015625
0 0.307812 0.803125 0.015625 0.015625
0 0.160938 0.804688 0.015625 0.015625
0 0.385937 0.809375 0.015625 0.015625
0 0.539062 0.810937 0.015625 0.015625
0 0.692187 0.810937 0.015625 0.015625
0 0.464062 0.812500 0.015625 0.015625
0 0.615625 0.814063 0.015625 0.015625
0 0.767188 0.814063 0.015625 0.015625
0 0.918750 0.820312 0.015625 0.015625
0 0.840625 0.821875 0.015625 0.015625
0 0.993750 0.823438 0.015625 0.015625
0 0.268750 0.859375 0.015625 0.015625
0 0.046875 0.868750 0.015625 0.015625
0 0.196875 0.870313 0.015625 0.015625
0 0.121875 0.871875 0.015625 0.015625
0 0.350000 0.873437 0.015625 0.015625
0 0.732812 0.878125 0.015625 0.015625
0 0.504687 0.878125 0.015625 0.015625
0 0.426563 0.878125 0.015625 0.015625
0 0.656250 0.882812 0.015625 0.015625
0 0.578125 0.882812 0.015625 0.015625
0 0.806250 0.885938 0.015625 0.015625
0 0.884375 0.887500 0.015625 0.015625
0 0.962500 0.889062 0.015625 0.015625
0 0.004687 0.934375 0.015625 0.015625
0 0.235937 0.935937 0.015625 0.015625
0 0.084375 0.937500 0.015625 0.015625
0 0.160938 0.940625 0.015625 0.015625
0 0.845313 0.948438 0.015625 0.015625
0 0.764062 0.951562 0.015625 0.015625
0 0.932813 0.964063 0.015625 0.015625
0 0.281250 0.989062 0.015625 0.015625
0 0.039062 0.998437 0.015625 0.015625
0 0.887500 0.368750 0.015625 0.015625
0 0.848437 0.426563 0.015625 0.015625
0 0.768750 0.423438 0.015625 0.015625
0 0.582812 0.350000 0.015625 0.015625
0 0.542188 0.284375 0.015625 0.015625
0 0.478125 0.287500 0.015625 0.015625
0 0.642188 0.284375 0.015625 0.015625
0 0.710938 0.290625 0.015625 0.015625
