0 0.664062 0.359375 0.015625 0.015625
0 0.892188 0.103125 0.015625 0.015625
0 0.135937 0.084375 0.015625 0.015625
0 0.442188 0.229687 0.015625 0.015625
0 0.435937 0.357812 0.015625 0.015625
0 0.257812 0.156250 0.015625 0.015625
0 0.740625 0.360938 0.015625 0.015625
0 0.934375 0.173437 0.015625 0.015625
0 0.818750 0.100000 0.015625 0.015625
0 0.365625 0.090625 0.015625 0.015625
0 0.409375 0.162500 0.015625 0.015625
0 0.785937 0.173437 0.015625 0.015625
0 0.329688 0.159375 0.015625 0.015625
0 0.437500 0.485938 0.015625 0.015625
0 0.245312 0.415625 0.015625 0.015625
0 0.968750 0.106250 0.015625 0.015625
0 0.814063 0.360938 0.015625 0.015625
0 0.818750 0.492188 0.015625 0.015625
0 0.515625 0.229687 0.015625 0.015625
0 0.935937 0.434375 0.015625 0.015625
0 0.214062 0.226562 0.015625 0.015625
0 0.360938 0.356250 0.015625 0.015625
0 0.285938 0.484375 0.015625 0.015625
0 0.671875 0.232813 0.015625 0.015625
0 0.285938 0.351562 0.015625 0.015625
0 0.170313 0.153125 0.015625 0.015625
0 0.860938 0.175000 0.015625 0.015625
0 0.848437 0.303125 0.015625 0.015625
0 0.325000 0.421875 0.015625 0.015625
0 0.210938 0.353125 0.015625 0.015625
0 0.468750 0.296875 0.015625 0.015625
0 0.560937 0.167187 0.015625 0.015625
0 0.850000 0.034375 0.015625 0.015625
0 0.559375 0.032813 0.015625 0.015625
0 0.464062 0.412500 0.015625 0.015625
0 0.742188 0.093750 0.015625 0.015625
0 0.784375 0.428125 0.015625 0.015625
0 0.354687 0.485938 0.015625 0.015625
0 0.209375 0.085938 0.015625 0.015625
0 0.060937 0.348438 0.015625 0.015625
0 0.515625 0.490625 0.015625 0.015625
0 0.585938 0.356250 0.015625 0.015625
0 0.859375 0.431250 0.015625 0.015625
0 0.818750 0.234375 0.015625 0.015625
0 0.898438 0.375000 0.015625 0.015625
0 0.971875 0.496875 0.015625 0.015625
0 0.784375 0.034375 0.015625 0.015625
0 0.778125 0.301563 0.015625 0.015625
0 0.960938 0.375000 0.015625 0.015625
0 0.695312 0.425000 0.015625 0.015625
0 0.593750 0.489063 0.015625 0.015625
0 0.742188 0.490625 0.015625 0.015625
0 0.092188 0.275000 0.015625 0.015625
0 0.525000 0.098437 0.015625 0.015625
0 0.020313 0.014063 0.015625 0.015625
0 0.550000 0.432812 0.015625 0.015625
0 0.656250 0.489063 0.015625 0.015625
0 0.182812 0.287500 0.015625 0.015625
0 0.251563 0.289062 0.015625 0.015625
0 0.185938 0.020313 0.015625 0.015625
0 0.098437 0.021875 0.015625 0.015625
0 0.250000 0.026562 0.015625 0.015625
0 0.320312 0.023438 0.015625 0.015625
0 0.404687 0.028125 0.015625 0.015625
0 0.470313 0.026562 0.015625 0.015625
0 0.643750 0.032813 0.015625 0.015625
0 0.710938 0.035937 0.015625 0.015625
0 0.028125 0.142187 0.015625 0.015625
0 0.384375 0.293750 0.015625 0.015625
0 0.293750 0.295312 0.015625 0.015625
0 0.912500 0.304688 0.015625 0.015625
0 0.881250 0.490625 0.015625 0.015625
0 0.229687 0.481250 0.015625 0.015625
0 0.131250 0.476562 0.015625 0.015625
0 0.059375 0.471875 0.015625 0.015625
0 0.023438 0.412500 0.015625 0.015625
0 0.509375 0.356250 0.015625 0.015625
0 0.285938 0.229687 0.015625 0.015625
0 0.634375 0.162500 0.015625 0.015625
0 0.664062 0.093750 0.015625 0.015625
0 0.598437 0.095312 0.015625 0.015625
0 0.426563 0.095312 0.015625 0.015625
0 0.301563 0.089063 0.015625 0.015625
0 0.960938 0.232813 0.015625 0.015625
0 0.892188 0.231250 0.015625 0.015625
0 0.570312 0.296875 0.015625 0.015625
0 0.640625 0.300000 0.015625 0.015625
0 0.704688 0.304688 0.015625 0.015625
0 0.114062 0.350000 0.015625 0.015625
0 0.085938 0.417187 0.015625 0.015625
0 0.159375 0.420312 0.015625 0.015625
