0 0.023438 0.150000 0.015625 0.015625
0 0.114062 0.153125 0.015625 0.015625
0 0.189062 0.156250 0.015625 0.015625
0 0.282813 0.156250 0.015625 0.015625
0 0.473438 0.159375 0.015625 0.015625
0 0.551562 0.157812 0.015625 0.015625
0 0.623437 0.156250 0.015625 0.015625
0 0.704688 0.162500 0.015625 0.015625
0 0.790625 0.167187 0.015625 0.015625
0 0.851562 0.168750 0.015625 0.015625
0 0.926562 0.170313 0.015625 0.015625
0 0.995313 0.175000 0.015625 0.015625
0 0.970313 0.225000 0.015625 0.015625
0 0.898438 0.225000 0.015625 0.015625
0 0.815625 0.226562 0.015625 0.015625
0 0.657813 0.228125 0.015625 0.015625
0 0.587500 0.228125 0.015625 0.015625
0 0.506250 0.223438 0.015625 0.015625
0 0.237500 0.218750 0.015625 0.015625
0 0.145313 0.217188 0.015625 0.015625
0 0.056250 0.215625 0.015625 0.015625
0 0.018750 0.285938 0.015625 0.015625
0 0.100000 0.285938 0.015625 0.015625
0 0.175000 0.289062 0.015625 0.015625
0 0.248438 0.289062 0.015625 0.015625
0 0.464062 0.292187 0.015625 0.015625
0 0.545312 0.300000 0.015625 0.015625
0 0.698438 0.295312 0.015625 0.015625
0 0.771875 0.296875 0.015625 0.015625
0 0.853125 0.296875 0.015625 0.015625
0 0.934375 0.301563 0.015625 0.015625
0 0.996875 0.303125 0.015625 0.015625
0 0.960938 0.365625 0.015625 0.015625
0 0.882812 0.365625 0.015625 0.015625
0 0.796875 0.364063 0.015625 0.015625
0 0.718750 0.356250 0.015625 0.015625
0 0.654687 0.357812 0.015625 0.015625
0 0.573438 0.357812 0.015625 0.015625
0 0.495312 0.356250 0.015625 0.015625
0 0.129688 0.348438 0.015625 0.015625
0 0.057813 0.350000 0.015625 0.015625
0 0.057813 0.421875 0.015625 0.015625
0 0.151562 0.428125 0.015625 0.015625
0 0.318750 0.418750 0.015625 0.015625
0 0.390625 0.420312 0.015625 0.015625
0 0.467187 0.420312 0.015625 0.015625
0 0.539062 0.425000 0.015625 0.015625
0 0.700000 0.423438 0.015625 0.015625
0 0.770312 0.426563 0.015625 0.015625
0 0.851562 0.428125 0.015625 0.015625
0 0.928125 0.432812 0.015625 0.015625
0 0.996875 0.432812 0.015625 0.015625
0 0.028125 0.485938 0.015625 0.015625
0 0.431250 0.489063 0.015625 0.015625
0 0.503125 0.490625 0.015625 0.015625
0 0.582812 0.490625 0.015625 0.015625
0 0.651563 0.490625 0.015625 0.015625
0 0.731250 0.490625 0.015625 0.015625
0 0.804688 0.492188 0.015625 0.015625
0 0.879687 0.492188 0.015625 0.015625
0 0.967187 0.496875 0.015625 0.015625
0 0.839063 0.565625 0.015625 0.015625
0 0.773438 0.559375 0.015625 0.015625
0 0.607812 0.559375 0.015625 0.015625
0 0.546875 0.559375 0.015625 0.015625
0 0.467187 0.557813 0.015625 0.015625
0 0.393750 0.551562 0.015625 0.015625
0 0.315625 0.548438 0.015625 0.015625
0 0.203125 0.615625 0.015625 0.015625
0 0.270313 0.620313 0.015625 0.015625
0 0.340625 0.620313 0.015625 0.015625
0 0.417187 0.618750 0.015625 0.015625
0 0.503125 0.620313 0.015625 0.015625
0 0.589063 0.625000 0.015625 0.015625
0 0.651563 0.625000 0.015625 0.015625
0 0.725000 0.625000 0.015625 0.015625
0 0.806250 0.625000 0.015625 0.015625
0 0.882812 0.632812 0.015625 0.015625
0 0.956250 0.634375 0.015625 0.015625
0 0.018750 0.548438 0.015625 0.015625
0 0.126562 0.748437 0.015625 0.015625
0 0.164062 0.675000 0.015625 0.015625
0 0.235937 0.676562 0.015625 0.015625
0 0.307812 0.681250 0.015625 0.015625
0 0.385937 0.685937 0.015625 0.015625
0 0.465625 0.687500 0.015625 0.015625
0 0.618750 0.693750 0.015625 0.015625
0 0.695312 0.695312 0.015625 0.015625
0 0.768750 0.696875 0.015625 0.015625
0 0.848437 0.696875 0.015625 0.015625
0 0.921875 0.701562 0.015625 0.015625
0 0.993750 0.701562 0.015625 0.015625
0 0.193750 0.751563 0.015625 0.015625
0 0.276562 0.751563 0.015625 0.015625
0 0.343750 0.750000 0.015625 0.015625
0 0.420312 0.751563 0.015625 0.015625
0 0.504687 0.751563 0.015625 0.015625
0 0.582812 0.754687 0.015625 0.015625
0 0.656250 0.756250 0.015625 0.015625
0 0.731250 0.757812 0.015625 0.015625
0 0.807813 0.757812 0.015625 0.015625
0 0.884375 0.762500 0.015625 0.015625
0 0.956250 0.768750 0.015625 0.015625
0 0.993750 0.835938 0.015625 0.015625
0 0.917188 0.837500 0.015625 0.015625
0 0.839063 0.831250 0.015625 0.015625
0 0.762500 0.825000 0.015625 0.015625
0 0.690625 0.829688 0.015625 0.015625
0 0.612500 0.825000 0.015625 0.015625
0 0.535937 0.817187 0.015625 0.015625
0 0.459375 0.820312 0.015625 0.015625
0 0.385937 0.820312 0.015625 0.015625
0 0.307812 0.812500 0.015625 0.015625
0 0.231250 0.820312 0.015625 0.015625
0 0.165625 0.810937 0.015625 0.015625
0 0.096875 0.815625 0.015625 0.015625
0 0.117188 0.881250 0.015625 0.015625
0 0.201563 0.882812 0.015625 0.015625
0 0.148438 0.939063 0.015625 0.015625
0 0.229687 0.943750 0.015625 0.015625
0 0.268750 0.879687 0.015625 0.015625
0 0.309375 0.946875 0.015625 0.015625
0 0.345313 0.876563 0.015625 0.015625
0 0.432812 0.882812 0.015625 0.015625
0 0.384375 0.939063 0.015625 0.015625
0 0.451562 0.948438 0.015625 0.015625
0 0.498437 0.887500 0.015625 0.015625
0 0.535937 0.948438 0.015625 0.015625
0 0.557813 0.885938 0.015625 0.015625
0 0.615625 0.945312 0.015625 0.015625
0 0.660937 0.887500 0.015625 0.015625
0 0.693750 0.956250 0.015625 0.015625
0 0.735938 0.893750 0.015625 0.015625
0 0.767188 0.962500 0.015625 0.015625
0 0.809375 0.893750 0.015625 0.015625
0 0.845313 0.960938 0.015625 0.015625
0 0.884375 0.895312 0.015625 0.015625
0 0.915625 0.964063 0.015625 0.015625
0 0.959375 0.900000 0.015625 0.015625
0 0.010937 0.073438 0.015625 0.015625
0 0.078125 0.076563 0.015625 0.015625
0 0.171875 0.078125 0.015625 0.015625
0 0.239063 0.079687 0.015625 0.015625
0 0.314063 0.084375 0.015625 0.015625
0 0.387500 0.081250 0.015625 0.015625
0 0.485938 0.089063 0.015625 0.015625
0 0.532813 0.093750 0.015625 0.015625
0 0.603125 0.098437 0.015625 0.015625
0 0.668750 0.106250 0.015625 0.015625
0 0.748437 0.107813 0.015625 0.015625
0 0.826562 0.112500 0.015625 0.015625
0 0.898438 0.115625 0.015625 0.015625
0 0.979688 0.120313 0.015625 0.015625
