0 0.087500 0.003125 0.015625 0.015625
0 0.934375 0.014063 0.015625 0.015625
0 0.862500 0.015625 0.015625 0.015625
0 0.543750 0.015625 0.015625 0.015625
0 0.192188 0.595313 0.015625 0.015625
0 0.014063 0.135937 0.015625 0.015625
0 0.048438 0.196875 0.015625 0.015625
0 0.009375 0.393750 0.015625 0.015625
0 0.115625 0.725000 0.015625 0.015625
0 0.042188 0.460938 0.015625 0.015625
0 0.115625 0.334375 0.015625 0.015625
0 0.117188 0.593750 0.015625 0.015625
0 0.123438 0.193750 0.015625 0.015625
0 0.051562 0.068750 0.015625 0.015625
0 0.115625 0.851562 0.015625 0.015625
0 0.087500 0.132812 0.015625 0.015625
0 0.046875 0.328125 0.015625 0.015625
0 0.043750 0.593750 0.015625 0.015625
0 0.164062 0.265625 0.015625 0.015625
0 0.081250 0.787500 0.015625 0.015625
0 0.564063 0.993750 0.015625 0.015625
0 0.717187 0.996875 0.015625 0.015625
0 0.790625 0.996875 0.015625 0.015625
0 0.948438 0.871875 0.015625 0.015625
0 0.835938 0.670312 0.015625 0.015625
0 0.267188 0.726562 0.015625 0.015625
0 0.317188 0.268750 0.015625 0.015625
0 0.275000 0.198437 0.015625 0.015625
0 0.464062 0.275000 0.015625 0.015625
0 0.962500 0.078125 0.015625 0.015625
0 0.839063 0.545312 0.015625 0.015625
0 0.912500 0.670312 0.015625 0.015625
0 0.962500 0.343750 0.015625 0.015625
0 0.640625 0.996875 0.015625 0.015625
0 0.242188 0.264062 0.015625 0.015625
0 0.392188 0.270313 0.015625 0.015625
0 0.226562 0.792188 0.015625 0.015625
0 0.418750 0.864062 0.015625 0.015625
0 0.917188 0.545312 0.015625 0.015625
0 0.870313 0.739062 0.015625 0.015625
0 0.867188 0.996875 0.015625 0.015625
0 0.737500 0.337500 0.015625 0.015625
0 0.990625 0.804688 0.015625 0.015625
0 0.459375 0.790625 0.015625 0.015625
0 0.765625 0.668750 0.015625 0.015625
0 0.960938 0.215625 0.015625 0.015625
0 0.342187 0.728125 0.015625 0.015625
0 0.007812 0.525000 0.015625 0.015625
0 0.348438 0.337500 0.015625 0.015625
0 0.996875 0.276562 0.015625 0.015625
0 0.420312 0.600000 0.015625 0.015625
0 0.765625 0.798438 0.015625 0.015625
0 0.987500 0.673438 0.015625 0.015625
0 0.687500 0.670312 0.015625 0.015625
0 0.048438 0.726562 0.015625 0.015625
0 0.087500 0.265625 0.015625 0.015625
0 0.795312 0.868750 0.015625 0.015625
0 0.925000 0.150000 0.015625 0.015625
0 0.151562 0.662500 0.015625 0.015625
0 0.650000 0.340625 0.015625 0.015625
0 0.157812 0.395313 0.015625 0.015625
0 0.301563 0.528125 0.015625 0.015625
0 0.492188 0.867188 0.015625 0.015625
0 0.381250 0.793750 0.015625 0.015625
0 0.350000 0.200000 0.015625 0.015625
0 0.835938 0.801562 0.015625 0.015625
0 0.873437 0.610938 0.015625 0.015625
0 0.578125 0.339062 0.015625 0.015625
0 0.418750 0.725000 0.015625 0.015625
0 0.376563 0.664062 0.015625 0.015625
0 0.306250 0.664062 0.015625 0.015625
0 0.545312 0.143750 0.015625 0.015625
0 0.718750 0.867188 0.015625 0.015625
0 0.509375 0.467187 0.015625 0.015625
0 0.156250 0.789062 0.015625 0.015625
0 0.193750 0.726562 0.015625 0.015625
0 0.912500 0.810937 0.015625 0.015625
0 0.243750 0.135937 0.015625 0.015625
0 0.167187 0.132812 0.015625 0.015625
0 0.170313 0.007812 0.015625 0.015625
0 0.245312 0.007812 0.015625 0.015625
0 0.320312 0.003125 0.015625 0.015625
0 0.389062 0.140625 0.015625 0.015625
0 0.320312 0.140625 0.015625 0.015625
0 0.426563 0.204687 0.015625 0.015625
0 0.500000 0.201563 0.015625 0.015625
0 0.576562 0.204687 0.015625 0.015625
0 0.617188 0.142187 0.015625 0.015625
0 0.660937 0.210938 0.015625 0.015625
0 0.712500 0.210938 0.015625 0.015625
0 0.692187 0.278125 0.015625 0.015625
0 0.615625 0.270313 0.015625 0.015625
0 0.534375 0.271875 0.015625 0.015625
0 0.193750 0.332813 0.015625 0.015625
0 0.854688 0.146875 0.015625 0.015625
0 0.996875 0.410938 0.015625 0.015625
0 0.920312 0.412500 0.015625 0.015625
0 0.850000 0.410938 0.015625 0.015625
0 0.923438 0.278125 0.015625 0.015625
0 0.848437 0.278125 0.015625 0.015625
0 0.823438 0.343750 0.015625 0.015625
0 0.456250 0.662500 0.015625 0.015625
0 0.529687 0.667188 0.015625 0.015625
0 0.615625 0.664062 0.015625 0.015625
0 0.121875 0.459375 0.015625 0.015625
0 0.084375 0.525000 0.015625 0.015625
0 0.148438 0.525000 0.015625 0.015625
0 0.195312 0.525000 0.015625 0.015625
0 0.085938 0.400000 0.015625 0.015625
0 0.070312 0.659375 0.015625 0.015625
0 0.239063 0.665625 0.015625 0.015625
0 0.382812 0.535937 0.015625 0.015625
0 0.462500 0.537500 0.015625 0.015625
0 0.543750 0.540625 0.015625 0.015625
0 0.615625 0.542188 0.015625 0.015625
0 0.303125 0.801562 0.015625 0.015625
0 0.031250 0.856250 0.015625 0.015625
0 0.576562 0.737500 0.015625 0.015625
0 0.954688 0.603125 0.015625 0.015625
0 0.750000 0.929688 0.015625 0.015625
0 0.826562 0.935937 0.015625 0.015625
0 0.910937 0.935937 0.015625 0.015625
0 0.993750 0.935937 0.015625 0.015625
0 0.142187 0.921875 0.015625 0.015625
0 0.223438 0.923438 0.015625 0.015625
0 0.293750 0.921875 0.015625 0.015625
0 0.382812 0.921875 0.015625 0.015625
0 0.462500 0.925000 0.015625 0.015625
0 0.407813 0.996875 0.015625 0.015625
0 0.334375 0.990625 0.015625 0.015625
0 0.603125 0.931250 0.015625 0.015625
0 0.664062 0.923438 0.015625 0.015625
0 0.645312 0.857812 0.015625 0.015625
