0 0.809375 0.001563 0.015625 0.015625
0 0.265625 0.003125 0.015625 0.015625
0 0.846875 0.045312 0.015625 0.015625
0 0.918750 0.048438 0.015625 0.015625
0 0.589063 0.048438 0.015625 0.015625
0 0.462500 0.059375 0.015625 0.015625
0 0.532813 0.062500 0.015625 0.015625
0 0.992188 0.065625 0.015625 0.015625
0 0.685937 0.067187 0.015625 0.015625
0 0.004687 0.084375 0.015625 0.015625
0 0.623437 0.089063 0.015625 0.015625
0 0.762500 0.093750 0.015625 0.015625
0 0.825000 0.107813 0.015625 0.015625
0 0.965625 0.114062 0.015625 0.015625
0 0.890625 0.120313 0.015625 0.015625
0 0.575000 0.125000 0.015625 0.015625
0 0.503125 0.126562 0.015625 0.015625
0 0.656250 0.131250 0.015625 0.015625
0 0.385937 0.137500 0.015625 0.015625
0 0.531250 0.185938 0.015625 0.015625
0 0.006250 0.187500 0.015625 0.015625
0 0.335938 0.187500 0.015625 0.015625
0 0.989062 0.193750 0.015625 0.015625
0 0.910937 0.193750 0.015625 0.015625
0 0.837500 0.193750 0.015625 0.015625
0 0.690625 0.195312 0.015625 0.015625
0 0.759375 0.210938 0.015625 0.015625
0 0.507812 0.242188 0.015625 0.015625
0 0.579688 0.256250 0.015625 0.015625
0 0.648438 0.264062 0.015625 0.015625
0 0.876563 0.264062 0.015625 0.015625
0 0.800000 0.267188 0.015625 0.015625
0 0.951562 0.268750 0.015625 0.015625
0 0.550000 0.317188 0.015625 0.015625
0 0.231250 0.317188 0.015625 0.015625
0 0.832812 0.335938 0.015625 0.015625
0 0.106250 0.343750 0.015625 0.015625
0 0.059375 0.345313 0.015625 0.015625
0 0.673438 0.353125 0.015625 0.015625
0 0.964063 0.375000 0.015625 0.015625
0 0.337500 0.384375 0.015625 0.015625
0 0.515625 0.387500 0.015625 0.015625
0 0.128125 0.392188 0.015625 0.015625
0 0.870313 0.398438 0.015625 0.015625
0 0.584375 0.398438 0.015625 0.015625
0 0.792188 0.400000 0.015625 0.015625
0 0.637500 0.407813 0.015625 0.015625
0 0.931250 0.439063 0.015625 0.015625
0 0.303125 0.448437 0.015625 0.015625
0 0.225000 0.453125 0.015625 0.015625
0 0.832812 0.467187 0.015625 0.015625
0 0.259375 0.517188 0.015625 0.015625
0 0.410938 0.520312 0.015625 0.015625
0 0.337500 0.520312 0.015625 0.015625
0 0.565625 0.521875 0.015625 0.015625
0 0.639062 0.525000 0.015625 0.015625
0 0.781250 0.532813 0.015625 0.015625
0 0.864062 0.532813 0.015625 0.015625
0 0.921875 0.557813 0.015625 0.015625
0 0.304688 0.584375 0.015625 0.015625
0 0.453125 0.595313 0.015625 0.015625
0 0.831250 0.601562 0.015625 0.015625
0 0.037500 0.640625 0.015625 0.015625
0 0.112500 0.642188 0.015625 0.015625
0 0.189062 0.645312 0.015625 0.015625
0 0.414062 0.646875 0.015625 0.015625
0 0.489063 0.646875 0.015625 0.015625
0 0.260937 0.646875 0.015625 0.015625
0 0.339062 0.648438 0.015625 0.015625
0 0.867188 0.657813 0.015625 0.015625
0 0.785937 0.664062 0.015625 0.015625
0 0.598437 0.679688 0.015625 0.015625
0 0.153125 0.709375 0.015625 0.015625
0 0.448437 0.714063 0.015625 0.015625
0 0.378125 0.714063 0.015625 0.015625
0 0.303125 0.715625 0.015625 0.015625
0 0.901563 0.721875 0.015625 0.015625
0 0.829688 0.721875 0.015625 0.015625
0 0.951562 0.771875 0.015625 0.015625
0 0.409375 0.784375 0.015625 0.015625
0 0.485938 0.784375 0.015625 0.015625
0 0.862500 0.787500 0.015625 0.015625
0 0.787500 0.789062 0.015625 0.015625
0 0.560937 0.801562 0.015625 0.015625
0 0.007812 0.818750 0.015625 0.015625
0 0.293750 0.845313 0.015625 0.015625
0 0.521875 0.845313 0.015625 0.015625
0 0.446875 0.846875 0.015625 0.015625
0 0.229687 0.846875 0.015625 0.015625
0 0.375000 0.848437 0.015625 0.015625
0 0.903125 0.850000 0.015625 0.015625
0 0.829688 0.853125 0.015625 0.015625
0 0.485938 0.914062 0.015625 0.015625
0 0.637500 0.914062 0.015625 0.015625
0 0.409375 0.914062 0.015625 0.015625
0 0.334375 0.915625 0.015625 0.015625
0 0.560937 0.917188 0.015625 0.015625
0 0.862500 0.917188 0.015625 0.015625
0 0.189062 0.917188 0.015625 0.015625
0 0.935937 0.923438 0.015625 0.015625
0 0.142187 0.970313 0.015625 0.015625
0 0.518750 0.976562 0.015625 0.015625
0 0.601562 0.979688 0.015625 0.015625
0 0.678125 0.981250 0.015625 0.015625
0 0.976562 0.985938 0.015625 0.015625
0 0.903125 0.989062 0.015625 0.015625
