0 0.570312 0.012500 0.015625 0.015625
0 0.635938 0.025000 0.015625 0.015625
0 0.792188 0.029687 0.015625 0.015625
0 0.873437 0.031250 0.015625 0.015625
0 0.057813 0.057813 0.015625 0.015625
0 0.154688 0.082812 0.015625 0.015625
0 0.292187 0.087500 0.015625 0.015625
0 0.370312 0.087500 0.015625 0.015625
0 0.596875 0.092188 0.015625 0.015625
0 0.671875 0.096875 0.015625 0.015625
0 0.745313 0.100000 0.015625 0.015625
0 0.823438 0.100000 0.015625 0.015625
0 0.901563 0.101562 0.015625 0.015625
0 0.098437 0.150000 0.015625 0.015625
0 0.242188 0.151562 0.015625 0.015625
0 0.473438 0.154688 0.015625 0.015625
0 0.335938 0.156250 0.015625 0.015625
0 0.553125 0.162500 0.015625 0.015625
0 0.635938 0.164062 0.015625 0.015625
0 0.864062 0.165625 0.015625 0.015625
0 0.701562 0.167187 0.015625 0.015625
0 0.217188 0.217188 0.015625 0.015625
0 0.515625 0.225000 0.015625 0.015625
0 0.442188 0.226562 0.015625 0.015625
0 0.592187 0.228125 0.015625 0.015625
0 0.817187 0.229687 0.015625 0.015625
0 0.667188 0.234375 0.015625 0.015625
0 0.896875 0.234375 0.015625 0.015625
0 0.973437 0.235937 0.015625 0.015625
0 0.743750 0.235937 0.015625 0.015625
0 0.023438 0.278125 0.015625 0.015625
0 0.175000 0.279687 0.015625 0.015625
0 0.095312 0.281250 0.015625 0.015625
0 0.557813 0.285938 0.015625 0.015625
0 0.709375 0.293750 0.015625 0.015625
0 0.471875 0.293750 0.015625 0.015625
0 0.395313 0.293750 0.015625 0.015625
0 0.625000 0.298438 0.015625 0.015625
0 0.857812 0.298438 0.015625 0.015625
0 0.064062 0.342187 0.015625 0.015625
0 0.212500 0.345313 0.015625 0.015625
0 0.293750 0.348438 0.015625 0.015625
0 0.664062 0.360938 0.015625 0.015625
0 0.742188 0.360938 0.015625 0.015625
0 0.968750 0.364063 0.015625 0.015625
0 0.815625 0.365625 0.015625 0.015625
0 0.893750 0.367188 0.015625 0.015625
0 0.168750 0.415625 0.015625 0.015625
0 0.321875 0.417187 0.015625 0.015625
0 0.245312 0.418750 0.015625 0.015625
0 0.698438 0.425000 0.015625 0.015625
0 0.626563 0.425000 0.015625 0.015625
0 0.932813 0.426563 0.015625 0.015625
0 0.775000 0.428125 0.015625 0.015625
0 0.545312 0.428125 0.015625 0.015625
0 0.853125 0.431250 0.015625 0.015625
0 0.126562 0.482812 0.015625 0.015625
0 0.210938 0.484375 0.015625 0.015625
0 0.362500 0.484375 0.015625 0.015625
0 0.285938 0.485938 0.015625 0.015625
0 0.510938 0.496875 0.015625 0.015625
0 0.660937 0.496875 0.015625 0.015625
0 0.968750 0.498437 0.015625 0.015625
0 0.593750 0.500000 0.015625 0.015625
0 0.817187 0.500000 0.015625 0.015625
0 0.743750 0.504687 0.015625 0.015625
0 0.457813 0.535937 0.015625 0.015625
0 0.243750 0.551562 0.015625 0.015625
0 0.168750 0.553125 0.015625 0.015625
0 0.123438 0.612500 0.015625 0.015625
0 0.443750 0.612500 0.015625 0.015625
0 0.210938 0.617188 0.015625 0.015625
0 0.359375 0.617188 0.015625 0.015625
0 0.739062 0.623437 0.015625 0.015625
0 0.814063 0.628125 0.015625 0.015625
0 0.889062 0.629687 0.015625 0.015625
0 0.657813 0.631250 0.015625 0.015625
0 0.964063 0.634375 0.015625 0.015625
0 0.081250 0.679688 0.015625 0.015625
0 0.164062 0.681250 0.015625 0.015625
0 0.239063 0.684375 0.015625 0.015625
0 0.471875 0.689063 0.015625 0.015625
0 0.393750 0.689063 0.015625 0.015625
0 0.998437 0.692187 0.015625 0.015625
0 0.848437 0.695312 0.015625 0.015625
0 0.768750 0.700000 0.015625 0.015625
0 0.921875 0.701562 0.015625 0.015625
0 0.596875 0.742188 0.015625 0.015625
0 0.514062 0.748437 0.015625 0.015625
0 0.271875 0.748437 0.015625 0.015625
0 0.123438 0.750000 0.015625 0.015625
0 0.353125 0.753125 0.015625 0.015625
0 0.432812 0.756250 0.015625 0.015625
0 0.728125 0.757812 0.015625 0.015625
0 0.656250 0.759375 0.015625 0.015625
0 0.809375 0.762500 0.015625 0.015625
0 0.889062 0.765625 0.015625 0.015625
0 0.960938 0.765625 0.015625 0.015625
0 0.015625 0.807813 0.015625 0.015625
0 0.237500 0.812500 0.015625 0.015625
0 0.317188 0.814063 0.015625 0.015625
0 0.168750 0.814063 0.015625 0.015625
0 0.767188 0.823438 0.015625 0.015625
0 0.996875 0.826562 0.015625 0.015625
0 0.842187 0.828125 0.015625 0.015625
0 0.920312 0.831250 0.015625 0.015625
0 0.043750 0.878125 0.015625 0.015625
0 0.278125 0.879687 0.015625 0.015625
0 0.435937 0.882812 0.015625 0.015625
0 0.120313 0.882812 0.015625 0.015625
0 0.960938 0.882812 0.015625 0.015625
0 0.351562 0.882812 0.015625 0.015625
0 0.579688 0.884375 0.015625 0.015625
0 0.195312 0.884375 0.015625 0.015625
0 0.503125 0.885938 0.015625 0.015625
0 0.876563 0.890625 0.015625 0.015625
0 0.000000 0.939063 0.015625 0.015625
0 0.235937 0.940625 0.015625 0.015625
0 0.312500 0.942187 0.015625 0.015625
0 0.085938 0.943750 0.015625 0.015625
0 0.464062 0.946875 0.015625 0.015625
0 0.387500 0.948438 0.015625 0.015625
0 0.543750 0.948438 0.015625 0.015625
0 0.617188 0.948438 0.015625 0.015625
0 0.842187 0.956250 0.015625 0.015625
0 0.996875 0.957812 0.015625 0.015625
0 0.925000 0.959375 0.015625 0.015625
0 0.017188 0.537500 0.015625 0.015625
0 0.050000 0.609375 0.015625 0.015625
0 0.096875 0.545312 0.015625 0.015625
0 0.056250 0.473438 0.015625 0.015625
0 0.025000 0.410938 0.015625 0.015625
0 0.103125 0.425000 0.015625 0.015625
0 0.137500 0.353125 0.015625 0.015625
0 0.678125 0.956250 0.015625 0.015625
0 0.656250 0.889062 0.015625 0.015625
0 0.737500 0.893750 0.015625 0.015625
0 0.814063 0.889062 0.015625 0.015625
0 0.689063 0.820312 0.015625 0.015625
0 0.543750 0.820312 0.015625 0.015625
0 0.470313 0.812500 0.015625 0.015625
0 0.387500 0.817187 0.015625 0.015625
0 0.612500 0.689063 0.015625 0.015625
0 0.542188 0.698438 0.015625 0.015625
0 0.500000 0.629687 0.015625 0.015625
0 0.585938 0.626563 0.015625 0.015625
0 0.548438 0.553125 0.015625 0.015625
0 0.618750 0.559375 0.015625 0.015625
0 0.692187 0.557813 0.015625 0.015625
0 0.778125 0.564063 0.015625 0.015625
0 0.864062 0.567187 0.015625 0.015625
0 0.926562 0.565625 0.015625 0.015625
0 0.884375 0.507812 0.015625 0.015625
0 0.500000 0.003125 0.015625 0.015625
0 0.515625 0.095312 0.015625 0.015625
0 0.784375 0.165625 0.015625 0.015625
0 0.784375 0.306250 0.015625 0.015625
0 0.587500 0.362500 0.015625 0.015625
0 0.509375 0.357812 0.015625 0.015625
0 0.437500 0.357812 0.015625 0.015625
0 0.473438 0.423438 0.015625 0.015625
0 0.393750 0.406250 0.015625 0.015625
0 0.353125 0.346875 0.015625 0.015625
0 0.312500 0.281250 0.015625 0.015625
0 0.285938 0.218750 0.015625 0.015625
0 0.251563 0.296875 0.015625 0.015625
0 0.179688 0.162500 0.015625 0.015625
0 0.282813 0.610938 0.015625 0.015625
0 0.320312 0.553125 0.015625 0.015625
0 0.307812 0.673438 0.015625 0.015625
0 0.096875 0.004687 0.015625 0.015625
0 0.178125 0.025000 0.015625 0.015625
0 0.085938 0.814063 0.015625 0.015625
