0 0.065625 0.979688 0.015625 0.015625
0 0.026562 0.184375 0.015625 0.015625
0 0.075000 0.190625 0.015625 0.015625
0 0.498437 0.000000 0.015625 0.015625
0 0.351562 0.001563 0.015625 0.015625
0 0.576562 0.004687 0.015625 0.015625
0 0.656250 0.006250 0.015625 0.015625
0 0.428125 0.007812 0.015625 0.015625
0 0.815625 0.007812 0.015625 0.015625
0 0.734375 0.010937 0.015625 0.015625
0 0.968750 0.014063 0.015625 0.015625
0 0.165625 0.059375 0.015625 0.015625
0 0.240625 0.064062 0.015625 0.015625
0 0.387500 0.071875 0.015625 0.015625
0 0.464062 0.073438 0.015625 0.015625
0 0.542188 0.073438 0.015625 0.015625
0 0.843750 0.078125 0.015625 0.015625
0 0.623437 0.079687 0.015625 0.015625
0 0.717187 0.081250 0.015625 0.015625
0 0.920312 0.082812 0.015625 0.015625
0 0.995313 0.084375 0.015625 0.015625
0 0.215625 0.128125 0.015625 0.015625
0 0.275000 0.129688 0.015625 0.015625
0 0.800000 0.139063 0.015625 0.015625
0 0.885938 0.143750 0.015625 0.015625
0 0.243750 0.189062 0.015625 0.015625
0 0.165625 0.190625 0.015625 0.015625
0 0.609375 0.192188 0.015625 0.015625
0 0.462500 0.196875 0.015625 0.015625
0 0.390625 0.196875 0.015625 0.015625
0 0.540625 0.196875 0.015625 0.015625
0 0.690625 0.200000 0.015625 0.015625
0 0.840625 0.201563 0.015625 0.015625
0 0.762500 0.203125 0.015625 0.015625
0 0.917188 0.206250 0.015625 0.015625
0 0.992188 0.209375 0.015625 0.015625
0 0.348438 0.259375 0.015625 0.015625
0 0.648438 0.262500 0.015625 0.015625
0 0.267188 0.264062 0.015625 0.015625
0 0.423438 0.264062 0.015625 0.015625
0 0.501563 0.264062 0.015625 0.015625
0 0.720313 0.268750 0.015625 0.015625
0 0.876563 0.271875 0.015625 0.015625
0 0.954688 0.273438 0.015625 0.015625
0 0.385937 0.328125 0.015625 0.015625
0 0.457813 0.329688 0.015625 0.015625
0 0.614062 0.329688 0.015625 0.015625
0 0.840625 0.331250 0.015625 0.015625
0 0.535937 0.331250 0.015625 0.015625
0 0.679688 0.332813 0.015625 0.015625
0 0.759375 0.332813 0.015625 0.015625
0 0.915625 0.337500 0.015625 0.015625
0 0.992188 0.337500 0.015625 0.015625
0 0.418750 0.393750 0.015625 0.015625
0 0.568750 0.396875 0.015625 0.015625
0 0.496875 0.396875 0.015625 0.015625
0 0.651563 0.398438 0.015625 0.015625
0 0.717187 0.398438 0.015625 0.015625
0 0.870313 0.400000 0.015625 0.015625
0 0.793750 0.401562 0.015625 0.015625
0 0.945312 0.404687 0.015625 0.015625
0 0.750000 0.460938 0.015625 0.015625
0 0.910937 0.464062 0.015625 0.015625
0 0.645312 0.521875 0.015625 0.015625
0 0.717187 0.523438 0.015625 0.015625
0 0.796875 0.525000 0.015625 0.015625
0 0.568750 0.525000 0.015625 0.015625
0 0.870313 0.529687 0.015625 0.015625
0 0.948438 0.531250 0.015625 0.015625
0 0.604688 0.585938 0.015625 0.015625
0 0.531250 0.587500 0.015625 0.015625
0 0.679688 0.587500 0.015625 0.015625
0 0.757812 0.589063 0.015625 0.015625
0 0.907813 0.595313 0.015625 0.015625
0 0.989062 0.598437 0.015625 0.015625
0 0.417187 0.642188 0.015625 0.015625
0 0.567187 0.654687 0.015625 0.015625
0 0.640625 0.656250 0.015625 0.015625
0 0.717187 0.657813 0.015625 0.015625
0 0.792188 0.662500 0.015625 0.015625
0 0.865625 0.662500 0.015625 0.015625
0 0.943750 0.667188 0.015625 0.015625
0 0.596875 0.714063 0.015625 0.015625
0 0.526563 0.718750 0.015625 0.015625
0 0.673438 0.726562 0.015625 0.015625
0 0.906250 0.732812 0.015625 0.015625
0 0.828125 0.732812 0.015625 0.015625
0 0.985938 0.737500 0.015625 0.015625
0 0.492188 0.778125 0.015625 0.015625
0 0.567187 0.787500 0.015625 0.015625
0 0.642188 0.793750 0.015625 0.015625
0 0.718750 0.796875 0.015625 0.015625
0 0.793750 0.798438 0.015625 0.015625
0 0.865625 0.798438 0.015625 0.015625
0 0.950000 0.803125 0.015625 0.015625
0 0.601562 0.856250 0.015625 0.015625
0 0.907813 0.857812 0.015625 0.015625
0 0.678125 0.859375 0.015625 0.015625
0 0.979688 0.860938 0.015625 0.015625
0 0.754687 0.862500 0.015625 0.015625
0 0.832812 0.862500 0.015625 0.015625
0 0.621875 0.914062 0.015625 0.015625
0 0.714063 0.921875 0.015625 0.015625
0 0.943750 0.925000 0.015625 0.015625
0 0.867188 0.926562 0.015625 0.015625
0 0.792188 0.928125 0.015625 0.015625
0 0.732812 0.137500 0.015625 0.015625
0 0.654687 0.139063 0.015625 0.015625
0 0.573438 0.134375 0.015625 0.015625
0 0.495312 0.129688 0.015625 0.015625
0 0.423438 0.129688 0.015625 0.015625
0 0.346875 0.137500 0.015625 0.015625
0 0.314063 0.065625 0.015625 0.015625
0 0.292187 0.196875 0.015625 0.015625
0 0.306250 0.326562 0.015625 0.015625
0 0.200000 0.257812 0.015625 0.015625
0 0.042188 0.248438 0.015625 0.015625
0 0.121875 0.251563 0.015625 0.015625
0 0.151562 0.323437 0.015625 0.015625
0 0.192188 0.390625 0.015625 0.015625
0 0.067187 0.320312 0.015625 0.015625
0 0.043750 0.381250 0.015625 0.015625
0 0.129688 0.385937 0.015625 0.015625
0 0.154688 0.451562 0.015625 0.015625
0 0.229687 0.454688 0.015625 0.015625
0 0.076563 0.451562 0.015625 0.015625
0 0.009375 0.453125 0.015625 0.015625
0 0.054688 0.509375 0.015625 0.015625
0 0.120313 0.509375 0.015625 0.015625
0 0.203125 0.515625 0.015625 0.015625
0 0.264062 0.525000 0.015625 0.015625
0 0.306250 0.589063 0.015625 0.015625
0 0.335938 0.659375 0.015625 0.015625
0 0.267188 0.653125 0.015625 0.015625
0 0.226562 0.587500 0.015625 0.015625
0 0.156250 0.589063 0.015625 0.015625
0 0.189062 0.648438 0.015625 0.015625
0 0.110937 0.656250 0.015625 0.015625
0 0.070312 0.581250 0.015625 0.015625
0 0.007812 0.579688 0.015625 0.015625
0 0.032813 0.634375 0.015625 0.015625
0 0.068750 0.723437 0.015625 0.015625
0 0.143750 0.718750 0.015625 0.015625
0 0.225000 0.721875 0.015625 0.015625
0 0.304688 0.720313 0.015625 0.015625
0 0.378125 0.726562 0.015625 0.015625
0 0.407813 0.785937 0.015625 0.015625
0 0.337500 0.787500 0.015625 0.015625
0 0.260937 0.787500 0.015625 0.015625
0 0.187500 0.790625 0.015625 0.015625
0 0.103125 0.778125 0.015625 0.015625
0 0.028125 0.787500 0.015625 0.015625
0 0.068750 0.843750 0.015625 0.015625
0 0.146875 0.846875 0.015625 0.015625
0 0.220312 0.848437 0.015625 0.015625
0 0.300000 0.851562 0.015625 0.015625
0 0.365625 0.853125 0.015625 0.015625
0 0.456250 0.857812 0.015625 0.015625
0 0.487500 0.923438 0.015625 0.015625
0 0.517188 0.981250 0.015625 0.015625
0 0.401562 0.920312 0.015625 0.015625
0 0.442188 0.979688 0.015625 0.015625
0 0.329688 0.914062 0.015625 0.015625
0 0.359375 0.981250 0.015625 0.015625
0 0.292187 0.982812 0.015625 0.015625
0 0.250000 0.915625 0.015625 0.015625
0 0.176563 0.912500 0.015625 0.015625
0 0.212500 0.976562 0.015625 0.015625
0 0.107813 0.917188 0.015625 0.015625
0 0.139063 0.978125 0.015625 0.015625
0 0.345313 0.401562 0.015625 0.015625
0 0.378125 0.456250 0.015625 0.015625
0 0.459375 0.456250 0.015625 0.015625
0 0.539062 0.454688 0.015625 0.015625
0 0.601562 0.456250 0.015625 0.015625
0 0.495312 0.520312 0.015625 0.015625
0 0.421875 0.521875 0.015625 0.015625
0 0.457813 0.590625 0.015625 0.015625
0 0.376563 0.585938 0.015625 0.015625
0 0.342187 0.515625 0.015625 0.015625
0 0.271875 0.379688 0.015625 0.015625
0 0.673438 0.993750 0.015625 0.015625
0 0.604688 0.990625 0.015625 0.015625
0 0.751563 0.992188 0.015625 0.015625
0 0.832812 0.989062 0.015625 0.015625
0 0.904687 0.989062 0.015625 0.015625
0 0.014063 0.064062 0.015625 0.015625
0 0.087500 0.060937 0.015625 0.015625
0 0.051562 0.123438 0.015625 0.015625
0 0.526563 0.857812 0.015625 0.015625
0 0.885938 0.014063 0.015625 0.015625
0 0.775000 0.076563 0.015625 0.015625
