0 0.340625 0.351562 0.015625 0.015625
0 0.565625 0.350000 0.015625 0.015625
0 0.412500 0.353125 0.015625 0.015625
0 0.759375 0.426563 0.015625 0.015625
0 0.943750 0.096875 0.015625 0.015625
0 0.718750 0.221875 0.015625 0.015625
0 0.373437 0.415625 0.015625 0.015625
0 0.639062 0.354687 0.015625 0.015625
0 0.985938 0.029687 0.015625 0.015625
0 0.762500 0.025000 0.015625 0.015625
0 0.417187 0.220312 0.015625 0.015625
0 0.792188 0.354687 0.015625 0.015625
0 0.685937 0.025000 0.015625 0.015625
0 0.942187 0.357812 0.015625 0.015625
0 0.643750 0.225000 0.015625 0.015625
0 0.675000 0.426563 0.015625 0.015625
0 0.871875 0.095312 0.015625 0.015625
0 0.490625 0.354687 0.015625 0.015625
0 0.596875 0.415625 0.015625 0.015625
0 0.643750 0.090625 0.015625 0.015625
0 0.259375 0.604688 0.015625 0.015625
0 0.295312 0.671875 0.015625 0.015625
0 0.339062 0.479687 0.015625 0.015625
0 0.218750 0.664062 0.015625 0.015625
0 0.185938 0.603125 0.015625 0.015625
0 0.259375 0.479687 0.015625 0.015625
0 0.217188 0.535937 0.015625 0.015625
0 0.300000 0.543750 0.015625 0.015625
0 0.345313 0.659375 0.015625 0.015625
0 0.332813 0.600000 0.015625 0.015625
0 0.332813 0.746875 0.015625 0.015625
0 0.300000 0.417187 0.015625 0.015625
0 0.185938 0.457813 0.015625 0.015625
0 0.345313 0.810937 0.015625 0.015625
0 0.935937 0.884375 0.015625 0.015625
0 0.637500 0.489063 0.015625 0.015625
0 0.412500 0.482812 0.015625 0.015625
0 0.968750 0.426563 0.015625 0.015625
0 0.746875 0.946875 0.015625 0.015625
0 0.443750 0.681250 0.015625 0.015625
0 0.970313 0.953125 0.015625 0.015625
0 0.445312 0.807813 0.015625 0.015625
0 0.715625 0.750000 0.015625 0.015625
0 0.754687 0.685937 0.015625 0.015625
0 0.860938 0.357812 0.015625 0.015625
0 0.634375 0.748437 0.015625 0.015625
0 0.517188 0.806250 0.015625 0.015625
0 0.792188 0.625000 0.015625 0.015625
0 0.598437 0.685937 0.015625 0.015625
0 0.560937 0.748437 0.015625 0.015625
0 0.793750 0.490625 0.015625 0.015625
0 0.482812 0.745313 0.015625 0.015625
0 0.689063 0.281250 0.015625 0.015625
0 0.860938 0.753125 0.015625 0.015625
0 0.990625 0.285938 0.015625 0.015625
0 0.770312 0.881250 0.015625 0.015625
0 0.821875 0.685937 0.015625 0.015625
0 0.407813 0.864062 0.015625 0.015625
0 0.937500 0.751563 0.015625 0.015625
0 0.784375 0.750000 0.015625 0.015625
0 0.746875 0.812500 0.015625 0.015625
0 0.678125 0.687500 0.015625 0.015625
0 0.715625 0.492188 0.015625 0.015625
0 0.896875 0.689063 0.015625 0.015625
0 0.568750 0.487500 0.015625 0.015625
0 0.820312 0.814063 0.015625 0.015625
0 0.673438 0.820312 0.015625 0.015625
0 0.589063 0.810937 0.015625 0.015625
0 0.003125 0.020313 0.015625 0.015625
0 0.060937 0.017188 0.015625 0.015625
0 0.159375 0.018750 0.015625 0.015625
0 0.234375 0.020313 0.015625 0.015625
0 0.296875 0.026562 0.015625 0.015625
0 0.375000 0.028125 0.015625 0.015625
0 0.445312 0.032813 0.015625 0.015625
0 0.076563 0.145313 0.015625 0.015625
0 0.139063 0.148438 0.015625 0.015625
0 0.217188 0.156250 0.015625 0.015625
0 0.306250 0.151562 0.015625 0.015625
0 0.373437 0.153125 0.015625 0.015625
0 0.029687 0.210938 0.015625 0.015625
0 0.106250 0.209375 0.015625 0.015625
0 0.175000 0.214062 0.015625 0.015625
0 0.259375 0.217188 0.015625 0.015625
0 0.320312 0.218750 0.015625 0.015625
0 0.000000 0.271875 0.015625 0.015625
0 0.065625 0.281250 0.015625 0.015625
0 0.115625 0.273438 0.015625 0.015625
0 0.210938 0.273438 0.015625 0.015625
0 0.985938 0.820312 0.015625 0.015625
0 0.898438 0.821875 0.015625 0.015625
0 0.828125 0.942187 0.015625 0.015625
0 0.600000 0.553125 0.015625 0.015625
0 0.515625 0.553125 0.015625 0.015625
0 0.435937 0.551562 0.015625 0.015625
0 0.682813 0.559375 0.015625 0.015625
0 0.750000 0.554688 0.015625 0.015625
0 0.828125 0.559375 0.015625 0.015625
0 0.896875 0.557813 0.015625 0.015625
0 0.860938 0.621875 0.015625 0.015625
0 0.675000 0.156250 0.015625 0.015625
0 0.762500 0.159375 0.015625 0.015625
0 0.842187 0.164062 0.015625 0.015625
0 0.915625 0.165625 0.015625 0.015625
0 0.998437 0.168750 0.015625 0.015625
0 0.828125 0.290625 0.015625 0.015625
0 0.760938 0.290625 0.015625 0.015625
0 0.601562 0.285938 0.015625 0.015625
0 0.526563 0.290625 0.015625 0.015625
0 0.518750 0.414062 0.015625 0.015625
0 0.451562 0.415625 0.015625 0.015625
0 0.598437 0.946875 0.015625 0.015625
0 0.510938 0.940625 0.015625 0.015625
0 0.440625 0.937500 0.015625 0.015625
0 0.682813 0.943750 0.015625 0.015625
0 0.637500 0.875000 0.015625 0.015625
0 0.553125 0.876563 0.015625 0.015625
0 0.475000 0.873437 0.015625 0.015625
0 0.710938 0.885938 0.015625 0.015625
0 0.703125 0.356250 0.015625 0.015625
0 0.559375 0.617188 0.015625 0.015625
0 0.470313 0.614062 0.015625 0.015625
0 0.517188 0.682813 0.015625 0.015625
0 0.935937 0.492188 0.015625 0.015625
0 0.862500 0.492188 0.015625 0.015625
0 0.567187 0.217188 0.015625 0.015625
0 0.604688 0.157812 0.015625 0.015625
0 0.725000 0.089063 0.015625 0.015625
0 0.831250 0.025000 0.015625 0.015625
