0 0.375000 0.006250 0.015625 0.015625
0 0.084375 0.007812 0.015625 0.015625
0 0.121875 0.009375 0.015625 0.015625
0 0.160938 0.010937 0.015625 0.015625
0 0.198437 0.010937 0.015625 0.015625
0 0.237500 0.012500 0.015625 0.015625
0 0.035937 0.014063 0.015625 0.015625
0 0.275000 0.014063 0.015625 0.015625
0 0.425000 0.015625 0.015625 0.015625
0 0.462500 0.017188 0.015625 0.015625
0 0.576562 0.017188 0.015625 0.015625
0 0.537500 0.017188 0.015625 0.015625
0 0.500000 0.017188 0.015625 0.015625
0 0.651563 0.018750 0.015625 0.015625
0 0.617188 0.018750 0.015625 0.015625
0 0.692187 0.020313 0.015625 0.015625
0 0.731250 0.021875 0.015625 0.015625
0 0.762500 0.021875 0.015625 0.015625
0 0.320312 0.023438 0.015625 0.015625
0 0.918750 0.026562 0.015625 0.015625
0 0.843750 0.028125 0.015625 0.015625
0 0.881250 0.028125 0.015625 0.015625
0 0.010937 0.043750 0.015625 0.015625
0 0.100000 0.043750 0.015625 0.015625
0 0.057813 0.045312 0.015625 0.015625
0 0.479687 0.050000 0.015625 0.015625
0 0.596875 0.050000 0.015625 0.015625
0 0.559375 0.050000 0.015625 0.015625
0 0.520312 0.051562 0.015625 0.015625
0 0.634375 0.051562 0.015625 0.015625
0 0.442188 0.054688 0.015625 0.015625
0 0.671875 0.054688 0.015625 0.015625
0 0.709375 0.054688 0.015625 0.015625
0 0.975000 0.054688 0.015625 0.015625
0 0.746875 0.056250 0.015625 0.015625
0 0.821875 0.067187 0.015625 0.015625
0 0.898438 0.070312 0.015625 0.015625
0 0.084375 0.071875 0.015625 0.015625
0 0.943750 0.073438 0.015625 0.015625
0 0.275000 0.073438 0.015625 0.015625
0 0.864062 0.075000 0.015625 0.015625
0 0.348438 0.075000 0.015625 0.015625
0 0.031250 0.075000 0.015625 0.015625
0 0.998437 0.082812 0.015625 0.015625
0 0.546875 0.087500 0.015625 0.015625
0 0.282813 0.096875 0.015625 0.015625
0 0.437500 0.101562 0.015625 0.015625
0 0.239063 0.103125 0.015625 0.015625
0 0.017188 0.104688 0.015625 0.015625
0 0.059375 0.104688 0.015625 0.015625
0 0.100000 0.104688 0.015625 0.015625
0 0.370312 0.107813 0.015625 0.015625
0 0.745313 0.109375 0.015625 0.015625
0 0.331250 0.109375 0.015625 0.015625
0 0.784375 0.120313 0.015625 0.015625
0 0.821875 0.120313 0.015625 0.015625
0 0.937500 0.121875 0.015625 0.015625
0 0.859375 0.121875 0.015625 0.015625
0 0.898438 0.121875 0.015625 0.015625
0 0.182812 0.123438 0.015625 0.015625
0 0.643750 0.126562 0.015625 0.015625
0 0.345313 0.129688 0.015625 0.015625
0 0.312500 0.129688 0.015625 0.015625
0 0.498437 0.132812 0.015625 0.015625
0 0.578125 0.134375 0.015625 0.015625
0 0.695312 0.134375 0.015625 0.015625
0 0.420312 0.134375 0.015625 0.015625
0 0.021875 0.137500 0.015625 0.015625
0 0.539062 0.137500 0.015625 0.015625
0 0.046875 0.137500 0.015625 0.015625
0 0.606250 0.137500 0.015625 0.015625
0 0.081250 0.139063 0.015625 0.015625
0 0.118750 0.139063 0.015625 0.015625
0 0.273438 0.142187 0.015625 0.015625
0 0.764062 0.150000 0.015625 0.015625
0 0.723437 0.150000 0.015625 0.015625
0 0.189062 0.153125 0.015625 0.015625
0 0.800000 0.153125 0.015625 0.015625
0 0.839063 0.153125 0.015625 0.015625
0 0.684375 0.154688 0.015625 0.015625
0 0.218750 0.154688 0.015625 0.015625
0 0.878125 0.159375 0.015625 0.015625
0 0.653125 0.159375 0.015625 0.015625
0 0.995313 0.159375 0.015625 0.015625
0 0.915625 0.159375 0.015625 0.015625
0 0.959375 0.165625 0.015625 0.015625
0 0.620313 0.168750 0.015625 0.015625
0 0.025000 0.170313 0.015625 0.015625
0 0.100000 0.171875 0.015625 0.015625
0 0.137500 0.171875 0.015625 0.015625
0 0.175000 0.171875 0.015625 0.015625
0 0.065625 0.171875 0.015625 0.015625
0 0.584375 0.175000 0.015625 0.015625
0 0.473438 0.178125 0.015625 0.015625
0 0.517188 0.179688 0.015625 0.015625
0 0.740625 0.181250 0.015625 0.015625
0 0.701562 0.182812 0.015625 0.015625
0 0.781250 0.184375 0.015625 0.015625
0 0.818750 0.185938 0.015625 0.015625
0 0.857812 0.187500 0.015625 0.015625
0 0.018750 0.196875 0.015625 0.015625
0 0.646875 0.200000 0.015625 0.015625
0 0.043750 0.201563 0.015625 0.015625
0 0.679688 0.201563 0.015625 0.015625
0 0.082812 0.204687 0.015625 0.015625
0 0.325000 0.204687 0.015625 0.015625
0 0.118750 0.204687 0.015625 0.015625
0 0.157812 0.204687 0.015625 0.015625
0 0.196875 0.204687 0.015625 0.015625
0 0.434375 0.209375 0.015625 0.015625
0 0.775000 0.209375 0.015625 0.015625
0 0.798438 0.210938 0.015625 0.015625
0 0.742188 0.212500 0.015625 0.015625
0 0.948438 0.214062 0.015625 0.015625
0 0.278125 0.215625 0.015625 0.015625
0 0.912500 0.220312 0.015625 0.015625
0 0.237500 0.223438 0.015625 0.015625
0 0.500000 0.225000 0.015625 0.015625
0 0.020313 0.231250 0.015625 0.015625
0 0.062500 0.235937 0.015625 0.015625
0 0.135937 0.237500 0.015625 0.015625
0 0.101562 0.237500 0.015625 0.015625
0 0.728125 0.242188 0.015625 0.015625
0 0.781250 0.243750 0.015625 0.015625
0 0.212500 0.245312 0.015625 0.015625
0 0.646875 0.250000 0.015625 0.015625
0 0.896875 0.254688 0.015625 0.015625
0 0.260937 0.254688 0.015625 0.015625
0 0.598437 0.256250 0.015625 0.015625
0 0.754687 0.267188 0.015625 0.015625
0 0.042188 0.268750 0.015625 0.015625
0 0.120313 0.270313 0.015625 0.015625
0 0.082812 0.270313 0.015625 0.015625
0 0.271875 0.271875 0.015625 0.015625
0 0.721875 0.275000 0.015625 0.015625
0 0.825000 0.278125 0.015625 0.015625
0 0.625000 0.279687 0.015625 0.015625
0 0.095312 0.300000 0.015625 0.015625
0 0.642188 0.303125 0.015625 0.015625
0 0.042188 0.303125 0.015625 0.015625
0 0.017188 0.303125 0.015625 0.015625
0 0.973437 0.318750 0.015625 0.015625
0 0.235937 0.321875 0.015625 0.015625
0 0.315625 0.323437 0.015625 0.015625
0 0.754687 0.331250 0.015625 0.015625
0 0.850000 0.331250 0.015625 0.015625
0 0.028125 0.340625 0.015625 0.015625
0 0.884375 0.343750 0.015625 0.015625
0 0.990625 0.343750 0.015625 0.015625
0 0.062500 0.345313 0.015625 0.015625
0 0.923438 0.346875 0.015625 0.015625
0 0.470313 0.348438 0.015625 0.015625
0 0.556250 0.354687 0.015625 0.015625
0 0.009375 0.373437 0.015625 0.015625
0 0.937500 0.384375 0.015625 0.015625
0 0.854688 0.385937 0.015625 0.015625
0 0.896875 0.387500 0.015625 0.015625
0 0.971875 0.387500 0.015625 0.015625
0 0.759375 0.396875 0.015625 0.015625
0 0.801562 0.398438 0.015625 0.015625
0 0.059375 0.403125 0.015625 0.015625
0 0.117188 0.403125 0.015625 0.015625
0 0.151562 0.404687 0.015625 0.015625
0 0.534375 0.407813 0.015625 0.015625
0 0.079687 0.418750 0.015625 0.015625
0 0.640625 0.420312 0.015625 0.015625
0 0.946875 0.421875 0.015625 0.015625
0 0.989062 0.423438 0.015625 0.015625
0 0.496875 0.423438 0.015625 0.015625
0 0.878125 0.423438 0.015625 0.015625
0 0.843750 0.426563 0.015625 0.015625
0 0.001563 0.429688 0.015625 0.015625
0 0.162500 0.434375 0.015625 0.015625
0 0.323437 0.443750 0.015625 0.015625
0 0.668750 0.446875 0.015625 0.015625
0 0.146875 0.451562 0.015625 0.015625
0 0.107813 0.456250 0.015625 0.015625
0 0.259375 0.459375 0.015625 0.015625
0 0.295312 0.459375 0.015625 0.015625
0 0.595313 0.460938 0.015625 0.015625
0 0.351562 0.462500 0.015625 0.015625
0 0.557813 0.465625 0.015625 0.015625
0 0.189062 0.470313 0.015625 0.015625
0 0.418750 0.475000 0.015625 0.015625
0 0.909375 0.485938 0.015625 0.015625
0 0.798438 0.487500 0.015625 0.015625
0 0.756250 0.489063 0.015625 0.015625
0 0.826562 0.489063 0.015625 0.015625
0 0.950000 0.490625 0.015625 0.015625
0 0.989062 0.490625 0.015625 0.015625
0 0.025000 0.498437 0.015625 0.015625
0 0.065625 0.498437 0.015625 0.015625
0 0.859375 0.498437 0.015625 0.015625
0 0.714063 0.500000 0.015625 0.015625
0 0.000000 0.500000 0.015625 0.015625
0 0.440625 0.503125 0.015625 0.015625
0 0.512500 0.503125 0.015625 0.015625
0 0.362500 0.504687 0.015625 0.015625
0 0.214062 0.504687 0.015625 0.015625
0 0.400000 0.504687 0.015625 0.015625
0 0.690625 0.525000 0.015625 0.015625
0 0.795312 0.528125 0.015625 0.015625
0 0.504687 0.528125 0.015625 0.015625
0 0.739062 0.529687 0.015625 0.015625
0 0.237500 0.531250 0.015625 0.015625
0 0.959375 0.532813 0.015625 0.015625
0 0.831250 0.532813 0.015625 0.015625
0 0.995313 0.534375 0.015625 0.015625
0 0.935937 0.534375 0.015625 0.015625
0 0.900000 0.534375 0.015625 0.015625
0 0.459375 0.534375 0.015625 0.015625
0 0.382812 0.535937 0.015625 0.015625
0 0.420312 0.537500 0.015625 0.015625
0 0.345313 0.537500 0.015625 0.015625
0 0.534375 0.565625 0.015625 0.015625
0 0.159375 0.568750 0.015625 0.015625
0 0.723437 0.570312 0.015625 0.015625
0 0.198437 0.570312 0.015625 0.015625
0 0.323437 0.570312 0.015625 0.015625
0 0.821875 0.570312 0.015625 0.015625
0 0.475000 0.571875 0.015625 0.015625
0 0.400000 0.571875 0.015625 0.015625
0 0.235937 0.571875 0.015625 0.015625
0 0.360938 0.573438 0.015625 0.015625
0 0.439063 0.573438 0.015625 0.015625
0 0.935937 0.575000 0.015625 0.015625
0 0.700000 0.579688 0.015625 0.015625
0 0.576562 0.595313 0.015625 0.015625
0 0.512500 0.595313 0.015625 0.015625
0 0.470313 0.596875 0.015625 0.015625
0 0.737500 0.596875 0.015625 0.015625
0 0.085938 0.598437 0.015625 0.015625
0 0.610938 0.600000 0.015625 0.015625
0 0.176563 0.600000 0.015625 0.015625
0 0.290625 0.600000 0.015625 0.015625
0 0.868750 0.600000 0.015625 0.015625
0 0.787500 0.601562 0.015625 0.015625
0 0.214062 0.601562 0.015625 0.015625
0 0.342187 0.603125 0.015625 0.015625
0 0.975000 0.604688 0.015625 0.015625
0 0.379688 0.604688 0.015625 0.015625
0 0.420312 0.606250 0.015625 0.015625
0 0.671875 0.615625 0.015625 0.015625
0 0.982812 0.621875 0.015625 0.015625
0 0.717187 0.626563 0.015625 0.015625
0 0.521875 0.628125 0.015625 0.015625
0 0.046875 0.629687 0.015625 0.015625
0 0.096875 0.631250 0.015625 0.015625
0 0.800000 0.634375 0.015625 0.015625
0 0.360938 0.637500 0.015625 0.015625
0 0.185938 0.637500 0.015625 0.015625
0 0.310937 0.639062 0.015625 0.015625
0 0.398438 0.639062 0.015625 0.015625
0 0.621875 0.642188 0.015625 0.015625
0 0.901563 0.643750 0.015625 0.015625
0 0.873437 0.645312 0.015625 0.015625
0 0.946875 0.646875 0.015625 0.015625
0 0.664062 0.646875 0.015625 0.015625
0 0.457813 0.656250 0.015625 0.015625
0 0.534375 0.660937 0.015625 0.015625
0 0.004687 0.662500 0.015625 0.015625
0 0.339062 0.662500 0.015625 0.015625
0 0.039062 0.662500 0.015625 0.015625
0 0.815625 0.664062 0.015625 0.015625
0 0.490625 0.664062 0.015625 0.015625
0 0.657813 0.665625 0.015625 0.015625
0 0.070312 0.665625 0.015625 0.015625
0 0.615625 0.668750 0.015625 0.015625
0 0.210938 0.668750 0.015625 0.015625
0 0.914062 0.668750 0.015625 0.015625
0 0.428125 0.670312 0.015625 0.015625
0 0.285938 0.670312 0.015625 0.015625
0 0.378125 0.670312 0.015625 0.015625
0 0.696875 0.693750 0.015625 0.015625
0 0.864062 0.695312 0.015625 0.015625
0 0.059375 0.695312 0.015625 0.015625
0 0.100000 0.696875 0.015625 0.015625
0 0.023438 0.696875 0.015625 0.015625
0 0.800000 0.700000 0.015625 0.015625
0 0.192188 0.701562 0.015625 0.015625
0 0.398438 0.703125 0.015625 0.015625
0 0.310937 0.704688 0.015625 0.015625
0 0.489063 0.712500 0.015625 0.015625
0 0.885938 0.725000 0.015625 0.015625
0 0.671875 0.726562 0.015625 0.015625
0 0.445312 0.726562 0.015625 0.015625
0 0.721875 0.729688 0.015625 0.015625
0 0.290625 0.729688 0.015625 0.015625
0 0.370312 0.731250 0.015625 0.015625
0 0.217188 0.732812 0.015625 0.015625
0 0.414062 0.734375 0.015625 0.015625
0 0.570312 0.735938 0.015625 0.015625
0 0.529687 0.737500 0.015625 0.015625
0 0.640625 0.740625 0.015625 0.015625
0 0.604688 0.742188 0.015625 0.015625
0 0.868750 0.751563 0.015625 0.015625
0 0.945312 0.753125 0.015625 0.015625
0 0.982812 0.754687 0.015625 0.015625
0 0.689063 0.760938 0.015625 0.015625
0 0.262500 0.760938 0.015625 0.015625
0 0.912500 0.762500 0.015625 0.015625
0 0.354687 0.765625 0.015625 0.015625
0 0.395313 0.767188 0.015625 0.015625
0 0.434375 0.768750 0.015625 0.015625
0 0.307812 0.770312 0.015625 0.015625
0 0.550000 0.770312 0.015625 0.015625
0 0.473438 0.771875 0.015625 0.015625
0 0.625000 0.773438 0.015625 0.015625
0 0.585938 0.773438 0.015625 0.015625
0 0.160938 0.781250 0.015625 0.015625
0 0.770312 0.790625 0.015625 0.015625
0 0.000000 0.790625 0.015625 0.015625
0 0.076563 0.792188 0.015625 0.015625
0 0.039062 0.793750 0.015625 0.015625
0 0.334375 0.793750 0.015625 0.015625
0 0.126562 0.795312 0.015625 0.015625
0 0.293750 0.796875 0.015625 0.015625
0 0.834375 0.796875 0.015625 0.015625
0 0.973437 0.796875 0.015625 0.015625
0 0.896875 0.798438 0.015625 0.015625
0 0.714063 0.798438 0.015625 0.015625
0 0.684375 0.798438 0.015625 0.015625
0 0.860938 0.798438 0.015625 0.015625
0 0.943750 0.798438 0.015625 0.015625
0 0.246875 0.798438 0.015625 0.015625
0 0.375000 0.800000 0.015625 0.015625
0 0.414062 0.801562 0.015625 0.015625
0 0.453125 0.803125 0.015625 0.015625
0 0.020313 0.826562 0.015625 0.015625
0 0.059375 0.828125 0.015625 0.015625
0 0.096875 0.829688 0.015625 0.015625
0 0.275000 0.831250 0.015625 0.015625
0 0.625000 0.831250 0.015625 0.015625
0 0.198437 0.834375 0.015625 0.015625
0 0.995313 0.834375 0.015625 0.015625
0 0.395313 0.835938 0.015625 0.015625
0 0.237500 0.835938 0.015625 0.015625
0 0.431250 0.835938 0.015625 0.015625
0 0.771875 0.837500 0.015625 0.015625
0 0.940625 0.842187 0.015625 0.015625
0 0.145313 0.843750 0.015625 0.015625
0 0.043750 0.846875 0.015625 0.015625
0 0.512500 0.854688 0.015625 0.015625
0 0.739062 0.856250 0.015625 0.015625
0 0.710938 0.859375 0.015625 0.015625
0 0.293750 0.860938 0.015625 0.015625
0 0.259375 0.865625 0.015625 0.015625
0 0.326562 0.865625 0.015625 0.015625
0 0.785937 0.868750 0.015625 0.015625
0 0.450000 0.868750 0.015625 0.015625
0 0.412500 0.868750 0.015625 0.015625
0 0.375000 0.868750 0.015625 0.015625
0 0.645312 0.868750 0.015625 0.015625
0 0.932813 0.871875 0.015625 0.015625
0 0.676562 0.871875 0.015625 0.015625
0 0.965625 0.873437 0.015625 0.015625
0 0.023438 0.873437 0.015625 0.015625
0 0.095312 0.876563 0.015625 0.015625
0 0.898438 0.878125 0.015625 0.015625
0 0.059375 0.882812 0.015625 0.015625
0 0.129688 0.882812 0.015625 0.015625
0 0.496875 0.884375 0.015625 0.015625
0 0.273438 0.890625 0.015625 0.015625
0 0.184375 0.890625 0.015625 0.015625
0 0.220312 0.892188 0.015625 0.015625
0 0.734375 0.892188 0.015625 0.015625
0 0.389062 0.901563 0.015625 0.015625
0 0.807813 0.904687 0.015625 0.015625
0 0.985938 0.904687 0.015625 0.015625
0 0.659375 0.906250 0.015625 0.015625
0 0.335938 0.906250 0.015625 0.015625
0 0.771875 0.906250 0.015625 0.015625
0 0.693750 0.906250 0.015625 0.015625
0 0.623437 0.907813 0.015625 0.015625
0 0.123438 0.907813 0.015625 0.015625
0 0.584375 0.912500 0.015625 0.015625
0 0.246875 0.925000 0.015625 0.015625
0 0.717187 0.926562 0.015625 0.015625
0 0.910937 0.926562 0.015625 0.015625
0 0.037500 0.926562 0.015625 0.015625
0 0.110937 0.926562 0.015625 0.015625
0 0.845313 0.926562 0.015625 0.015625
0 0.270313 0.926562 0.015625 0.015625
0 0.075000 0.926562 0.015625 0.015625
0 0.757812 0.926562 0.015625 0.015625
0 0.953125 0.928125 0.015625 0.015625
0 0.825000 0.929688 0.015625 0.015625
0 0.789062 0.929688 0.015625 0.015625
0 0.298438 0.932813 0.015625 0.015625
0 0.376563 0.934375 0.015625 0.015625
0 0.337500 0.934375 0.015625 0.015625
0 0.601562 0.942187 0.015625 0.015625
0 0.564063 0.945312 0.015625 0.015625
0 0.017188 0.957812 0.015625 0.015625
0 0.978125 0.959375 0.015625 0.015625
0 0.184375 0.959375 0.015625 0.015625
0 0.092188 0.960938 0.015625 0.015625
0 0.237500 0.962500 0.015625 0.015625
0 0.281250 0.965625 0.015625 0.015625
0 0.328125 0.970313 0.015625 0.015625
0 0.810937 0.970313 0.015625 0.015625
0 0.435937 0.973437 0.015625 0.015625
0 0.376563 0.973437 0.015625 0.015625
0 0.225000 0.976562 0.015625 0.015625
0 0.534375 0.985938 0.015625 0.015625
0 0.612500 0.987500 0.015625 0.015625
0 0.035937 0.990625 0.015625 0.015625
0 0.073438 0.990625 0.015625 0.015625
0 0.571875 0.992188 0.015625 0.015625
0 0.715625 0.993750 0.015625 0.015625
0 0.262500 0.995313 0.015625 0.015625
0 0.301563 0.996875 0.015625 0.015625
0 0.956250 0.998437 0.015625 0.015625
0 0.987500 0.998437 0.015625 0.015625
