0 0.837500 0.039062 0.015625 0.015625
0 0.160938 0.050000 0.015625 0.015625
0 0.540625 0.051562 0.015625 0.015625
0 0.237500 0.053125 0.015625 0.015625
0 0.457813 0.056250 0.015625 0.015625
0 0.385937 0.056250 0.015625 0.015625
0 0.787500 0.098437 0.015625 0.015625
0 0.589063 0.106250 0.015625 0.015625
0 0.714063 0.110937 0.015625 0.015625
0 0.343750 0.121875 0.015625 0.015625
0 0.196875 0.123438 0.015625 0.015625
0 0.434375 0.131250 0.015625 0.015625
0 0.898438 0.145313 0.015625 0.015625
0 0.537500 0.176563 0.015625 0.015625
0 0.009375 0.176563 0.015625 0.015625
0 0.312500 0.178125 0.015625 0.015625
0 0.239063 0.178125 0.015625 0.015625
0 0.082812 0.179688 0.015625 0.015625
0 0.156250 0.179688 0.015625 0.015625
0 0.384375 0.181250 0.015625 0.015625
0 0.617188 0.182812 0.015625 0.015625
0 0.760938 0.185938 0.015625 0.015625
0 0.921875 0.195312 0.015625 0.015625
0 0.656250 0.240625 0.015625 0.015625
0 0.420312 0.243750 0.015625 0.015625
0 0.495312 0.246875 0.015625 0.015625
0 0.040625 0.248438 0.015625 0.015625
0 0.570312 0.248438 0.015625 0.015625
0 0.195312 0.248438 0.015625 0.015625
0 0.115625 0.250000 0.015625 0.015625
0 0.345313 0.250000 0.015625 0.015625
0 0.268750 0.253125 0.015625 0.015625
0 0.721875 0.254688 0.015625 0.015625
0 0.796875 0.254688 0.015625 0.015625
0 0.875000 0.259375 0.015625 0.015625
0 0.992188 0.296875 0.015625 0.015625
0 0.771875 0.296875 0.015625 0.015625
0 0.450000 0.303125 0.015625 0.015625
0 0.162500 0.303125 0.015625 0.015625
0 0.076563 0.310937 0.015625 0.015625
0 0.609375 0.310937 0.015625 0.015625
0 0.303125 0.310937 0.015625 0.015625
0 0.231250 0.312500 0.015625 0.015625
0 0.384375 0.312500 0.015625 0.015625
0 0.687500 0.321875 0.015625 0.015625
0 0.115625 0.376563 0.015625 0.015625
0 0.195312 0.378125 0.015625 0.015625
0 0.268750 0.381250 0.015625 0.015625
0 0.417187 0.381250 0.015625 0.015625
0 0.340625 0.382812 0.015625 0.015625
0 0.492188 0.384375 0.015625 0.015625
0 0.895312 0.384375 0.015625 0.015625
0 0.571875 0.384375 0.015625 0.015625
0 0.646875 0.384375 0.015625 0.015625
0 0.720313 0.387500 0.015625 0.015625
0 0.798438 0.387500 0.015625 0.015625
0 0.979688 0.434375 0.015625 0.015625
0 0.229687 0.442188 0.015625 0.015625
0 0.454688 0.443750 0.015625 0.015625
0 0.303125 0.445312 0.015625 0.015625
0 0.614062 0.445312 0.015625 0.015625
0 0.148438 0.448437 0.015625 0.015625
0 0.529687 0.448437 0.015625 0.015625
0 0.837500 0.450000 0.015625 0.015625
0 0.682813 0.453125 0.015625 0.015625
0 0.756250 0.456250 0.015625 0.015625
0 0.048438 0.506250 0.015625 0.015625
0 0.265625 0.509375 0.015625 0.015625
0 0.190625 0.510938 0.015625 0.015625
0 0.414062 0.510938 0.015625 0.015625
0 0.792188 0.512500 0.015625 0.015625
0 0.339062 0.514062 0.015625 0.015625
0 0.490625 0.514062 0.015625 0.015625
0 0.720313 0.514062 0.015625 0.015625
0 0.642188 0.515625 0.015625 0.015625
0 0.567187 0.517188 0.015625 0.015625
0 0.870313 0.521875 0.015625 0.015625
0 0.001563 0.565625 0.015625 0.015625
0 0.220312 0.567187 0.015625 0.015625
0 0.301563 0.576562 0.015625 0.015625
0 0.837500 0.579688 0.015625 0.015625
0 0.375000 0.581250 0.015625 0.015625
0 0.448437 0.584375 0.015625 0.015625
0 0.525000 0.585938 0.015625 0.015625
0 0.759375 0.585938 0.015625 0.015625
0 0.678125 0.587500 0.015625 0.015625
0 0.601562 0.587500 0.015625 0.015625
0 0.037500 0.628125 0.015625 0.015625
0 0.114062 0.629687 0.015625 0.015625
0 0.264062 0.639062 0.015625 0.015625
0 0.339062 0.642188 0.015625 0.015625
0 0.412500 0.645312 0.015625 0.015625
0 0.560937 0.646875 0.015625 0.015625
0 0.715625 0.646875 0.015625 0.015625
0 0.487500 0.648438 0.015625 0.015625
0 0.867188 0.651563 0.015625 0.015625
0 0.792188 0.654687 0.015625 0.015625
0 0.900000 0.682813 0.015625 0.015625
0 0.068750 0.696875 0.015625 0.015625
0 0.146875 0.696875 0.015625 0.015625
0 0.301563 0.700000 0.015625 0.015625
0 0.378125 0.700000 0.015625 0.015625
0 0.601562 0.703125 0.015625 0.015625
0 0.518750 0.704688 0.015625 0.015625
0 0.448437 0.707812 0.015625 0.015625
0 0.673438 0.710938 0.015625 0.015625
0 0.748437 0.714063 0.015625 0.015625
0 0.825000 0.720313 0.015625 0.015625
0 0.029687 0.760938 0.015625 0.015625
0 0.109375 0.762500 0.015625 0.015625
0 0.187500 0.764062 0.015625 0.015625
0 0.342187 0.765625 0.015625 0.015625
0 0.412500 0.770312 0.015625 0.015625
0 0.560937 0.776563 0.015625 0.015625
0 0.639062 0.778125 0.015625 0.015625
0 0.862500 0.779687 0.015625 0.015625
0 0.942187 0.779687 0.015625 0.015625
0 0.712500 0.782813 0.015625 0.015625
0 0.789062 0.782813 0.015625 0.015625
0 0.146875 0.828125 0.015625 0.015625
0 0.065625 0.831250 0.015625 0.015625
0 0.221875 0.832812 0.015625 0.015625
0 0.370312 0.835938 0.015625 0.015625
0 0.448437 0.840625 0.015625 0.015625
0 0.593750 0.842187 0.015625 0.015625
0 0.520312 0.842187 0.015625 0.015625
0 0.671875 0.845313 0.015625 0.015625
0 0.746875 0.848437 0.015625 0.015625
0 0.823438 0.850000 0.015625 0.015625
0 0.898438 0.850000 0.015625 0.015625
0 0.975000 0.856250 0.015625 0.015625
0 0.107813 0.892188 0.015625 0.015625
0 0.260937 0.895312 0.015625 0.015625
0 0.025000 0.895312 0.015625 0.015625
0 0.184375 0.896875 0.015625 0.015625
0 0.409375 0.903125 0.015625 0.015625
0 0.485938 0.904687 0.015625 0.015625
0 0.559375 0.909375 0.015625 0.015625
0 0.635938 0.910937 0.015625 0.015625
0 0.710938 0.912500 0.015625 0.015625
0 0.787500 0.912500 0.015625 0.015625
0 0.860938 0.917188 0.015625 0.015625
0 0.939063 0.918750 0.015625 0.015625
0 0.064062 0.959375 0.015625 0.015625
0 0.146875 0.960938 0.015625 0.015625
0 0.220312 0.962500 0.015625 0.015625
0 0.295312 0.962500 0.015625 0.015625
0 0.442188 0.970313 0.015625 0.015625
0 0.520312 0.973437 0.015625 0.015625
0 0.595313 0.976562 0.015625 0.015625
0 0.668750 0.978125 0.015625 0.015625
0 0.735938 0.979688 0.015625 0.015625
0 0.971875 0.981250 0.015625 0.015625
0 0.820312 0.982812 0.015625 0.015625
0 0.895312 0.982812 0.015625 0.015625
0 0.082812 0.046875 0.015625 0.015625
0 0.040625 0.110937 0.015625 0.015625
0 0.285938 0.084375 0.015625 0.015625
0 0.618750 0.059375 0.015625 0.015625
0 0.690625 0.056250 0.015625 0.015625
0 0.771875 0.060937 0.015625 0.015625
0 0.459375 0.179688 0.015625 0.015625
0 0.921875 0.065625 0.015625 0.015625
0 0.992188 0.064062 0.015625 0.015625
0 0.954688 0.131250 0.015625 0.015625
