0 0.187500 0.076563 0.015625 0.015625
0 0.075000 0.078125 0.015625 0.015625
0 0.476562 0.046875 0.015625 0.015625
0 0.206250 0.110937 0.015625 0.015625
0 0.514062 0.050000 0.015625 0.015625
0 0.321875 0.112500 0.015625 0.015625
0 0.400000 0.046875 0.015625 0.015625
0 0.151562 0.076563 0.015625 0.015625
0 0.664062 0.118750 0.015625 0.015625
0 0.437500 0.115625 0.015625 0.015625
0 0.360938 0.112500 0.015625 0.015625
0 0.325000 0.046875 0.015625 0.015625
0 0.551562 0.050000 0.015625 0.015625
0 0.589063 0.118750 0.015625 0.015625
0 0.093750 0.043750 0.015625 0.015625
0 0.609375 0.021875 0.015625 0.015625
0 0.648438 0.023438 0.015625 0.015625
0 0.168750 0.110937 0.015625 0.015625
0 0.129688 0.110937 0.015625 0.015625
0 0.362500 0.046875 0.015625 0.015625
0 0.243750 0.110937 0.015625 0.015625
0 0.589063 0.051562 0.015625 0.015625
0 0.646875 0.151562 0.015625 0.015625
0 0.204687 0.043750 0.015625 0.015625
0 0.187500 0.010937 0.015625 0.015625
0 0.439063 0.046875 0.015625 0.015625
0 0.628125 0.054688 0.015625 0.015625
0 0.226562 0.076563 0.015625 0.015625
0 0.282813 0.112500 0.015625 0.015625
0 0.340625 0.146875 0.015625 0.015625
0 0.473438 0.117188 0.015625 0.015625
0 0.646875 0.084375 0.015625 0.015625
0 0.379688 0.017188 0.015625 0.015625
0 0.551562 0.117188 0.015625 0.015625
0 0.609375 0.084375 0.015625 0.015625
0 0.571875 0.084375 0.015625 0.015625
0 0.265625 0.076563 0.015625 0.015625
0 0.285938 0.045312 0.015625 0.015625
0 0.723437 0.023438 0.015625 0.015625
0 0.910937 0.157812 0.015625 0.015625
0 0.703125 0.120313 0.015625 0.015625
0 0.685937 0.021875 0.015625 0.015625
0 0.760938 0.021875 0.015625 0.015625
0 0.684375 0.087500 0.015625 0.015625
0 0.800000 0.023438 0.015625 0.015625
0 0.854688 0.057813 0.015625 0.015625
0 0.948438 0.157812 0.015625 0.015625
0 0.740625 0.120313 0.015625 0.015625
0 0.723437 0.087500 0.015625 0.015625
0 0.815625 0.118750 0.015625 0.015625
0 0.834375 0.154688 0.015625 0.015625
0 0.856250 0.121875 0.015625 0.015625
0 0.892188 0.123438 0.015625 0.015625
0 0.396875 0.117188 0.015625 0.015625
0 0.626563 0.117188 0.015625 0.015625
0 0.128125 0.173437 0.015625 0.015625
0 0.512500 0.117188 0.015625 0.015625
0 0.093750 0.109375 0.015625 0.015625
0 0.381250 0.082812 0.015625 0.015625
0 0.378125 0.148438 0.015625 0.015625
0 0.089063 0.171875 0.015625 0.015625
0 0.146875 0.142187 0.015625 0.015625
0 0.451562 0.148438 0.015625 0.015625
0 0.417187 0.084375 0.015625 0.015625
0 0.343750 0.082812 0.015625 0.015625
0 0.531250 0.084375 0.015625 0.015625
0 0.073438 0.143750 0.015625 0.015625
0 0.304688 0.082812 0.015625 0.015625
0 0.607812 0.153125 0.015625 0.015625
0 0.114062 0.082812 0.015625 0.015625
0 0.223438 0.142187 0.015625 0.015625
0 0.165625 0.170313 0.015625 0.015625
0 0.264062 0.143750 0.015625 0.015625
0 0.189062 0.143750 0.015625 0.015625
0 0.020313 0.110937 0.015625 0.015625
0 0.057813 0.109375 0.015625 0.015625
0 0.410938 0.151562 0.015625 0.015625
0 0.493750 0.084375 0.015625 0.015625
0 0.456250 0.082812 0.015625 0.015625
0 0.112500 0.143750 0.015625 0.015625
0 0.568750 0.153125 0.015625 0.015625
0 0.490625 0.153125 0.015625 0.015625
0 0.032813 0.082812 0.015625 0.015625
0 0.531250 0.153125 0.015625 0.015625
0 0.000000 0.139063 0.015625 0.015625
0 0.303125 0.145313 0.015625 0.015625
0 0.664062 0.184375 0.015625 0.015625
0 0.625000 0.184375 0.015625 0.015625
0 0.181250 0.192188 0.015625 0.015625
0 0.682813 0.151562 0.015625 0.015625
0 0.759375 0.154688 0.015625 0.015625
0 0.871875 0.156250 0.015625 0.015625
0 0.778125 0.184375 0.015625 0.015625
0 0.928125 0.189062 0.015625 0.015625
0 0.968750 0.190625 0.015625 0.015625
0 0.871875 0.092188 0.015625 0.015625
0 0.989062 0.157812 0.015625 0.015625
0 0.892188 0.187500 0.015625 0.015625
0 0.720313 0.153125 0.015625 0.015625
0 0.985938 0.093750 0.015625 0.015625
0 0.814063 0.185938 0.015625 0.015625
0 0.910937 0.092188 0.015625 0.015625
0 0.795312 0.154688 0.015625 0.015625
0 0.928125 0.123438 0.015625 0.015625
0 0.970313 0.123438 0.015625 0.015625
0 0.778125 0.118750 0.015625 0.015625
0 0.853125 0.187500 0.015625 0.015625
0 0.740625 0.182812 0.015625 0.015625
0 0.837500 0.085938 0.015625 0.015625
0 0.951562 0.085938 0.015625 0.015625
0 0.056250 0.001563 0.015625 0.015625
0 0.109375 0.010937 0.015625 0.015625
0 0.150000 0.010937 0.015625 0.015625
0 0.131250 0.042188 0.015625 0.015625
0 0.175000 0.042188 0.015625 0.015625
0 0.226562 0.012500 0.015625 0.015625
0 0.250000 0.042188 0.015625 0.015625
0 0.268750 0.012500 0.015625 0.015625
0 0.004687 0.081250 0.015625 0.015625
0 0.037500 0.010937 0.015625 0.015625
0 0.059375 0.039062 0.015625 0.015625
0 0.309375 0.012500 0.015625 0.015625
0 0.345313 0.015625 0.015625 0.015625
0 0.425000 0.015625 0.015625 0.015625
0 0.464062 0.015625 0.015625 0.015625
0 0.498437 0.015625 0.015625 0.015625
0 0.529687 0.017188 0.015625 0.015625
0 0.567187 0.017188 0.015625 0.015625
0 0.667188 0.053125 0.015625 0.015625
0 0.704688 0.053125 0.015625 0.015625
0 0.737500 0.054688 0.015625 0.015625
0 0.778125 0.056250 0.015625 0.015625
0 0.760938 0.089063 0.015625 0.015625
0 0.795312 0.089063 0.015625 0.015625
0 0.820312 0.054688 0.015625 0.015625
0 0.839063 0.020313 0.015625 0.015625
0 0.881250 0.020313 0.015625 0.015625
0 0.893750 0.059375 0.015625 0.015625
0 0.206250 0.178125 0.015625 0.015625
0 0.240625 0.176563 0.015625 0.015625
0 0.285938 0.178125 0.015625 0.015625
0 0.321875 0.178125 0.015625 0.015625
0 0.357812 0.179688 0.015625 0.015625
0 0.400000 0.182812 0.015625 0.015625
0 0.435937 0.182812 0.015625 0.015625
0 0.478125 0.182812 0.015625 0.015625
0 0.515625 0.182812 0.015625 0.015625
0 0.543750 0.185938 0.015625 0.015625
0 0.590625 0.185938 0.015625 0.015625
0 0.698438 0.189062 0.015625 0.015625
0 0.967187 0.062500 0.015625 0.015625
0 0.928125 0.059375 0.015625 0.015625
