0 0.848437 0.021875 0.015625 0.015625
0 0.928125 0.003125 0.015625 0.015625
0 0.998437 0.003125 0.015625 0.015625
0 0.045312 0.303125 0.015625 0.015625
0 0.004687 0.257812 0.015625 0.015625
0 0.014063 0.131250 0.015625 0.015625
0 0.053125 0.185938 0.015625 0.015625
0 0.084375 0.245312 0.015625 0.015625
0 0.129688 0.303125 0.015625 0.015625
0 0.192188 0.318750 0.015625 0.015625
0 0.173437 0.273438 0.015625 0.015625
0 0.121875 0.192188 0.015625 0.015625
0 0.084375 0.121875 0.015625 0.015625
0 0.053125 0.051562 0.015625 0.015625
0 0.129688 0.051562 0.015625 0.015625
0 0.167187 0.114062 0.015625 0.015625
0 0.200000 0.184375 0.015625 0.015625
0 0.240625 0.250000 0.015625 0.015625
0 0.282813 0.323437 0.015625 0.015625
0 0.373437 0.331250 0.015625 0.015625
0 0.334375 0.265625 0.015625 0.015625
0 0.292187 0.203125 0.015625 0.015625
0 0.257812 0.129688 0.015625 0.015625
0 0.220312 0.056250 0.015625 0.015625
0 0.281250 0.056250 0.015625 0.015625
0 0.323437 0.121875 0.015625 0.015625
0 0.357812 0.189062 0.015625 0.015625
0 0.398438 0.246875 0.015625 0.015625
0 0.439063 0.326562 0.015625 0.015625
0 0.512500 0.334375 0.015625 0.015625
0 0.481250 0.267188 0.015625 0.015625
0 0.439063 0.195312 0.015625 0.015625
0 0.407813 0.126562 0.015625 0.015625
0 0.384375 0.056250 0.015625 0.015625
0 0.443750 0.045312 0.015625 0.015625
0 0.471875 0.114062 0.015625 0.015625
0 0.514062 0.196875 0.015625 0.015625
0 0.543750 0.253125 0.015625 0.015625
0 0.581250 0.331250 0.015625 0.015625
0 0.515625 0.059375 0.015625 0.015625
0 0.560937 0.123438 0.015625 0.015625
0 0.581250 0.182812 0.015625 0.015625
0 0.623437 0.245312 0.015625 0.015625
0 0.662500 0.331250 0.015625 0.015625
0 0.732812 0.331250 0.015625 0.015625
0 0.698438 0.264062 0.015625 0.015625
0 0.662500 0.196875 0.015625 0.015625
0 0.637500 0.121875 0.015625 0.015625
0 0.600000 0.064062 0.015625 0.015625
0 0.659375 0.064062 0.015625 0.015625
0 0.751563 0.064062 0.015625 0.015625
0 0.707812 0.129688 0.015625 0.015625
0 0.734375 0.200000 0.015625 0.015625
0 0.765625 0.281250 0.015625 0.015625
0 0.764062 0.121875 0.015625 0.015625
0 0.796875 0.176563 0.015625 0.015625
0 0.859375 0.134375 0.015625 0.015625
0 0.828125 0.065625 0.015625 0.015625
0 0.890625 0.057813 0.015625 0.015625
0 0.920312 0.126562 0.015625 0.015625
0 0.959375 0.203125 0.015625 0.015625
0 0.959375 0.068750 0.015625 0.015625
0 0.925000 0.268750 0.015625 0.015625
0 0.001563 0.764062 0.015625 0.015625
0 0.078125 0.771875 0.015625 0.015625
0 0.042188 0.707812 0.015625 0.015625
0 0.004687 0.637500 0.015625 0.015625
0 0.007812 0.504687 0.015625 0.015625
0 0.043750 0.581250 0.015625 0.015625
0 0.084375 0.640625 0.015625 0.015625
0 0.110937 0.709375 0.015625 0.015625
0 0.146875 0.775000 0.015625 0.015625
0 0.229687 0.776563 0.015625 0.015625
0 0.185938 0.707812 0.015625 0.015625
0 0.154688 0.651563 0.015625 0.015625
0 0.117188 0.582812 0.015625 0.015625
0 0.087500 0.512500 0.015625 0.015625
0 0.046875 0.448437 0.015625 0.015625
0 0.018750 0.373437 0.015625 0.015625
0 0.078125 0.370312 0.015625 0.015625
0 0.129688 0.448437 0.015625 0.015625
0 0.154688 0.507812 0.015625 0.015625
0 0.201563 0.584375 0.015625 0.015625
0 0.228125 0.639062 0.015625 0.015625
0 0.264062 0.731250 0.015625 0.015625
0 0.290625 0.771875 0.015625 0.015625
0 0.375000 0.773438 0.015625 0.015625
0 0.342187 0.721875 0.015625 0.015625
0 0.309375 0.650000 0.015625 0.015625
0 0.268750 0.581250 0.015625 0.015625
0 0.250000 0.507812 0.015625 0.015625
0 0.204687 0.453125 0.015625 0.015625
0 0.168750 0.385937 0.015625 0.015625
0 0.242188 0.396875 0.015625 0.015625
0 0.289062 0.465625 0.015625 0.015625
0 0.314063 0.514062 0.015625 0.015625
0 0.343750 0.581250 0.015625 0.015625
0 0.389062 0.637500 0.015625 0.015625
0 0.417187 0.717187 0.015625 0.015625
0 0.448437 0.767188 0.015625 0.015625
0 0.523438 0.782813 0.015625 0.015625
0 0.621875 0.789062 0.015625 0.015625
0 0.501563 0.709375 0.015625 0.015625
0 0.464062 0.650000 0.015625 0.015625
0 0.431250 0.587500 0.015625 0.015625
0 0.404687 0.528125 0.015625 0.015625
0 0.360938 0.465625 0.015625 0.015625
0 0.320312 0.382812 0.015625 0.015625
0 0.406250 0.393750 0.015625 0.015625
0 0.435937 0.459375 0.015625 0.015625
0 0.470313 0.523438 0.015625 0.015625
0 0.509375 0.592187 0.015625 0.015625
0 0.535937 0.653125 0.015625 0.015625
0 0.576562 0.720313 0.015625 0.015625
0 0.660937 0.725000 0.015625 0.015625
0 0.617188 0.653125 0.015625 0.015625
0 0.578125 0.587500 0.015625 0.015625
0 0.545312 0.512500 0.015625 0.015625
0 0.504687 0.467187 0.015625 0.015625
0 0.479687 0.390625 0.015625 0.015625
0 0.550000 0.390625 0.015625 0.015625
0 0.571875 0.440625 0.015625 0.015625
0 0.614062 0.521875 0.015625 0.015625
0 0.656250 0.584375 0.015625 0.015625
0 0.548438 0.490625 0.015625 0.015625
0 0.618750 0.395313 0.015625 0.015625
0 0.646875 0.459375 0.015625 0.015625
0 0.706250 0.393750 0.015625 0.015625
0 0.776563 0.390625 0.015625 0.015625
0 0.807813 0.337500 0.015625 0.015625
0 0.879687 0.326562 0.015625 0.015625
0 0.864062 0.381250 0.015625 0.015625
0 0.806250 0.457813 0.015625 0.015625
0 0.748437 0.464062 0.015625 0.015625
0 0.887500 0.462500 0.015625 0.015625
0 0.920312 0.401562 0.015625 0.015625
0 0.951562 0.339062 0.015625 0.015625
0 0.998437 0.395313 0.015625 0.015625
0 0.948438 0.484375 0.015625 0.015625
0 0.981250 0.532813 0.015625 0.015625
0 0.923438 0.521875 0.015625 0.015625
0 0.818750 0.526563 0.015625 0.015625
0 0.726562 0.585938 0.015625 0.015625
0 0.760938 0.643750 0.015625 0.015625
0 0.723437 0.721875 0.015625 0.015625
0 0.920312 0.789062 0.015625 0.015625
0 0.868750 0.729688 0.015625 0.015625
0 0.846875 0.664062 0.015625 0.015625
0 0.803125 0.582812 0.015625 0.015625
0 0.871875 0.587500 0.015625 0.015625
0 0.917188 0.662500 0.015625 0.015625
0 0.956250 0.717187 0.015625 0.015625
0 0.984375 0.793750 0.015625 0.015625
0 0.989062 0.657813 0.015625 0.015625
0 0.956250 0.593750 0.015625 0.015625
0 0.035937 0.976562 0.015625 0.015625
0 0.001563 0.903125 0.015625 0.015625
0 0.031250 0.828125 0.015625 0.015625
0 0.073438 0.893750 0.015625 0.015625
0 0.118750 0.975000 0.015625 0.015625
0 0.189062 0.971875 0.015625 0.015625
0 0.153125 0.907813 0.015625 0.015625
0 0.120313 0.835938 0.015625 0.015625
0 0.198437 0.839063 0.015625 0.015625
0 0.243750 0.903125 0.015625 0.015625
0 0.262500 0.970313 0.015625 0.015625
0 0.340625 0.981250 0.015625 0.015625
0 0.309375 0.909375 0.015625 0.015625
0 0.251563 0.834375 0.015625 0.015625
0 0.335938 0.839063 0.015625 0.015625
0 0.379688 0.910937 0.015625 0.015625
0 0.414062 0.973437 0.015625 0.015625
0 0.782813 0.989062 0.015625 0.015625
0 0.757812 0.915625 0.015625 0.015625
0 0.725000 0.854688 0.015625 0.015625
0 0.650000 0.839063 0.015625 0.015625
0 0.685937 0.904687 0.015625 0.015625
0 0.723437 0.976562 0.015625 0.015625
0 0.654687 0.984375 0.015625 0.015625
0 0.615625 0.910937 0.015625 0.015625
0 0.579688 0.854688 0.015625 0.015625
0 0.504687 0.839063 0.015625 0.015625
0 0.526563 0.903125 0.015625 0.015625
0 0.560937 0.967187 0.015625 0.015625
0 0.495312 0.987500 0.015625 0.015625
0 0.457813 0.918750 0.015625 0.015625
0 0.412500 0.839063 0.015625 0.015625
0 0.792188 0.845313 0.015625 0.015625
0 0.825000 0.910937 0.015625 0.015625
0 0.873437 0.978125 0.015625 0.015625
0 0.959375 0.982812 0.015625 0.015625
0 0.956250 0.850000 0.015625 0.015625
0 0.987500 0.909375 0.015625 0.015625
0 0.795312 0.718750 0.015625 0.015625
