0 0.185938 0.620313 0.015625 0.015625
0 0.109375 0.626563 0.015625 0.015625
0 0.329688 0.634375 0.015625 0.015625
0 0.554688 0.634375 0.015625 0.015625
0 0.410938 0.635938 0.015625 0.015625
0 0.481250 0.635938 0.015625 0.015625
0 0.629687 0.637500 0.015625 0.015625
0 0.837500 0.637500 0.015625 0.015625
0 0.932813 0.645312 0.015625 0.015625
0 0.225000 0.690625 0.015625 0.015625
0 0.320312 0.692187 0.015625 0.015625
0 0.142187 0.692187 0.015625 0.015625
0 0.668750 0.696875 0.015625 0.015625
0 0.526563 0.700000 0.015625 0.015625
0 0.448437 0.704688 0.015625 0.015625
0 0.831250 0.704688 0.015625 0.015625
0 0.375000 0.706250 0.015625 0.015625
0 0.981250 0.707812 0.015625 0.015625
0 0.903125 0.707812 0.015625 0.015625
0 0.053125 0.760938 0.015625 0.015625
0 0.264062 0.775000 0.015625 0.015625
0 0.193750 0.775000 0.015625 0.015625
0 0.343750 0.776563 0.015625 0.015625
0 0.495312 0.781250 0.015625 0.015625
0 0.412500 0.782813 0.015625 0.015625
0 0.715625 0.784375 0.015625 0.015625
0 0.870313 0.785937 0.015625 0.015625
0 0.643750 0.785937 0.015625 0.015625
0 0.792188 0.787500 0.015625 0.015625
0 0.943750 0.789062 0.015625 0.015625
0 0.307812 0.840625 0.015625 0.015625
0 0.378125 0.842187 0.015625 0.015625
0 0.529687 0.843750 0.015625 0.015625
0 0.904687 0.845313 0.015625 0.015625
0 0.832812 0.845313 0.015625 0.015625
0 0.754687 0.845313 0.015625 0.015625
0 0.981250 0.845313 0.015625 0.015625
0 0.679688 0.846875 0.015625 0.015625
0 0.167187 0.859375 0.015625 0.015625
0 0.604688 0.860938 0.015625 0.015625
0 0.187500 0.896875 0.015625 0.015625
0 0.262500 0.906250 0.015625 0.015625
0 0.415625 0.906250 0.015625 0.015625
0 0.339062 0.907813 0.015625 0.015625
0 0.712500 0.910937 0.015625 0.015625
0 0.867188 0.910937 0.015625 0.015625
0 0.637500 0.910937 0.015625 0.015625
0 0.790625 0.912500 0.015625 0.015625
0 0.564063 0.912500 0.015625 0.015625
0 0.940625 0.912500 0.015625 0.015625
0 0.487500 0.914062 0.015625 0.015625
0 0.060937 0.960938 0.015625 0.015625
0 0.142187 0.968750 0.015625 0.015625
0 0.443750 0.973437 0.015625 0.015625
0 0.825000 0.987500 0.015625 0.015625
0 0.989062 0.990625 0.015625 0.015625
0 0.528125 0.990625 0.015625 0.015625
0 0.628125 0.992188 0.015625 0.015625
0 0.293750 0.992188 0.015625 0.015625
0 0.746875 0.995313 0.015625 0.015625
0 0.912500 0.998437 0.015625 0.015625
0 0.048438 0.609375 0.015625 0.015625
0 0.143750 0.556250 0.015625 0.015625
0 0.221875 0.559375 0.015625 0.015625
0 0.264062 0.615625 0.015625 0.015625
0 0.303125 0.560937 0.015625 0.015625
0 0.382812 0.564063 0.015625 0.015625
0 0.456250 0.564063 0.015625 0.015625
0 0.518750 0.565625 0.015625 0.015625
0 0.592187 0.564063 0.015625 0.015625
0 0.664062 0.565625 0.015625 0.015625
0 0.601562 0.690625 0.015625 0.015625
0 0.709375 0.629687 0.015625 0.015625
0 0.745313 0.559375 0.015625 0.015625
0 0.781250 0.621875 0.015625 0.015625
0 0.820312 0.564063 0.015625 0.015625
0 0.907813 0.570312 0.015625 0.015625
0 0.978125 0.568750 0.015625 0.015625
