0 0.085938 0.015625 0.015625 0.015625
0 0.165625 0.031250 0.015625 0.015625
0 0.018750 0.032813 0.015625 0.015625
0 0.393750 0.037500 0.015625 0.015625
0 0.315625 0.037500 0.015625 0.015625
0 0.467187 0.040625 0.015625 0.015625
0 0.539062 0.045312 0.015625 0.015625
0 0.134375 0.092188 0.015625 0.015625
0 0.293750 0.095312 0.015625 0.015625
0 0.057813 0.101562 0.015625 0.015625
0 0.748437 0.110937 0.015625 0.015625
0 0.512500 0.112500 0.015625 0.015625
0 0.434375 0.112500 0.015625 0.015625
0 0.853125 0.175000 0.015625 0.015625
0 0.132812 0.223438 0.015625 0.015625
0 0.053125 0.223438 0.015625 0.015625
0 0.282813 0.232813 0.015625 0.015625
0 0.359375 0.234375 0.015625 0.015625
0 0.432812 0.235937 0.015625 0.015625
0 0.807813 0.239063 0.015625 0.015625
0 0.884375 0.242188 0.015625 0.015625
0 0.089063 0.295312 0.015625 0.015625
0 0.014063 0.295312 0.015625 0.015625
0 0.164062 0.295312 0.015625 0.015625
0 0.240625 0.296875 0.015625 0.015625
0 0.770312 0.298438 0.015625 0.015625
0 0.318750 0.298438 0.015625 0.015625
0 0.393750 0.301563 0.015625 0.015625
0 0.470313 0.303125 0.015625 0.015625
0 0.623437 0.304688 0.015625 0.015625
0 0.921875 0.306250 0.015625 0.015625
0 0.126562 0.359375 0.015625 0.015625
0 0.279687 0.360938 0.015625 0.015625
0 0.053125 0.360938 0.015625 0.015625
0 0.204687 0.364063 0.015625 0.015625
0 0.357812 0.365625 0.015625 0.015625
0 0.509375 0.368750 0.015625 0.015625
0 0.435937 0.370312 0.015625 0.015625
0 0.660937 0.370312 0.015625 0.015625
0 0.582812 0.370312 0.015625 0.015625
0 0.806250 0.371875 0.015625 0.015625
0 0.732812 0.371875 0.015625 0.015625
0 0.881250 0.373437 0.015625 0.015625
0 0.959375 0.375000 0.015625 0.015625
0 0.012500 0.420312 0.015625 0.015625
0 0.087500 0.423438 0.015625 0.015625
0 0.160938 0.423438 0.015625 0.015625
0 0.317188 0.425000 0.015625 0.015625
0 0.839063 0.435937 0.015625 0.015625
0 0.045312 0.482812 0.015625 0.015625
0 0.128125 0.487500 0.015625 0.015625
0 0.278125 0.492188 0.015625 0.015625
0 0.585938 0.492188 0.015625 0.015625
0 0.509375 0.493750 0.015625 0.015625
0 0.203125 0.493750 0.015625 0.015625
0 0.356250 0.493750 0.015625 0.015625
0 0.431250 0.495312 0.015625 0.015625
0 0.882812 0.498437 0.015625 0.015625
0 0.804688 0.501563 0.015625 0.015625
0 0.731250 0.501563 0.015625 0.015625
0 0.957812 0.506250 0.015625 0.015625
0 0.010937 0.553125 0.015625 0.015625
0 0.620313 0.554688 0.015625 0.015625
0 0.085938 0.556250 0.015625 0.015625
0 0.168750 0.556250 0.015625 0.015625
0 0.468750 0.559375 0.015625 0.015625
0 0.540625 0.560937 0.015625 0.015625
0 0.315625 0.560937 0.015625 0.015625
0 0.389062 0.560937 0.015625 0.015625
0 0.914062 0.570312 0.015625 0.015625
0 0.992188 0.571875 0.015625 0.015625
0 0.429688 0.623437 0.015625 0.015625
0 0.353125 0.623437 0.015625 0.015625
0 0.506250 0.625000 0.015625 0.015625
0 0.579688 0.625000 0.015625 0.015625
0 0.879687 0.634375 0.015625 0.015625
0 0.956250 0.637500 0.015625 0.015625
0 0.803125 0.637500 0.015625 0.015625
0 0.004687 0.685937 0.015625 0.015625
0 0.309375 0.689063 0.015625 0.015625
0 0.237500 0.689063 0.015625 0.015625
0 0.460938 0.689063 0.015625 0.015625
0 0.690625 0.690625 0.015625 0.015625
0 0.385937 0.690625 0.015625 0.015625
0 0.539062 0.692187 0.015625 0.015625
0 0.157812 0.692187 0.015625 0.015625
0 0.610938 0.692187 0.015625 0.015625
0 0.912500 0.700000 0.015625 0.015625
0 0.989062 0.701562 0.015625 0.015625
0 0.348438 0.750000 0.015625 0.015625
0 0.578125 0.751563 0.015625 0.015625
0 0.423438 0.753125 0.015625 0.015625
0 0.117188 0.754687 0.015625 0.015625
0 0.656250 0.757812 0.015625 0.015625
0 0.943750 0.765625 0.015625 0.015625
0 0.534375 0.818750 0.015625 0.015625
0 0.459375 0.818750 0.015625 0.015625
0 0.001563 0.820312 0.015625 0.015625
0 0.382812 0.821875 0.015625 0.015625
0 0.231250 0.821875 0.015625 0.015625
0 0.078125 0.821875 0.015625 0.015625
0 0.154688 0.823438 0.015625 0.015625
0 0.985938 0.837500 0.015625 0.015625
0 0.037500 0.884375 0.015625 0.015625
0 0.418750 0.885938 0.015625 0.015625
0 0.114062 0.885938 0.015625 0.015625
0 0.267188 0.887500 0.015625 0.015625
0 0.498437 0.887500 0.015625 0.015625
0 0.340625 0.889062 0.015625 0.015625
0 0.192188 0.889062 0.015625 0.015625
0 0.381250 0.950000 0.015625 0.015625
0 0.535937 0.950000 0.015625 0.015625
0 0.075000 0.950000 0.015625 0.015625
0 0.231250 0.951562 0.015625 0.015625
0 0.459375 0.951562 0.015625 0.015625
0 0.304688 0.951562 0.015625 0.015625
0 0.153125 0.956250 0.015625 0.015625
0 0.762500 0.959375 0.015625 0.015625
0 0.684375 0.960938 0.015625 0.015625
0 0.837500 0.965625 0.015625 0.015625
0 0.531250 0.301563 0.015625 0.015625
