0 0.309375 0.168750 0.015625 0.015625
0 0.226562 0.185938 0.015625 0.015625
0 0.157812 0.193750 0.015625 0.015625
0 0.087500 0.204687 0.015625 0.015625
0 0.012500 0.209375 0.015625 0.015625
0 0.359375 0.217188 0.015625 0.015625
0 0.040625 0.262500 0.015625 0.015625
0 0.173437 0.271875 0.015625 0.015625
0 0.093750 0.279687 0.015625 0.015625
0 0.393750 0.287500 0.015625 0.015625
0 0.242188 0.287500 0.015625 0.015625
0 0.318750 0.289062 0.015625 0.015625
0 0.054688 0.342187 0.015625 0.015625
0 0.129688 0.343750 0.015625 0.015625
0 0.281250 0.348438 0.015625 0.015625
0 0.204687 0.348438 0.015625 0.015625
0 0.356250 0.350000 0.015625 0.015625
0 0.429688 0.357812 0.015625 0.015625
0 0.503125 0.368750 0.015625 0.015625
0 0.017188 0.401562 0.015625 0.015625
0 0.242188 0.406250 0.015625 0.015625
0 0.317188 0.409375 0.015625 0.015625
0 0.092188 0.412500 0.015625 0.015625
0 0.393750 0.415625 0.015625 0.015625
0 0.164062 0.417187 0.015625 0.015625
0 0.510938 0.440625 0.015625 0.015625
0 0.050000 0.473438 0.015625 0.015625
0 0.123438 0.475000 0.015625 0.015625
0 0.354687 0.481250 0.015625 0.015625
0 0.281250 0.482812 0.015625 0.015625
0 0.006250 0.517188 0.015625 0.015625
0 0.089063 0.543750 0.015625 0.015625
0 0.464062 0.546875 0.015625 0.015625
0 0.240625 0.546875 0.015625 0.015625
0 0.314063 0.548438 0.015625 0.015625
0 0.540625 0.548438 0.015625 0.015625
0 0.389062 0.551562 0.015625 0.015625
0 0.048438 0.606250 0.015625 0.015625
0 0.428125 0.609375 0.015625 0.015625
0 0.126562 0.609375 0.015625 0.015625
0 0.276562 0.610938 0.015625 0.015625
0 0.504687 0.612500 0.015625 0.015625
0 0.579688 0.612500 0.015625 0.015625
0 0.201563 0.614062 0.015625 0.015625
0 0.353125 0.614062 0.015625 0.015625
0 0.082812 0.667188 0.015625 0.015625
0 0.582812 0.668750 0.015625 0.015625
0 0.009375 0.670312 0.015625 0.015625
0 0.637500 0.670312 0.015625 0.015625
0 0.310937 0.673438 0.015625 0.015625
0 0.389062 0.676562 0.015625 0.015625
0 0.240625 0.676562 0.015625 0.015625
0 0.178125 0.681250 0.015625 0.015625
0 0.460938 0.682813 0.015625 0.015625
0 0.106250 0.718750 0.015625 0.015625
0 0.046875 0.737500 0.015625 0.015625
0 0.489063 0.737500 0.015625 0.015625
0 0.273438 0.739062 0.015625 0.015625
0 0.198437 0.740625 0.015625 0.015625
0 0.350000 0.740625 0.015625 0.015625
0 0.428125 0.743750 0.015625 0.015625
0 0.653125 0.746875 0.015625 0.015625
0 0.146875 0.773438 0.015625 0.015625
0 0.068750 0.795312 0.015625 0.015625
0 0.009375 0.801562 0.015625 0.015625
0 0.239063 0.803125 0.015625 0.015625
0 0.310937 0.804688 0.015625 0.015625
0 0.387500 0.806250 0.015625 0.015625
0 0.690625 0.809375 0.015625 0.015625
0 0.459375 0.810937 0.015625 0.015625
0 0.046875 0.845313 0.015625 0.015625
0 0.118750 0.848437 0.015625 0.015625
0 0.770312 0.862500 0.015625 0.015625
0 0.192188 0.865625 0.015625 0.015625
0 0.264062 0.867188 0.015625 0.015625
0 0.428125 0.870313 0.015625 0.015625
0 0.490625 0.870313 0.015625 0.015625
0 0.720313 0.876563 0.015625 0.015625
0 0.651563 0.879687 0.015625 0.015625
0 0.529687 0.884375 0.015625 0.015625
0 0.334375 0.903125 0.015625 0.015625
0 0.025000 0.907813 0.015625 0.015625
0 0.165625 0.914062 0.015625 0.015625
0 0.465625 0.920312 0.015625 0.015625
0 0.090625 0.920312 0.015625 0.015625
0 0.635938 0.920312 0.015625 0.015625
0 0.796875 0.923438 0.015625 0.015625
0 0.234375 0.932813 0.015625 0.015625
0 0.698438 0.934375 0.015625 0.015625
0 0.387500 0.935937 0.015625 0.015625
0 0.339062 0.990625 0.015625 0.015625
0 0.189062 0.993750 0.015625 0.015625
0 0.110937 0.993750 0.015625 0.015625
0 0.037500 0.993750 0.015625 0.015625
0 0.264062 0.995313 0.015625 0.015625
