0 0.037500 0.000000 0.015625 0.015625
0 0.429688 0.026562 0.015625 0.015625
0 0.732812 0.029687 0.015625 0.015625
0 0.190625 0.031250 0.015625 0.015625
0 0.654687 0.032813 0.015625 0.015625
0 0.506250 0.032813 0.015625 0.015625
0 0.579688 0.034375 0.015625 0.015625
0 0.345313 0.034375 0.015625 0.015625
0 0.806250 0.034375 0.015625 0.015625
0 0.882812 0.037500 0.015625 0.015625
0 0.968750 0.051562 0.015625 0.015625
0 0.462500 0.095312 0.015625 0.015625
0 0.309375 0.095312 0.015625 0.015625
0 0.384375 0.096875 0.015625 0.015625
0 0.539062 0.098437 0.015625 0.015625
0 0.689063 0.100000 0.015625 0.015625
0 0.612500 0.101562 0.015625 0.015625
0 0.160938 0.101562 0.015625 0.015625
0 0.839063 0.109375 0.015625 0.015625
0 0.912500 0.112500 0.015625 0.015625
0 0.992188 0.114062 0.015625 0.015625
0 0.260937 0.146875 0.015625 0.015625
0 0.335938 0.150000 0.015625 0.015625
0 0.423438 0.154688 0.015625 0.015625
0 0.573438 0.168750 0.015625 0.015625
0 0.726562 0.170313 0.015625 0.015625
0 0.648438 0.171875 0.015625 0.015625
0 0.803125 0.171875 0.015625 0.015625
0 0.879687 0.173437 0.015625 0.015625
0 0.953125 0.175000 0.015625 0.015625
0 0.010937 0.221875 0.015625 0.015625
0 0.384375 0.231250 0.015625 0.015625
0 0.534375 0.232813 0.015625 0.015625
0 0.612500 0.234375 0.015625 0.015625
0 0.684375 0.234375 0.015625 0.015625
0 0.459375 0.237500 0.015625 0.015625
0 0.837500 0.239063 0.015625 0.015625
0 0.767188 0.240625 0.015625 0.015625
0 0.990625 0.243750 0.015625 0.015625
0 0.910937 0.245312 0.015625 0.015625
0 0.485938 0.287500 0.015625 0.015625
0 0.035937 0.289062 0.015625 0.015625
0 0.271875 0.292187 0.015625 0.015625
0 0.342187 0.293750 0.015625 0.015625
0 0.189062 0.293750 0.015625 0.015625
0 0.417187 0.295312 0.015625 0.015625
0 0.567187 0.298438 0.015625 0.015625
0 0.643750 0.298438 0.015625 0.015625
0 0.720313 0.300000 0.015625 0.015625
0 0.875000 0.301563 0.015625 0.015625
0 0.003125 0.351562 0.015625 0.015625
0 0.457813 0.360938 0.015625 0.015625
0 0.531250 0.360938 0.015625 0.015625
0 0.607812 0.362500 0.015625 0.015625
0 0.382812 0.365625 0.015625 0.015625
0 0.112500 0.367188 0.015625 0.015625
0 0.757812 0.367188 0.015625 0.015625
0 0.681250 0.367188 0.015625 0.015625
0 0.834375 0.370312 0.015625 0.015625
0 0.914062 0.371875 0.015625 0.015625
0 0.035937 0.421875 0.015625 0.015625
0 0.567187 0.425000 0.015625 0.015625
0 0.498437 0.425000 0.015625 0.015625
0 0.414062 0.425000 0.015625 0.015625
0 0.337500 0.431250 0.015625 0.015625
0 0.639062 0.431250 0.015625 0.015625
0 0.951562 0.434375 0.015625 0.015625
0 0.717187 0.435937 0.015625 0.015625
0 0.815625 0.446875 0.015625 0.015625
0 0.001563 0.482812 0.015625 0.015625
0 0.451562 0.490625 0.015625 0.015625
0 0.378125 0.493750 0.015625 0.015625
0 0.301563 0.493750 0.015625 0.015625
0 0.981250 0.496875 0.015625 0.015625
0 0.531250 0.496875 0.015625 0.015625
0 0.606250 0.500000 0.015625 0.015625
0 0.679688 0.501563 0.015625 0.015625
0 0.414062 0.560937 0.015625 0.015625
0 0.337500 0.562500 0.015625 0.015625
0 0.490625 0.562500 0.015625 0.015625
0 0.920312 0.564063 0.015625 0.015625
0 0.567187 0.567187 0.015625 0.015625
0 0.642188 0.570312 0.015625 0.015625
0 0.376563 0.626563 0.015625 0.015625
0 0.460938 0.629687 0.015625 0.015625
0 0.529687 0.632812 0.015625 0.015625
0 0.604688 0.634375 0.015625 0.015625
0 0.906250 0.640625 0.015625 0.015625
0 0.829688 0.640625 0.015625 0.015625
0 0.982812 0.642188 0.015625 0.015625
0 0.410938 0.690625 0.015625 0.015625
0 0.490625 0.695312 0.015625 0.015625
0 0.868750 0.696875 0.015625 0.015625
0 0.639062 0.696875 0.015625 0.015625
0 0.564063 0.696875 0.015625 0.015625
0 0.942187 0.698438 0.015625 0.015625
0 0.718750 0.698438 0.015625 0.015625
0 0.226562 0.754687 0.015625 0.015625
0 0.679688 0.765625 0.015625 0.015625
0 0.907813 0.765625 0.015625 0.015625
0 0.832812 0.767188 0.015625 0.015625
0 0.468750 0.795312 0.015625 0.015625
0 0.023438 0.815625 0.015625 0.015625
0 0.557813 0.818750 0.015625 0.015625
0 0.182812 0.821875 0.015625 0.015625
0 0.335938 0.821875 0.015625 0.015625
0 0.257812 0.823438 0.015625 0.015625
0 0.710938 0.831250 0.015625 0.015625
0 0.634375 0.832812 0.015625 0.015625
0 0.940625 0.834375 0.015625 0.015625
0 0.865625 0.835938 0.015625 0.015625
0 0.785937 0.835938 0.015625 0.015625
0 0.292187 0.890625 0.015625 0.015625
0 0.376563 0.895312 0.015625 0.015625
0 0.675000 0.896875 0.015625 0.015625
0 0.515625 0.896875 0.015625 0.015625
0 0.593750 0.898438 0.015625 0.015625
0 0.821875 0.898438 0.015625 0.015625
0 0.751563 0.900000 0.015625 0.015625
0 0.979688 0.900000 0.015625 0.015625
0 0.898438 0.901563 0.015625 0.015625
0 0.023438 0.942187 0.015625 0.015625
0 0.184375 0.950000 0.015625 0.015625
0 0.256250 0.950000 0.015625 0.015625
0 0.634375 0.959375 0.015625 0.015625
0 0.714063 0.960938 0.015625 0.015625
0 0.412500 0.960938 0.015625 0.015625
0 0.329688 0.960938 0.015625 0.015625
0 0.554688 0.962500 0.015625 0.015625
0 0.789062 0.962500 0.015625 0.015625
0 0.864062 0.964063 0.015625 0.015625
0 0.935937 0.968750 0.015625 0.015625
0 0.001563 0.087500 0.015625 0.015625
0 0.153125 0.482812 0.015625 0.015625
0 0.114062 0.425000 0.015625 0.015625
0 0.189062 0.681250 0.015625 0.015625
0 0.150000 0.618750 0.015625 0.015625
0 0.106250 0.548438 0.015625 0.015625
0 0.042188 0.557813 0.015625 0.015625
0 0.001563 0.618750 0.015625 0.015625
0 0.034375 0.685937 0.015625 0.015625
0 0.134375 0.881250 0.015625 0.015625
0 0.259375 0.684375 0.015625 0.015625
0 0.221875 0.609375 0.015625 0.015625
0 0.298438 0.760938 0.015625 0.015625
0 0.193750 0.551562 0.015625 0.015625
0 0.876563 0.568750 0.015625 0.015625
0 0.754687 0.640625 0.015625 0.015625
0 0.670312 0.632812 0.015625 0.015625
0 0.312500 0.226562 0.015625 0.015625
0 0.242188 0.229687 0.015625 0.015625
0 0.167187 0.228125 0.015625 0.015625
0 0.226562 0.090625 0.015625 0.015625
0 0.270313 0.025000 0.015625 0.015625
