0 0.064062 0.025000 0.015625 0.015625
0 0.140625 0.028125 0.015625 0.015625
0 0.365625 0.034375 0.015625 0.015625
0 0.443750 0.035937 0.015625 0.015625
0 0.660937 0.035937 0.015625 0.015625
0 0.592187 0.039062 0.015625 0.015625
0 0.518750 0.039062 0.015625 0.015625
0 0.293750 0.040625 0.015625 0.015625
0 0.740625 0.042188 0.015625 0.015625
0 0.871875 0.053125 0.015625 0.015625
0 0.214062 0.064062 0.015625 0.015625
0 0.181250 0.093750 0.015625 0.015625
0 0.103125 0.093750 0.015625 0.015625
0 0.028125 0.095312 0.015625 0.015625
0 0.332813 0.096875 0.015625 0.015625
0 0.629687 0.100000 0.015625 0.015625
0 0.707812 0.101562 0.015625 0.015625
0 0.479687 0.101562 0.015625 0.015625
0 0.890625 0.112500 0.015625 0.015625
0 0.387500 0.145313 0.015625 0.015625
0 0.212500 0.157812 0.015625 0.015625
0 0.137500 0.159375 0.015625 0.015625
0 0.060937 0.159375 0.015625 0.015625
0 0.289062 0.159375 0.015625 0.015625
0 0.442188 0.162500 0.015625 0.015625
0 0.517188 0.165625 0.015625 0.015625
0 0.593750 0.167187 0.015625 0.015625
0 0.668750 0.168750 0.015625 0.015625
0 0.734375 0.173437 0.015625 0.015625
0 0.857812 0.176563 0.015625 0.015625
0 0.034375 0.217188 0.015625 0.015625
0 0.176563 0.223438 0.015625 0.015625
0 0.100000 0.223438 0.015625 0.015625
0 0.329688 0.223438 0.015625 0.015625
0 0.251563 0.225000 0.015625 0.015625
0 0.406250 0.228125 0.015625 0.015625
0 0.479687 0.231250 0.015625 0.015625
0 0.554688 0.232813 0.015625 0.015625
0 0.629687 0.234375 0.015625 0.015625
0 0.704688 0.240625 0.015625 0.015625
0 0.212500 0.289062 0.015625 0.015625
0 0.285938 0.290625 0.015625 0.015625
0 0.057813 0.290625 0.015625 0.015625
0 0.132812 0.292187 0.015625 0.015625
0 0.435937 0.295312 0.015625 0.015625
0 0.362500 0.295312 0.015625 0.015625
0 0.515625 0.303125 0.015625 0.015625
0 0.815625 0.310937 0.015625 0.015625
0 0.857812 0.310937 0.015625 0.015625
0 0.585938 0.315625 0.015625 0.015625
0 0.484375 0.339062 0.015625 0.015625
0 0.376563 0.339062 0.015625 0.015625
0 0.168750 0.351562 0.015625 0.015625
0 0.092188 0.356250 0.015625 0.015625
0 0.251563 0.359375 0.015625 0.015625
0 0.014063 0.359375 0.015625 0.015625
0 0.975000 0.360938 0.015625 0.015625
0 0.909375 0.365625 0.015625 0.015625
0 0.704688 0.365625 0.015625 0.015625
0 0.832812 0.368750 0.015625 0.015625
0 0.550000 0.370312 0.015625 0.015625
0 0.421875 0.396875 0.015625 0.015625
0 0.129688 0.415625 0.015625 0.015625
0 0.287500 0.418750 0.015625 0.015625
0 0.056250 0.420312 0.015625 0.015625
0 0.207813 0.421875 0.015625 0.015625
0 0.514062 0.425000 0.015625 0.015625
0 0.889062 0.435937 0.015625 0.015625
0 0.014063 0.484375 0.015625 0.015625
0 0.090625 0.487500 0.015625 0.015625
0 0.168750 0.487500 0.015625 0.015625
0 0.242188 0.489063 0.015625 0.015625
0 0.328125 0.490625 0.015625 0.015625
0 0.609375 0.490625 0.015625 0.015625
0 0.701562 0.496875 0.015625 0.015625
0 0.885938 0.506250 0.015625 0.015625
0 0.362500 0.548438 0.015625 0.015625
0 0.129688 0.553125 0.015625 0.015625
0 0.206250 0.556250 0.015625 0.015625
0 0.282813 0.556250 0.015625 0.015625
0 0.057813 0.556250 0.015625 0.015625
0 0.434375 0.557813 0.015625 0.015625
0 0.585938 0.562500 0.015625 0.015625
0 0.510938 0.565625 0.015625 0.015625
0 0.664062 0.565625 0.015625 0.015625
0 0.329688 0.612500 0.015625 0.015625
0 0.917188 0.615625 0.015625 0.015625
0 0.010937 0.617188 0.015625 0.015625
0 0.087500 0.620313 0.015625 0.015625
0 0.168750 0.621875 0.015625 0.015625
0 0.468750 0.625000 0.015625 0.015625
0 0.846875 0.651563 0.015625 0.015625
0 0.712500 0.654687 0.015625 0.015625
0 0.281250 0.673438 0.015625 0.015625
0 0.128125 0.685937 0.015625 0.015625
0 0.206250 0.687500 0.015625 0.015625
0 0.434375 0.687500 0.015625 0.015625
0 0.051562 0.687500 0.015625 0.015625
0 0.509375 0.687500 0.015625 0.015625
0 0.357812 0.689063 0.015625 0.015625
0 0.587500 0.692187 0.015625 0.015625
0 0.659375 0.695312 0.015625 0.015625
0 0.982812 0.729688 0.015625 0.015625
0 0.829688 0.731250 0.015625 0.015625
0 0.089063 0.740625 0.015625 0.015625
0 0.223438 0.745313 0.015625 0.015625
0 0.323437 0.748437 0.015625 0.015625
0 0.162500 0.748437 0.015625 0.015625
0 0.471875 0.750000 0.015625 0.015625
0 0.398438 0.751563 0.015625 0.015625
0 0.620313 0.756250 0.015625 0.015625
0 0.550000 0.757812 0.015625 0.015625
0 0.690625 0.760938 0.015625 0.015625
0 0.756250 0.812500 0.015625 0.015625
0 0.053125 0.814063 0.015625 0.015625
0 0.126562 0.817187 0.015625 0.015625
0 0.203125 0.817187 0.015625 0.015625
0 0.356250 0.818750 0.015625 0.015625
0 0.281250 0.820312 0.015625 0.015625
0 0.432812 0.820312 0.015625 0.015625
0 0.509375 0.823438 0.015625 0.015625
0 0.640625 0.825000 0.015625 0.015625
0 0.956250 0.826562 0.015625 0.015625
0 0.582812 0.826562 0.015625 0.015625
0 0.910937 0.879687 0.015625 0.015625
0 0.012500 0.882812 0.015625 0.015625
0 0.085938 0.884375 0.015625 0.015625
0 0.392188 0.890625 0.015625 0.015625
0 0.240625 0.890625 0.015625 0.015625
0 0.470313 0.893750 0.015625 0.015625
0 0.539062 0.896875 0.015625 0.015625
0 0.723437 0.901563 0.015625 0.015625
0 0.626563 0.904687 0.015625 0.015625
0 0.125000 0.950000 0.015625 0.015625
0 0.204687 0.954688 0.015625 0.015625
0 0.353125 0.954688 0.015625 0.015625
0 0.276562 0.956250 0.015625 0.015625
0 0.428125 0.956250 0.015625 0.015625
0 0.579688 0.957812 0.015625 0.015625
0 0.504687 0.959375 0.015625 0.015625
0 0.762500 0.992188 0.015625 0.015625
