0 0.790625 0.342187 0.015625 0.015625
0 0.987500 0.023438 0.015625 0.015625
0 0.860938 0.476562 0.015625 0.015625
0 0.909375 0.017188 0.015625 0.015625
0 0.943750 0.612500 0.015625 0.015625
0 0.982812 0.550000 0.015625 0.015625
0 0.565625 0.075000 0.015625 0.015625
0 0.820312 0.542188 0.015625 0.015625
0 0.904687 0.546875 0.015625 0.015625
0 0.717187 0.212500 0.015625 0.015625
0 0.789062 0.475000 0.015625 0.015625
0 0.945312 0.090625 0.015625 0.015625
0 0.717187 0.084375 0.015625 0.015625
0 0.987500 0.151562 0.015625 0.015625
0 0.678125 0.012500 0.015625 0.015625
0 0.865625 0.610938 0.015625 0.015625
0 0.865625 0.348438 0.015625 0.015625
0 0.984375 0.417187 0.015625 0.015625
0 0.754687 0.145313 0.015625 0.015625
0 0.834375 0.148438 0.015625 0.015625
0 0.682813 0.143750 0.015625 0.015625
0 0.759375 0.014063 0.015625 0.015625
0 0.642188 0.076563 0.015625 0.015625
0 0.642188 0.210938 0.015625 0.015625
0 0.750000 0.278125 0.015625 0.015625
0 0.945312 0.214062 0.015625 0.015625
0 0.942187 0.742188 0.015625 0.015625
0 0.792188 0.217188 0.015625 0.015625
0 0.709375 0.345313 0.015625 0.015625
0 0.837500 0.015625 0.015625 0.015625
0 0.823438 0.412500 0.015625 0.015625
0 0.982812 0.812500 0.015625 0.015625
0 0.943750 0.476562 0.015625 0.015625
0 0.907813 0.285938 0.015625 0.015625
0 0.820312 0.281250 0.015625 0.015625
0 0.987500 0.279687 0.015625 0.015625
0 0.676562 0.278125 0.015625 0.015625
0 0.954688 0.345313 0.015625 0.015625
0 0.067187 0.004687 0.015625 0.015625
0 0.218750 0.001563 0.015625 0.015625
0 0.300000 0.004687 0.015625 0.015625
0 0.028125 0.064062 0.015625 0.015625
0 0.067187 0.129688 0.015625 0.015625
0 0.106250 0.189062 0.015625 0.015625
0 0.031250 0.189062 0.015625 0.015625
0 0.035937 0.335938 0.015625 0.015625
0 0.065625 0.381250 0.015625 0.015625
0 0.073438 0.257812 0.015625 0.015625
0 0.112500 0.329688 0.015625 0.015625
0 0.154688 0.396875 0.015625 0.015625
0 0.146875 0.259375 0.015625 0.015625
0 0.184375 0.329688 0.015625 0.015625
0 0.231250 0.392188 0.015625 0.015625
0 0.189062 0.198437 0.015625 0.015625
0 0.228125 0.259375 0.015625 0.015625
0 0.257812 0.332813 0.015625 0.015625
0 0.289062 0.392188 0.015625 0.015625
0 0.376563 0.389062 0.015625 0.015625
0 0.342187 0.328125 0.015625 0.015625
0 0.303125 0.278125 0.015625 0.015625
0 0.265625 0.192188 0.015625 0.015625
0 0.339062 0.204687 0.015625 0.015625
0 0.370312 0.271875 0.015625 0.015625
0 0.401562 0.329688 0.015625 0.015625
0 0.442188 0.401562 0.015625 0.015625
0 0.537500 0.407813 0.015625 0.015625
0 0.498437 0.353125 0.015625 0.015625
0 0.467187 0.271875 0.015625 0.015625
0 0.417187 0.193750 0.015625 0.015625
0 0.492188 0.203125 0.015625 0.015625
0 0.531250 0.271875 0.015625 0.015625
0 0.570312 0.343750 0.015625 0.015625
0 0.596875 0.406250 0.015625 0.015625
0 0.456250 0.134375 0.015625 0.015625
0 0.403125 0.128125 0.015625 0.015625
0 0.323437 0.129688 0.015625 0.015625
0 0.221875 0.132812 0.015625 0.015625
0 0.153125 0.137500 0.015625 0.015625
0 0.114062 0.071875 0.015625 0.015625
0 0.187500 0.078125 0.015625 0.015625
0 0.260937 0.071875 0.015625 0.015625
0 0.342187 0.071875 0.015625 0.015625
0 0.418750 0.073438 0.015625 0.015625
0 0.384375 0.021875 0.015625 0.015625
0 0.021875 0.589063 0.015625 0.015625
0 0.057813 0.659375 0.015625 0.015625
0 0.035937 0.446875 0.015625 0.015625
0 0.060937 0.518750 0.015625 0.015625
0 0.101562 0.593750 0.015625 0.015625
0 0.131250 0.651563 0.015625 0.015625
0 0.120313 0.459375 0.015625 0.015625
0 0.153125 0.534375 0.015625 0.015625
0 0.187500 0.606250 0.015625 0.015625
0 0.206250 0.651563 0.015625 0.015625
0 0.281250 0.660937 0.015625 0.015625
0 0.257812 0.603125 0.015625 0.015625
0 0.223438 0.529687 0.015625 0.015625
0 0.293750 0.532813 0.015625 0.015625
0 0.360938 0.529687 0.015625 0.015625
0 0.446875 0.529687 0.015625 0.015625
0 0.517188 0.535937 0.015625 0.015625
0 0.593750 0.540625 0.015625 0.015625
0 0.662500 0.542188 0.015625 0.015625
0 0.646875 0.475000 0.015625 0.015625
0 0.570312 0.470313 0.015625 0.015625
0 0.490625 0.465625 0.015625 0.015625
0 0.410938 0.464062 0.015625 0.015625
0 0.335938 0.465625 0.015625 0.015625
0 0.253125 0.464062 0.015625 0.015625
0 0.198437 0.464062 0.015625 0.015625
0 0.334375 0.604688 0.015625 0.015625
0 0.403125 0.600000 0.015625 0.015625
0 0.506250 0.604688 0.015625 0.015625
0 0.570312 0.604688 0.015625 0.015625
0 0.621875 0.601562 0.015625 0.015625
0 0.703125 0.601562 0.015625 0.015625
0 0.745313 0.670312 0.015625 0.015625
0 0.671875 0.670312 0.015625 0.015625
0 0.592187 0.670312 0.015625 0.015625
0 0.521875 0.667188 0.015625 0.015625
0 0.434375 0.659375 0.015625 0.015625
0 0.354687 0.662500 0.015625 0.015625
0 0.053125 0.923438 0.015625 0.015625
0 0.009375 0.843750 0.015625 0.015625
0 0.015625 0.725000 0.015625 0.015625
0 0.075000 0.723437 0.015625 0.015625
0 0.176563 0.731250 0.015625 0.015625
0 0.206250 0.784375 0.015625 0.015625
0 0.128125 0.785937 0.015625 0.015625
0 0.059375 0.785937 0.015625 0.015625
0 0.250000 0.868750 0.015625 0.015625
0 0.173437 0.862500 0.015625 0.015625
0 0.092188 0.857812 0.015625 0.015625
0 0.128125 0.921875 0.015625 0.015625
0 0.201563 0.923438 0.015625 0.015625
0 0.279687 0.920312 0.015625 0.015625
0 0.250000 0.731250 0.015625 0.015625
0 0.326562 0.729688 0.015625 0.015625
0 0.404687 0.737500 0.015625 0.015625
0 0.470313 0.737500 0.015625 0.015625
0 0.543750 0.739062 0.015625 0.015625
0 0.629687 0.742188 0.015625 0.015625
0 0.706250 0.740625 0.015625 0.015625
0 0.284375 0.800000 0.015625 0.015625
0 0.350000 0.798438 0.015625 0.015625
0 0.440625 0.796875 0.015625 0.015625
0 0.517188 0.795312 0.015625 0.015625
0 0.589063 0.798438 0.015625 0.015625
0 0.671875 0.793750 0.015625 0.015625
0 0.748437 0.795312 0.015625 0.015625
0 0.782813 0.873437 0.015625 0.015625
0 0.709375 0.871875 0.015625 0.015625
0 0.625000 0.865625 0.015625 0.015625
0 0.565625 0.868750 0.015625 0.015625
0 0.489063 0.868750 0.015625 0.015625
0 0.389062 0.864062 0.015625 0.015625
0 0.318750 0.857812 0.015625 0.015625
0 0.353125 0.928125 0.015625 0.015625
0 0.437500 0.928125 0.015625 0.015625
0 0.512500 0.928125 0.015625 0.015625
0 0.584375 0.932813 0.015625 0.015625
0 0.660937 0.935937 0.015625 0.015625
0 0.739062 0.935937 0.015625 0.015625
0 0.821875 0.940625 0.015625 0.015625
0 0.901563 0.942187 0.015625 0.015625
0 0.864062 0.873437 0.015625 0.015625
0 0.829688 0.796875 0.015625 0.015625
0 0.789062 0.740625 0.015625 0.015625
0 0.015625 0.984375 0.015625 0.015625
0 0.095312 0.996875 0.015625 0.015625
0 0.168750 0.993750 0.015625 0.015625
0 0.471875 0.990625 0.015625 0.015625
0 0.450000 0.010937 0.015625 0.015625
0 0.531250 0.010937 0.015625 0.015625
0 0.604688 0.012500 0.015625 0.015625
0 0.492188 0.068750 0.015625 0.015625
0 0.529687 0.145313 0.015625 0.015625
0 0.564063 0.207813 0.015625 0.015625
0 0.598437 0.278125 0.015625 0.015625
0 0.637500 0.337500 0.015625 0.015625
0 0.675000 0.409375 0.015625 0.015625
0 0.706250 0.471875 0.015625 0.015625
0 0.748437 0.542188 0.015625 0.015625
0 0.793750 0.610938 0.015625 0.015625
0 0.823438 0.673438 0.015625 0.015625
0 0.906250 0.676562 0.015625 0.015625
0 0.978125 0.678125 0.015625 0.015625
0 0.854688 0.739062 0.015625 0.015625
0 0.909375 0.810937 0.015625 0.015625
0 0.870313 0.078125 0.015625 0.015625
0 0.787500 0.081250 0.015625 0.015625
