0 0.525000 0.006250 0.015625 0.015625
0 0.939063 0.010937 0.015625 0.015625
0 0.639062 0.045312 0.015625 0.015625
0 0.184375 0.046875 0.015625 0.015625
0 0.334375 0.057813 0.015625 0.015625
0 0.717187 0.057813 0.015625 0.015625
0 0.262500 0.059375 0.015625 0.015625
0 0.868750 0.062500 0.015625 0.015625
0 0.296875 0.110937 0.015625 0.015625
0 0.834375 0.115625 0.015625 0.015625
0 0.678125 0.115625 0.015625 0.015625
0 0.562500 0.181250 0.015625 0.015625
0 0.945312 0.181250 0.015625 0.015625
0 0.790625 0.181250 0.015625 0.015625
0 0.867188 0.187500 0.015625 0.015625
0 0.651563 0.198437 0.015625 0.015625
0 0.523438 0.243750 0.015625 0.015625
0 0.603125 0.245312 0.015625 0.015625
0 0.751563 0.245312 0.015625 0.015625
0 0.678125 0.246875 0.015625 0.015625
0 0.828125 0.251563 0.015625 0.015625
0 0.978125 0.253125 0.015625 0.015625
0 0.232813 0.259375 0.015625 0.015625
0 0.904687 0.260937 0.015625 0.015625
0 0.181250 0.312500 0.015625 0.015625
0 0.787500 0.312500 0.015625 0.015625
0 0.710938 0.312500 0.015625 0.015625
0 0.864062 0.315625 0.015625 0.015625
0 0.932813 0.317188 0.015625 0.015625
0 0.560937 0.320312 0.015625 0.015625
0 0.609375 0.360938 0.015625 0.015625
0 0.206250 0.360938 0.015625 0.015625
0 0.903125 0.375000 0.015625 0.015625
0 0.979688 0.382812 0.015625 0.015625
0 0.826562 0.382812 0.015625 0.015625
0 0.059375 0.404687 0.015625 0.015625
0 0.142187 0.425000 0.015625 0.015625
0 0.934375 0.442188 0.015625 0.015625
0 0.628125 0.442188 0.015625 0.015625
0 0.784375 0.443750 0.015625 0.015625
0 0.856250 0.443750 0.015625 0.015625
0 0.409375 0.453125 0.015625 0.015625
0 0.503125 0.460938 0.015625 0.015625
0 0.059375 0.467187 0.015625 0.015625
0 0.101562 0.496875 0.015625 0.015625
0 0.182812 0.503125 0.015625 0.015625
0 0.812500 0.510938 0.015625 0.015625
0 0.440625 0.515625 0.015625 0.015625
0 0.976562 0.517188 0.015625 0.015625
0 0.009375 0.525000 0.015625 0.015625
0 0.545312 0.543750 0.015625 0.015625
0 0.778125 0.565625 0.015625 0.015625
0 0.403125 0.567187 0.015625 0.015625
0 0.631250 0.568750 0.015625 0.015625
0 0.935937 0.568750 0.015625 0.015625
0 0.706250 0.571875 0.015625 0.015625
0 0.885938 0.640625 0.015625 0.015625
0 0.807813 0.659375 0.015625 0.015625
0 0.492188 0.665625 0.015625 0.015625
0 0.343750 0.675000 0.015625 0.015625
0 0.171875 0.690625 0.015625 0.015625
0 0.256250 0.696875 0.015625 0.015625
0 0.623437 0.698438 0.015625 0.015625
0 0.704688 0.698438 0.015625 0.015625
0 0.931250 0.709375 0.015625 0.015625
0 0.857812 0.709375 0.015625 0.015625
0 0.782813 0.712500 0.015625 0.015625
0 0.356250 0.764062 0.015625 0.015625
0 0.207813 0.770312 0.015625 0.015625
0 0.735938 0.773438 0.015625 0.015625
0 0.585938 0.784375 0.015625 0.015625
0 0.507812 0.784375 0.015625 0.015625
0 0.970313 0.785937 0.015625 0.015625
0 0.085938 0.815625 0.015625 0.015625
0 0.165625 0.831250 0.015625 0.015625
0 0.018750 0.832812 0.015625 0.015625
0 0.393750 0.837500 0.015625 0.015625
0 0.315625 0.837500 0.015625 0.015625
0 0.467187 0.840625 0.015625 0.015625
0 0.539062 0.845313 0.015625 0.015625
0 0.134375 0.892188 0.015625 0.015625
0 0.293750 0.895312 0.015625 0.015625
0 0.057813 0.901563 0.015625 0.015625
0 0.748437 0.910937 0.015625 0.015625
0 0.512500 0.912500 0.015625 0.015625
0 0.434375 0.912500 0.015625 0.015625
0 0.853125 0.975000 0.015625 0.015625
0 0.076563 0.103125 0.015625 0.015625
0 0.021875 0.040625 0.015625 0.015625
0 0.040625 0.171875 0.015625 0.015625
0 0.031250 0.565625 0.015625 0.015625
0 0.098437 0.565625 0.015625 0.015625
0 0.031250 0.303125 0.015625 0.015625
0 0.023438 0.689063 0.015625 0.015625
0 0.107813 0.698438 0.015625 0.015625
0 0.445312 0.110937 0.015625 0.015625
0 0.373437 0.109375 0.015625 0.015625
0 0.345313 0.170313 0.015625 0.015625
0 0.531250 0.110937 0.015625 0.015625
0 0.604688 0.110937 0.015625 0.015625
0 0.567187 0.050000 0.015625 0.015625
0 0.490625 0.050000 0.015625 0.015625
0 0.417187 0.050000 0.015625 0.015625
