0 0.007812 0.578125 0.015625 0.015625
0 0.026562 0.612500 0.015625 0.015625
0 0.001563 0.640625 0.015625 0.015625
0 0.021875 0.671875 0.015625 0.015625
0 0.043750 0.642188 0.015625 0.015625
0 0.056250 0.679688 0.015625 0.015625
0 0.040625 0.707812 0.015625 0.015625
0 0.000000 0.707812 0.015625 0.015625
0 0.073438 0.707812 0.015625 0.015625
0 0.020313 0.742188 0.015625 0.015625
0 0.057813 0.742188 0.015625 0.015625
0 0.098437 0.743750 0.015625 0.015625
0 0.125000 0.745313 0.015625 0.015625
0 0.081250 0.775000 0.015625 0.015625
0 0.118750 0.778125 0.015625 0.015625
0 0.095312 0.807813 0.015625 0.015625
0 0.134375 0.809375 0.015625 0.015625
0 0.167187 0.810937 0.015625 0.015625
0 0.151562 0.845313 0.015625 0.015625
0 0.189062 0.846875 0.015625 0.015625
0 0.395313 0.948438 0.015625 0.015625
0 0.434375 0.946875 0.015625 0.015625
0 0.473438 0.946875 0.015625 0.015625
0 0.510938 0.946875 0.015625 0.015625
0 0.545312 0.948438 0.015625 0.015625
0 0.584375 0.948438 0.015625 0.015625
0 0.623437 0.950000 0.015625 0.015625
0 0.660937 0.951562 0.015625 0.015625
0 0.698438 0.951562 0.015625 0.015625
0 0.735938 0.953125 0.015625 0.015625
0 0.776563 0.954688 0.015625 0.015625
0 0.815625 0.956250 0.015625 0.015625
0 0.854688 0.957812 0.015625 0.015625
0 0.890625 0.960938 0.015625 0.015625
0 0.928125 0.959375 0.015625 0.015625
0 0.967187 0.957812 0.015625 0.015625
0 0.412500 0.979688 0.015625 0.015625
0 0.373437 0.979688 0.015625 0.015625
0 0.448437 0.979688 0.015625 0.015625
0 0.493750 0.981250 0.015625 0.015625
0 0.528125 0.981250 0.015625 0.015625
0 0.567187 0.981250 0.015625 0.015625
0 0.604688 0.984375 0.015625 0.015625
0 0.643750 0.984375 0.015625 0.015625
0 0.682813 0.984375 0.015625 0.015625
0 0.718750 0.985938 0.015625 0.015625
0 0.757812 0.985938 0.015625 0.015625
0 0.800000 0.987500 0.015625 0.015625
0 0.835938 0.987500 0.015625 0.015625
0 0.868750 0.987500 0.015625 0.015625
0 0.906250 0.989062 0.015625 0.015625
0 0.943750 0.989062 0.015625 0.015625
0 0.981250 0.990625 0.015625 0.015625
0 0.032813 0.021875 0.015625 0.015625
0 0.071875 0.021875 0.015625 0.015625
0 0.110937 0.025000 0.015625 0.015625
0 0.151562 0.026562 0.015625 0.015625
0 0.189062 0.020313 0.015625 0.015625
0 0.228125 0.020313 0.015625 0.015625
0 0.264062 0.025000 0.015625 0.015625
0 0.300000 0.025000 0.015625 0.015625
0 0.340625 0.023438 0.015625 0.015625
0 0.376563 0.025000 0.015625 0.015625
0 0.417187 0.025000 0.015625 0.015625
0 0.456250 0.026562 0.015625 0.015625
0 0.495312 0.025000 0.015625 0.015625
0 0.510938 0.000000 0.015625 0.015625
0 0.529687 0.026562 0.015625 0.015625
0 0.548438 0.001563 0.015625 0.015625
0 0.568750 0.031250 0.015625 0.015625
0 0.585938 0.001563 0.015625 0.015625
0 0.606250 0.031250 0.015625 0.015625
0 0.626563 0.001563 0.015625 0.015625
0 0.648438 0.035937 0.015625 0.015625
0 0.662500 0.006250 0.015625 0.015625
0 0.685937 0.032813 0.015625 0.015625
0 0.701562 0.003125 0.015625 0.015625
0 0.721875 0.032813 0.015625 0.015625
0 0.742188 0.003125 0.015625 0.015625
0 0.762500 0.035937 0.015625 0.015625
0 0.779687 0.007812 0.015625 0.015625
0 0.790625 0.039062 0.015625 0.015625
0 0.014063 0.051562 0.015625 0.015625
0 0.039062 0.079687 0.015625 0.015625
0 0.054688 0.056250 0.015625 0.015625
0 0.076563 0.082812 0.015625 0.015625
0 0.093750 0.056250 0.015625 0.015625
0 0.114062 0.084375 0.015625 0.015625
0 0.128125 0.059375 0.015625 0.015625
0 0.148438 0.089063 0.015625 0.015625
0 0.167187 0.056250 0.015625 0.015625
0 0.185938 0.087500 0.015625 0.015625
0 0.203125 0.057813 0.015625 0.015625
0 0.220312 0.092188 0.015625 0.015625
0 0.245312 0.057813 0.015625 0.015625
0 0.260937 0.090625 0.015625 0.015625
0 0.279687 0.060937 0.015625 0.015625
0 0.300000 0.090625 0.015625 0.015625
0 0.320312 0.060937 0.015625 0.015625
0 0.335938 0.093750 0.015625 0.015625
0 0.356250 0.062500 0.015625 0.015625
0 0.371875 0.096875 0.015625 0.015625
0 0.392188 0.060937 0.015625 0.015625
0 0.415625 0.095312 0.015625 0.015625
0 0.432812 0.064062 0.015625 0.015625
0 0.451562 0.096875 0.015625 0.015625
0 0.468750 0.065625 0.015625 0.015625
0 0.490625 0.093750 0.015625 0.015625
0 0.509375 0.062500 0.015625 0.015625
0 0.526563 0.093750 0.015625 0.015625
0 0.545312 0.064062 0.015625 0.015625
0 0.564063 0.098437 0.015625 0.015625
0 0.582812 0.067187 0.015625 0.015625
0 0.601562 0.098437 0.015625 0.015625
0 0.625000 0.068750 0.015625 0.015625
0 0.643750 0.098437 0.015625 0.015625
0 0.662500 0.065625 0.015625 0.015625
0 0.684375 0.100000 0.015625 0.015625
0 0.696875 0.070312 0.015625 0.015625
0 0.714063 0.100000 0.015625 0.015625
0 0.740625 0.073438 0.015625 0.015625
0 0.756250 0.103125 0.015625 0.015625
0 0.778125 0.073438 0.015625 0.015625
0 0.796875 0.103125 0.015625 0.015625
0 0.815625 0.073438 0.015625 0.015625
0 0.834375 0.103125 0.015625 0.015625
0 0.012500 0.118750 0.015625 0.015625
0 0.034375 0.150000 0.015625 0.015625
0 0.053125 0.121875 0.015625 0.015625
0 0.073438 0.151562 0.015625 0.015625
0 0.092188 0.128125 0.015625 0.015625
0 0.110937 0.154688 0.015625 0.015625
0 0.128125 0.123438 0.015625 0.015625
0 0.146875 0.156250 0.015625 0.015625
0 0.165625 0.123438 0.015625 0.015625
0 0.189062 0.154688 0.015625 0.015625
0 0.201563 0.125000 0.015625 0.015625
0 0.220312 0.157812 0.015625 0.015625
0 0.240625 0.125000 0.015625 0.015625
0 0.257812 0.157812 0.015625 0.015625
0 0.278125 0.126562 0.015625 0.015625
0 0.301563 0.159375 0.015625 0.015625
0 0.318750 0.126562 0.015625 0.015625
0 0.337500 0.156250 0.015625 0.015625
0 0.356250 0.128125 0.015625 0.015625
0 0.375000 0.160938 0.015625 0.015625
0 0.392188 0.128125 0.015625 0.015625
0 0.412500 0.157812 0.015625 0.015625
0 0.450000 0.159375 0.015625 0.015625
0 0.468750 0.129688 0.015625 0.015625
0 0.487500 0.162500 0.015625 0.015625
0 0.504687 0.131250 0.015625 0.015625
0 0.523438 0.164062 0.015625 0.015625
0 0.543750 0.139063 0.015625 0.015625
0 0.564063 0.165625 0.015625 0.015625
0 0.581250 0.134375 0.015625 0.015625
0 0.603125 0.162500 0.015625 0.015625
0 0.625000 0.137500 0.015625 0.015625
0 0.640625 0.167187 0.015625 0.015625
0 0.664062 0.139063 0.015625 0.015625
0 0.678125 0.167187 0.015625 0.015625
0 0.700000 0.139063 0.015625 0.015625
0 0.715625 0.167187 0.015625 0.015625
0 0.731250 0.137500 0.015625 0.015625
0 0.764062 0.173437 0.015625 0.015625
0 0.801562 0.170313 0.015625 0.015625
0 0.829688 0.168750 0.015625 0.015625
0 0.817187 0.137500 0.015625 0.015625
0 0.853125 0.137500 0.015625 0.015625
0 0.012500 0.184375 0.015625 0.015625
0 0.026562 0.215625 0.015625 0.015625
0 0.050000 0.184375 0.015625 0.015625
0 0.067187 0.215625 0.015625 0.015625
0 0.087500 0.189062 0.015625 0.015625
0 0.101562 0.215625 0.015625 0.015625
0 0.128125 0.192188 0.015625 0.015625
0 0.145313 0.218750 0.015625 0.015625
0 0.164062 0.190625 0.015625 0.015625
0 0.184375 0.218750 0.015625 0.015625
0 0.203125 0.190625 0.015625 0.015625
0 0.220312 0.228125 0.015625 0.015625
0 0.235937 0.190625 0.015625 0.015625
0 0.256250 0.221875 0.015625 0.015625
0 0.273438 0.187500 0.015625 0.015625
0 0.298438 0.220312 0.015625 0.015625
0 0.318750 0.193750 0.015625 0.015625
0 0.334375 0.223438 0.015625 0.015625
0 0.351562 0.195312 0.015625 0.015625
0 0.368750 0.228125 0.015625 0.015625
0 0.392188 0.198437 0.015625 0.015625
0 0.409375 0.225000 0.015625 0.015625
0 0.434375 0.204687 0.015625 0.015625
0 0.450000 0.226562 0.015625 0.015625
0 0.470313 0.198437 0.015625 0.015625
0 0.484375 0.229687 0.015625 0.015625
0 0.504687 0.198437 0.015625 0.015625
0 0.518750 0.226562 0.015625 0.015625
0 0.543750 0.203125 0.015625 0.015625
0 0.567187 0.228125 0.015625 0.015625
0 0.585938 0.201563 0.015625 0.015625
0 0.600000 0.234375 0.015625 0.015625
0 0.625000 0.206250 0.015625 0.015625
0 0.639062 0.232813 0.015625 0.015625
0 0.664062 0.206250 0.015625 0.015625
0 0.676562 0.231250 0.015625 0.015625
0 0.701562 0.207813 0.015625 0.015625
0 0.717187 0.232813 0.015625 0.015625
0 0.754687 0.234375 0.015625 0.015625
0 0.739062 0.201563 0.015625 0.015625
0 0.768750 0.204687 0.015625 0.015625
0 0.792188 0.231250 0.015625 0.015625
0 0.825000 0.231250 0.015625 0.015625
0 0.862500 0.232813 0.015625 0.015625
0 0.010937 0.250000 0.015625 0.015625
0 0.046875 0.250000 0.015625 0.015625
0 0.028125 0.282813 0.015625 0.015625
0 0.085938 0.251563 0.015625 0.015625
0 0.121875 0.254688 0.015625 0.015625
0 0.101562 0.284375 0.015625 0.015625
0 0.142187 0.284375 0.015625 0.015625
0 0.164062 0.251563 0.015625 0.015625
0 0.203125 0.254688 0.015625 0.015625
0 0.239063 0.254688 0.015625 0.015625
0 0.279687 0.257812 0.015625 0.015625
0 0.314063 0.256250 0.015625 0.015625
0 0.357812 0.256250 0.015625 0.015625
0 0.395313 0.257812 0.015625 0.015625
0 0.431250 0.259375 0.015625 0.015625
0 0.467187 0.259375 0.015625 0.015625
0 0.510938 0.259375 0.015625 0.015625
0 0.543750 0.260937 0.015625 0.015625
0 0.620313 0.264062 0.015625 0.015625
0 0.689063 0.264062 0.015625 0.015625
0 0.739062 0.265625 0.015625 0.015625
0 0.812500 0.265625 0.015625 0.015625
0 0.840625 0.267188 0.015625 0.015625
0 0.014063 0.314063 0.015625 0.015625
0 0.050000 0.314063 0.015625 0.015625
0 0.089063 0.314063 0.015625 0.015625
0 0.126562 0.317188 0.015625 0.015625
0 0.165625 0.318750 0.015625 0.015625
0 0.201563 0.318750 0.015625 0.015625
0 0.243750 0.318750 0.015625 0.015625
0 0.282813 0.320312 0.015625 0.015625
0 0.318750 0.320312 0.015625 0.015625
0 0.354687 0.323437 0.015625 0.015625
0 0.392188 0.325000 0.015625 0.015625
0 0.334375 0.292187 0.015625 0.015625
0 0.375000 0.293750 0.015625 0.015625
0 0.412500 0.293750 0.015625 0.015625
0 0.445312 0.293750 0.015625 0.015625
0 0.481250 0.293750 0.015625 0.015625
0 0.525000 0.293750 0.015625 0.015625
0 0.562500 0.295312 0.015625 0.015625
0 0.603125 0.295312 0.015625 0.015625
0 0.643750 0.296875 0.015625 0.015625
0 0.676562 0.298438 0.015625 0.015625
0 0.718750 0.301563 0.015625 0.015625
0 0.756250 0.303125 0.015625 0.015625
0 0.790625 0.303125 0.015625 0.015625
0 0.812500 0.303125 0.015625 0.015625
0 0.940625 0.303125 0.015625 0.015625
0 0.962500 0.331250 0.015625 0.015625
0 0.976562 0.303125 0.015625 0.015625
0 0.993750 0.335938 0.015625 0.015625
0 0.428125 0.326562 0.015625 0.015625
0 0.470313 0.325000 0.015625 0.015625
0 0.506250 0.325000 0.015625 0.015625
0 0.548438 0.326562 0.015625 0.015625
0 0.582812 0.328125 0.015625 0.015625
0 0.621875 0.328125 0.015625 0.015625
0 0.660937 0.329688 0.015625 0.015625
0 0.696875 0.328125 0.015625 0.015625
0 0.735938 0.331250 0.015625 0.015625
0 0.770312 0.332813 0.015625 0.015625
0 0.014063 0.379688 0.015625 0.015625
0 0.031250 0.345313 0.015625 0.015625
0 0.046875 0.376563 0.015625 0.015625
0 0.067187 0.346875 0.015625 0.015625
0 0.089063 0.381250 0.015625 0.015625
0 0.106250 0.350000 0.015625 0.015625
0 0.115625 0.381250 0.015625 0.015625
0 0.143750 0.350000 0.015625 0.015625
0 0.156250 0.379688 0.015625 0.015625
0 0.178125 0.348438 0.015625 0.015625
0 0.192188 0.382812 0.015625 0.015625
0 0.220312 0.350000 0.015625 0.015625
0 0.234375 0.389062 0.015625 0.015625
0 0.259375 0.353125 0.015625 0.015625
0 0.271875 0.392188 0.015625 0.015625
0 0.292187 0.359375 0.015625 0.015625
0 0.317188 0.390625 0.015625 0.015625
0 0.332813 0.359375 0.015625 0.015625
0 0.357812 0.392188 0.015625 0.015625
0 0.375000 0.357812 0.015625 0.015625
0 0.385937 0.387500 0.015625 0.015625
0 0.410938 0.356250 0.015625 0.015625
0 0.428125 0.387500 0.015625 0.015625
0 0.445312 0.360938 0.015625 0.015625
0 0.464062 0.389062 0.015625 0.015625
0 0.489063 0.365625 0.015625 0.015625
0 0.509375 0.389062 0.015625 0.015625
0 0.521875 0.360938 0.015625 0.015625
0 0.540625 0.392188 0.015625 0.015625
0 0.560937 0.364063 0.015625 0.015625
0 0.578125 0.392188 0.015625 0.015625
0 0.598437 0.362500 0.015625 0.015625
0 0.620313 0.392188 0.015625 0.015625
0 0.639062 0.362500 0.015625 0.015625
0 0.654687 0.400000 0.015625 0.015625
0 0.675000 0.362500 0.015625 0.015625
0 0.693750 0.396875 0.015625 0.015625
0 0.898438 0.367188 0.015625 0.015625
0 0.942187 0.365625 0.015625 0.015625
0 0.978125 0.367188 0.015625 0.015625
0 0.889062 0.398438 0.015625 0.015625
0 0.925000 0.396875 0.015625 0.015625
0 0.964063 0.400000 0.015625 0.015625
0 0.996875 0.400000 0.015625 0.015625
0 0.943750 0.431250 0.015625 0.015625
0 0.979688 0.434375 0.015625 0.015625
0 0.028125 0.414062 0.015625 0.015625
0 0.067187 0.417187 0.015625 0.015625
0 0.101562 0.417187 0.015625 0.015625
0 0.140625 0.417187 0.015625 0.015625
0 0.179688 0.417187 0.015625 0.015625
0 0.217188 0.420312 0.015625 0.015625
0 0.254688 0.418750 0.015625 0.015625
0 0.295312 0.420312 0.015625 0.015625
0 0.329688 0.420312 0.015625 0.015625
0 0.371875 0.421875 0.015625 0.015625
0 0.410938 0.423438 0.015625 0.015625
0 0.560937 0.425000 0.015625 0.015625
0 0.026562 0.481250 0.015625 0.015625
0 0.064062 0.482812 0.015625 0.015625
0 0.042188 0.450000 0.015625 0.015625
0 0.006250 0.445312 0.015625 0.015625
0 0.081250 0.448437 0.015625 0.015625
0 0.118750 0.448437 0.015625 0.015625
0 0.156250 0.448437 0.015625 0.015625
0 0.190625 0.450000 0.015625 0.015625
0 0.229687 0.450000 0.015625 0.015625
0 0.103125 0.484375 0.015625 0.015625
0 0.132812 0.482812 0.015625 0.015625
0 0.189062 0.482812 0.015625 0.015625
0 0.217188 0.482812 0.015625 0.015625
0 0.254688 0.485938 0.015625 0.015625
0 0.292187 0.485938 0.015625 0.015625
0 0.276562 0.451562 0.015625 0.015625
0 0.320312 0.454688 0.015625 0.015625
0 0.351562 0.454688 0.015625 0.015625
0 0.389062 0.454688 0.015625 0.015625
0 0.426563 0.454688 0.015625 0.015625
0 0.407813 0.487500 0.015625 0.015625
0 0.442188 0.485938 0.015625 0.015625
0 0.464062 0.454688 0.015625 0.015625
0 0.498437 0.457813 0.015625 0.015625
0 0.481250 0.485938 0.015625 0.015625
0 0.537500 0.457813 0.015625 0.015625
0 0.520312 0.487500 0.015625 0.015625
0 0.559375 0.490625 0.015625 0.015625
0 0.576562 0.457813 0.015625 0.015625
0 0.615625 0.460938 0.015625 0.015625
0 0.639062 0.457813 0.015625 0.015625
0 0.671875 0.431250 0.015625 0.015625
0 0.898438 0.495312 0.015625 0.015625
0 0.878125 0.529687 0.015625 0.015625
0 0.917188 0.532813 0.015625 0.015625
0 0.950000 0.531250 0.015625 0.015625
0 0.937500 0.498437 0.015625 0.015625
0 0.976562 0.500000 0.015625 0.015625
0 0.990625 0.534375 0.015625 0.015625
0 0.998437 0.468750 0.015625 0.015625
0 0.835938 0.595313 0.015625 0.015625
0 0.860938 0.564063 0.015625 0.015625
0 0.875000 0.592187 0.015625 0.015625
0 0.896875 0.564063 0.015625 0.015625
0 0.917188 0.595313 0.015625 0.015625
0 0.934375 0.564063 0.015625 0.015625
0 0.953125 0.596875 0.015625 0.015625
0 0.976562 0.560937 0.015625 0.015625
0 0.995313 0.600000 0.015625 0.015625
0 0.548438 0.882812 0.015625 0.015625
0 0.567187 0.915625 0.015625 0.015625
0 0.585938 0.885938 0.015625 0.015625
0 0.606250 0.914062 0.015625 0.015625
0 0.623437 0.885938 0.015625 0.015625
0 0.643750 0.915625 0.015625 0.015625
0 0.662500 0.885938 0.015625 0.015625
0 0.679688 0.920312 0.015625 0.015625
0 0.564063 0.850000 0.015625 0.015625
0 0.604688 0.851562 0.015625 0.015625
0 0.645312 0.850000 0.015625 0.015625
0 0.682813 0.853125 0.015625 0.015625
0 0.721875 0.854688 0.015625 0.015625
0 0.706250 0.820312 0.015625 0.015625
0 0.739062 0.820312 0.015625 0.015625
0 0.765625 0.854688 0.015625 0.015625
0 0.781250 0.821875 0.015625 0.015625
0 0.800000 0.851562 0.015625 0.015625
0 0.818750 0.825000 0.015625 0.015625
0 0.837500 0.859375 0.015625 0.015625
0 0.875000 0.790625 0.015625 0.015625
0 0.890625 0.826562 0.015625 0.015625
0 0.859375 0.823438 0.015625 0.015625
0 0.910937 0.790625 0.015625 0.015625
0 0.931250 0.826562 0.015625 0.015625
0 0.945312 0.792188 0.015625 0.015625
0 0.973437 0.825000 0.015625 0.015625
0 0.989062 0.793750 0.015625 0.015625
0 0.962500 0.007812 0.015625 0.015625
0 0.998437 0.267188 0.015625 0.015625
