0 0.028125 0.000000 0.015625 0.015625
0 0.178125 0.004687 0.015625 0.015625
0 0.334375 0.004687 0.015625 0.015625
0 0.479687 0.007812 0.015625 0.015625
0 0.407813 0.007812 0.015625 0.015625
0 0.559375 0.009375 0.015625 0.015625
0 0.707812 0.014063 0.015625 0.015625
0 0.782813 0.015625 0.015625 0.015625
0 0.939063 0.018750 0.015625 0.015625
0 0.860938 0.020313 0.015625 0.015625
0 0.462500 0.046875 0.015625 0.015625
0 0.287500 0.062500 0.015625 0.015625
0 0.662500 0.064062 0.015625 0.015625
0 0.209375 0.067187 0.015625 0.015625
0 0.364063 0.068750 0.015625 0.015625
0 0.137500 0.068750 0.015625 0.015625
0 0.832812 0.070312 0.015625 0.015625
0 0.743750 0.076563 0.015625 0.015625
0 0.978125 0.079687 0.015625 0.015625
0 0.514062 0.082812 0.015625 0.015625
0 0.593750 0.082812 0.015625 0.015625
0 0.901563 0.082812 0.015625 0.015625
0 0.459375 0.118750 0.015625 0.015625
0 0.329688 0.120313 0.015625 0.015625
0 0.629687 0.125000 0.015625 0.015625
0 0.557813 0.134375 0.015625 0.015625
0 0.785937 0.135937 0.015625 0.015625
0 0.103125 0.139063 0.015625 0.015625
0 0.706250 0.143750 0.015625 0.015625
0 0.859375 0.145313 0.015625 0.015625
0 0.935937 0.150000 0.015625 0.015625
0 0.546875 0.170313 0.015625 0.015625
0 0.628125 0.184375 0.015625 0.015625
0 0.589063 0.187500 0.015625 0.015625
0 0.364063 0.195312 0.015625 0.015625
0 0.518750 0.200000 0.015625 0.015625
0 0.828125 0.203125 0.015625 0.015625
0 0.743750 0.204687 0.015625 0.015625
0 0.660937 0.207813 0.015625 0.015625
0 0.135937 0.209375 0.015625 0.015625
0 0.976562 0.214062 0.015625 0.015625
0 0.207813 0.218750 0.015625 0.015625
0 0.625000 0.246875 0.015625 0.015625
0 0.085938 0.248438 0.015625 0.015625
0 0.015625 0.248438 0.015625 0.015625
0 0.307812 0.256250 0.015625 0.015625
0 0.681250 0.259375 0.015625 0.015625
0 0.532813 0.264062 0.015625 0.015625
0 0.865625 0.265625 0.015625 0.015625
0 0.767188 0.267188 0.015625 0.015625
0 0.934375 0.282813 0.015625 0.015625
0 0.635938 0.293750 0.015625 0.015625
0 0.706250 0.293750 0.015625 0.015625
0 0.123438 0.306250 0.015625 0.015625
0 0.028125 0.307812 0.015625 0.015625
0 0.784375 0.317188 0.015625 0.015625
0 0.546875 0.318750 0.015625 0.015625
0 0.270313 0.318750 0.015625 0.015625
0 0.485938 0.325000 0.015625 0.015625
0 0.821875 0.343750 0.015625 0.015625
0 0.592187 0.343750 0.015625 0.015625
0 0.896875 0.346875 0.015625 0.015625
0 0.668750 0.346875 0.015625 0.015625
0 0.750000 0.346875 0.015625 0.015625
0 0.976562 0.351562 0.015625 0.015625
0 0.089063 0.368750 0.015625 0.015625
0 0.187500 0.373437 0.015625 0.015625
0 0.387500 0.389062 0.015625 0.015625
0 0.476562 0.400000 0.015625 0.015625
0 0.853125 0.406250 0.015625 0.015625
0 0.926562 0.409375 0.015625 0.015625
0 0.631250 0.410938 0.015625 0.015625
0 0.707812 0.410938 0.015625 0.015625
0 0.551562 0.410938 0.015625 0.015625
0 0.785937 0.412500 0.015625 0.015625
0 0.431250 0.464062 0.015625 0.015625
0 0.132812 0.468750 0.015625 0.015625
0 0.356250 0.470313 0.015625 0.015625
0 0.590625 0.470313 0.015625 0.015625
0 0.512500 0.471875 0.015625 0.015625
0 0.667188 0.473438 0.015625 0.015625
0 0.893750 0.476562 0.015625 0.015625
0 0.968750 0.476562 0.015625 0.015625
0 0.821875 0.479687 0.015625 0.015625
0 0.742188 0.481250 0.015625 0.015625
0 0.389062 0.517188 0.015625 0.015625
0 0.457813 0.520312 0.015625 0.015625
0 0.103125 0.529687 0.015625 0.015625
0 0.848437 0.534375 0.015625 0.015625
0 0.026562 0.534375 0.015625 0.015625
0 0.168750 0.535937 0.015625 0.015625
0 0.931250 0.540625 0.015625 0.015625
0 0.629687 0.542188 0.015625 0.015625
0 0.782813 0.542188 0.015625 0.015625
0 0.551562 0.545312 0.015625 0.015625
0 0.415625 0.559375 0.015625 0.015625
0 0.214062 0.595313 0.015625 0.015625
0 0.062500 0.606250 0.015625 0.015625
0 0.284375 0.615625 0.015625 0.015625
0 0.512500 0.615625 0.015625 0.015625
0 0.592187 0.617188 0.015625 0.015625
0 0.903125 0.625000 0.015625 0.015625
0 0.437500 0.625000 0.015625 0.015625
0 0.664062 0.634375 0.015625 0.015625
0 0.757812 0.635938 0.015625 0.015625
0 0.339062 0.637500 0.015625 0.015625
0 0.985938 0.642188 0.015625 0.015625
0 0.017188 0.667188 0.015625 0.015625
0 0.837500 0.692187 0.015625 0.015625
0 0.321875 0.692187 0.015625 0.015625
0 0.618750 0.698438 0.015625 0.015625
0 0.525000 0.706250 0.015625 0.015625
0 0.056250 0.734375 0.015625 0.015625
0 0.134375 0.735938 0.015625 0.015625
0 0.664062 0.739062 0.015625 0.015625
0 0.815625 0.743750 0.015625 0.015625
0 0.740625 0.743750 0.015625 0.015625
0 0.890625 0.745313 0.015625 0.015625
0 0.585938 0.748437 0.015625 0.015625
0 0.965625 0.750000 0.015625 0.015625
0 0.425000 0.775000 0.015625 0.015625
0 0.109375 0.787500 0.015625 0.015625
0 0.706250 0.787500 0.015625 0.015625
0 0.029687 0.793750 0.015625 0.015625
0 0.853125 0.793750 0.015625 0.015625
0 0.164062 0.796875 0.015625 0.015625
0 0.781250 0.804688 0.015625 0.015625
0 0.467187 0.810937 0.015625 0.015625
0 0.926562 0.810937 0.015625 0.015625
0 0.542188 0.810937 0.015625 0.015625
0 0.632812 0.823438 0.015625 0.015625
0 0.137500 0.859375 0.015625 0.015625
0 0.062500 0.860938 0.015625 0.015625
0 0.212500 0.862500 0.015625 0.015625
0 0.509375 0.865625 0.015625 0.015625
0 0.359375 0.865625 0.015625 0.015625
0 0.284375 0.867188 0.015625 0.015625
0 0.657813 0.870313 0.015625 0.015625
0 0.812500 0.870313 0.015625 0.015625
0 0.587500 0.871875 0.015625 0.015625
0 0.964063 0.871875 0.015625 0.015625
0 0.737500 0.871875 0.015625 0.015625
0 0.435937 0.871875 0.015625 0.015625
0 0.887500 0.875000 0.015625 0.015625
0 0.017188 0.914062 0.015625 0.015625
0 0.684375 0.915625 0.015625 0.015625
0 0.473438 0.920312 0.015625 0.015625
0 0.170313 0.928125 0.015625 0.015625
0 0.543750 0.928125 0.015625 0.015625
0 0.243750 0.932813 0.015625 0.015625
0 0.318750 0.932813 0.015625 0.015625
0 0.621875 0.935937 0.015625 0.015625
0 0.779687 0.935937 0.015625 0.015625
0 0.854688 0.935937 0.015625 0.015625
0 0.387500 0.937500 0.015625 0.015625
0 0.928125 0.942187 0.015625 0.015625
0 0.053125 0.985938 0.015625 0.015625
0 0.587500 0.990625 0.015625 0.015625
0 0.278125 0.990625 0.015625 0.015625
0 0.128125 0.993750 0.015625 0.015625
0 0.509375 0.993750 0.015625 0.015625
0 0.204687 0.995313 0.015625 0.015625
0 0.884375 0.996875 0.015625 0.015625
