0 0.021875 0.035937 0.015625 0.015625
0 0.481250 0.042188 0.015625 0.015625
0 0.782813 0.042188 0.015625 0.015625
0 0.181250 0.042188 0.015625 0.015625
0 0.706250 0.043750 0.015625 0.015625
0 0.331250 0.043750 0.015625 0.015625
0 0.629687 0.045312 0.015625 0.015625
0 0.404687 0.045312 0.015625 0.015625
0 0.096875 0.045312 0.015625 0.015625
0 0.254688 0.046875 0.015625 0.015625
0 0.931250 0.048438 0.015625 0.015625
0 0.862500 0.054688 0.015625 0.015625
0 0.557813 0.057813 0.015625 0.015625
0 0.367188 0.106250 0.015625 0.015625
0 0.742188 0.107813 0.015625 0.015625
0 0.439063 0.107813 0.015625 0.015625
0 0.209375 0.110937 0.015625 0.015625
0 0.514062 0.110937 0.015625 0.015625
0 0.664062 0.110937 0.015625 0.015625
0 0.292187 0.110937 0.015625 0.015625
0 0.134375 0.114062 0.015625 0.015625
0 0.059375 0.117188 0.015625 0.015625
0 0.601562 0.118750 0.015625 0.015625
0 0.404687 0.170313 0.015625 0.015625
0 0.175000 0.171875 0.015625 0.015625
0 0.329688 0.171875 0.015625 0.015625
0 0.253125 0.175000 0.015625 0.015625
0 0.704688 0.182812 0.015625 0.015625
0 0.796875 0.187500 0.015625 0.015625
0 0.089063 0.189062 0.015625 0.015625
0 0.471875 0.190625 0.015625 0.015625
0 0.631250 0.193750 0.015625 0.015625
0 0.554688 0.193750 0.015625 0.015625
0 0.279687 0.234375 0.015625 0.015625
0 0.040625 0.235937 0.015625 0.015625
0 0.506250 0.239063 0.015625 0.015625
0 0.356250 0.239063 0.015625 0.015625
0 0.439063 0.240625 0.015625 0.015625
0 0.131250 0.242188 0.015625 0.015625
0 0.662500 0.246875 0.015625 0.015625
0 0.739062 0.246875 0.015625 0.015625
0 0.578125 0.293750 0.015625 0.015625
0 0.235937 0.295312 0.015625 0.015625
0 0.326562 0.295312 0.015625 0.015625
0 0.706250 0.307812 0.015625 0.015625
0 0.625000 0.309375 0.015625 0.015625
0 0.481250 0.309375 0.015625 0.015625
0 0.025000 0.323437 0.015625 0.015625
0 0.812500 0.332813 0.015625 0.015625
0 0.135937 0.334375 0.015625 0.015625
0 0.412500 0.339062 0.015625 0.015625
0 0.214062 0.343750 0.015625 0.015625
0 0.657813 0.373437 0.015625 0.015625
0 0.512500 0.376563 0.015625 0.015625
0 0.740625 0.379688 0.015625 0.015625
0 0.176563 0.406250 0.015625 0.015625
0 0.026562 0.406250 0.015625 0.015625
0 0.253125 0.407813 0.015625 0.015625
0 0.387500 0.428125 0.015625 0.015625
0 0.090625 0.429688 0.015625 0.015625
0 0.553125 0.439063 0.015625 0.015625
0 0.470313 0.439063 0.015625 0.015625
0 0.987500 0.445312 0.015625 0.015625
0 0.285938 0.470313 0.015625 0.015625
0 0.050000 0.490625 0.015625 0.015625
0 0.132812 0.492188 0.015625 0.015625
0 0.356250 0.493750 0.015625 0.015625
0 0.206250 0.493750 0.015625 0.015625
0 0.909375 0.503125 0.015625 0.015625
0 0.517188 0.504687 0.015625 0.015625
0 0.656250 0.506250 0.015625 0.015625
0 0.851562 0.559375 0.015625 0.015625
0 0.957812 0.565625 0.015625 0.015625
0 0.010937 0.567187 0.015625 0.015625
0 0.312500 0.568750 0.015625 0.015625
0 0.387500 0.568750 0.015625 0.015625
0 0.243750 0.568750 0.015625 0.015625
0 0.468750 0.570312 0.015625 0.015625
0 0.165625 0.570312 0.015625 0.015625
0 0.090625 0.570312 0.015625 0.015625
0 0.628125 0.571875 0.015625 0.015625
0 0.553125 0.575000 0.015625 0.015625
0 0.689063 0.587500 0.015625 0.015625
0 0.287500 0.635938 0.015625 0.015625
0 0.356250 0.637500 0.015625 0.015625
0 0.509375 0.640625 0.015625 0.015625
0 0.739062 0.643750 0.015625 0.015625
0 0.431250 0.643750 0.015625 0.015625
0 0.584375 0.645312 0.015625 0.015625
0 0.887500 0.646875 0.015625 0.015625
0 0.810937 0.646875 0.015625 0.015625
0 0.965625 0.646875 0.015625 0.015625
0 0.664062 0.648438 0.015625 0.015625
0 0.060937 0.650000 0.015625 0.015625
0 0.184375 0.653125 0.015625 0.015625
0 0.704688 0.707812 0.015625 0.015625
0 0.326562 0.709375 0.015625 0.015625
0 0.260937 0.712500 0.015625 0.015625
0 0.932813 0.714063 0.015625 0.015625
0 0.384375 0.717187 0.015625 0.015625
0 0.815625 0.742188 0.015625 0.015625
0 0.081250 0.748437 0.015625 0.015625
0 0.351562 0.775000 0.015625 0.015625
0 0.657813 0.792188 0.015625 0.015625
0 0.239063 0.817187 0.015625 0.015625
0 0.015625 0.818750 0.015625 0.015625
0 0.165625 0.823438 0.015625 0.015625
0 0.090625 0.823438 0.015625 0.015625
0 0.503125 0.835938 0.015625 0.015625
0 0.310937 0.840625 0.015625 0.015625
0 0.054688 0.885938 0.015625 0.015625
0 0.887500 0.887500 0.015625 0.015625
0 0.279687 0.887500 0.015625 0.015625
0 0.131250 0.889062 0.015625 0.015625
0 0.207813 0.890625 0.015625 0.015625
0 0.434375 0.890625 0.015625 0.015625
0 0.660937 0.892188 0.015625 0.015625
0 0.973437 0.893750 0.015625 0.015625
0 0.809375 0.895312 0.015625 0.015625
0 0.584375 0.903125 0.015625 0.015625
0 0.923438 0.954688 0.015625 0.015625
0 0.087500 0.957812 0.015625 0.015625
0 0.998437 0.968750 0.015625 0.015625
0 0.201563 0.985938 0.015625 0.015625
0 0.929688 0.421875 0.015625 0.015625
0 0.884375 0.378125 0.015625 0.015625
0 0.870313 0.317188 0.015625 0.015625
0 0.721875 0.509375 0.015625 0.015625
0 0.771875 0.578125 0.015625 0.015625
