0 0.410938 0.012500 0.015625 0.015625
0 0.565625 0.014063 0.015625 0.015625
0 0.489063 0.015625 0.015625 0.015625
0 0.639062 0.020313 0.015625 0.015625
0 0.714063 0.026562 0.015625 0.015625
0 0.529687 0.081250 0.015625 0.015625
0 0.451562 0.084375 0.015625 0.015625
0 0.678125 0.084375 0.015625 0.015625
0 0.603125 0.084375 0.015625 0.015625
0 0.565625 0.146875 0.015625 0.015625
0 0.712500 0.148438 0.015625 0.015625
0 0.485938 0.148438 0.015625 0.015625
0 0.635938 0.150000 0.015625 0.015625
0 0.601562 0.215625 0.015625 0.015625
0 0.525000 0.215625 0.015625 0.015625
0 0.678125 0.218750 0.015625 0.015625
0 0.639062 0.284375 0.015625 0.015625
0 0.712500 0.285938 0.015625 0.015625
0 0.557813 0.287500 0.015625 0.015625
0 0.671875 0.345313 0.015625 0.015625
0 0.600000 0.348438 0.015625 0.015625
0 0.560937 0.412500 0.015625 0.015625
0 0.707812 0.414062 0.015625 0.015625
0 0.595313 0.482812 0.015625 0.015625
0 0.707812 0.542188 0.015625 0.015625
0 0.629687 0.542188 0.015625 0.015625
0 0.556250 0.550000 0.015625 0.015625
0 0.598437 0.609375 0.015625 0.015625
0 0.668750 0.610938 0.015625 0.015625
0 0.557813 0.673438 0.015625 0.015625
0 0.635938 0.675000 0.015625 0.015625
0 0.521875 0.735938 0.015625 0.015625
0 0.596875 0.739062 0.015625 0.015625
0 0.668750 0.742188 0.015625 0.015625
0 0.554688 0.806250 0.015625 0.015625
0 0.629687 0.807813 0.015625 0.015625
0 0.706250 0.807813 0.015625 0.015625
0 0.526563 0.868750 0.015625 0.015625
0 0.595313 0.871875 0.015625 0.015625
0 0.668750 0.875000 0.015625 0.015625
0 0.559375 0.935937 0.015625 0.015625
0 0.629687 0.937500 0.015625 0.015625
0 0.701562 0.942187 0.015625 0.015625
0 0.629687 0.412500 0.015625 0.015625
0 0.667188 0.479687 0.015625 0.015625
