0 0.018750 0.032813 0.015625 0.015625
0 0.054688 0.032813 0.015625 0.015625
0 0.095312 0.035937 0.015625 0.015625
0 0.139063 0.037500 0.015625 0.015625
0 0.168750 0.039062 0.015625 0.015625
0 0.206250 0.039062 0.015625 0.015625
0 0.240625 0.042188 0.015625 0.015625
0 0.271875 0.043750 0.015625 0.015625
0 0.265625 0.068750 0.015625 0.015625
0 0.293750 0.067187 0.015625 0.015625
0 0.320312 0.067187 0.015625 0.015625
0 0.228125 0.067187 0.015625 0.015625
0 0.192188 0.067187 0.015625 0.015625
0 0.151562 0.067187 0.015625 0.015625
0 0.071875 0.068750 0.015625 0.015625
0 0.037500 0.068750 0.015625 0.015625
0 0.015625 0.104688 0.015625 0.015625
0 0.092188 0.101562 0.015625 0.015625
0 0.129688 0.103125 0.015625 0.015625
0 0.170313 0.103125 0.015625 0.015625
0 0.210938 0.104688 0.015625 0.015625
0 0.242188 0.106250 0.015625 0.015625
0 0.281250 0.104688 0.015625 0.015625
0 0.320312 0.106250 0.015625 0.015625
0 0.340625 0.137500 0.015625 0.015625
0 0.301563 0.139063 0.015625 0.015625
0 0.264062 0.139063 0.015625 0.015625
0 0.223438 0.137500 0.015625 0.015625
0 0.184375 0.137500 0.015625 0.015625
0 0.142187 0.135937 0.015625 0.015625
0 0.103125 0.132812 0.015625 0.015625
0 0.070312 0.132812 0.015625 0.015625
0 0.029687 0.132812 0.015625 0.015625
0 0.012500 0.167187 0.015625 0.015625
0 0.093750 0.165625 0.015625 0.015625
0 0.128125 0.167187 0.015625 0.015625
0 0.168750 0.168750 0.015625 0.015625
0 0.207813 0.170313 0.015625 0.015625
0 0.242188 0.170313 0.015625 0.015625
0 0.281250 0.171875 0.015625 0.015625
0 0.034375 0.200000 0.015625 0.015625
0 0.068750 0.200000 0.015625 0.015625
0 0.109375 0.200000 0.015625 0.015625
0 0.145313 0.200000 0.015625 0.015625
0 0.182812 0.200000 0.015625 0.015625
0 0.226562 0.203125 0.015625 0.015625
0 0.264062 0.203125 0.015625 0.015625
0 0.298438 0.206250 0.015625 0.015625
0 0.335938 0.206250 0.015625 0.015625
0 0.359375 0.235937 0.015625 0.015625
0 0.317188 0.239063 0.015625 0.015625
0 0.287500 0.239063 0.015625 0.015625
0 0.243750 0.239063 0.015625 0.015625
0 0.162500 0.237500 0.015625 0.015625
0 0.129688 0.234375 0.015625 0.015625
0 0.046875 0.234375 0.015625 0.015625
0 0.017188 0.234375 0.015625 0.015625
0 0.037500 0.267188 0.015625 0.015625
0 0.068750 0.267188 0.015625 0.015625
0 0.106250 0.267188 0.015625 0.015625
0 0.146875 0.267188 0.015625 0.015625
0 0.184375 0.270313 0.015625 0.015625
0 0.221875 0.271875 0.015625 0.015625
0 0.262500 0.273438 0.015625 0.015625
0 0.300000 0.273438 0.015625 0.015625
0 0.335938 0.273438 0.015625 0.015625
0 0.371875 0.273438 0.015625 0.015625
0 0.414062 0.275000 0.015625 0.015625
0 0.390625 0.237500 0.015625 0.015625
0 0.384375 0.206250 0.015625 0.015625
0 0.359375 0.168750 0.015625 0.015625
0 0.320312 0.170313 0.015625 0.015625
0 0.053125 0.301563 0.015625 0.015625
0 0.090625 0.301563 0.015625 0.015625
0 0.128125 0.303125 0.015625 0.015625
0 0.167187 0.303125 0.015625 0.015625
0 0.204687 0.304688 0.015625 0.015625
0 0.240625 0.304688 0.015625 0.015625
0 0.278125 0.306250 0.015625 0.015625
0 0.321875 0.304688 0.015625 0.015625
0 0.357812 0.306250 0.015625 0.015625
0 0.034375 0.331250 0.015625 0.015625
0 0.071875 0.332813 0.015625 0.015625
0 0.109375 0.332813 0.015625 0.015625
0 0.146875 0.332813 0.015625 0.015625
0 0.185938 0.335938 0.015625 0.015625
0 0.221875 0.339062 0.015625 0.015625
0 0.264062 0.339062 0.015625 0.015625
0 0.301563 0.339062 0.015625 0.015625
0 0.339062 0.337500 0.015625 0.015625
0 0.376563 0.337500 0.015625 0.015625
0 0.412500 0.339062 0.015625 0.015625
0 0.439063 0.304688 0.015625 0.015625
0 0.393750 0.304688 0.015625 0.015625
0 0.451562 0.340625 0.015625 0.015625
0 0.470313 0.375000 0.015625 0.015625
0 0.432812 0.373437 0.015625 0.015625
0 0.390625 0.373437 0.015625 0.015625
0 0.354687 0.373437 0.015625 0.015625
0 0.315625 0.371875 0.015625 0.015625
0 0.271875 0.371875 0.015625 0.015625
0 0.240625 0.371875 0.015625 0.015625
0 0.201563 0.373437 0.015625 0.015625
0 0.162500 0.370312 0.015625 0.015625
0 0.125000 0.367188 0.015625 0.015625
0 0.089063 0.368750 0.015625 0.015625
0 0.050000 0.367188 0.015625 0.015625
0 0.010937 0.362500 0.015625 0.015625
0 0.010937 0.428125 0.015625 0.015625
0 0.021875 0.396875 0.015625 0.015625
0 0.051562 0.426563 0.015625 0.015625
0 0.073438 0.398438 0.015625 0.015625
0 0.090625 0.432812 0.015625 0.015625
0 0.110937 0.401562 0.015625 0.015625
0 0.126562 0.435937 0.015625 0.015625
0 0.148438 0.401562 0.015625 0.015625
0 0.165625 0.434375 0.015625 0.015625
0 0.185938 0.401562 0.015625 0.015625
0 0.201563 0.435937 0.015625 0.015625
0 0.223438 0.404687 0.015625 0.015625
0 0.243750 0.440625 0.015625 0.015625
0 0.256250 0.409375 0.015625 0.015625
0 0.279687 0.439063 0.015625 0.015625
0 0.295312 0.403125 0.015625 0.015625
0 0.315625 0.439063 0.015625 0.015625
0 0.335938 0.414062 0.015625 0.015625
0 0.351562 0.442188 0.015625 0.015625
0 0.375000 0.406250 0.015625 0.015625
0 0.393750 0.442188 0.015625 0.015625
0 0.414062 0.406250 0.015625 0.015625
0 0.453125 0.404687 0.015625 0.015625
0 0.470313 0.440625 0.015625 0.015625
0 0.489063 0.407813 0.015625 0.015625
0 0.504687 0.439063 0.015625 0.015625
0 0.526563 0.481250 0.015625 0.015625
0 0.543750 0.507812 0.015625 0.015625
0 0.501563 0.507812 0.015625 0.015625
0 0.481250 0.475000 0.015625 0.015625
0 0.465625 0.504687 0.015625 0.015625
0 0.442188 0.473438 0.015625 0.015625
0 0.410938 0.478125 0.015625 0.015625
0 0.429688 0.506250 0.015625 0.015625
0 0.385937 0.504687 0.015625 0.015625
0 0.371875 0.475000 0.015625 0.015625
0 0.334375 0.473438 0.015625 0.015625
0 0.348438 0.503125 0.015625 0.015625
0 0.309375 0.500000 0.015625 0.015625
0 0.295312 0.471875 0.015625 0.015625
0 0.273438 0.504687 0.015625 0.015625
0 0.257812 0.471875 0.015625 0.015625
0 0.240625 0.498437 0.015625 0.015625
0 0.182812 0.467187 0.015625 0.015625
0 0.198437 0.498437 0.015625 0.015625
0 0.160938 0.501563 0.015625 0.015625
0 0.140625 0.470313 0.015625 0.015625
0 0.106250 0.468750 0.015625 0.015625
0 0.123438 0.500000 0.015625 0.015625
0 0.082812 0.498437 0.015625 0.015625
0 0.067187 0.465625 0.015625 0.015625
0 0.045312 0.496875 0.015625 0.015625
0 0.029687 0.464062 0.015625 0.015625
0 0.003125 0.498437 0.015625 0.015625
0 0.007812 0.567187 0.015625 0.015625
0 0.029687 0.532813 0.015625 0.015625
0 0.046875 0.565625 0.015625 0.015625
0 0.068750 0.529687 0.015625 0.015625
0 0.084375 0.559375 0.015625 0.015625
0 0.103125 0.531250 0.015625 0.015625
0 0.121875 0.564063 0.015625 0.015625
0 0.146875 0.532813 0.015625 0.015625
0 0.165625 0.564063 0.015625 0.015625
0 0.179688 0.532813 0.015625 0.015625
0 0.196875 0.564063 0.015625 0.015625
0 0.225000 0.535937 0.015625 0.015625
0 0.242188 0.568750 0.015625 0.015625
0 0.257812 0.537500 0.015625 0.015625
0 0.278125 0.568750 0.015625 0.015625
0 0.293750 0.537500 0.015625 0.015625
0 0.312500 0.568750 0.015625 0.015625
0 0.331250 0.532813 0.015625 0.015625
0 0.350000 0.568750 0.015625 0.015625
0 0.368750 0.534375 0.015625 0.015625
0 0.387500 0.571875 0.015625 0.015625
0 0.409375 0.537500 0.015625 0.015625
0 0.428125 0.570312 0.015625 0.015625
0 0.446875 0.540625 0.015625 0.015625
0 0.467187 0.570312 0.015625 0.015625
0 0.485938 0.539062 0.015625 0.015625
0 0.506250 0.570312 0.015625 0.015625
0 0.520312 0.539062 0.015625 0.015625
0 0.542188 0.573438 0.015625 0.015625
0 0.557813 0.540625 0.015625 0.015625
0 0.578125 0.573438 0.015625 0.015625
0 0.010937 0.631250 0.015625 0.015625
0 0.043750 0.629687 0.015625 0.015625
0 0.082812 0.629687 0.015625 0.015625
0 0.118750 0.629687 0.015625 0.015625
0 0.156250 0.629687 0.015625 0.015625
0 0.196875 0.631250 0.015625 0.015625
0 0.025000 0.593750 0.015625 0.015625
0 0.064062 0.593750 0.015625 0.015625
0 0.106250 0.595313 0.015625 0.015625
0 0.140625 0.595313 0.015625 0.015625
0 0.181250 0.598437 0.015625 0.015625
0 0.215625 0.596875 0.015625 0.015625
0 0.257812 0.598437 0.015625 0.015625
0 0.295312 0.600000 0.015625 0.015625
0 0.331250 0.601562 0.015625 0.015625
0 0.367188 0.603125 0.015625 0.015625
0 0.523438 0.604688 0.015625 0.015625
0 0.559375 0.604688 0.015625 0.015625
0 0.596875 0.604688 0.015625 0.015625
0 0.007812 0.693750 0.015625 0.015625
0 0.025000 0.662500 0.015625 0.015625
0 0.046875 0.693750 0.015625 0.015625
0 0.064062 0.662500 0.015625 0.015625
0 0.082812 0.695312 0.015625 0.015625
0 0.100000 0.660937 0.015625 0.015625
0 0.118750 0.692187 0.015625 0.015625
0 0.142187 0.660937 0.015625 0.015625
0 0.156250 0.693750 0.015625 0.015625
0 0.178125 0.665625 0.015625 0.015625
0 0.192188 0.698438 0.015625 0.015625
0 0.212500 0.665625 0.015625 0.015625
0 0.234375 0.695312 0.015625 0.015625
0 0.251563 0.664062 0.015625 0.015625
0 0.271875 0.700000 0.015625 0.015625
0 0.292187 0.664062 0.015625 0.015625
0 0.306250 0.698438 0.015625 0.015625
0 0.329688 0.665625 0.015625 0.015625
0 0.343750 0.698438 0.015625 0.015625
0 0.365625 0.665625 0.015625 0.015625
0 0.384375 0.698438 0.015625 0.015625
0 0.407813 0.668750 0.015625 0.015625
0 0.426563 0.703125 0.015625 0.015625
0 0.439063 0.668750 0.015625 0.015625
0 0.460938 0.700000 0.015625 0.015625
0 0.481250 0.667188 0.015625 0.015625
0 0.500000 0.701562 0.015625 0.015625
0 0.521875 0.670312 0.015625 0.015625
0 0.537500 0.703125 0.015625 0.015625
0 0.557813 0.667188 0.015625 0.015625
0 0.579688 0.707812 0.015625 0.015625
0 0.590625 0.670312 0.015625 0.015625
0 0.614062 0.704688 0.015625 0.015625
0 0.634375 0.673438 0.015625 0.015625
0 0.653125 0.704688 0.015625 0.015625
0 0.234375 0.632812 0.015625 0.015625
0 0.275000 0.631250 0.015625 0.015625
0 0.309375 0.631250 0.015625 0.015625
0 0.350000 0.634375 0.015625 0.015625
0 0.382812 0.634375 0.015625 0.015625
0 0.426563 0.634375 0.015625 0.015625
0 0.465625 0.634375 0.015625 0.015625
0 0.504687 0.635938 0.015625 0.015625
0 0.540625 0.637500 0.015625 0.015625
0 0.579688 0.639062 0.015625 0.015625
0 0.615625 0.639062 0.015625 0.015625
0 0.060937 0.726562 0.015625 0.015625
0 0.096875 0.726562 0.015625 0.015625
0 0.135937 0.728125 0.015625 0.015625
0 0.176563 0.728125 0.015625 0.015625
0 0.214062 0.728125 0.015625 0.015625
0 0.250000 0.729688 0.015625 0.015625
0 0.287500 0.729688 0.015625 0.015625
0 0.326562 0.731250 0.015625 0.015625
0 0.365625 0.731250 0.015625 0.015625
0 0.403125 0.732812 0.015625 0.015625
0 0.440625 0.732812 0.015625 0.015625
0 0.479687 0.732812 0.015625 0.015625
0 0.517188 0.734375 0.015625 0.015625
0 0.557813 0.734375 0.015625 0.015625
0 0.593750 0.735938 0.015625 0.015625
0 0.635938 0.737500 0.015625 0.015625
0 0.660937 0.739062 0.015625 0.015625
0 0.710938 0.770312 0.015625 0.015625
0 0.673438 0.770312 0.015625 0.015625
0 0.645312 0.770312 0.015625 0.015625
0 0.609375 0.768750 0.015625 0.015625
0 0.571875 0.768750 0.015625 0.015625
0 0.537500 0.770312 0.015625 0.015625
0 0.503125 0.767188 0.015625 0.015625
0 0.453125 0.768750 0.015625 0.015625
0 0.384375 0.765625 0.015625 0.015625
0 0.342187 0.765625 0.015625 0.015625
0 0.303125 0.764062 0.015625 0.015625
0 0.270313 0.760938 0.015625 0.015625
0 0.229687 0.762500 0.015625 0.015625
0 0.192188 0.757812 0.015625 0.015625
0 0.146875 0.757812 0.015625 0.015625
0 0.114062 0.759375 0.015625 0.015625
0 0.003125 0.757812 0.015625 0.015625
0 0.042188 0.756250 0.015625 0.015625
0 0.075000 0.757812 0.015625 0.015625
0 0.001563 0.890625 0.015625 0.015625
0 0.028125 0.853125 0.015625 0.015625
0 0.046875 0.893750 0.015625 0.015625
0 0.064062 0.854688 0.015625 0.015625
0 0.073438 0.893750 0.015625 0.015625
0 0.093750 0.859375 0.015625 0.015625
0 0.115625 0.892188 0.015625 0.015625
0 0.156250 0.895312 0.015625 0.015625
0 0.193750 0.892188 0.015625 0.015625
0 0.229687 0.892188 0.015625 0.015625
0 0.270313 0.893750 0.015625 0.015625
0 0.306250 0.895312 0.015625 0.015625
0 0.350000 0.896875 0.015625 0.015625
0 0.384375 0.898438 0.015625 0.015625
0 0.421875 0.900000 0.015625 0.015625
0 0.456250 0.898438 0.015625 0.015625
0 0.495312 0.900000 0.015625 0.015625
0 0.532813 0.900000 0.015625 0.015625
0 0.570312 0.900000 0.015625 0.015625
0 0.610938 0.901563 0.015625 0.015625
0 0.096875 0.925000 0.015625 0.015625
0 0.129688 0.925000 0.015625 0.015625
0 0.168750 0.925000 0.015625 0.015625
0 0.212500 0.926562 0.015625 0.015625
0 0.245312 0.928125 0.015625 0.015625
0 0.275000 0.929688 0.015625 0.015625
0 0.312500 0.929688 0.015625 0.015625
0 0.343750 0.931250 0.015625 0.015625
0 0.375000 0.931250 0.015625 0.015625
0 0.406250 0.931250 0.015625 0.015625
0 0.434375 0.932813 0.015625 0.015625
0 0.481250 0.932813 0.015625 0.015625
0 0.509375 0.932813 0.015625 0.015625
0 0.550000 0.934375 0.015625 0.015625
0 0.593750 0.935937 0.015625 0.015625
0 0.062500 0.795312 0.015625 0.015625
0 0.048438 0.823438 0.015625 0.015625
0 0.012500 0.821875 0.015625 0.015625
0 0.015625 0.795312 0.015625 0.015625
0 0.101562 0.796875 0.015625 0.015625
0 0.078125 0.823438 0.015625 0.015625
0 0.117188 0.825000 0.015625 0.015625
0 0.135937 0.798438 0.015625 0.015625
0 0.156250 0.825000 0.015625 0.015625
0 0.175000 0.800000 0.015625 0.015625
0 0.193750 0.823438 0.015625 0.015625
0 0.229687 0.828125 0.015625 0.015625
0 0.256250 0.798438 0.015625 0.015625
0 0.267188 0.825000 0.015625 0.015625
0 0.290625 0.803125 0.015625 0.015625
0 0.295312 0.832812 0.015625 0.015625
0 0.331250 0.803125 0.015625 0.015625
0 0.346875 0.826562 0.015625 0.015625
0 0.368750 0.806250 0.015625 0.015625
0 0.382812 0.828125 0.015625 0.015625
0 0.410938 0.804688 0.015625 0.015625
0 0.423438 0.828125 0.015625 0.015625
0 0.442188 0.804688 0.015625 0.015625
0 0.460938 0.834375 0.015625 0.015625
0 0.481250 0.803125 0.015625 0.015625
0 0.500000 0.831250 0.015625 0.015625
0 0.517188 0.806250 0.015625 0.015625
0 0.134375 0.856250 0.015625 0.015625
0 0.175000 0.859375 0.015625 0.015625
0 0.210938 0.857812 0.015625 0.015625
0 0.248438 0.859375 0.015625 0.015625
0 0.290625 0.860938 0.015625 0.015625
0 0.326562 0.862500 0.015625 0.015625
0 0.364063 0.862500 0.015625 0.015625
0 0.403125 0.862500 0.015625 0.015625
0 0.439063 0.867188 0.015625 0.015625
0 0.476562 0.862500 0.015625 0.015625
0 0.518750 0.865625 0.015625 0.015625
0 0.554688 0.867188 0.015625 0.015625
0 0.589063 0.867188 0.015625 0.015625
0 0.535937 0.835938 0.015625 0.015625
0 0.573438 0.837500 0.015625 0.015625
0 0.617188 0.839063 0.015625 0.015625
0 0.557813 0.806250 0.015625 0.015625
0 0.601562 0.807813 0.015625 0.015625
0 0.637500 0.807813 0.015625 0.015625
0 0.656250 0.835938 0.015625 0.015625
0 0.673438 0.807813 0.015625 0.015625
0 0.690625 0.834375 0.015625 0.015625
0 0.710938 0.809375 0.015625 0.015625
0 0.723437 0.840625 0.015625 0.015625
0 0.632812 0.867188 0.015625 0.015625
0 0.670312 0.870313 0.015625 0.015625
0 0.706250 0.870313 0.015625 0.015625
0 0.746875 0.870313 0.015625 0.015625
0 0.648438 0.901563 0.015625 0.015625
0 0.687500 0.901563 0.015625 0.015625
0 0.725000 0.903125 0.015625 0.015625
0 0.760938 0.903125 0.015625 0.015625
0 0.779687 0.937500 0.015625 0.015625
0 0.740625 0.939063 0.015625 0.015625
0 0.704688 0.937500 0.015625 0.015625
0 0.664062 0.935937 0.015625 0.015625
0 0.625000 0.935937 0.015625 0.015625
0 0.148438 0.959375 0.015625 0.015625
0 0.189062 0.959375 0.015625 0.015625
0 0.229687 0.959375 0.015625 0.015625
0 0.268750 0.960938 0.015625 0.015625
0 0.304688 0.960938 0.015625 0.015625
0 0.337500 0.962500 0.015625 0.015625
0 0.379688 0.964063 0.015625 0.015625
0 0.417187 0.964063 0.015625 0.015625
0 0.459375 0.965625 0.015625 0.015625
0 0.496875 0.967187 0.015625 0.015625
0 0.534375 0.967187 0.015625 0.015625
0 0.573438 0.968750 0.015625 0.015625
0 0.610938 0.968750 0.015625 0.015625
0 0.646875 0.968750 0.015625 0.015625
0 0.687500 0.968750 0.015625 0.015625
0 0.725000 0.970313 0.015625 0.015625
0 0.760938 0.971875 0.015625 0.015625
0 0.798438 0.971875 0.015625 0.015625
0 0.512500 0.996875 0.015625 0.015625
0 0.476562 0.996875 0.015625 0.015625
0 0.440625 0.995313 0.015625 0.015625
0 0.400000 0.995313 0.015625 0.015625
0 0.360938 0.995313 0.015625 0.015625
0 0.320312 0.993750 0.015625 0.015625
0 0.282813 0.992188 0.015625 0.015625
0 0.245312 0.992188 0.015625 0.015625
0 0.217188 0.992188 0.015625 0.015625
0 0.175000 0.996875 0.015625 0.015625
