0 0.425000 0.034375 0.015625 0.015625
0 0.346875 0.034375 0.015625 0.015625
0 0.265625 0.035937 0.015625 0.015625
0 0.501563 0.037500 0.015625 0.015625
0 0.793750 0.046875 0.015625 0.015625
0 0.721875 0.046875 0.015625 0.015625
0 0.876563 0.048438 0.015625 0.015625
0 0.957812 0.048438 0.015625 0.015625
0 0.082812 0.095312 0.015625 0.015625
0 0.231250 0.098437 0.015625 0.015625
0 0.009375 0.098437 0.015625 0.015625
0 0.387500 0.098437 0.015625 0.015625
0 0.157812 0.098437 0.015625 0.015625
0 0.457813 0.104688 0.015625 0.015625
0 0.534375 0.104688 0.015625 0.015625
0 0.612500 0.104688 0.015625 0.015625
0 0.682813 0.109375 0.015625 0.015625
0 0.759375 0.110937 0.015625 0.015625
0 0.839063 0.112500 0.015625 0.015625
0 0.914062 0.114062 0.015625 0.015625
0 0.985938 0.117188 0.015625 0.015625
0 0.112500 0.159375 0.015625 0.015625
0 0.192188 0.160938 0.015625 0.015625
0 0.267188 0.160938 0.015625 0.015625
0 0.042188 0.160938 0.015625 0.015625
0 0.345313 0.167187 0.015625 0.015625
0 0.643750 0.171875 0.015625 0.015625
0 0.568750 0.171875 0.015625 0.015625
0 0.715625 0.173437 0.015625 0.015625
0 0.793750 0.175000 0.015625 0.015625
0 0.867188 0.178125 0.015625 0.015625
0 0.004687 0.223438 0.015625 0.015625
0 0.309375 0.232813 0.015625 0.015625
0 0.384375 0.232813 0.015625 0.015625
0 0.457813 0.235937 0.015625 0.015625
0 0.682813 0.237500 0.015625 0.015625
0 0.537500 0.237500 0.015625 0.015625
0 0.606250 0.239063 0.015625 0.015625
0 0.907813 0.243750 0.015625 0.015625
0 0.831250 0.243750 0.015625 0.015625
0 0.984375 0.245312 0.015625 0.015625
0 0.039062 0.290625 0.015625 0.015625
0 0.120313 0.295312 0.015625 0.015625
0 0.579688 0.300000 0.015625 0.015625
0 0.418750 0.300000 0.015625 0.015625
0 0.350000 0.301563 0.015625 0.015625
0 0.264062 0.303125 0.015625 0.015625
0 0.942187 0.304688 0.015625 0.015625
0 0.720313 0.304688 0.015625 0.015625
0 0.790625 0.307812 0.015625 0.015625
0 0.867188 0.307812 0.015625 0.015625
0 0.079687 0.356250 0.015625 0.015625
0 0.001563 0.357812 0.015625 0.015625
0 0.156250 0.362500 0.015625 0.015625
0 0.229687 0.365625 0.015625 0.015625
0 0.381250 0.368750 0.015625 0.015625
0 0.456250 0.368750 0.015625 0.015625
0 0.754687 0.370312 0.015625 0.015625
0 0.610938 0.370312 0.015625 0.015625
0 0.532813 0.371875 0.015625 0.015625
0 0.984375 0.375000 0.015625 0.015625
0 0.907813 0.375000 0.015625 0.015625
0 0.681250 0.375000 0.015625 0.015625
0 0.831250 0.375000 0.015625 0.015625
0 0.789062 0.434375 0.015625 0.015625
0 0.485938 0.434375 0.015625 0.015625
0 0.562500 0.439063 0.015625 0.015625
0 0.943750 0.440625 0.015625 0.015625
0 0.229687 0.485938 0.015625 0.015625
0 0.829688 0.501563 0.015625 0.015625
0 0.985938 0.507812 0.015625 0.015625
0 0.114062 0.545312 0.015625 0.015625
0 0.612500 0.546875 0.015625 0.015625
0 0.029687 0.550000 0.015625 0.015625
0 0.260937 0.553125 0.015625 0.015625
0 0.182812 0.556250 0.015625 0.015625
0 0.335938 0.557813 0.015625 0.015625
0 0.707812 0.560937 0.015625 0.015625
0 0.067187 0.620313 0.015625 0.015625
0 0.142187 0.621875 0.015625 0.015625
0 0.217188 0.623437 0.015625 0.015625
0 0.373437 0.623437 0.015625 0.015625
0 0.292187 0.625000 0.015625 0.015625
0 0.517188 0.632812 0.015625 0.015625
0 0.829688 0.635938 0.015625 0.015625
0 0.979688 0.637500 0.015625 0.015625
0 0.904687 0.637500 0.015625 0.015625
0 0.179688 0.690625 0.015625 0.015625
0 0.254688 0.692187 0.015625 0.015625
0 0.404687 0.693750 0.015625 0.015625
0 0.332813 0.693750 0.015625 0.015625
0 0.626563 0.696875 0.015625 0.015625
0 0.709375 0.698438 0.015625 0.015625
0 0.864062 0.701562 0.015625 0.015625
0 0.785937 0.703125 0.015625 0.015625
0 0.484375 0.704688 0.015625 0.015625
0 0.937500 0.706250 0.015625 0.015625
0 0.668750 0.754687 0.015625 0.015625
0 0.132812 0.757812 0.015625 0.015625
0 0.362500 0.757812 0.015625 0.015625
0 0.437500 0.759375 0.015625 0.015625
0 0.589063 0.759375 0.015625 0.015625
0 0.745313 0.764062 0.015625 0.015625
0 0.828125 0.768750 0.015625 0.015625
0 0.975000 0.775000 0.015625 0.015625
0 0.015625 0.807813 0.015625 0.015625
0 0.395313 0.817187 0.015625 0.015625
0 0.171875 0.820312 0.015625 0.015625
0 0.325000 0.820312 0.015625 0.015625
0 0.098437 0.821875 0.015625 0.015625
0 0.250000 0.823438 0.015625 0.015625
0 0.784375 0.829688 0.015625 0.015625
0 0.554688 0.829688 0.015625 0.015625
0 0.704688 0.831250 0.015625 0.015625
0 0.934375 0.837500 0.015625 0.015625
0 0.132812 0.892188 0.015625 0.015625
0 0.428125 0.893750 0.015625 0.015625
0 0.290625 0.893750 0.015625 0.015625
0 0.209375 0.895312 0.015625 0.015625
0 0.529687 0.895312 0.015625 0.015625
0 0.735938 0.898438 0.015625 0.015625
0 0.703125 0.959375 0.015625 0.015625
0 0.781250 0.960938 0.015625 0.015625
0 0.854688 0.960938 0.015625 0.015625
0 0.934375 0.965625 0.015625 0.015625
0 0.040625 0.426563 0.015625 0.015625
0 0.120313 0.423438 0.015625 0.015625
0 0.193750 0.425000 0.015625 0.015625
0 0.150000 0.490625 0.015625 0.015625
0 0.079687 0.490625 0.015625 0.015625
0 0.026562 0.682813 0.015625 0.015625
0 0.100000 0.687500 0.015625 0.015625
0 0.393750 0.498437 0.015625 0.015625
0 0.460938 0.496875 0.015625 0.015625
0 0.501563 0.493750 0.015625 0.015625
0 0.535937 0.500000 0.015625 0.015625
0 0.614062 0.500000 0.015625 0.015625
0 0.668750 0.495312 0.015625 0.015625
0 0.648438 0.443750 0.015625 0.015625
0 0.717187 0.437500 0.015625 0.015625
0 0.754687 0.504687 0.015625 0.015625
0 0.796875 0.578125 0.015625 0.015625
0 0.864062 0.576562 0.015625 0.015625
0 0.748437 0.637500 0.015625 0.015625
0 0.671875 0.637500 0.015625 0.015625
0 0.870313 0.439063 0.015625 0.015625
0 0.907813 0.503125 0.015625 0.015625
0 0.942187 0.573438 0.015625 0.015625
0 0.057813 0.028125 0.015625 0.015625
0 0.125000 0.028125 0.015625 0.015625
0 0.195312 0.037500 0.015625 0.015625
0 0.943750 0.179688 0.015625 0.015625
