0 0.623437 0.026562 0.015625 0.015625
0 0.782813 0.035937 0.015625 0.015625
0 0.268750 0.046875 0.015625 0.015625
0 0.879687 0.060937 0.015625 0.015625
0 0.143750 0.065625 0.015625 0.015625
0 0.434375 0.087500 0.015625 0.015625
0 0.732812 0.092188 0.015625 0.015625
0 0.804688 0.092188 0.015625 0.015625
0 0.235937 0.112500 0.015625 0.015625
0 0.539062 0.114062 0.015625 0.015625
0 0.312500 0.118750 0.015625 0.015625
0 0.996875 0.129688 0.015625 0.015625
0 0.923438 0.129688 0.015625 0.015625
0 0.764062 0.134375 0.015625 0.015625
0 0.837500 0.135937 0.015625 0.015625
0 0.668750 0.139063 0.015625 0.015625
0 0.637500 0.182812 0.015625 0.015625
0 0.190625 0.185938 0.015625 0.015625
0 0.503125 0.190625 0.015625 0.015625
0 0.804688 0.204687 0.015625 0.015625
0 0.879687 0.206250 0.015625 0.015625
0 0.732812 0.206250 0.015625 0.015625
0 0.985938 0.218750 0.015625 0.015625
0 0.301563 0.220312 0.015625 0.015625
0 0.539062 0.220312 0.015625 0.015625
0 0.439063 0.221875 0.015625 0.015625
0 0.590625 0.221875 0.015625 0.015625
0 0.657813 0.223438 0.015625 0.015625
0 0.701562 0.232813 0.015625 0.015625
0 0.006250 0.243750 0.015625 0.015625
0 0.079687 0.245312 0.015625 0.015625
0 0.154688 0.246875 0.015625 0.015625
0 0.229687 0.246875 0.015625 0.015625
0 0.462500 0.259375 0.015625 0.015625
0 0.612500 0.262500 0.015625 0.015625
0 0.770312 0.267188 0.015625 0.015625
0 0.542188 0.268750 0.015625 0.015625
0 0.910937 0.268750 0.015625 0.015625
0 0.834375 0.271875 0.015625 0.015625
0 0.704688 0.287500 0.015625 0.015625
0 0.187500 0.301563 0.015625 0.015625
0 0.264062 0.306250 0.015625 0.015625
0 0.112500 0.312500 0.015625 0.015625
0 0.573438 0.318750 0.015625 0.015625
0 0.035937 0.320312 0.015625 0.015625
0 0.640625 0.320312 0.015625 0.015625
0 0.506250 0.342187 0.015625 0.015625
0 0.593750 0.357812 0.015625 0.015625
0 0.876563 0.357812 0.015625 0.015625
0 0.939063 0.359375 0.015625 0.015625
0 0.653125 0.359375 0.015625 0.015625
0 0.314063 0.362500 0.015625 0.015625
0 0.234375 0.368750 0.015625 0.015625
0 0.003125 0.375000 0.015625 0.015625
0 0.156250 0.376563 0.015625 0.015625
0 0.079687 0.378125 0.015625 0.015625
0 0.535937 0.385937 0.015625 0.015625
0 0.762500 0.392188 0.015625 0.015625
0 0.682813 0.395313 0.015625 0.015625
0 0.614062 0.398438 0.015625 0.015625
0 0.475000 0.401562 0.015625 0.015625
0 0.909375 0.406250 0.015625 0.015625
0 0.640625 0.445312 0.015625 0.015625
0 0.576562 0.446875 0.015625 0.015625
0 0.043750 0.446875 0.015625 0.015625
0 0.125000 0.450000 0.015625 0.015625
0 0.501563 0.450000 0.015625 0.015625
0 0.192188 0.453125 0.015625 0.015625
0 0.728125 0.456250 0.015625 0.015625
0 0.796875 0.457813 0.015625 0.015625
0 0.860938 0.465625 0.015625 0.015625
0 0.609375 0.485938 0.015625 0.015625
0 0.682813 0.487500 0.015625 0.015625
0 0.982812 0.500000 0.015625 0.015625
0 0.232813 0.509375 0.015625 0.015625
0 0.535937 0.514062 0.015625 0.015625
0 0.764062 0.515625 0.015625 0.015625
0 0.460938 0.515625 0.015625 0.015625
0 0.834375 0.517188 0.015625 0.015625
0 0.709375 0.520312 0.015625 0.015625
0 0.190625 0.575000 0.015625 0.015625
0 0.659375 0.579688 0.015625 0.015625
0 0.489063 0.582812 0.015625 0.015625
0 0.792188 0.587500 0.015625 0.015625
0 0.585938 0.592187 0.015625 0.015625
0 0.326562 0.607812 0.015625 0.015625
0 0.256250 0.614062 0.015625 0.015625
0 0.706250 0.625000 0.015625 0.015625
0 0.079687 0.639062 0.015625 0.015625
0 0.153125 0.640625 0.015625 0.015625
0 0.004687 0.643750 0.015625 0.015625
0 0.534375 0.643750 0.015625 0.015625
0 0.604688 0.645312 0.015625 0.015625
0 0.456250 0.646875 0.015625 0.015625
0 0.978125 0.659375 0.015625 0.015625
0 0.762500 0.667188 0.015625 0.015625
0 0.275000 0.682813 0.015625 0.015625
0 0.189062 0.701562 0.015625 0.015625
0 0.109375 0.709375 0.015625 0.015625
0 0.643750 0.710938 0.015625 0.015625
0 0.571875 0.712500 0.015625 0.015625
0 0.714063 0.715625 0.015625 0.015625
0 0.042188 0.723437 0.015625 0.015625
0 0.878125 0.725000 0.015625 0.015625
0 0.962500 0.734375 0.015625 0.015625
0 0.767188 0.750000 0.015625 0.015625
0 0.673438 0.757812 0.015625 0.015625
0 0.612500 0.759375 0.015625 0.015625
0 0.725000 0.773438 0.015625 0.015625
0 0.981250 0.784375 0.015625 0.015625
0 0.828125 0.785937 0.015625 0.015625
0 0.531250 0.785937 0.015625 0.015625
0 0.903125 0.785937 0.015625 0.015625
0 0.218750 0.790625 0.015625 0.015625
0 0.079687 0.803125 0.015625 0.015625
0 0.010937 0.807813 0.015625 0.015625
0 0.184375 0.837500 0.015625 0.015625
0 0.782813 0.837500 0.015625 0.015625
0 0.715625 0.840625 0.015625 0.015625
0 0.859375 0.842187 0.015625 0.015625
0 0.484375 0.843750 0.015625 0.015625
0 0.106250 0.865625 0.015625 0.015625
0 0.039062 0.868750 0.015625 0.015625
0 0.290625 0.870313 0.015625 0.015625
0 0.935937 0.870313 0.015625 0.015625
0 0.843750 0.882812 0.015625 0.015625
0 0.685937 0.885938 0.015625 0.015625
0 0.751563 0.901563 0.015625 0.015625
0 0.379688 0.903125 0.015625 0.015625
0 0.218750 0.904687 0.015625 0.015625
0 0.065625 0.904687 0.015625 0.015625
0 0.140625 0.907813 0.015625 0.015625
0 0.659375 0.929688 0.015625 0.015625
0 0.612500 0.931250 0.015625 0.015625
0 0.892188 0.932813 0.015625 0.015625
0 0.793750 0.939063 0.015625 0.015625
0 0.837500 0.939063 0.015625 0.015625
0 0.982812 0.942187 0.015625 0.015625
0 0.110937 0.967187 0.015625 0.015625
0 0.256250 0.970313 0.015625 0.015625
0 0.179688 0.970313 0.015625 0.015625
0 0.409375 0.971875 0.015625 0.015625
0 0.485938 0.971875 0.015625 0.015625
0 0.018750 0.973437 0.015625 0.015625
0 0.587500 0.984375 0.015625 0.015625
0 0.826562 0.989062 0.015625 0.015625
0 0.935937 0.989062 0.015625 0.015625
0 0.882812 0.990625 0.015625 0.015625
0 0.704688 0.990625 0.015625 0.015625
