0 0.109375 0.029687 0.015625 0.015625
0 0.181250 0.032813 0.015625 0.015625
0 0.256250 0.032813 0.015625 0.015625
0 0.321875 0.032813 0.015625 0.015625
0 0.412500 0.035937 0.015625 0.015625
0 0.548438 0.045312 0.015625 0.015625
0 0.692187 0.048438 0.015625 0.015625
0 0.057813 0.100000 0.015625 0.015625
0 0.115625 0.100000 0.015625 0.015625
0 0.212500 0.103125 0.015625 0.015625
0 0.281250 0.103125 0.015625 0.015625
0 0.370312 0.104688 0.015625 0.015625
0 0.432812 0.104688 0.015625 0.015625
0 0.504687 0.104688 0.015625 0.015625
0 0.582812 0.115625 0.015625 0.015625
0 0.664062 0.117188 0.015625 0.015625
0 0.731250 0.117188 0.015625 0.015625
0 0.007812 0.159375 0.015625 0.015625
0 0.095312 0.160938 0.015625 0.015625
0 0.165625 0.160938 0.015625 0.015625
0 0.243750 0.160938 0.015625 0.015625
0 0.381250 0.168750 0.015625 0.015625
0 0.476562 0.173437 0.015625 0.015625
0 0.551562 0.173437 0.015625 0.015625
0 0.629687 0.173437 0.015625 0.015625
0 0.695312 0.176563 0.015625 0.015625
0 0.771875 0.176563 0.015625 0.015625
0 0.845313 0.181250 0.015625 0.015625
0 0.928125 0.181250 0.015625 0.015625
0 0.995313 0.181250 0.015625 0.015625
0 0.139063 0.228125 0.015625 0.015625
0 0.275000 0.235937 0.015625 0.015625
0 0.362500 0.235937 0.015625 0.015625
0 0.509375 0.235937 0.015625 0.015625
0 0.592187 0.242188 0.015625 0.015625
0 0.653125 0.246875 0.015625 0.015625
0 0.746875 0.246875 0.015625 0.015625
0 0.814063 0.248438 0.015625 0.015625
0 0.887500 0.248438 0.015625 0.015625
0 0.973437 0.250000 0.015625 0.015625
0 0.012500 0.295312 0.015625 0.015625
0 0.090625 0.295312 0.015625 0.015625
0 0.142187 0.295312 0.015625 0.015625
0 0.234375 0.296875 0.015625 0.015625
0 0.406250 0.303125 0.015625 0.015625
0 0.537500 0.301563 0.015625 0.015625
0 0.620313 0.306250 0.015625 0.015625
0 0.853125 0.307812 0.015625 0.015625
0 0.926562 0.312500 0.015625 0.015625
0 0.728125 0.373437 0.015625 0.015625
0 0.814063 0.376563 0.015625 0.015625
0 0.887500 0.376563 0.015625 0.015625
0 0.951562 0.376563 0.015625 0.015625
0 0.032813 0.487500 0.015625 0.015625
0 0.112500 0.492188 0.015625 0.015625
0 0.201563 0.492188 0.015625 0.015625
0 0.273438 0.492188 0.015625 0.015625
0 0.346875 0.495312 0.015625 0.015625
0 0.651563 0.501563 0.015625 0.015625
0 0.725000 0.503125 0.015625 0.015625
0 0.885938 0.506250 0.015625 0.015625
0 0.010937 0.551562 0.015625 0.015625
0 0.090625 0.551562 0.015625 0.015625
0 0.154688 0.554688 0.015625 0.015625
0 0.234375 0.554688 0.015625 0.015625
0 0.301563 0.560937 0.015625 0.015625
0 0.393750 0.562500 0.015625 0.015625
0 0.446875 0.562500 0.015625 0.015625
0 0.775000 0.578125 0.015625 0.015625
0 0.918750 0.571875 0.015625 0.015625
0 0.989062 0.571875 0.015625 0.015625
0 0.948438 0.645312 0.015625 0.015625
0 0.875000 0.639062 0.015625 0.015625
0 0.779687 0.645312 0.015625 0.015625
0 0.718750 0.645312 0.015625 0.015625
0 0.645312 0.639062 0.015625 0.015625
0 0.567187 0.639062 0.015625 0.015625
0 0.498437 0.628125 0.015625 0.015625
0 0.417187 0.626563 0.015625 0.015625
0 0.339062 0.621875 0.015625 0.015625
0 0.256250 0.623437 0.015625 0.015625
0 0.170313 0.628125 0.015625 0.015625
0 0.101562 0.628125 0.015625 0.015625
0 0.032813 0.621875 0.015625 0.015625
0 0.035937 0.748437 0.015625 0.015625
0 0.110937 0.746875 0.015625 0.015625
0 0.181250 0.751563 0.015625 0.015625
0 0.259375 0.753125 0.015625 0.015625
0 0.090625 0.682813 0.015625 0.015625
0 0.142187 0.682813 0.015625 0.015625
0 0.345313 0.757812 0.015625 0.015625
0 0.421875 0.757812 0.015625 0.015625
0 0.501563 0.765625 0.015625 0.015625
0 0.376563 0.689063 0.015625 0.015625
0 0.448437 0.690625 0.015625 0.015625
0 0.521875 0.696875 0.015625 0.015625
0 0.570312 0.767188 0.015625 0.015625
0 0.640625 0.775000 0.015625 0.015625
0 0.714063 0.770312 0.015625 0.015625
0 0.784375 0.771875 0.015625 0.015625
0 0.873437 0.767188 0.015625 0.015625
0 0.182812 0.881250 0.015625 0.015625
0 0.270313 0.887500 0.015625 0.015625
0 0.335938 0.887500 0.015625 0.015625
0 0.407813 0.887500 0.015625 0.015625
0 0.371875 0.821875 0.015625 0.015625
0 0.450000 0.825000 0.015625 0.015625
0 0.535937 0.826562 0.015625 0.015625
0 0.612500 0.829688 0.015625 0.015625
0 0.681250 0.831250 0.015625 0.015625
0 0.760938 0.831250 0.015625 0.015625
0 0.840625 0.832812 0.015625 0.015625
0 0.904687 0.835938 0.015625 0.015625
0 0.860938 0.898438 0.015625 0.015625
0 0.503125 0.895312 0.015625 0.015625
0 0.568750 0.893750 0.015625 0.015625
0 0.640625 0.895312 0.015625 0.015625
0 0.715625 0.898438 0.015625 0.015625
0 0.982812 0.845313 0.015625 0.015625
0 0.921875 0.912500 0.015625 0.015625
0 0.070312 0.820312 0.015625 0.015625
0 0.153125 0.821875 0.015625 0.015625
0 0.228125 0.823438 0.015625 0.015625
0 0.032813 0.357812 0.015625 0.015625
0 0.267188 0.360938 0.015625 0.015625
0 0.360938 0.365625 0.015625 0.015625
0 0.420312 0.368750 0.015625 0.015625
0 0.500000 0.370312 0.015625 0.015625
0 0.573438 0.368750 0.015625 0.015625
0 0.379688 0.429688 0.015625 0.015625
0 0.454688 0.437500 0.015625 0.015625
0 0.535937 0.437500 0.015625 0.015625
0 0.609375 0.437500 0.015625 0.015625
0 0.676562 0.437500 0.015625 0.015625
0 0.001563 0.418750 0.015625 0.015625
0 0.081250 0.420312 0.015625 0.015625
0 0.153125 0.420312 0.015625 0.015625
0 0.110937 0.881250 0.015625 0.015625
0 0.032813 0.878125 0.015625 0.015625
0 0.068750 0.946875 0.015625 0.015625
0 0.151562 0.950000 0.015625 0.015625
0 0.223438 0.948438 0.015625 0.015625
0 0.290625 0.948438 0.015625 0.015625
0 0.368750 0.953125 0.015625 0.015625
0 0.451562 0.953125 0.015625 0.015625
0 0.532813 0.956250 0.015625 0.015625
0 0.614062 0.959375 0.015625 0.015625
0 0.687500 0.960938 0.015625 0.015625
0 0.751563 0.960938 0.015625 0.015625
0 0.823438 0.967187 0.015625 0.015625
0 0.892188 0.970313 0.015625 0.015625
0 0.978125 0.971875 0.015625 0.015625
0 0.025000 0.028125 0.015625 0.015625
0 0.303125 0.425000 0.015625 0.015625
0 0.307812 0.298438 0.015625 0.015625
0 0.601562 0.568750 0.015625 0.015625
0 0.525000 0.557813 0.015625 0.015625
0 0.495312 0.493750 0.015625 0.015625
0 0.418750 0.495312 0.015625 0.015625
0 0.609375 0.704688 0.015625 0.015625
0 0.695312 0.704688 0.015625 0.015625
0 0.771875 0.704688 0.015625 0.015625
0 0.851562 0.707812 0.015625 0.015625
0 0.906250 0.706250 0.015625 0.015625
0 0.231250 0.698438 0.015625 0.015625
0 0.303125 0.687500 0.015625 0.015625
0 0.995313 0.448437 0.015625 0.015625
0 0.185938 0.360938 0.015625 0.015625
0 0.134375 0.356250 0.015625 0.015625
0 0.060937 0.228125 0.015625 0.015625
0 0.842187 0.440625 0.015625 0.015625
0 0.754687 0.439063 0.015625 0.015625
0 0.692187 0.300000 0.015625 0.015625
0 0.773438 0.309375 0.015625 0.015625
0 0.656250 0.370312 0.015625 0.015625
0 0.917188 0.437500 0.015625 0.015625
0 0.960938 0.120313 0.015625 0.015625
0 0.470313 0.043750 0.015625 0.015625
0 0.806250 0.109375 0.015625 0.015625
0 0.851562 0.043750 0.015625 0.015625
0 0.614062 0.045312 0.015625 0.015625
0 0.471875 0.307812 0.015625 0.015625
0 0.510938 0.332813 0.015625 0.015625
0 0.690625 0.567187 0.015625 0.015625
0 0.918750 0.051562 0.015625 0.015625
0 0.231250 0.426563 0.015625 0.015625
