0 0.340625 0.095312 0.015625 0.015625
0 0.415625 0.100000 0.015625 0.015625
0 0.032813 0.226562 0.015625 0.015625
0 0.189062 0.095312 0.015625 0.015625
0 0.715625 0.239063 0.015625 0.015625
0 0.264062 0.231250 0.015625 0.015625
0 0.110937 0.226562 0.015625 0.015625
0 0.039062 0.093750 0.015625 0.015625
0 0.492188 0.101562 0.015625 0.015625
0 0.565625 0.239063 0.015625 0.015625
0 0.607812 0.043750 0.015625 0.015625
0 0.685937 0.046875 0.015625 0.015625
0 0.112500 0.093750 0.015625 0.015625
0 0.567187 0.103125 0.015625 0.015625
0 0.681250 0.304688 0.015625 0.015625
0 0.265625 0.093750 0.015625 0.015625
0 0.643750 0.110937 0.015625 0.015625
0 0.070312 0.295312 0.015625 0.015625
0 0.334375 0.234375 0.015625 0.015625
0 0.682813 0.168750 0.015625 0.015625
0 0.146875 0.034375 0.015625 0.015625
0 0.490625 0.235937 0.015625 0.015625
0 0.606250 0.170313 0.015625 0.015625
0 0.532813 0.170313 0.015625 0.015625
0 0.834375 0.046875 0.015625 0.015625
0 0.793750 0.242188 0.015625 0.015625
0 0.759375 0.045312 0.015625 0.015625
0 0.909375 0.045312 0.015625 0.015625
0 0.757812 0.175000 0.015625 0.015625
0 0.987500 0.046875 0.015625 0.015625
0 0.868750 0.242188 0.015625 0.015625
0 0.834375 0.175000 0.015625 0.015625
0 0.182812 0.234375 0.015625 0.015625
0 0.640625 0.235937 0.015625 0.015625
0 0.414062 0.235937 0.015625 0.015625
0 0.150000 0.167187 0.015625 0.015625
0 0.145313 0.298438 0.015625 0.015625
0 0.292187 0.298438 0.015625 0.015625
0 0.223438 0.168750 0.015625 0.015625
0 0.075000 0.165625 0.015625 0.015625
0 0.451562 0.170313 0.015625 0.015625
0 0.603125 0.307812 0.015625 0.015625
0 0.210938 0.304688 0.015625 0.015625
0 0.375000 0.170313 0.015625 0.015625
0 0.301563 0.167187 0.015625 0.015625
0 0.526563 0.306250 0.015625 0.015625
0 0.368750 0.306250 0.015625 0.015625
0 0.450000 0.307812 0.015625 0.015625
0 0.715625 0.368750 0.015625 0.015625
0 0.637500 0.370312 0.015625 0.015625
0 0.754687 0.304688 0.015625 0.015625
0 0.906250 0.309375 0.015625 0.015625
0 0.943750 0.370312 0.015625 0.015625
0 0.829688 0.306250 0.015625 0.015625
0 0.978125 0.310937 0.015625 0.015625
0 0.943750 0.239063 0.015625 0.015625
0 0.868750 0.365625 0.015625 0.015625
0 0.006250 0.025000 0.015625 0.015625
0 0.079687 0.032813 0.015625 0.015625
0 0.237500 0.031250 0.015625 0.015625
0 0.317188 0.031250 0.015625 0.015625
0 0.384375 0.032813 0.015625 0.015625
0 0.448437 0.035937 0.015625 0.015625
0 0.523438 0.035937 0.015625 0.015625
0 0.723437 0.107813 0.015625 0.015625
0 0.796875 0.107813 0.015625 0.015625
0 0.864062 0.109375 0.015625 0.015625
0 0.945312 0.112500 0.015625 0.015625
0 0.909375 0.178125 0.015625 0.015625
0 0.979688 0.179688 0.015625 0.015625
0 0.032813 0.356250 0.015625 0.015625
0 0.103125 0.360938 0.015625 0.015625
0 0.189062 0.365625 0.015625 0.015625
0 0.259375 0.365625 0.015625 0.015625
0 0.343750 0.367188 0.015625 0.015625
0 0.418750 0.367188 0.015625 0.015625
0 0.476562 0.371875 0.015625 0.015625
0 0.568750 0.371875 0.015625 0.015625
0 0.785937 0.378125 0.015625 0.015625
