0 0.015625 0.007812 0.015625 0.015625
0 0.237500 0.012500 0.015625 0.015625
0 0.317188 0.014063 0.015625 0.015625
0 0.168750 0.014063 0.015625 0.015625
0 0.767188 0.023438 0.015625 0.015625
0 0.996875 0.026562 0.015625 0.015625
0 0.842187 0.028125 0.015625 0.015625
0 0.920312 0.031250 0.015625 0.015625
0 0.043750 0.078125 0.015625 0.015625
0 0.278125 0.079687 0.015625 0.015625
0 0.435937 0.082812 0.015625 0.015625
0 0.120313 0.082812 0.015625 0.015625
0 0.960938 0.082812 0.015625 0.015625
0 0.351562 0.082812 0.015625 0.015625
0 0.579688 0.084375 0.015625 0.015625
0 0.195312 0.084375 0.015625 0.015625
0 0.503125 0.085938 0.015625 0.015625
0 0.876563 0.090625 0.015625 0.015625
0 0.000000 0.139063 0.015625 0.015625
0 0.235937 0.140625 0.015625 0.015625
0 0.312500 0.142187 0.015625 0.015625
0 0.085938 0.143750 0.015625 0.015625
0 0.464062 0.146875 0.015625 0.015625
0 0.387500 0.148438 0.015625 0.015625
0 0.543750 0.148438 0.015625 0.015625
0 0.617188 0.148438 0.015625 0.015625
0 0.842187 0.156250 0.015625 0.015625
0 0.996875 0.157812 0.015625 0.015625
0 0.925000 0.159375 0.015625 0.015625
0 0.040625 0.201563 0.015625 0.015625
0 0.117188 0.206250 0.015625 0.015625
0 0.345313 0.206250 0.015625 0.015625
0 0.192188 0.209375 0.015625 0.015625
0 0.268750 0.210938 0.015625 0.015625
0 0.653125 0.210938 0.015625 0.015625
0 0.423438 0.210938 0.015625 0.015625
0 0.498437 0.212500 0.015625 0.015625
0 0.576562 0.214062 0.015625 0.015625
0 0.800000 0.223438 0.015625 0.015625
0 0.878125 0.226562 0.015625 0.015625
0 0.957812 0.228125 0.015625 0.015625
0 0.323437 0.264062 0.015625 0.015625
0 0.076563 0.271875 0.015625 0.015625
0 0.154688 0.273438 0.015625 0.015625
0 0.695312 0.275000 0.015625 0.015625
0 0.460938 0.276562 0.015625 0.015625
0 0.231250 0.276562 0.015625 0.015625
0 0.614062 0.276562 0.015625 0.015625
0 0.378125 0.278125 0.015625 0.015625
0 0.539062 0.279687 0.015625 0.015625
0 0.917188 0.287500 0.015625 0.015625
0 0.992188 0.287500 0.015625 0.015625
0 0.839063 0.290625 0.015625 0.015625
0 0.040625 0.331250 0.015625 0.015625
0 0.115625 0.337500 0.015625 0.015625
0 0.192188 0.337500 0.015625 0.015625
0 0.721875 0.340625 0.015625 0.015625
0 0.645312 0.343750 0.015625 0.015625
0 0.265625 0.343750 0.015625 0.015625
0 0.487500 0.345313 0.015625 0.015625
0 0.571875 0.345313 0.015625 0.015625
0 0.795312 0.351562 0.015625 0.015625
0 0.953125 0.356250 0.015625 0.015625
0 0.878125 0.360938 0.015625 0.015625
0 0.070312 0.400000 0.015625 0.015625
0 0.225000 0.401562 0.015625 0.015625
0 0.145313 0.404687 0.015625 0.015625
0 0.309375 0.406250 0.015625 0.015625
0 0.528125 0.409375 0.015625 0.015625
0 0.610938 0.410938 0.015625 0.015625
0 0.764062 0.412500 0.015625 0.015625
0 0.684375 0.414062 0.015625 0.015625
0 0.914062 0.420312 0.015625 0.015625
0 0.990625 0.425000 0.015625 0.015625
0 0.110937 0.464062 0.015625 0.015625
0 0.265625 0.465625 0.015625 0.015625
0 0.345313 0.470313 0.015625 0.015625
0 0.418750 0.470313 0.015625 0.015625
0 0.492188 0.471875 0.015625 0.015625
0 0.645312 0.473438 0.015625 0.015625
0 0.571875 0.475000 0.015625 0.015625
0 0.720313 0.475000 0.015625 0.015625
0 0.796875 0.478125 0.015625 0.015625
0 0.875000 0.481250 0.015625 0.015625
0 0.951562 0.484375 0.015625 0.015625
0 0.070312 0.529687 0.015625 0.015625
0 0.148438 0.531250 0.015625 0.015625
0 0.226562 0.531250 0.015625 0.015625
0 0.450000 0.534375 0.015625 0.015625
0 0.303125 0.535937 0.015625 0.015625
0 0.376563 0.535937 0.015625 0.015625
0 0.521875 0.535937 0.015625 0.015625
0 0.682813 0.539062 0.015625 0.015625
0 0.604688 0.540625 0.015625 0.015625
0 0.837500 0.543750 0.015625 0.015625
0 0.914062 0.545312 0.015625 0.015625
0 0.992188 0.548438 0.015625 0.015625
0 0.107813 0.595313 0.015625 0.015625
0 0.410938 0.595313 0.015625 0.015625
0 0.264062 0.596875 0.015625 0.015625
0 0.340625 0.598437 0.015625 0.015625
0 0.189062 0.598437 0.015625 0.015625
0 0.796875 0.607812 0.015625 0.015625
0 0.871875 0.607812 0.015625 0.015625
0 0.371875 0.662500 0.015625 0.015625
0 0.065625 0.662500 0.015625 0.015625
0 0.143750 0.667188 0.015625 0.015625
0 0.523438 0.667188 0.015625 0.015625
0 0.448437 0.667188 0.015625 0.015625
0 0.223438 0.670312 0.015625 0.015625
0 0.906250 0.670312 0.015625 0.015625
0 0.764062 0.673438 0.015625 0.015625
0 0.414062 0.731250 0.015625 0.015625
0 0.556250 0.732812 0.015625 0.015625
0 0.626563 0.732812 0.015625 0.015625
0 0.106250 0.732812 0.015625 0.015625
0 0.028125 0.732812 0.015625 0.015625
0 0.706250 0.735938 0.015625 0.015625
0 0.337500 0.735938 0.015625 0.015625
0 0.482812 0.735938 0.015625 0.015625
0 0.185938 0.737500 0.015625 0.015625
0 0.259375 0.737500 0.015625 0.015625
0 0.945312 0.742188 0.015625 0.015625
0 0.792188 0.743750 0.015625 0.015625
0 0.220312 0.798438 0.015625 0.015625
0 0.065625 0.798438 0.015625 0.015625
0 0.595313 0.800000 0.015625 0.015625
0 0.442188 0.801562 0.015625 0.015625
0 0.753125 0.801562 0.015625 0.015625
0 0.150000 0.803125 0.015625 0.015625
0 0.670312 0.804688 0.015625 0.015625
0 0.292187 0.807813 0.015625 0.015625
0 0.107813 0.857812 0.015625 0.015625
0 0.256250 0.859375 0.015625 0.015625
0 0.179688 0.860938 0.015625 0.015625
0 0.032813 0.862500 0.015625 0.015625
0 0.335938 0.864062 0.015625 0.015625
0 0.710938 0.864062 0.015625 0.015625
0 0.635938 0.867188 0.015625 0.015625
0 0.865625 0.870313 0.015625 0.015625
0 0.412500 0.870313 0.015625 0.015625
0 0.790625 0.871875 0.015625 0.015625
0 0.143750 0.925000 0.015625 0.015625
0 0.220312 0.925000 0.015625 0.015625
0 0.067187 0.926562 0.015625 0.015625
0 0.293750 0.926562 0.015625 0.015625
0 0.373437 0.931250 0.015625 0.015625
0 0.517188 0.931250 0.015625 0.015625
0 0.971875 0.934375 0.015625 0.015625
0 0.893750 0.934375 0.015625 0.015625
0 0.743750 0.935937 0.015625 0.015625
0 0.593750 0.937500 0.015625 0.015625
0 0.670312 0.937500 0.015625 0.015625
0 0.446875 0.939063 0.015625 0.015625
0 0.815625 0.943750 0.015625 0.015625
0 0.553125 0.995313 0.015625 0.015625
0 0.678125 0.156250 0.015625 0.015625
0 0.656250 0.089063 0.015625 0.015625
0 0.737500 0.093750 0.015625 0.015625
0 0.814063 0.089063 0.015625 0.015625
0 0.689063 0.020313 0.015625 0.015625
0 0.543750 0.020313 0.015625 0.015625
0 0.470313 0.012500 0.015625 0.015625
0 0.387500 0.017188 0.015625 0.015625
0 0.032813 0.989062 0.015625 0.015625
0 0.104688 0.989062 0.015625 0.015625
0 0.262500 0.992188 0.015625 0.015625
0 0.487500 0.598437 0.015625 0.015625
0 0.596875 0.660937 0.015625 0.015625
0 0.667188 0.668750 0.015625 0.015625
0 0.642188 0.603125 0.015625 0.015625
0 0.709375 0.596875 0.015625 0.015625
0 0.762500 0.543750 0.015625 0.015625
0 0.987500 0.809375 0.015625 0.015625
0 0.939063 0.870313 0.015625 0.015625
0 0.904687 0.803125 0.015625 0.015625
0 0.828125 0.806250 0.015625 0.015625
0 0.384375 0.392188 0.015625 0.015625
0 0.414062 0.335938 0.015625 0.015625
0 0.445312 0.400000 0.015625 0.015625
0 0.340625 0.334375 0.015625 0.015625
0 0.085938 0.014063 0.015625 0.015625
