0 0.909375 0.398438 0.015625 0.015625
0 0.910937 0.270313 0.015625 0.015625
0 0.985938 0.271875 0.015625 0.015625
0 0.945312 0.337500 0.015625 0.015625
0 0.685937 0.001563 0.015625 0.015625
0 0.943750 0.467187 0.015625 0.015625
0 0.800000 0.071875 0.015625 0.015625
0 0.982812 0.668750 0.015625 0.015625
0 0.987500 0.401562 0.015625 0.015625
0 0.875000 0.073438 0.015625 0.015625
0 0.992188 0.010937 0.015625 0.015625
0 0.982812 0.535937 0.015625 0.015625
0 0.987500 0.142187 0.015625 0.015625
0 0.839063 0.135937 0.015625 0.015625
0 0.840625 0.004687 0.015625 0.015625
0 0.079687 0.123438 0.015625 0.015625
0 0.046875 0.070312 0.015625 0.015625
0 0.118750 0.056250 0.015625 0.015625
0 0.148438 0.121875 0.015625 0.015625
0 0.226562 0.128125 0.015625 0.015625
0 0.309375 0.125000 0.015625 0.015625
0 0.382812 0.128125 0.015625 0.015625
0 0.460938 0.125000 0.015625 0.015625
0 0.431250 0.070312 0.015625 0.015625
0 0.342187 0.065625 0.015625 0.015625
0 0.257812 0.065625 0.015625 0.015625
0 0.193750 0.056250 0.015625 0.015625
0 0.448437 0.009375 0.015625 0.015625
0 0.493750 0.062500 0.015625 0.015625
0 0.532813 0.129688 0.015625 0.015625
0 0.614062 0.134375 0.015625 0.015625
0 0.579688 0.065625 0.015625 0.015625
0 0.003125 0.262500 0.015625 0.015625
0 0.031250 0.325000 0.015625 0.015625
0 0.075000 0.262500 0.015625 0.015625
0 0.103125 0.321875 0.015625 0.015625
0 0.146875 0.246875 0.015625 0.015625
0 0.179688 0.321875 0.015625 0.015625
0 0.220312 0.262500 0.015625 0.015625
0 0.270313 0.331250 0.015625 0.015625
0 0.301563 0.264062 0.015625 0.015625
0 0.326562 0.317188 0.015625 0.015625
0 0.384375 0.259375 0.015625 0.015625
0 0.403125 0.318750 0.015625 0.015625
0 0.446875 0.265625 0.015625 0.015625
0 0.476562 0.335938 0.015625 0.015625
0 0.515625 0.275000 0.015625 0.015625
0 0.557813 0.340625 0.015625 0.015625
0 0.607812 0.273438 0.015625 0.015625
0 0.640625 0.340625 0.015625 0.015625
0 0.695312 0.295312 0.015625 0.015625
0 0.723437 0.325000 0.015625 0.015625
0 0.021875 0.457813 0.015625 0.015625
0 0.104688 0.443750 0.015625 0.015625
0 0.068750 0.387500 0.015625 0.015625
0 0.146875 0.384375 0.015625 0.015625
0 0.195312 0.462500 0.015625 0.015625
0 0.220312 0.398438 0.015625 0.015625
0 0.260937 0.448437 0.015625 0.015625
0 0.340625 0.468750 0.015625 0.015625
0 0.300000 0.390625 0.015625 0.015625
0 0.376563 0.393750 0.015625 0.015625
0 0.428125 0.465625 0.015625 0.015625
0 0.442188 0.401562 0.015625 0.015625
0 0.498437 0.460938 0.015625 0.015625
0 0.520312 0.389062 0.015625 0.015625
0 0.556250 0.453125 0.015625 0.015625
0 0.593750 0.393750 0.015625 0.015625
0 0.650000 0.464062 0.015625 0.015625
0 0.678125 0.404687 0.015625 0.015625
0 0.717187 0.465625 0.015625 0.015625
0 0.746875 0.400000 0.015625 0.015625
0 0.785937 0.464062 0.015625 0.015625
0 0.020313 0.596875 0.015625 0.015625
0 0.057813 0.528125 0.015625 0.015625
0 0.093750 0.587500 0.015625 0.015625
0 0.150000 0.512500 0.015625 0.015625
0 0.182812 0.581250 0.015625 0.015625
0 0.218750 0.517188 0.015625 0.015625
0 0.245312 0.587500 0.015625 0.015625
0 0.292187 0.523438 0.015625 0.015625
0 0.326562 0.585938 0.015625 0.015625
0 0.378125 0.518750 0.015625 0.015625
0 0.407813 0.584375 0.015625 0.015625
0 0.446875 0.523438 0.015625 0.015625
0 0.475000 0.590625 0.015625 0.015625
0 0.518750 0.517188 0.015625 0.015625
0 0.557813 0.596875 0.015625 0.015625
0 0.593750 0.515625 0.015625 0.015625
0 0.643750 0.603125 0.015625 0.015625
0 0.668750 0.529687 0.015625 0.015625
0 0.717187 0.593750 0.015625 0.015625
0 0.737500 0.528125 0.015625 0.015625
0 0.778125 0.587500 0.015625 0.015625
0 0.820312 0.539062 0.015625 0.015625
0 0.864062 0.590625 0.015625 0.015625
0 0.028125 0.709375 0.015625 0.015625
0 0.065625 0.654687 0.015625 0.015625
0 0.095312 0.720313 0.015625 0.015625
0 0.137500 0.657813 0.015625 0.015625
0 0.176563 0.714063 0.015625 0.015625
0 0.218750 0.650000 0.015625 0.015625
0 0.254688 0.714063 0.015625 0.015625
0 0.296875 0.657813 0.015625 0.015625
0 0.323437 0.718750 0.015625 0.015625
0 0.373437 0.653125 0.015625 0.015625
0 0.401562 0.714063 0.015625 0.015625
0 0.445312 0.654687 0.015625 0.015625
0 0.481250 0.740625 0.015625 0.015625
0 0.529687 0.653125 0.015625 0.015625
0 0.556250 0.721875 0.015625 0.015625
0 0.592187 0.659375 0.015625 0.015625
0 0.635938 0.717187 0.015625 0.015625
0 0.676562 0.654687 0.015625 0.015625
0 0.715625 0.721875 0.015625 0.015625
0 0.740625 0.671875 0.015625 0.015625
0 0.782813 0.728125 0.015625 0.015625
0 0.823438 0.664062 0.015625 0.015625
0 0.859375 0.725000 0.015625 0.015625
0 0.896875 0.668750 0.015625 0.015625
0 0.935937 0.731250 0.015625 0.015625
0 0.981250 0.798438 0.015625 0.015625
0 0.932813 0.854688 0.015625 0.015625
0 0.903125 0.793750 0.015625 0.015625
0 0.835938 0.793750 0.015625 0.015625
0 0.875000 0.865625 0.015625 0.015625
0 0.785937 0.854688 0.015625 0.015625
0 0.748437 0.803125 0.015625 0.015625
0 0.717187 0.870313 0.015625 0.015625
0 0.685937 0.792188 0.015625 0.015625
0 0.654687 0.851562 0.015625 0.015625
0 0.598437 0.800000 0.015625 0.015625
0 0.562500 0.860938 0.015625 0.015625
0 0.518750 0.792188 0.015625 0.015625
0 0.481250 0.854688 0.015625 0.015625
0 0.451562 0.798438 0.015625 0.015625
0 0.420312 0.848437 0.015625 0.015625
0 0.389062 0.793750 0.015625 0.015625
0 0.329688 0.854688 0.015625 0.015625
0 0.298438 0.789062 0.015625 0.015625
0 0.251563 0.851562 0.015625 0.015625
0 0.218750 0.790625 0.015625 0.015625
0 0.184375 0.853125 0.015625 0.015625
0 0.148438 0.785937 0.015625 0.015625
0 0.100000 0.873437 0.015625 0.015625
0 0.067187 0.785937 0.015625 0.015625
0 0.015625 0.857812 0.015625 0.015625
0 0.014063 0.976562 0.015625 0.015625
0 0.059375 0.912500 0.015625 0.015625
0 0.110937 0.992188 0.015625 0.015625
0 0.146875 0.917188 0.015625 0.015625
0 0.185938 0.987500 0.015625 0.015625
0 0.212500 0.925000 0.015625 0.015625
0 0.254688 0.981250 0.015625 0.015625
0 0.287500 0.923438 0.015625 0.015625
0 0.318750 0.979688 0.015625 0.015625
0 0.364063 0.917188 0.015625 0.015625
0 0.403125 0.984375 0.015625 0.015625
0 0.450000 0.920312 0.015625 0.015625
0 0.481250 0.979688 0.015625 0.015625
0 0.525000 0.920312 0.015625 0.015625
0 0.562500 0.984375 0.015625 0.015625
0 0.598437 0.921875 0.015625 0.015625
0 0.632812 0.976562 0.015625 0.015625
0 0.676562 0.926562 0.015625 0.015625
0 0.737500 0.928125 0.015625 0.015625
0 0.814063 0.931250 0.015625 0.015625
0 0.853125 0.996875 0.015625 0.015625
0 0.893750 0.932813 0.015625 0.015625
0 0.970313 0.937500 0.015625 0.015625
0 0.998437 0.990625 0.015625 0.015625
