0 0.214062 0.398438 0.015625 0.015625
0 0.367188 0.401562 0.015625 0.015625
0 0.292187 0.271875 0.015625 0.015625
0 0.593750 0.403125 0.015625 0.015625
0 0.668750 0.403125 0.015625 0.015625
0 0.826562 0.020313 0.015625 0.015625
0 0.368750 0.009375 0.015625 0.015625
0 0.903125 0.023438 0.015625 0.015625
0 0.435937 0.400000 0.015625 0.015625
0 0.746875 0.020313 0.015625 0.015625
0 0.750000 0.271875 0.015625 0.015625
0 0.290625 0.401562 0.015625 0.015625
0 0.440625 0.271875 0.015625 0.015625
0 0.515625 0.271875 0.015625 0.015625
0 0.443750 0.010937 0.015625 0.015625
0 0.220312 0.003125 0.015625 0.015625
0 0.748437 0.145313 0.015625 0.015625
0 0.295312 0.007812 0.015625 0.015625
0 0.060937 0.390625 0.015625 0.015625
0 0.479687 0.337500 0.015625 0.015625
0 0.215625 0.270313 0.015625 0.015625
0 0.712500 0.075000 0.015625 0.015625
0 0.321875 0.201563 0.015625 0.015625
0 0.518750 0.406250 0.015625 0.015625
0 0.065625 0.003125 0.015625 0.015625
0 0.062500 0.264062 0.015625 0.015625
0 0.673438 0.275000 0.015625 0.015625
0 0.132812 0.393750 0.015625 0.015625
0 0.106250 0.198437 0.015625 0.015625
0 0.246875 0.334375 0.015625 0.015625
0 0.901563 0.150000 0.015625 0.015625
0 0.098437 0.065625 0.015625 0.015625
0 0.253125 0.196875 0.015625 0.015625
0 0.095312 0.454688 0.015625 0.015625
0 0.629687 0.340625 0.015625 0.015625
0 0.359375 0.267188 0.015625 0.015625
0 0.409375 0.073438 0.015625 0.015625
0 0.168750 0.457813 0.015625 0.015625
0 0.175000 0.332813 0.015625 0.015625
0 0.976562 0.026562 0.015625 0.015625
0 0.564063 0.078125 0.015625 0.015625
0 0.592187 0.273438 0.015625 0.015625
0 0.600000 0.009375 0.015625 0.015625
0 0.743750 0.407813 0.015625 0.015625
0 0.781250 0.076563 0.015625 0.015625
0 0.557813 0.340625 0.015625 0.015625
0 0.937500 0.217188 0.015625 0.015625
0 0.710938 0.342187 0.015625 0.015625
0 0.789062 0.201563 0.015625 0.015625
0 0.895312 0.410938 0.015625 0.015625
0 0.785937 0.340625 0.015625 0.015625
0 0.864062 0.206250 0.015625 0.015625
0 0.817187 0.410938 0.015625 0.015625
0 0.478125 0.201563 0.015625 0.015625
0 0.518750 0.010937 0.015625 0.015625
0 0.826562 0.268750 0.015625 0.015625
0 0.709375 0.206250 0.015625 0.015625
0 0.970313 0.410938 0.015625 0.015625
0 0.481250 0.453125 0.015625 0.015625
0 0.634375 0.210938 0.015625 0.015625
0 0.635938 0.468750 0.015625 0.015625
0 0.978125 0.287500 0.015625 0.015625
0 0.939063 0.082812 0.015625 0.015625
0 0.673438 0.139063 0.015625 0.015625
0 0.825000 0.143750 0.015625 0.015625
0 0.860938 0.084375 0.015625 0.015625
0 0.559375 0.209375 0.015625 0.015625
0 0.443750 0.664062 0.015625 0.015625
0 0.400000 0.334375 0.015625 0.015625
0 0.317188 0.857812 0.015625 0.015625
0 0.815625 0.537500 0.015625 0.015625
0 0.023438 0.456250 0.015625 0.015625
0 0.739062 0.932813 0.015625 0.015625
0 0.892188 0.804688 0.015625 0.015625
0 0.096875 0.332813 0.015625 0.015625
0 0.620313 0.998437 0.015625 0.015625
0 0.514062 0.657813 0.015625 0.015625
0 0.212500 0.531250 0.015625 0.015625
0 0.890625 0.671875 0.015625 0.015625
0 0.095312 0.587500 0.015625 0.015625
0 0.360938 0.657813 0.015625 0.015625
0 0.148438 0.006250 0.015625 0.015625
0 0.785937 0.479687 0.015625 0.015625
0 0.739062 0.800000 0.015625 0.015625
0 0.468750 0.731250 0.015625 0.015625
0 0.468750 0.854688 0.015625 0.015625
0 0.318750 0.723437 0.015625 0.015625
0 0.060937 0.129688 0.015625 0.015625
0 0.589063 0.801562 0.015625 0.015625
0 0.289062 0.790625 0.015625 0.015625
0 0.864062 0.603125 0.015625 0.015625
0 0.932813 0.739062 0.015625 0.015625
0 0.060937 0.521875 0.015625 0.015625
0 0.626563 0.734375 0.015625 0.015625
0 0.514062 0.529687 0.015625 0.015625
0 0.282813 0.543750 0.015625 0.015625
0 0.170313 0.200000 0.015625 0.015625
0 0.215625 0.664062 0.015625 0.015625
0 0.023438 0.326562 0.015625 0.015625
0 0.137500 0.525000 0.015625 0.015625
0 0.631250 0.603125 0.015625 0.015625
0 0.939063 0.606250 0.015625 0.015625
0 0.973437 0.675000 0.015625 0.015625
0 0.546875 0.862500 0.015625 0.015625
0 0.854688 0.737500 0.015625 0.015625
0 0.815625 0.932813 0.015625 0.015625
0 0.660937 0.931250 0.015625 0.015625
0 0.818750 0.671875 0.015625 0.015625
0 0.590625 0.534375 0.015625 0.015625
0 0.785937 0.604688 0.015625 0.015625
0 0.590625 0.931250 0.015625 0.015625
0 0.664062 0.798438 0.015625 0.015625
0 0.973437 0.551562 0.015625 0.015625
0 0.967187 0.804688 0.015625 0.015625
0 0.484375 0.076563 0.015625 0.015625
0 0.542188 0.598437 0.015625 0.015625
0 0.589063 0.668750 0.015625 0.015625
0 0.776563 0.860938 0.015625 0.015625
0 0.743750 0.539062 0.015625 0.015625
0 0.979688 0.157812 0.015625 0.015625
0 0.740625 0.664062 0.015625 0.015625
0 0.475000 0.598437 0.015625 0.015625
0 0.551562 0.732812 0.015625 0.015625
0 0.710938 0.475000 0.015625 0.015625
0 0.664062 0.665625 0.015625 0.015625
0 0.906250 0.546875 0.015625 0.015625
0 0.707812 0.734375 0.015625 0.015625
0 0.554688 0.470313 0.015625 0.015625
0 0.964063 0.937500 0.015625 0.015625
0 0.859375 0.481250 0.015625 0.015625
0 0.598437 0.131250 0.015625 0.015625
0 0.707812 0.600000 0.015625 0.015625
0 0.682813 0.010937 0.015625 0.015625
0 0.470313 0.993750 0.015625 0.015625
0 0.815625 0.798438 0.015625 0.015625
0 0.779687 0.728125 0.015625 0.015625
0 0.409375 0.995313 0.015625 0.015625
0 0.175000 0.073438 0.015625 0.015625
0 0.245312 0.068750 0.015625 0.015625
0 0.325000 0.078125 0.015625 0.015625
0 0.182812 0.585938 0.015625 0.015625
0 0.251563 0.596875 0.015625 0.015625
0 0.312500 0.596875 0.015625 0.015625
0 0.373437 0.528125 0.015625 0.015625
0 0.400000 0.595313 0.015625 0.015625
0 0.675000 0.535937 0.015625 0.015625
0 0.943750 0.485938 0.015625 0.015625
0 0.371875 0.135937 0.015625 0.015625
0 0.398438 0.192188 0.015625 0.015625
0 0.204687 0.132812 0.015625 0.015625
0 0.154688 0.126562 0.015625 0.015625
0 0.400000 0.723437 0.015625 0.015625
0 0.239063 0.725000 0.015625 0.015625
0 0.248438 0.993750 0.015625 0.015625
0 0.062500 0.651563 0.015625 0.015625
0 0.101562 0.723437 0.015625 0.015625
0 0.134375 0.792188 0.015625 0.015625
0 0.393750 0.857812 0.015625 0.015625
0 0.440625 0.531250 0.015625 0.015625
0 0.251563 0.462500 0.015625 0.015625
0 0.310937 0.468750 0.015625 0.015625
0 0.026562 0.068750 0.015625 0.015625
0 0.168750 0.989062 0.015625 0.015625
0 0.139063 0.921875 0.015625 0.015625
0 0.093750 0.843750 0.015625 0.015625
0 0.503125 0.929688 0.015625 0.015625
0 0.434375 0.926562 0.015625 0.015625
0 0.359375 0.926562 0.015625 0.015625
0 0.270313 0.923438 0.015625 0.015625
0 0.204687 0.923438 0.015625 0.015625
0 0.167187 0.850000 0.015625 0.015625
0 0.171875 0.726562 0.015625 0.015625
0 0.225000 0.787500 0.015625 0.015625
0 0.367188 0.790625 0.015625 0.015625
0 0.442188 0.795312 0.015625 0.015625
0 0.514062 0.792188 0.015625 0.015625
0 0.051562 0.782813 0.015625 0.015625
0 0.020313 0.725000 0.015625 0.015625
