0 0.037500 0.346875 0.015625 0.015625
0 0.110937 0.346875 0.015625 0.015625
0 0.873437 0.346875 0.015625 0.015625
0 0.260937 0.348438 0.015625 0.015625
0 0.339062 0.348438 0.015625 0.015625
0 0.493750 0.354687 0.015625 0.015625
0 0.417187 0.354687 0.015625 0.015625
0 0.567187 0.357812 0.015625 0.015625
0 0.721875 0.357812 0.015625 0.015625
0 0.646875 0.359375 0.015625 0.015625
0 0.295312 0.400000 0.015625 0.015625
0 0.071875 0.409375 0.015625 0.015625
0 0.450000 0.421875 0.015625 0.015625
0 0.373437 0.421875 0.015625 0.015625
0 0.603125 0.423438 0.015625 0.015625
0 0.678125 0.423438 0.015625 0.015625
0 0.539062 0.423438 0.015625 0.015625
0 0.750000 0.429688 0.015625 0.015625
0 0.187500 0.462500 0.015625 0.015625
0 0.264062 0.470313 0.015625 0.015625
0 0.109375 0.473438 0.015625 0.015625
0 0.339062 0.481250 0.015625 0.015625
0 0.631250 0.481250 0.015625 0.015625
0 0.721875 0.482812 0.015625 0.015625
0 0.479687 0.484375 0.015625 0.015625
0 0.562500 0.485938 0.015625 0.015625
0 0.412500 0.485938 0.015625 0.015625
0 0.793750 0.487500 0.015625 0.015625
0 0.937500 0.492188 0.015625 0.015625
0 0.306250 0.537500 0.015625 0.015625
0 0.215625 0.542188 0.015625 0.015625
0 0.142187 0.543750 0.015625 0.015625
0 0.451562 0.548438 0.015625 0.015625
0 0.375000 0.548438 0.015625 0.015625
0 0.678125 0.550000 0.015625 0.015625
0 0.521875 0.551562 0.015625 0.015625
0 0.598437 0.554688 0.015625 0.015625
0 0.751563 0.556250 0.015625 0.015625
0 0.823438 0.559375 0.015625 0.015625
0 0.025000 0.606250 0.015625 0.015625
0 0.101562 0.609375 0.015625 0.015625
0 0.176563 0.609375 0.015625 0.015625
0 0.257812 0.610938 0.015625 0.015625
0 0.334375 0.614062 0.015625 0.015625
0 0.410938 0.615625 0.015625 0.015625
0 0.562500 0.615625 0.015625 0.015625
0 0.639062 0.615625 0.015625 0.015625
0 0.487500 0.617188 0.015625 0.015625
0 0.714063 0.621875 0.015625 0.015625
0 0.789062 0.626563 0.015625 0.015625
0 0.940625 0.634375 0.015625 0.015625
0 0.296875 0.676562 0.015625 0.015625
0 0.139063 0.678125 0.015625 0.015625
0 0.218750 0.678125 0.015625 0.015625
0 0.371875 0.681250 0.015625 0.015625
0 0.446875 0.682813 0.015625 0.015625
0 0.523438 0.684375 0.015625 0.015625
0 0.668750 0.685937 0.015625 0.015625
0 0.857812 0.690625 0.015625 0.015625
0 0.751563 0.690625 0.015625 0.015625
0 0.170313 0.742188 0.015625 0.015625
0 0.323437 0.743750 0.015625 0.015625
0 0.704688 0.746875 0.015625 0.015625
0 0.404687 0.746875 0.015625 0.015625
0 0.559375 0.746875 0.015625 0.015625
0 0.635938 0.748437 0.015625 0.015625
0 0.482812 0.748437 0.015625 0.015625
0 0.067187 0.800000 0.015625 0.015625
0 0.142187 0.804688 0.015625 0.015625
0 0.214062 0.812500 0.015625 0.015625
0 0.365625 0.812500 0.015625 0.015625
0 0.442188 0.815625 0.015625 0.015625
0 0.593750 0.818750 0.015625 0.015625
0 0.521875 0.818750 0.015625 0.015625
0 0.893750 0.831250 0.015625 0.015625
0 0.810937 0.837500 0.015625 0.015625
0 0.028125 0.867188 0.015625 0.015625
0 0.482812 0.875000 0.015625 0.015625
0 0.398438 0.876563 0.015625 0.015625
0 0.323437 0.878125 0.015625 0.015625
0 0.560937 0.881250 0.015625 0.015625
0 0.246875 0.881250 0.015625 0.015625
0 0.626563 0.881250 0.015625 0.015625
0 0.779687 0.885938 0.015625 0.015625
0 0.701562 0.887500 0.015625 0.015625
0 0.937500 0.896875 0.015625 0.015625
0 0.123438 0.915625 0.015625 0.015625
0 0.051562 0.940625 0.015625 0.015625
0 0.442188 0.942187 0.015625 0.015625
0 0.517188 0.942187 0.015625 0.015625
0 0.595313 0.948438 0.015625 0.015625
0 0.667188 0.950000 0.015625 0.015625
0 0.900000 0.951562 0.015625 0.015625
0 0.743750 0.957812 0.015625 0.015625
0 0.818750 0.959375 0.015625 0.015625
0 0.865625 0.490625 0.015625 0.015625
0 0.825000 0.420312 0.015625 0.015625
0 0.914062 0.428125 0.015625 0.015625
0 0.976562 0.431250 0.015625 0.015625
0 0.934375 0.365625 0.015625 0.015625
0 0.798438 0.364063 0.015625 0.015625
0 0.901563 0.564063 0.015625 0.015625
0 0.864062 0.628125 0.015625 0.015625
0 0.912500 0.695312 0.015625 0.015625
0 0.942187 0.762500 0.015625 0.015625
0 0.864062 0.753125 0.015625 0.015625
0 0.784375 0.757812 0.015625 0.015625
0 0.595313 0.684375 0.015625 0.015625
0 0.010937 0.276562 0.015625 0.015625
0 0.084375 0.273438 0.015625 0.015625
0 0.162500 0.278125 0.015625 0.015625
0 0.232813 0.282813 0.015625 0.015625
0 0.301563 0.281250 0.015625 0.015625
0 0.253125 0.739062 0.015625 0.015625
0 0.295312 0.768750 0.015625 0.015625
0 0.287500 0.810937 0.015625 0.015625
0 0.100000 0.735938 0.015625 0.015625
0 0.023438 0.737500 0.015625 0.015625
0 0.071875 0.670312 0.015625 0.015625
0 0.229687 0.412500 0.015625 0.015625
0 0.146875 0.412500 0.015625 0.015625
