0 0.207813 0.003125 0.015625 0.015625
0 0.421875 0.004687 0.015625 0.015625
0 0.848437 0.006250 0.015625 0.015625
0 0.462500 0.007812 0.015625 0.015625
0 0.596875 0.007812 0.015625 0.015625
0 0.812500 0.007812 0.015625 0.015625
0 0.301563 0.009375 0.015625 0.015625
0 0.637500 0.009375 0.015625 0.015625
0 0.510938 0.009375 0.015625 0.015625
0 0.339062 0.009375 0.015625 0.015625
0 0.376563 0.012500 0.015625 0.015625
0 0.925000 0.015625 0.015625 0.015625
0 0.079687 0.020313 0.015625 0.015625
0 0.160938 0.021875 0.015625 0.015625
0 0.287500 0.026562 0.015625 0.015625
0 0.221875 0.026562 0.015625 0.015625
0 0.792188 0.028125 0.015625 0.015625
0 0.726562 0.031250 0.015625 0.015625
0 0.904687 0.037500 0.015625 0.015625
0 0.870313 0.039062 0.015625 0.015625
0 0.979688 0.039062 0.015625 0.015625
0 0.832812 0.039062 0.015625 0.015625
0 0.945312 0.039062 0.015625 0.015625
0 0.692187 0.042188 0.015625 0.015625
0 0.359375 0.046875 0.015625 0.015625
0 0.475000 0.048438 0.015625 0.015625
0 0.321875 0.048438 0.015625 0.015625
0 0.400000 0.050000 0.015625 0.015625
0 0.206250 0.051562 0.015625 0.015625
0 0.093750 0.053125 0.015625 0.015625
0 0.279687 0.054688 0.015625 0.015625
0 0.170313 0.056250 0.015625 0.015625
0 0.712500 0.064062 0.015625 0.015625
0 0.248438 0.064062 0.015625 0.015625
0 0.312500 0.068750 0.015625 0.015625
0 0.770312 0.068750 0.015625 0.015625
0 0.851562 0.070312 0.015625 0.015625
0 0.350000 0.071875 0.015625 0.015625
0 0.484375 0.071875 0.015625 0.015625
0 0.373437 0.071875 0.015625 0.015625
0 0.595313 0.073438 0.015625 0.015625
0 0.887500 0.073438 0.015625 0.015625
0 0.537500 0.075000 0.015625 0.015625
0 0.998437 0.076563 0.015625 0.015625
0 0.960938 0.076563 0.015625 0.015625
0 0.921875 0.081250 0.015625 0.015625
0 0.223438 0.093750 0.015625 0.015625
0 0.682813 0.095312 0.015625 0.015625
0 0.757812 0.096875 0.015625 0.015625
0 0.640625 0.098437 0.015625 0.015625
0 0.260937 0.098437 0.015625 0.015625
0 0.723437 0.100000 0.015625 0.015625
0 0.790625 0.101562 0.015625 0.015625
0 0.292187 0.103125 0.015625 0.015625
0 0.328125 0.103125 0.015625 0.015625
0 0.400000 0.104688 0.015625 0.015625
0 0.870313 0.104688 0.015625 0.015625
0 0.981250 0.106250 0.015625 0.015625
0 0.907813 0.106250 0.015625 0.015625
0 0.945312 0.106250 0.015625 0.015625
0 0.445312 0.106250 0.015625 0.015625
0 0.123438 0.115625 0.015625 0.015625
0 0.501563 0.120313 0.015625 0.015625
0 0.089063 0.121875 0.015625 0.015625
0 0.621875 0.123438 0.015625 0.015625
0 0.546875 0.123438 0.015625 0.015625
0 0.584375 0.125000 0.015625 0.015625
0 0.248438 0.129688 0.015625 0.015625
0 0.175000 0.129688 0.015625 0.015625
0 0.354687 0.131250 0.015625 0.015625
0 0.220312 0.131250 0.015625 0.015625
0 0.735938 0.131250 0.015625 0.015625
0 0.309375 0.132812 0.015625 0.015625
0 0.390625 0.132812 0.015625 0.015625
0 0.423438 0.135937 0.015625 0.015625
0 0.887500 0.135937 0.015625 0.015625
0 0.450000 0.140625 0.015625 0.015625
0 0.664062 0.146875 0.015625 0.015625
0 0.596875 0.154688 0.015625 0.015625
0 0.084375 0.156250 0.015625 0.015625
0 0.126562 0.156250 0.015625 0.015625
0 0.410938 0.160938 0.015625 0.015625
0 0.982812 0.162500 0.015625 0.015625
0 0.335938 0.162500 0.015625 0.015625
0 0.715625 0.164062 0.015625 0.015625
0 0.751563 0.164062 0.015625 0.015625
0 0.375000 0.167187 0.015625 0.015625
0 0.556250 0.167187 0.015625 0.015625
0 0.864062 0.168750 0.015625 0.015625
0 0.828125 0.168750 0.015625 0.015625
0 0.942187 0.168750 0.015625 0.015625
0 0.301563 0.175000 0.015625 0.015625
0 0.426563 0.185938 0.015625 0.015625
0 0.187500 0.185938 0.015625 0.015625
0 0.582812 0.189062 0.015625 0.015625
0 0.143750 0.190625 0.015625 0.015625
0 0.654687 0.192188 0.015625 0.015625
0 0.473438 0.192188 0.015625 0.015625
0 0.618750 0.192188 0.015625 0.015625
0 0.734375 0.196875 0.015625 0.015625
0 0.103125 0.196875 0.015625 0.015625
0 0.395313 0.198437 0.015625 0.015625
0 0.850000 0.200000 0.015625 0.015625
0 0.812500 0.200000 0.015625 0.015625
0 0.923438 0.200000 0.015625 0.015625
0 0.960938 0.200000 0.015625 0.015625
0 0.996875 0.201563 0.015625 0.015625
0 0.337500 0.206250 0.015625 0.015625
0 0.256250 0.207813 0.015625 0.015625
0 0.689063 0.207813 0.015625 0.015625
0 0.220312 0.217188 0.015625 0.015625
0 0.859375 0.226562 0.015625 0.015625
0 0.748437 0.228125 0.015625 0.015625
0 0.714063 0.228125 0.015625 0.015625
0 0.906250 0.231250 0.015625 0.015625
0 0.168750 0.232813 0.015625 0.015625
0 0.978125 0.232813 0.015625 0.015625
0 0.940625 0.232813 0.015625 0.015625
0 0.267188 0.234375 0.015625 0.015625
0 0.418750 0.235937 0.015625 0.015625
0 0.148438 0.246875 0.015625 0.015625
0 0.240625 0.251563 0.015625 0.015625
0 0.584375 0.253125 0.015625 0.015625
0 0.837500 0.253125 0.015625 0.015625
0 0.659375 0.254688 0.015625 0.015625
0 0.695312 0.257812 0.015625 0.015625
0 0.771875 0.260937 0.015625 0.015625
0 0.732812 0.264062 0.015625 0.015625
0 0.350000 0.265625 0.015625 0.015625
0 0.959375 0.265625 0.015625 0.015625
0 0.429688 0.265625 0.015625 0.015625
0 0.398438 0.267188 0.015625 0.015625
0 0.995313 0.267188 0.015625 0.015625
0 0.462500 0.268750 0.015625 0.015625
0 0.521875 0.271875 0.015625 0.015625
0 0.553125 0.273438 0.015625 0.015625
0 0.259375 0.276562 0.015625 0.015625
0 0.600000 0.279687 0.015625 0.015625
0 0.189062 0.281250 0.015625 0.015625
0 0.231250 0.285938 0.015625 0.015625
0 0.634375 0.289062 0.015625 0.015625
0 0.673438 0.292187 0.015625 0.015625
0 0.835938 0.293750 0.015625 0.015625
0 0.867188 0.293750 0.015625 0.015625
0 0.712500 0.293750 0.015625 0.015625
0 0.787500 0.295312 0.015625 0.015625
0 0.123438 0.295312 0.015625 0.015625
0 0.940625 0.296875 0.015625 0.015625
0 0.750000 0.296875 0.015625 0.015625
0 0.289062 0.296875 0.015625 0.015625
0 0.901563 0.298438 0.015625 0.015625
0 0.976562 0.298438 0.015625 0.015625
0 0.415625 0.300000 0.015625 0.015625
0 0.346875 0.300000 0.015625 0.015625
0 0.170313 0.315625 0.015625 0.015625
0 0.618750 0.321875 0.015625 0.015625
0 0.654687 0.326562 0.015625 0.015625
0 0.690625 0.326562 0.015625 0.015625
0 0.917188 0.328125 0.015625 0.015625
0 0.770312 0.328125 0.015625 0.015625
0 0.731250 0.328125 0.015625 0.015625
0 0.845313 0.329688 0.015625 0.015625
0 0.884375 0.329688 0.015625 0.015625
0 0.959375 0.331250 0.015625 0.015625
0 0.260937 0.331250 0.015625 0.015625
0 0.387500 0.331250 0.015625 0.015625
0 0.321875 0.332813 0.015625 0.015625
0 0.481250 0.335938 0.015625 0.015625
0 0.143750 0.342187 0.015625 0.015625
0 0.296875 0.348438 0.015625 0.015625
0 0.185938 0.348438 0.015625 0.015625
0 0.371875 0.356250 0.015625 0.015625
0 0.785937 0.359375 0.015625 0.015625
0 0.710938 0.359375 0.015625 0.015625
0 0.675000 0.359375 0.015625 0.015625
0 0.643750 0.359375 0.015625 0.015625
0 0.751563 0.360938 0.015625 0.015625
0 0.825000 0.360938 0.015625 0.015625
0 0.862500 0.360938 0.015625 0.015625
0 0.898438 0.362500 0.015625 0.015625
0 0.412500 0.362500 0.015625 0.015625
0 0.932813 0.362500 0.015625 0.015625
0 0.973437 0.362500 0.015625 0.015625
0 0.123438 0.364063 0.015625 0.015625
0 0.596875 0.365625 0.015625 0.015625
0 0.559375 0.367188 0.015625 0.015625
0 0.464062 0.375000 0.015625 0.015625
0 0.351562 0.379688 0.015625 0.015625
0 0.100000 0.382812 0.015625 0.015625
0 0.182812 0.392188 0.015625 0.015625
0 0.306250 0.392188 0.015625 0.015625
0 0.843750 0.393750 0.015625 0.015625
0 0.731250 0.393750 0.015625 0.015625
0 0.768750 0.393750 0.015625 0.015625
0 0.692187 0.393750 0.015625 0.015625
0 0.995313 0.393750 0.015625 0.015625
0 0.804688 0.393750 0.015625 0.015625
0 0.881250 0.393750 0.015625 0.015625
0 0.918750 0.395313 0.015625 0.015625
0 0.953125 0.396875 0.015625 0.015625
0 0.232813 0.396875 0.015625 0.015625
0 0.442188 0.400000 0.015625 0.015625
0 0.420312 0.401562 0.015625 0.015625
0 0.550000 0.403125 0.015625 0.015625
0 0.134375 0.403125 0.015625 0.015625
0 0.590625 0.404687 0.015625 0.015625
0 0.365625 0.407813 0.015625 0.015625
0 0.070312 0.410938 0.015625 0.015625
0 0.181250 0.415625 0.015625 0.015625
0 0.484375 0.421875 0.015625 0.015625
0 0.678125 0.423438 0.015625 0.015625
0 0.862500 0.425000 0.015625 0.015625
0 0.748437 0.426563 0.015625 0.015625
0 0.785937 0.426563 0.015625 0.015625
0 0.710938 0.426563 0.015625 0.015625
0 0.825000 0.428125 0.015625 0.015625
0 0.898438 0.428125 0.015625 0.015625
0 0.525000 0.428125 0.015625 0.015625
0 0.600000 0.428125 0.015625 0.015625
0 0.564063 0.428125 0.015625 0.015625
0 0.935937 0.429688 0.015625 0.015625
0 0.975000 0.429688 0.015625 0.015625
0 0.040625 0.432812 0.015625 0.015625
0 0.443750 0.435937 0.015625 0.015625
0 0.237500 0.440625 0.015625 0.015625
0 0.198437 0.446875 0.015625 0.015625
0 0.114062 0.450000 0.015625 0.015625
0 0.057813 0.454688 0.015625 0.015625
0 0.542188 0.454688 0.015625 0.015625
0 0.151562 0.454688 0.015625 0.015625
0 0.010937 0.456250 0.015625 0.015625
0 0.693750 0.456250 0.015625 0.015625
0 0.767188 0.457813 0.015625 0.015625
0 0.843750 0.457813 0.015625 0.015625
0 0.804688 0.459375 0.015625 0.015625
0 0.729688 0.459375 0.015625 0.015625
0 0.879687 0.460938 0.015625 0.015625
0 0.914062 0.460938 0.015625 0.015625
0 0.612500 0.462500 0.015625 0.015625
0 0.956250 0.464062 0.015625 0.015625
0 0.400000 0.465625 0.015625 0.015625
0 0.993750 0.467187 0.015625 0.015625
0 0.334375 0.467187 0.015625 0.015625
0 0.276562 0.467187 0.015625 0.015625
0 0.485938 0.471875 0.015625 0.015625
0 0.442188 0.471875 0.015625 0.015625
0 0.560937 0.476562 0.015625 0.015625
0 0.523438 0.478125 0.015625 0.015625
0 0.218750 0.482812 0.015625 0.015625
0 0.178125 0.484375 0.015625 0.015625
0 0.253125 0.487500 0.015625 0.015625
0 0.854688 0.489063 0.015625 0.015625
0 0.634375 0.489063 0.015625 0.015625
0 0.748437 0.489063 0.015625 0.015625
0 0.135937 0.489063 0.015625 0.015625
0 0.671875 0.490625 0.015625 0.015625
0 0.823438 0.490625 0.015625 0.015625
0 0.718750 0.490625 0.015625 0.015625
0 0.784375 0.490625 0.015625 0.015625
0 0.485938 0.492188 0.015625 0.015625
0 0.896875 0.493750 0.015625 0.015625
0 0.296875 0.493750 0.015625 0.015625
0 0.078125 0.493750 0.015625 0.015625
0 0.935937 0.493750 0.015625 0.015625
0 0.975000 0.495312 0.015625 0.015625
0 0.385937 0.501563 0.015625 0.015625
0 0.190625 0.510938 0.015625 0.015625
0 0.348438 0.517188 0.015625 0.015625
0 0.767188 0.520312 0.015625 0.015625
0 0.046875 0.521875 0.015625 0.015625
0 0.020313 0.523438 0.015625 0.015625
0 0.651563 0.523438 0.015625 0.015625
0 0.118750 0.523438 0.015625 0.015625
0 0.737500 0.523438 0.015625 0.015625
0 0.800000 0.525000 0.015625 0.015625
0 0.839063 0.525000 0.015625 0.015625
0 0.278125 0.526563 0.015625 0.015625
0 0.915625 0.528125 0.015625 0.015625
0 0.879687 0.528125 0.015625 0.015625
0 0.309375 0.528125 0.015625 0.015625
0 0.243750 0.528125 0.015625 0.015625
0 0.956250 0.528125 0.015625 0.015625
0 0.614062 0.529687 0.015625 0.015625
0 0.210938 0.529687 0.015625 0.015625
0 0.187500 0.531250 0.015625 0.015625
0 0.504687 0.534375 0.015625 0.015625
0 0.406250 0.534375 0.015625 0.015625
0 0.475000 0.534375 0.015625 0.015625
0 0.437500 0.534375 0.015625 0.015625
0 0.548438 0.535937 0.015625 0.015625
0 0.064062 0.546875 0.015625 0.015625
0 0.026562 0.546875 0.015625 0.015625
0 0.329688 0.551562 0.015625 0.015625
0 0.818750 0.554688 0.015625 0.015625
0 0.632812 0.554688 0.015625 0.015625
0 0.782813 0.554688 0.015625 0.015625
0 0.218750 0.554688 0.015625 0.015625
0 0.142187 0.556250 0.015625 0.015625
0 0.670312 0.556250 0.015625 0.015625
0 0.895312 0.556250 0.015625 0.015625
0 0.707812 0.557813 0.015625 0.015625
0 0.929688 0.557813 0.015625 0.015625
0 0.971875 0.559375 0.015625 0.015625
0 0.275000 0.560937 0.015625 0.015625
0 0.765625 0.568750 0.015625 0.015625
0 0.009375 0.579688 0.015625 0.015625
0 0.312500 0.582812 0.015625 0.015625
0 0.348438 0.584375 0.015625 0.015625
0 0.120313 0.584375 0.015625 0.015625
0 0.046875 0.584375 0.015625 0.015625
0 0.878125 0.585938 0.015625 0.015625
0 0.801562 0.585938 0.015625 0.015625
0 0.192188 0.587500 0.015625 0.015625
0 0.082812 0.587500 0.015625 0.015625
0 0.951562 0.589063 0.015625 0.015625
0 0.915625 0.590625 0.015625 0.015625
0 0.226562 0.592187 0.015625 0.015625
0 0.995313 0.592187 0.015625 0.015625
0 0.271875 0.595313 0.015625 0.015625
0 0.728125 0.595313 0.015625 0.015625
0 0.379688 0.595313 0.015625 0.015625
0 0.339062 0.600000 0.015625 0.015625
0 0.559375 0.615625 0.015625 0.015625
0 0.142187 0.617188 0.015625 0.015625
0 0.214062 0.617188 0.015625 0.015625
0 0.175000 0.617188 0.015625 0.015625
0 0.065625 0.620313 0.015625 0.015625
0 0.025000 0.620313 0.015625 0.015625
0 0.521875 0.620313 0.015625 0.015625
0 0.104688 0.620313 0.015625 0.015625
0 0.292187 0.620313 0.015625 0.015625
0 0.245312 0.623437 0.015625 0.015625
0 0.446875 0.625000 0.015625 0.015625
0 0.701562 0.625000 0.015625 0.015625
0 0.859375 0.626563 0.015625 0.015625
0 0.935937 0.626563 0.015625 0.015625
0 0.971875 0.628125 0.015625 0.015625
0 0.896875 0.628125 0.015625 0.015625
0 0.410938 0.629687 0.015625 0.015625
0 0.356250 0.632812 0.015625 0.015625
0 0.734375 0.634375 0.015625 0.015625
0 0.660937 0.642188 0.015625 0.015625
0 0.009375 0.653125 0.015625 0.015625
0 0.100000 0.653125 0.015625 0.015625
0 0.048438 0.654687 0.015625 0.015625
0 0.146875 0.654687 0.015625 0.015625
0 0.193750 0.654687 0.015625 0.015625
0 0.498437 0.656250 0.015625 0.015625
0 0.992188 0.657813 0.015625 0.015625
0 0.300000 0.659375 0.015625 0.015625
0 0.234375 0.659375 0.015625 0.015625
0 0.878125 0.660937 0.015625 0.015625
0 0.395313 0.660937 0.015625 0.015625
0 0.951562 0.662500 0.015625 0.015625
0 0.354687 0.662500 0.015625 0.015625
0 0.425000 0.662500 0.015625 0.015625
0 0.914062 0.662500 0.015625 0.015625
0 0.715625 0.667188 0.015625 0.015625
0 0.635938 0.667188 0.015625 0.015625
0 0.760938 0.668750 0.015625 0.015625
0 0.173437 0.678125 0.015625 0.015625
0 0.071875 0.679688 0.015625 0.015625
0 0.215625 0.679688 0.015625 0.015625
0 0.114062 0.682813 0.015625 0.015625
0 0.289062 0.684375 0.015625 0.015625
0 0.859375 0.689063 0.015625 0.015625
0 0.478125 0.689063 0.015625 0.015625
0 0.515625 0.692187 0.015625 0.015625
0 0.371875 0.692187 0.015625 0.015625
0 0.895312 0.692187 0.015625 0.015625
0 0.554688 0.692187 0.015625 0.015625
0 0.932813 0.692187 0.015625 0.015625
0 0.970313 0.692187 0.015625 0.015625
0 0.406250 0.692187 0.015625 0.015625
0 0.321875 0.695312 0.015625 0.015625
0 0.585938 0.698438 0.015625 0.015625
0 0.628125 0.700000 0.015625 0.015625
0 0.154688 0.710938 0.015625 0.015625
0 0.196875 0.720313 0.015625 0.015625
0 0.914062 0.725000 0.015625 0.015625
0 0.875000 0.725000 0.015625 0.015625
0 0.987500 0.725000 0.015625 0.015625
0 0.950000 0.726562 0.015625 0.015625
0 0.293750 0.728125 0.015625 0.015625
0 0.339062 0.728125 0.015625 0.015625
0 0.404687 0.729688 0.015625 0.015625
0 0.373437 0.731250 0.015625 0.015625
0 0.575000 0.734375 0.015625 0.015625
0 0.620313 0.734375 0.015625 0.015625
0 0.659375 0.734375 0.015625 0.015625
0 0.221875 0.737500 0.015625 0.015625
0 0.250000 0.746875 0.015625 0.015625
0 0.321875 0.748437 0.015625 0.015625
0 0.021875 0.754687 0.015625 0.015625
0 0.443750 0.754687 0.015625 0.015625
0 0.364063 0.754687 0.015625 0.015625
0 0.196875 0.756250 0.015625 0.015625
0 0.896875 0.756250 0.015625 0.015625
0 0.932813 0.756250 0.015625 0.015625
0 0.970313 0.757812 0.015625 0.015625
0 0.400000 0.760938 0.015625 0.015625
0 0.592187 0.762500 0.015625 0.015625
0 0.701562 0.762500 0.015625 0.015625
0 0.839063 0.764062 0.015625 0.015625
0 0.264062 0.781250 0.015625 0.015625
0 0.759375 0.782813 0.015625 0.015625
0 0.948438 0.789062 0.015625 0.015625
0 0.985938 0.789062 0.015625 0.015625
0 0.340625 0.790625 0.015625 0.015625
0 0.423438 0.792188 0.015625 0.015625
0 0.300000 0.793750 0.015625 0.015625
0 0.601562 0.795312 0.015625 0.015625
0 0.376563 0.796875 0.015625 0.015625
0 0.746875 0.798438 0.015625 0.015625
0 0.651563 0.800000 0.015625 0.015625
0 0.796875 0.801562 0.015625 0.015625
