0 0.879687 0.375000 0.015625 0.015625
0 0.804688 0.378125 0.015625 0.015625
0 0.957812 0.381250 0.015625 0.015625
0 0.732812 0.382812 0.015625 0.015625
0 0.685937 0.437500 0.015625 0.015625
0 0.840625 0.442188 0.015625 0.015625
0 0.921875 0.445312 0.015625 0.015625
0 0.765625 0.445312 0.015625 0.015625
0 0.056250 0.487500 0.015625 0.015625
0 0.575000 0.503125 0.015625 0.015625
0 0.723437 0.507812 0.015625 0.015625
0 0.643750 0.510938 0.015625 0.015625
0 0.873437 0.510938 0.015625 0.015625
0 0.959375 0.514062 0.015625 0.015625
0 0.010937 0.554688 0.015625 0.015625
0 0.087500 0.556250 0.015625 0.015625
0 0.160938 0.556250 0.015625 0.015625
0 0.237500 0.560937 0.015625 0.015625
0 0.531250 0.562500 0.015625 0.015625
0 0.462500 0.562500 0.015625 0.015625
0 0.385937 0.564063 0.015625 0.015625
0 0.315625 0.565625 0.015625 0.015625
0 0.610938 0.571875 0.015625 0.015625
0 0.685937 0.575000 0.015625 0.015625
0 0.759375 0.575000 0.015625 0.015625
0 0.835938 0.579688 0.015625 0.015625
0 0.909375 0.587500 0.015625 0.015625
0 0.048438 0.620313 0.015625 0.015625
0 0.121875 0.623437 0.015625 0.015625
0 0.276562 0.625000 0.015625 0.015625
0 0.353125 0.625000 0.015625 0.015625
0 0.198437 0.626563 0.015625 0.015625
0 0.428125 0.626563 0.015625 0.015625
0 0.498437 0.628125 0.015625 0.015625
0 0.575000 0.635938 0.015625 0.015625
0 0.954688 0.640625 0.015625 0.015625
0 0.648438 0.642188 0.015625 0.015625
0 0.793750 0.643750 0.015625 0.015625
0 0.725000 0.643750 0.015625 0.015625
0 0.867188 0.646875 0.015625 0.015625
0 0.237500 0.685937 0.015625 0.015625
0 0.009375 0.687500 0.015625 0.015625
0 0.082812 0.687500 0.015625 0.015625
0 0.160938 0.689063 0.015625 0.015625
0 0.312500 0.689063 0.015625 0.015625
0 0.385937 0.692187 0.015625 0.015625
0 0.528125 0.696875 0.015625 0.015625
0 0.684375 0.706250 0.015625 0.015625
0 0.987500 0.707812 0.015625 0.015625
0 0.912500 0.707812 0.015625 0.015625
0 0.198437 0.751563 0.015625 0.015625
0 0.275000 0.751563 0.015625 0.015625
0 0.042188 0.751563 0.015625 0.015625
0 0.123438 0.751563 0.015625 0.015625
0 0.353125 0.753125 0.015625 0.015625
0 0.425000 0.759375 0.015625 0.015625
0 0.565625 0.759375 0.015625 0.015625
0 0.492188 0.760938 0.015625 0.015625
0 0.645312 0.765625 0.015625 0.015625
0 0.725000 0.765625 0.015625 0.015625
0 0.795312 0.770312 0.015625 0.015625
0 0.878125 0.770312 0.015625 0.015625
0 0.953125 0.773438 0.015625 0.015625
0 0.307812 0.821875 0.015625 0.015625
0 0.539062 0.825000 0.015625 0.015625
0 0.610938 0.826562 0.015625 0.015625
0 0.459375 0.828125 0.015625 0.015625
0 0.689063 0.831250 0.015625 0.015625
0 0.232813 0.831250 0.015625 0.015625
0 0.764062 0.832812 0.015625 0.015625
0 0.839063 0.835938 0.015625 0.015625
0 0.031250 0.837500 0.015625 0.015625
0 0.910937 0.840625 0.015625 0.015625
0 0.117188 0.860938 0.015625 0.015625
0 0.573438 0.893750 0.015625 0.015625
0 0.720313 0.893750 0.015625 0.015625
0 0.040625 0.901563 0.015625 0.015625
0 0.307812 0.937500 0.015625 0.015625
0 0.112500 0.996875 0.015625 0.015625
0 0.809375 0.890625 0.015625 0.015625
0 0.646875 0.893750 0.015625 0.015625
0 0.492188 0.882812 0.015625 0.015625
0 0.381250 0.820312 0.015625 0.015625
0 0.450000 0.696875 0.015625 0.015625
0 0.612500 0.698438 0.015625 0.015625
0 0.498437 0.489063 0.015625 0.015625
0 0.409375 0.492188 0.015625 0.015625
0 0.332813 0.489063 0.015625 0.015625
0 0.806250 0.498437 0.015625 0.015625
0 0.154688 0.928125 0.015625 0.015625
0 0.237500 0.939063 0.015625 0.015625
0 0.989062 0.834375 0.015625 0.015625
0 0.900000 0.879687 0.015625 0.015625
0 0.845313 0.695312 0.015625 0.015625
0 0.781250 0.695312 0.015625 0.015625
0 0.995313 0.575000 0.015625 0.015625
