0 0.396875 0.000000 0.015625 0.015625
0 0.484375 0.000000 0.015625 0.015625
0 0.315625 0.001563 0.015625 0.015625
0 0.068750 0.054688 0.015625 0.015625
0 0.220312 0.060937 0.015625 0.015625
0 0.142187 0.062500 0.015625 0.015625
0 0.371875 0.064062 0.015625 0.015625
0 0.446875 0.073438 0.015625 0.015625
0 0.040625 0.121875 0.015625 0.015625
0 0.112500 0.121875 0.015625 0.015625
0 0.262500 0.123438 0.015625 0.015625
0 0.190625 0.123438 0.015625 0.015625
0 0.418750 0.126562 0.015625 0.015625
0 0.343750 0.129688 0.015625 0.015625
0 0.564063 0.135937 0.015625 0.015625
0 0.492188 0.135937 0.015625 0.015625
0 0.223438 0.184375 0.015625 0.015625
0 0.139063 0.185938 0.015625 0.015625
0 0.448437 0.189062 0.015625 0.015625
0 0.298438 0.190625 0.015625 0.015625
0 0.521875 0.190625 0.015625 0.015625
0 0.048438 0.193750 0.015625 0.015625
0 0.368750 0.193750 0.015625 0.015625
0 0.587500 0.215625 0.015625 0.015625
0 0.642188 0.254688 0.015625 0.015625
0 0.103125 0.256250 0.015625 0.015625
0 0.259375 0.259375 0.015625 0.015625
0 0.014063 0.260937 0.015625 0.015625
0 0.334375 0.260937 0.015625 0.015625
0 0.190625 0.265625 0.015625 0.015625
0 0.484375 0.265625 0.015625 0.015625
0 0.560937 0.267188 0.015625 0.015625
0 0.409375 0.270313 0.015625 0.015625
0 0.151562 0.300000 0.015625 0.015625
0 0.295312 0.306250 0.015625 0.015625
0 0.367188 0.307812 0.015625 0.015625
0 0.065625 0.320312 0.015625 0.015625
0 0.443750 0.332813 0.015625 0.015625
0 0.593750 0.332813 0.015625 0.015625
0 0.518750 0.332813 0.015625 0.015625
0 0.120313 0.340625 0.015625 0.015625
0 0.171875 0.348438 0.015625 0.015625
0 0.671875 0.350000 0.015625 0.015625
0 0.017188 0.381250 0.015625 0.015625
0 0.406250 0.392188 0.015625 0.015625
0 0.326562 0.392188 0.015625 0.015625
0 0.482812 0.393750 0.015625 0.015625
0 0.246875 0.395313 0.015625 0.015625
0 0.175000 0.395313 0.015625 0.015625
0 0.554688 0.396875 0.015625 0.015625
0 0.100000 0.398438 0.015625 0.015625
0 0.629687 0.401562 0.015625 0.015625
0 0.728125 0.415625 0.015625 0.015625
0 0.287500 0.456250 0.015625 0.015625
0 0.209375 0.457813 0.015625 0.015625
0 0.364063 0.457813 0.015625 0.015625
0 0.442188 0.459375 0.015625 0.015625
0 0.140625 0.462500 0.015625 0.015625
0 0.062500 0.467187 0.015625 0.015625
0 0.518750 0.468750 0.015625 0.015625
0 0.595313 0.470313 0.015625 0.015625
0 0.740625 0.478125 0.015625 0.015625
0 0.675000 0.481250 0.015625 0.015625
0 0.245312 0.520312 0.015625 0.015625
0 0.171875 0.521875 0.015625 0.015625
0 0.100000 0.521875 0.015625 0.015625
0 0.403125 0.523438 0.015625 0.015625
0 0.325000 0.523438 0.015625 0.015625
0 0.015625 0.525000 0.015625 0.015625
0 0.479687 0.528125 0.015625 0.015625
0 0.553125 0.528125 0.015625 0.015625
0 0.779687 0.532813 0.015625 0.015625
0 0.628125 0.532813 0.015625 0.015625
0 0.707812 0.534375 0.015625 0.015625
0 0.278125 0.573438 0.015625 0.015625
0 0.140625 0.581250 0.015625 0.015625
0 0.215625 0.585938 0.015625 0.015625
0 0.440625 0.589063 0.015625 0.015625
0 0.364063 0.589063 0.015625 0.015625
0 0.046875 0.590625 0.015625 0.015625
0 0.823438 0.592187 0.015625 0.015625
0 0.592187 0.593750 0.015625 0.015625
0 0.668750 0.600000 0.015625 0.015625
0 0.742188 0.600000 0.015625 0.015625
0 0.507812 0.603125 0.015625 0.015625
0 0.550000 0.628125 0.015625 0.015625
0 0.173437 0.643750 0.015625 0.015625
0 0.246875 0.646875 0.015625 0.015625
0 0.021875 0.648438 0.015625 0.015625
0 0.321875 0.656250 0.015625 0.015625
0 0.403125 0.657813 0.015625 0.015625
0 0.475000 0.659375 0.015625 0.015625
0 0.698438 0.662500 0.015625 0.015625
0 0.628125 0.664062 0.015625 0.015625
0 0.779687 0.664062 0.015625 0.015625
0 0.546875 0.667188 0.015625 0.015625
0 0.873437 0.678125 0.015625 0.015625
0 0.057813 0.714063 0.015625 0.015625
0 0.134375 0.714063 0.015625 0.015625
0 0.285938 0.714063 0.015625 0.015625
0 0.434375 0.715625 0.015625 0.015625
0 0.210938 0.715625 0.015625 0.015625
0 0.360938 0.717187 0.015625 0.015625
0 0.515625 0.721875 0.015625 0.015625
0 0.665625 0.723437 0.015625 0.015625
0 0.589063 0.723437 0.015625 0.015625
0 0.743750 0.726562 0.015625 0.015625
0 0.817187 0.731250 0.015625 0.015625
0 0.320312 0.771875 0.015625 0.015625
0 0.017188 0.776563 0.015625 0.015625
0 0.395313 0.778125 0.015625 0.015625
0 0.092188 0.778125 0.015625 0.015625
0 0.159375 0.779687 0.015625 0.015625
0 0.857812 0.779687 0.015625 0.015625
0 0.701562 0.779687 0.015625 0.015625
0 0.917188 0.779687 0.015625 0.015625
0 0.245312 0.781250 0.015625 0.015625
0 0.470313 0.781250 0.015625 0.015625
0 0.620313 0.782813 0.015625 0.015625
0 0.546875 0.784375 0.015625 0.015625
0 0.776563 0.787500 0.015625 0.015625
0 0.353125 0.837500 0.015625 0.015625
0 0.950000 0.837500 0.015625 0.015625
0 0.201563 0.846875 0.015625 0.015625
0 0.506250 0.853125 0.015625 0.015625
0 0.660937 0.854688 0.015625 0.015625
0 0.809375 0.854688 0.015625 0.015625
0 0.739062 0.854688 0.015625 0.015625
0 0.581250 0.859375 0.015625 0.015625
0 0.889062 0.860938 0.015625 0.015625
0 0.048438 0.862500 0.015625 0.015625
0 0.092188 0.925000 0.015625 0.015625
