0 0.051562 0.576562 0.015625 0.015625
0 0.089063 0.578125 0.015625 0.015625
0 0.165625 0.578125 0.015625 0.015625
0 0.203125 0.578125 0.015625 0.015625
0 0.126562 0.578125 0.015625 0.015625
0 0.242188 0.578125 0.015625 0.015625
0 0.012500 0.639062 0.015625 0.015625
0 0.089063 0.642188 0.015625 0.015625
0 0.051562 0.643750 0.015625 0.015625
0 0.028125 0.671875 0.015625 0.015625
0 0.068750 0.675000 0.015625 0.015625
0 0.182812 0.675000 0.015625 0.015625
0 0.298438 0.676562 0.015625 0.015625
0 0.259375 0.676562 0.015625 0.015625
0 0.010937 0.704688 0.015625 0.015625
0 0.051562 0.706250 0.015625 0.015625
0 0.276562 0.714063 0.015625 0.015625
0 0.065625 0.737500 0.015625 0.015625
0 0.029687 0.739062 0.015625 0.015625
0 0.296875 0.745313 0.015625 0.015625
0 0.128125 0.767188 0.015625 0.015625
0 0.087500 0.770312 0.015625 0.015625
0 0.012500 0.770312 0.015625 0.015625
0 0.051562 0.771875 0.015625 0.015625
0 0.278125 0.773438 0.015625 0.015625
0 0.164062 0.775000 0.015625 0.015625
0 0.237500 0.775000 0.015625 0.015625
0 0.348438 0.775000 0.015625 0.015625
0 0.315625 0.776563 0.015625 0.015625
0 0.028125 0.806250 0.015625 0.015625
0 0.064062 0.807813 0.015625 0.015625
0 0.142187 0.807813 0.015625 0.015625
0 0.103125 0.809375 0.015625 0.015625
0 0.254688 0.810937 0.015625 0.015625
0 0.331250 0.812500 0.015625 0.015625
0 0.367188 0.812500 0.015625 0.015625
0 0.006250 0.840625 0.015625 0.015625
0 0.043750 0.840625 0.015625 0.015625
0 0.353125 0.843750 0.015625 0.015625
0 0.120313 0.843750 0.015625 0.015625
0 0.201563 0.843750 0.015625 0.015625
0 0.160938 0.843750 0.015625 0.015625
0 0.275000 0.843750 0.015625 0.015625
0 0.310937 0.845313 0.015625 0.015625
0 0.025000 0.870313 0.015625 0.015625
0 0.065625 0.870313 0.015625 0.015625
0 0.104688 0.871875 0.015625 0.015625
0 0.139063 0.875000 0.015625 0.015625
0 0.179688 0.875000 0.015625 0.015625
0 0.218750 0.875000 0.015625 0.015625
0 0.331250 0.876563 0.015625 0.015625
0 0.368750 0.878125 0.015625 0.015625
0 0.293750 0.879687 0.015625 0.015625
0 0.004687 0.903125 0.015625 0.015625
0 0.043750 0.906250 0.015625 0.015625
0 0.120313 0.906250 0.015625 0.015625
0 0.312500 0.907813 0.015625 0.015625
0 0.385937 0.912500 0.015625 0.015625
0 0.350000 0.912500 0.015625 0.015625
0 0.025000 0.937500 0.015625 0.015625
0 0.143750 0.937500 0.015625 0.015625
0 0.062500 0.939063 0.015625 0.015625
0 0.100000 0.939063 0.015625 0.015625
0 0.179688 0.940625 0.015625 0.015625
0 0.254688 0.942187 0.015625 0.015625
0 0.217188 0.943750 0.015625 0.015625
0 0.293750 0.943750 0.015625 0.015625
0 0.365625 0.946875 0.015625 0.015625
0 0.404687 0.946875 0.015625 0.015625
0 0.003125 0.970313 0.015625 0.015625
0 0.081250 0.970313 0.015625 0.015625
0 0.043750 0.971875 0.015625 0.015625
0 0.160938 0.973437 0.015625 0.015625
0 0.120313 0.975000 0.015625 0.015625
0 0.273438 0.975000 0.015625 0.015625
0 0.235937 0.976562 0.015625 0.015625
0 0.195312 0.976562 0.015625 0.015625
0 0.345313 0.978125 0.015625 0.015625
0 0.382812 0.979688 0.015625 0.015625
0 0.321875 0.981250 0.015625 0.015625
0 0.200000 0.910937 0.015625 0.015625
0 0.164062 0.910937 0.015625 0.015625
0 0.239063 0.912500 0.015625 0.015625
0 0.085938 0.704688 0.015625 0.015625
0 0.107813 0.671875 0.015625 0.015625
0 0.125000 0.704688 0.015625 0.015625
0 0.128125 0.642188 0.015625 0.015625
0 0.148438 0.676562 0.015625 0.015625
0 0.165625 0.706250 0.015625 0.015625
0 0.189062 0.739062 0.015625 0.015625
0 0.221875 0.743750 0.015625 0.015625
0 0.204687 0.767188 0.015625 0.015625
0 0.201563 0.707812 0.015625 0.015625
0 0.223438 0.675000 0.015625 0.015625
0 0.240625 0.715625 0.015625 0.015625
0 0.204687 0.645312 0.015625 0.015625
0 0.154688 0.640625 0.015625 0.015625
0 0.256250 0.740625 0.015625 0.015625
0 0.314063 0.710938 0.015625 0.015625
0 0.334375 0.739062 0.015625 0.015625
0 0.348438 0.710938 0.015625 0.015625
0 0.335938 0.676562 0.015625 0.015625
0 0.379688 0.745313 0.015625 0.015625
0 0.390625 0.775000 0.015625 0.015625
0 0.407813 0.750000 0.015625 0.015625
0 0.425000 0.779687 0.015625 0.015625
0 0.446875 0.748437 0.015625 0.015625
0 0.395313 0.712500 0.015625 0.015625
0 0.434375 0.717187 0.015625 0.015625
0 0.464062 0.717187 0.015625 0.015625
0 0.446875 0.675000 0.015625 0.015625
0 0.473438 0.775000 0.015625 0.015625
0 0.487500 0.748437 0.015625 0.015625
0 0.506250 0.718750 0.015625 0.015625
0 0.406250 0.815625 0.015625 0.015625
0 0.446875 0.815625 0.015625 0.015625
0 0.492188 0.818750 0.015625 0.015625
0 0.518750 0.818750 0.015625 0.015625
0 0.557813 0.818750 0.015625 0.015625
0 0.598437 0.818750 0.015625 0.015625
0 0.637500 0.820312 0.015625 0.015625
0 0.395313 0.851562 0.015625 0.015625
0 0.409375 0.879687 0.015625 0.015625
0 0.425000 0.850000 0.015625 0.015625
0 0.251563 0.640625 0.015625 0.015625
0 0.315625 0.651563 0.015625 0.015625
0 0.393750 0.650000 0.015625 0.015625
0 0.435937 0.653125 0.015625 0.015625
0 0.473438 0.653125 0.015625 0.015625
0 0.504687 0.653125 0.015625 0.015625
0 0.542188 0.653125 0.015625 0.015625
0 0.584375 0.657813 0.015625 0.015625
0 0.625000 0.656250 0.015625 0.015625
0 0.556250 0.681250 0.015625 0.015625
0 0.518750 0.682813 0.015625 0.015625
0 0.479687 0.681250 0.015625 0.015625
0 0.400000 0.679688 0.015625 0.015625
0 0.373437 0.678125 0.015625 0.015625
0 0.575000 0.684375 0.015625 0.015625
0 0.603125 0.685937 0.015625 0.015625
0 0.642188 0.685937 0.015625 0.015625
0 0.678125 0.685937 0.015625 0.015625
0 0.714063 0.684375 0.015625 0.015625
0 0.620313 0.721875 0.015625 0.015625
0 0.575000 0.718750 0.015625 0.015625
0 0.535937 0.720313 0.015625 0.015625
0 0.529687 0.748437 0.015625 0.015625
0 0.568750 0.750000 0.015625 0.015625
0 0.601562 0.750000 0.015625 0.015625
0 0.634375 0.750000 0.015625 0.015625
0 0.501563 0.784375 0.015625 0.015625
0 0.535937 0.785937 0.015625 0.015625
0 0.581250 0.785937 0.015625 0.015625
0 0.617188 0.787500 0.015625 0.015625
0 0.651563 0.789062 0.015625 0.015625
0 0.467187 0.851562 0.015625 0.015625
0 0.509375 0.853125 0.015625 0.015625
0 0.542188 0.853125 0.015625 0.015625
0 0.568750 0.854688 0.015625 0.015625
0 0.482812 0.884375 0.015625 0.015625
0 0.521875 0.885938 0.015625 0.015625
0 0.565625 0.885938 0.015625 0.015625
0 0.598437 0.885938 0.015625 0.015625
0 0.423438 0.915625 0.015625 0.015625
0 0.440625 0.946875 0.015625 0.015625
0 0.425000 0.981250 0.015625 0.015625
0 0.460938 0.982812 0.015625 0.015625
0 0.537500 0.979688 0.015625 0.015625
0 0.495312 0.981250 0.015625 0.015625
0 0.481250 0.946875 0.015625 0.015625
0 0.515625 0.950000 0.015625 0.015625
0 0.560937 0.950000 0.015625 0.015625
0 0.596875 0.950000 0.015625 0.015625
0 0.467187 0.909375 0.015625 0.015625
0 0.498437 0.912500 0.015625 0.015625
0 0.689063 0.920312 0.015625 0.015625
0 0.673438 0.887500 0.015625 0.015625
0 0.746875 0.953125 0.015625 0.015625
0 0.785937 0.953125 0.015625 0.015625
0 0.828125 0.954688 0.015625 0.015625
0 0.859375 0.956250 0.015625 0.015625
0 0.806250 0.723437 0.015625 0.015625
0 0.695312 0.721875 0.015625 0.015625
0 0.657813 0.721875 0.015625 0.015625
0 0.676562 0.754687 0.015625 0.015625
0 0.717187 0.754687 0.015625 0.015625
0 0.751563 0.756250 0.015625 0.015625
0 0.737500 0.721875 0.015625 0.015625
0 0.773438 0.726562 0.015625 0.015625
0 0.823438 0.756250 0.015625 0.015625
0 0.790625 0.751563 0.015625 0.015625
0 0.848437 0.723437 0.015625 0.015625
0 0.864062 0.750000 0.015625 0.015625
0 0.884375 0.725000 0.015625 0.015625
0 0.881250 0.787500 0.015625 0.015625
0 0.845313 0.785937 0.015625 0.015625
0 0.804688 0.785937 0.015625 0.015625
0 0.721875 0.785937 0.015625 0.015625
0 0.693750 0.787500 0.015625 0.015625
0 0.714063 0.821875 0.015625 0.015625
0 0.753125 0.825000 0.015625 0.015625
0 0.790625 0.820312 0.015625 0.015625
0 0.825000 0.821875 0.015625 0.015625
0 0.689063 0.854688 0.015625 0.015625
0 0.628125 0.853125 0.015625 0.015625
0 0.810937 0.859375 0.015625 0.015625
0 0.848437 0.859375 0.015625 0.015625
0 0.876563 0.859375 0.015625 0.015625
0 0.862500 0.890625 0.015625 0.015625
0 0.823438 0.889062 0.015625 0.015625
0 0.784375 0.889062 0.015625 0.015625
0 0.726562 0.923438 0.015625 0.015625
0 0.801562 0.923438 0.015625 0.015625
0 0.846875 0.925000 0.015625 0.015625
0 0.875000 0.925000 0.015625 0.015625
0 0.635938 0.000000 0.015625 0.015625
0 0.673438 0.000000 0.015625 0.015625
0 0.748437 0.000000 0.015625 0.015625
0 0.859375 0.001563 0.015625 0.015625
0 0.785937 0.001563 0.015625 0.015625
0 0.898438 0.004687 0.015625 0.015625
0 0.975000 0.004687 0.015625 0.015625
0 0.937500 0.006250 0.015625 0.015625
0 0.045312 0.017188 0.015625 0.015625
0 0.084375 0.017188 0.015625 0.015625
0 0.120313 0.018750 0.015625 0.015625
0 0.160938 0.020313 0.015625 0.015625
0 0.198437 0.021875 0.015625 0.015625
0 0.271875 0.023438 0.015625 0.015625
0 0.310937 0.023438 0.015625 0.015625
0 0.234375 0.023438 0.015625 0.015625
0 0.346875 0.026562 0.015625 0.015625
0 0.421875 0.028125 0.015625 0.015625
0 0.384375 0.028125 0.015625 0.015625
0 0.840625 0.029687 0.015625 0.015625
0 0.615625 0.029687 0.015625 0.015625
0 0.500000 0.029687 0.015625 0.015625
0 0.462500 0.031250 0.015625 0.015625
0 0.575000 0.031250 0.015625 0.015625
0 0.535937 0.032813 0.015625 0.015625
0 0.729688 0.034375 0.015625 0.015625
0 0.689063 0.034375 0.015625 0.015625
0 0.804688 0.034375 0.015625 0.015625
0 0.767188 0.035937 0.015625 0.015625
0 0.881250 0.035937 0.015625 0.015625
0 0.957812 0.039062 0.015625 0.015625
0 0.918750 0.039062 0.015625 0.015625
0 0.995313 0.040625 0.015625 0.015625
0 0.062500 0.050000 0.015625 0.015625
0 0.139063 0.051562 0.015625 0.015625
0 0.176563 0.054688 0.015625 0.015625
0 0.214062 0.054688 0.015625 0.015625
0 0.250000 0.057813 0.015625 0.015625
0 0.326562 0.057813 0.015625 0.015625
0 0.360938 0.057813 0.015625 0.015625
0 0.481250 0.060937 0.015625 0.015625
0 0.403125 0.060937 0.015625 0.015625
0 0.439063 0.060937 0.015625 0.015625
0 0.596875 0.064062 0.015625 0.015625
0 0.632812 0.065625 0.015625 0.015625
0 0.556250 0.065625 0.015625 0.015625
0 0.515625 0.067187 0.015625 0.015625
0 0.670312 0.067187 0.015625 0.015625
0 0.707812 0.067187 0.015625 0.015625
0 0.823438 0.067187 0.015625 0.015625
0 0.748437 0.068750 0.015625 0.015625
0 0.785937 0.070312 0.015625 0.015625
0 0.118750 0.085938 0.015625 0.015625
0 0.082812 0.085938 0.015625 0.015625
0 0.196875 0.085938 0.015625 0.015625
0 0.159375 0.085938 0.015625 0.015625
0 0.232813 0.087500 0.015625 0.015625
0 0.270313 0.087500 0.015625 0.015625
0 0.310937 0.087500 0.015625 0.015625
0 0.382812 0.092188 0.015625 0.015625
0 0.846875 0.093750 0.015625 0.015625
0 0.421875 0.095312 0.015625 0.015625
0 0.460938 0.095312 0.015625 0.015625
0 0.498437 0.096875 0.015625 0.015625
0 0.725000 0.098437 0.015625 0.015625
0 0.687500 0.098437 0.015625 0.015625
0 0.612500 0.098437 0.015625 0.015625
0 0.535937 0.098437 0.015625 0.015625
0 0.650000 0.098437 0.015625 0.015625
0 0.573438 0.100000 0.015625 0.015625
0 0.801562 0.100000 0.015625 0.015625
0 0.762500 0.100000 0.015625 0.015625
0 0.990625 0.100000 0.015625 0.015625
0 0.923438 0.106250 0.015625 0.015625
0 0.214062 0.117188 0.015625 0.015625
0 0.139063 0.117188 0.015625 0.015625
0 0.176563 0.117188 0.015625 0.015625
0 0.098437 0.118750 0.015625 0.015625
0 0.248438 0.120313 0.015625 0.015625
0 0.289062 0.120313 0.015625 0.015625
0 0.328125 0.123438 0.015625 0.015625
0 0.364063 0.123438 0.015625 0.015625
0 0.401562 0.126562 0.015625 0.015625
0 0.592187 0.129688 0.015625 0.015625
0 0.478125 0.129688 0.015625 0.015625
0 0.439063 0.129688 0.015625 0.015625
0 0.628125 0.129688 0.015625 0.015625
0 0.704688 0.131250 0.015625 0.015625
0 0.742188 0.131250 0.015625 0.015625
0 0.517188 0.131250 0.015625 0.015625
0 0.781250 0.132812 0.015625 0.015625
0 0.820312 0.134375 0.015625 0.015625
0 0.667188 0.134375 0.015625 0.015625
0 0.856250 0.135937 0.015625 0.015625
0 0.040625 0.146875 0.015625 0.015625
0 0.195312 0.151562 0.015625 0.015625
0 0.118750 0.151562 0.015625 0.015625
0 0.232813 0.153125 0.015625 0.015625
0 0.268750 0.154688 0.015625 0.015625
0 0.309375 0.154688 0.015625 0.015625
0 0.348438 0.157812 0.015625 0.015625
0 0.385937 0.157812 0.015625 0.015625
0 0.459375 0.159375 0.015625 0.015625
0 0.610938 0.160938 0.015625 0.015625
0 0.573438 0.160938 0.015625 0.015625
0 0.496875 0.162500 0.015625 0.015625
0 0.534375 0.162500 0.015625 0.015625
0 0.648438 0.164062 0.015625 0.015625
0 0.723437 0.165625 0.015625 0.015625
0 0.685937 0.165625 0.015625 0.015625
0 0.760938 0.167187 0.015625 0.015625
0 0.798438 0.167187 0.015625 0.015625
0 0.837500 0.167187 0.015625 0.015625
0 0.875000 0.168750 0.015625 0.015625
0 0.135937 0.184375 0.015625 0.015625
0 0.173437 0.184375 0.015625 0.015625
0 0.096875 0.184375 0.015625 0.015625
0 0.251563 0.185938 0.015625 0.015625
0 0.212500 0.185938 0.015625 0.015625
0 0.289062 0.185938 0.015625 0.015625
0 0.326562 0.185938 0.015625 0.015625
0 0.365625 0.189062 0.015625 0.015625
0 0.401562 0.190625 0.015625 0.015625
0 0.439063 0.190625 0.015625 0.015625
0 0.514062 0.193750 0.015625 0.015625
0 0.592187 0.193750 0.015625 0.015625
0 0.553125 0.193750 0.015625 0.015625
0 0.628125 0.193750 0.015625 0.015625
0 0.664062 0.196875 0.015625 0.015625
0 0.817187 0.196875 0.015625 0.015625
0 0.701562 0.196875 0.015625 0.015625
0 0.781250 0.196875 0.015625 0.015625
0 0.740625 0.198437 0.015625 0.015625
0 0.854688 0.198437 0.015625 0.015625
0 0.115625 0.215625 0.015625 0.015625
0 0.079687 0.215625 0.015625 0.015625
0 0.229687 0.215625 0.015625 0.015625
0 0.190625 0.215625 0.015625 0.015625
0 0.153125 0.217188 0.015625 0.015625
0 0.271875 0.217188 0.015625 0.015625
0 0.307812 0.217188 0.015625 0.015625
0 0.384375 0.220312 0.015625 0.015625
0 0.346875 0.221875 0.015625 0.015625
0 0.421875 0.223438 0.015625 0.015625
0 0.534375 0.225000 0.015625 0.015625
0 0.459375 0.225000 0.015625 0.015625
0 0.496875 0.226562 0.015625 0.015625
0 0.571875 0.226562 0.015625 0.015625
0 0.610938 0.228125 0.015625 0.015625
0 0.646875 0.228125 0.015625 0.015625
0 0.684375 0.229687 0.015625 0.015625
0 0.798438 0.229687 0.015625 0.015625
0 0.835938 0.231250 0.015625 0.015625
0 0.721875 0.231250 0.015625 0.015625
0 0.760938 0.231250 0.015625 0.015625
0 0.875000 0.234375 0.015625 0.015625
0 0.059375 0.246875 0.015625 0.015625
0 0.134375 0.248438 0.015625 0.015625
0 0.171875 0.248438 0.015625 0.015625
0 0.098437 0.248438 0.015625 0.015625
0 0.209375 0.250000 0.015625 0.015625
0 0.248438 0.250000 0.015625 0.015625
0 0.287500 0.250000 0.015625 0.015625
0 0.323437 0.251563 0.015625 0.015625
0 0.362500 0.253125 0.015625 0.015625
0 0.401562 0.256250 0.015625 0.015625
0 0.551562 0.257812 0.015625 0.015625
0 0.437500 0.257812 0.015625 0.015625
0 0.589063 0.259375 0.015625 0.015625
0 0.473438 0.259375 0.015625 0.015625
0 0.512500 0.259375 0.015625 0.015625
0 0.626563 0.260937 0.015625 0.015625
0 0.740625 0.260937 0.015625 0.015625
0 0.703125 0.262500 0.015625 0.015625
0 0.664062 0.262500 0.015625 0.015625
0 0.778125 0.262500 0.015625 0.015625
0 0.817187 0.265625 0.015625 0.015625
0 0.853125 0.267188 0.015625 0.015625
0 0.890625 0.268750 0.015625 0.015625
0 0.078125 0.279687 0.015625 0.015625
0 0.115625 0.279687 0.015625 0.015625
0 0.153125 0.279687 0.015625 0.015625
0 0.035937 0.279687 0.015625 0.015625
0 0.192188 0.281250 0.015625 0.015625
0 0.265625 0.285938 0.015625 0.015625
0 0.304688 0.285938 0.015625 0.015625
0 0.342187 0.287500 0.015625 0.015625
0 0.382812 0.287500 0.015625 0.015625
0 0.534375 0.289062 0.015625 0.015625
0 0.420312 0.290625 0.015625 0.015625
0 0.571875 0.290625 0.015625 0.015625
0 0.457813 0.290625 0.015625 0.015625
0 0.495312 0.292187 0.015625 0.015625
0 0.609375 0.293750 0.015625 0.015625
0 0.646875 0.293750 0.015625 0.015625
0 0.685937 0.295312 0.015625 0.015625
0 0.725000 0.295312 0.015625 0.015625
0 0.760938 0.296875 0.015625 0.015625
0 0.798438 0.296875 0.015625 0.015625
0 0.834375 0.298438 0.015625 0.015625
0 0.873437 0.300000 0.015625 0.015625
0 0.060937 0.310937 0.015625 0.015625
0 0.096875 0.312500 0.015625 0.015625
0 0.132812 0.314063 0.015625 0.015625
0 0.171875 0.314063 0.015625 0.015625
0 0.209375 0.315625 0.015625 0.015625
0 0.246875 0.317188 0.015625 0.015625
0 0.285938 0.318750 0.015625 0.015625
0 0.360938 0.320312 0.015625 0.015625
0 0.323437 0.320312 0.015625 0.015625
0 0.437500 0.321875 0.015625 0.015625
0 0.400000 0.321875 0.015625 0.015625
0 0.475000 0.321875 0.015625 0.015625
0 0.551562 0.323437 0.015625 0.015625
0 0.585938 0.323437 0.015625 0.015625
0 0.512500 0.325000 0.015625 0.015625
0 0.664062 0.326562 0.015625 0.015625
0 0.703125 0.326562 0.015625 0.015625
0 0.625000 0.326562 0.015625 0.015625
0 0.740625 0.329688 0.015625 0.015625
0 0.778125 0.329688 0.015625 0.015625
0 0.814063 0.331250 0.015625 0.015625
0 0.851562 0.332813 0.015625 0.015625
0 0.114062 0.346875 0.015625 0.015625
0 0.076563 0.346875 0.015625 0.015625
0 0.151562 0.346875 0.015625 0.015625
0 0.189062 0.346875 0.015625 0.015625
0 0.034375 0.346875 0.015625 0.015625
0 0.226562 0.350000 0.015625 0.015625
0 0.264062 0.350000 0.015625 0.015625
0 0.301563 0.351562 0.015625 0.015625
0 0.493750 0.353125 0.015625 0.015625
0 0.342187 0.353125 0.015625 0.015625
0 0.379688 0.354687 0.015625 0.015625
0 0.418750 0.354687 0.015625 0.015625
0 0.532813 0.354687 0.015625 0.015625
0 0.570312 0.356250 0.015625 0.015625
0 0.451562 0.356250 0.015625 0.015625
0 0.609375 0.356250 0.015625 0.015625
0 0.685937 0.359375 0.015625 0.015625
0 0.646875 0.359375 0.015625 0.015625
0 0.721875 0.360938 0.015625 0.015625
0 0.760938 0.360938 0.015625 0.015625
0 0.800000 0.364063 0.015625 0.015625
0 0.835938 0.365625 0.015625 0.015625
0 0.873437 0.365625 0.015625 0.015625
0 0.096875 0.379688 0.015625 0.015625
0 0.135937 0.381250 0.015625 0.015625
0 0.170313 0.381250 0.015625 0.015625
0 0.282813 0.382812 0.015625 0.015625
0 0.209375 0.384375 0.015625 0.015625
0 0.246875 0.384375 0.015625 0.015625
0 0.323437 0.385937 0.015625 0.015625
0 0.360938 0.385937 0.015625 0.015625
0 0.396875 0.387500 0.015625 0.015625
0 0.435937 0.389062 0.015625 0.015625
0 0.473438 0.389062 0.015625 0.015625
0 0.665625 0.390625 0.015625 0.015625
0 0.587500 0.390625 0.015625 0.015625
0 0.701562 0.393750 0.015625 0.015625
0 0.740625 0.393750 0.015625 0.015625
0 0.779687 0.395313 0.015625 0.015625
0 0.815625 0.396875 0.015625 0.015625
0 0.853125 0.398438 0.015625 0.015625
0 0.075000 0.410938 0.015625 0.015625
0 0.114062 0.412500 0.015625 0.015625
0 0.151562 0.412500 0.015625 0.015625
0 0.189062 0.414062 0.015625 0.015625
0 0.226562 0.414062 0.015625 0.015625
0 0.264062 0.415625 0.015625 0.015625
0 0.301563 0.417187 0.015625 0.015625
0 0.340625 0.417187 0.015625 0.015625
0 0.378125 0.418750 0.015625 0.015625
0 0.415625 0.420312 0.015625 0.015625
0 0.609375 0.421875 0.015625 0.015625
0 0.454688 0.421875 0.015625 0.015625
0 0.493750 0.421875 0.015625 0.015625
0 0.570312 0.423438 0.015625 0.015625
0 0.645312 0.423438 0.015625 0.015625
0 0.532813 0.423438 0.015625 0.015625
0 0.682813 0.426563 0.015625 0.015625
0 0.721875 0.428125 0.015625 0.015625
0 0.759375 0.429688 0.015625 0.015625
0 0.796875 0.431250 0.015625 0.015625
0 0.834375 0.432812 0.015625 0.015625
0 0.870313 0.434375 0.015625 0.015625
0 0.057813 0.443750 0.015625 0.015625
0 0.093750 0.443750 0.015625 0.015625
0 0.132812 0.445312 0.015625 0.015625
0 0.170313 0.446875 0.015625 0.015625
0 0.245312 0.448437 0.015625 0.015625
0 0.207813 0.448437 0.015625 0.015625
0 0.284375 0.448437 0.015625 0.015625
0 0.321875 0.450000 0.015625 0.015625
0 0.360938 0.451562 0.015625 0.015625
0 0.398438 0.451562 0.015625 0.015625
0 0.473438 0.453125 0.015625 0.015625
0 0.550000 0.454688 0.015625 0.015625
0 0.625000 0.454688 0.015625 0.015625
0 0.434375 0.454688 0.015625 0.015625
0 0.664062 0.456250 0.015625 0.015625
0 0.587500 0.457813 0.015625 0.015625
0 0.700000 0.457813 0.015625 0.015625
0 0.739062 0.460938 0.015625 0.015625
0 0.778125 0.462500 0.015625 0.015625
0 0.814063 0.462500 0.015625 0.015625
0 0.851562 0.465625 0.015625 0.015625
0 0.034375 0.475000 0.015625 0.015625
0 0.073438 0.476562 0.015625 0.015625
0 0.112500 0.478125 0.015625 0.015625
0 0.150000 0.479687 0.015625 0.015625
0 0.189062 0.479687 0.015625 0.015625
0 0.225000 0.481250 0.015625 0.015625
0 0.303125 0.482812 0.015625 0.015625
0 0.264062 0.482812 0.015625 0.015625
0 0.339062 0.484375 0.015625 0.015625
0 0.378125 0.484375 0.015625 0.015625
0 0.531250 0.485938 0.015625 0.015625
0 0.454688 0.485938 0.015625 0.015625
0 0.492188 0.485938 0.015625 0.015625
0 0.418750 0.487500 0.015625 0.015625
0 0.643750 0.487500 0.015625 0.015625
0 0.684375 0.489063 0.015625 0.015625
0 0.721875 0.492188 0.015625 0.015625
0 0.759375 0.493750 0.015625 0.015625
0 0.796875 0.495312 0.015625 0.015625
0 0.834375 0.496875 0.015625 0.015625
0 0.871875 0.496875 0.015625 0.015625
0 0.128125 0.512500 0.015625 0.015625
0 0.165625 0.512500 0.015625 0.015625
0 0.204687 0.512500 0.015625 0.015625
0 0.245312 0.514062 0.015625 0.015625
0 0.282813 0.515625 0.015625 0.015625
0 0.321875 0.517188 0.015625 0.015625
0 0.357812 0.517188 0.015625 0.015625
0 0.398438 0.518750 0.015625 0.015625
0 0.435937 0.520312 0.015625 0.015625
0 0.471875 0.520312 0.015625 0.015625
0 0.510938 0.520312 0.015625 0.015625
0 0.585938 0.520312 0.015625 0.015625
0 0.548438 0.521875 0.015625 0.015625
0 0.623437 0.523438 0.015625 0.015625
0 0.662500 0.525000 0.015625 0.015625
0 0.701562 0.528125 0.015625 0.015625
0 0.737500 0.528125 0.015625 0.015625
0 0.850000 0.529687 0.015625 0.015625
0 0.775000 0.531250 0.015625 0.015625
0 0.812500 0.531250 0.015625 0.015625
0 0.071875 0.542188 0.015625 0.015625
0 0.109375 0.542188 0.015625 0.015625
0 0.034375 0.543750 0.015625 0.015625
0 0.185938 0.545312 0.015625 0.015625
0 0.146875 0.545312 0.015625 0.015625
0 0.223438 0.546875 0.015625 0.015625
0 0.262500 0.548438 0.015625 0.015625
0 0.300000 0.550000 0.015625 0.015625
0 0.337500 0.551562 0.015625 0.015625
0 0.376563 0.551562 0.015625 0.015625
0 0.414062 0.553125 0.015625 0.015625
0 0.451562 0.554688 0.015625 0.015625
0 0.489063 0.556250 0.015625 0.015625
0 0.645312 0.556250 0.015625 0.015625
0 0.682813 0.559375 0.015625 0.015625
0 0.756250 0.562500 0.015625 0.015625
0 0.868750 0.562500 0.015625 0.015625
0 0.832812 0.562500 0.015625 0.015625
0 0.795312 0.564063 0.015625 0.015625
0 0.089063 0.576562 0.015625 0.015625
0 0.165625 0.578125 0.015625 0.015625
0 0.203125 0.578125 0.015625 0.015625
0 0.126562 0.578125 0.015625 0.015625
0 0.242188 0.579688 0.015625 0.015625
0 0.278125 0.581250 0.015625 0.015625
0 0.318750 0.582812 0.015625 0.015625
0 0.356250 0.585938 0.015625 0.015625
0 0.395313 0.585938 0.015625 0.015625
0 0.470313 0.587500 0.015625 0.015625
0 0.507812 0.589063 0.015625 0.015625
0 0.621875 0.590625 0.015625 0.015625
0 0.546875 0.590625 0.015625 0.015625
0 0.660937 0.590625 0.015625 0.015625
0 0.698438 0.593750 0.015625 0.015625
0 0.810937 0.593750 0.015625 0.015625
0 0.735938 0.593750 0.015625 0.015625
0 0.773438 0.593750 0.015625 0.015625
0 0.846875 0.595313 0.015625 0.015625
0 0.882812 0.596875 0.015625 0.015625
0 0.076563 0.145313 0.015625 0.015625
0 0.060937 0.114062 0.015625 0.015625
0 0.057813 0.178125 0.015625 0.015625
0 0.040625 0.210938 0.015625 0.015625
0 0.229687 0.290625 0.015625 0.015625
