0 0.085938 0.001563 0.015625 0.015625
0 0.307812 0.003125 0.015625 0.015625
0 0.160938 0.004687 0.015625 0.015625
0 0.385937 0.009375 0.015625 0.015625
0 0.539062 0.010937 0.015625 0.015625
0 0.692187 0.010937 0.015625 0.015625
0 0.464062 0.012500 0.015625 0.015625
0 0.615625 0.014063 0.015625 0.015625
0 0.767188 0.014063 0.015625 0.015625
0 0.918750 0.020313 0.015625 0.015625
0 0.840625 0.021875 0.015625 0.015625
0 0.993750 0.023438 0.015625 0.015625
0 0.268750 0.059375 0.015625 0.015625
0 0.046875 0.068750 0.015625 0.015625
0 0.196875 0.070312 0.015625 0.015625
0 0.121875 0.071875 0.015625 0.015625
0 0.350000 0.073438 0.015625 0.015625
0 0.732812 0.078125 0.015625 0.015625
0 0.504687 0.078125 0.015625 0.015625
0 0.426563 0.078125 0.015625 0.015625
0 0.656250 0.082812 0.015625 0.015625
0 0.578125 0.082812 0.015625 0.015625
0 0.806250 0.085938 0.015625 0.015625
0 0.884375 0.087500 0.015625 0.015625
0 0.962500 0.089063 0.015625 0.015625
0 0.004687 0.134375 0.015625 0.015625
0 0.235937 0.135937 0.015625 0.015625
0 0.084375 0.137500 0.015625 0.015625
0 0.160938 0.140625 0.015625 0.015625
0 0.845313 0.148438 0.015625 0.015625
0 0.764062 0.151562 0.015625 0.015625
0 0.932813 0.164062 0.015625 0.015625
0 0.281250 0.189062 0.015625 0.015625
0 0.039062 0.198437 0.015625 0.015625
0 0.192188 0.200000 0.015625 0.015625
0 0.114062 0.200000 0.015625 0.015625
0 0.568750 0.201563 0.015625 0.015625
0 0.648438 0.207813 0.015625 0.015625
0 0.434375 0.212500 0.015625 0.015625
0 0.875000 0.212500 0.015625 0.015625
0 0.726562 0.214062 0.015625 0.015625
0 0.803125 0.215625 0.015625 0.015625
0 0.071875 0.264062 0.015625 0.015625
0 0.150000 0.267188 0.015625 0.015625
0 0.229687 0.268750 0.015625 0.015625
0 0.301563 0.271875 0.015625 0.015625
0 0.034375 0.331250 0.015625 0.015625
0 0.110937 0.334375 0.015625 0.015625
0 0.185938 0.335938 0.015625 0.015625
0 0.262500 0.335938 0.015625 0.015625
0 0.337500 0.337500 0.015625 0.015625
0 0.221875 0.393750 0.015625 0.015625
0 0.150000 0.395313 0.015625 0.015625
0 0.068750 0.396875 0.015625 0.015625
0 0.298438 0.396875 0.015625 0.015625
0 0.184375 0.459375 0.015625 0.015625
0 0.259375 0.462500 0.015625 0.015625
0 0.032813 0.462500 0.015625 0.015625
0 0.110937 0.464062 0.015625 0.015625
0 0.337500 0.468750 0.015625 0.015625
0 0.070312 0.523438 0.015625 0.015625
0 0.143750 0.526563 0.015625 0.015625
0 0.221875 0.531250 0.015625 0.015625
0 0.295312 0.534375 0.015625 0.015625
0 0.370312 0.539062 0.015625 0.015625
0 0.037500 0.592187 0.015625 0.015625
0 0.110937 0.593750 0.015625 0.015625
0 0.184375 0.595313 0.015625 0.015625
0 0.257812 0.598437 0.015625 0.015625
0 0.334375 0.601562 0.015625 0.015625
0 0.070312 0.659375 0.015625 0.015625
0 0.143750 0.660937 0.015625 0.015625
0 0.217188 0.664062 0.015625 0.015625
0 0.292187 0.665625 0.015625 0.015625
0 0.032813 0.721875 0.015625 0.015625
0 0.109375 0.723437 0.015625 0.015625
0 0.187500 0.728125 0.015625 0.015625
0 0.259375 0.731250 0.015625 0.015625
0 0.334375 0.731250 0.015625 0.015625
0 0.068750 0.789062 0.015625 0.015625
0 0.146875 0.790625 0.015625 0.015625
0 0.220312 0.795312 0.015625 0.015625
0 0.295312 0.798438 0.015625 0.015625
0 0.031250 0.856250 0.015625 0.015625
0 0.107813 0.860938 0.015625 0.015625
0 0.181250 0.862500 0.015625 0.015625
0 0.256250 0.867188 0.015625 0.015625
0 0.329688 0.868750 0.015625 0.015625
0 0.065625 0.923438 0.015625 0.015625
0 0.145313 0.925000 0.015625 0.015625
0 0.217188 0.926562 0.015625 0.015625
0 0.290625 0.931250 0.015625 0.015625
0 0.031250 0.985938 0.015625 0.015625
0 0.107813 0.989062 0.015625 0.015625
0 0.181250 0.992188 0.015625 0.015625
0 0.257812 0.993750 0.015625 0.015625
0 0.331250 0.995313 0.015625 0.015625
