0 0.023438 0.950000 0.015625 0.015625
0 0.114062 0.953125 0.015625 0.015625
0 0.189062 0.956250 0.015625 0.015625
0 0.282813 0.956250 0.015625 0.015625
0 0.473438 0.959375 0.015625 0.015625
0 0.551562 0.957812 0.015625 0.015625
0 0.623437 0.956250 0.015625 0.015625
0 0.704688 0.962500 0.015625 0.015625
0 0.790625 0.967187 0.015625 0.015625
0 0.851562 0.968750 0.015625 0.015625
0 0.926562 0.970313 0.015625 0.015625
0 0.995313 0.975000 0.015625 0.015625
0 0.010937 0.873437 0.015625 0.015625
0 0.078125 0.876563 0.015625 0.015625
0 0.171875 0.878125 0.015625 0.015625
0 0.239063 0.879687 0.015625 0.015625
0 0.314063 0.884375 0.015625 0.015625
0 0.387500 0.881250 0.015625 0.015625
0 0.485938 0.889062 0.015625 0.015625
0 0.532813 0.893750 0.015625 0.015625
0 0.603125 0.898438 0.015625 0.015625
0 0.668750 0.906250 0.015625 0.015625
0 0.748437 0.907813 0.015625 0.015625
0 0.826562 0.912500 0.015625 0.015625
0 0.898438 0.915625 0.015625 0.015625
0 0.979688 0.920312 0.015625 0.015625
