0 0.003125 0.940625 0.015625 0.015625
0 0.082812 0.945312 0.015625 0.015625
0 0.156250 0.940625 0.015625 0.015625
0 0.232813 0.939063 0.015625 0.015625
0 0.314063 0.943750 0.015625 0.015625
0 0.389062 0.953125 0.015625 0.015625
0 0.460938 0.953125 0.015625 0.015625
0 0.537500 0.954688 0.015625 0.015625
0 0.603125 0.959375 0.015625 0.015625
0 0.685937 0.962500 0.015625 0.015625
0 0.760938 0.960938 0.015625 0.015625
0 0.835938 0.968750 0.015625 0.015625
0 0.914062 0.970313 0.015625 0.015625
0 0.990625 0.970313 0.015625 0.015625
