0 0.910937 0.454688 0.015625 0.015625
0 0.953125 0.454688 0.015625 0.015625
0 0.987500 0.454688 0.015625 0.015625
0 0.921875 0.489063 0.015625 0.015625
0 0.942187 0.518750 0.015625 0.015625
0 0.981250 0.518750 0.015625 0.015625
0 0.968750 0.557813 0.015625 0.015625
0 0.987500 0.581250 0.015625 0.015625
0 0.428125 0.606250 0.015625 0.015625
0 0.203125 0.735938 0.015625 0.015625
0 0.260937 0.637500 0.015625 0.015625
0 0.354687 0.607812 0.015625 0.015625
0 0.129688 0.473438 0.015625 0.015625
0 0.001563 0.373437 0.015625 0.015625
0 0.039062 0.375000 0.015625 0.015625
0 0.014063 0.600000 0.015625 0.015625
0 0.315625 0.737500 0.015625 0.015625
0 0.203125 0.671875 0.015625 0.015625
0 0.240625 0.671875 0.015625 0.015625
0 0.284375 0.475000 0.015625 0.015625
0 0.278125 0.671875 0.015625 0.015625
0 0.625000 0.484375 0.015625 0.015625
0 0.323437 0.476562 0.015625 0.015625
0 0.089063 0.734375 0.015625 0.015625
0 0.353125 0.673438 0.015625 0.015625
0 0.587500 0.482812 0.015625 0.015625
0 0.243750 0.475000 0.015625 0.015625
0 0.554688 0.973437 0.015625 0.015625
0 0.051562 0.732812 0.015625 0.015625
0 0.265625 0.443750 0.015625 0.015625
0 0.112500 0.506250 0.015625 0.015625
0 0.153125 0.379688 0.015625 0.015625
0 0.259375 0.770312 0.015625 0.015625
0 0.509375 0.610938 0.015625 0.015625
0 0.075000 0.439063 0.015625 0.015625
0 0.375000 0.573438 0.015625 0.015625
0 0.128125 0.734375 0.015625 0.015625
0 0.453125 0.512500 0.015625 0.015625
0 0.317188 0.607812 0.015625 0.015625
0 0.017188 0.468750 0.015625 0.015625
0 0.031250 0.567187 0.015625 0.015625
0 0.450000 0.775000 0.015625 0.015625
0 0.239063 0.870313 0.015625 0.015625
0 0.628125 0.420312 0.015625 0.015625
0 0.656250 0.746875 0.015625 0.015625
0 0.276562 0.935937 0.015625 0.015625
0 0.340625 0.443750 0.015625 0.015625
0 0.510938 0.481250 0.015625 0.015625
0 0.550000 0.417187 0.015625 0.015625
0 0.437500 0.414062 0.015625 0.015625
0 0.371875 0.906250 0.015625 0.015625
0 0.179688 0.903125 0.015625 0.015625
0 0.564063 0.709375 0.015625 0.015625
0 0.151562 0.439063 0.015625 0.015625
0 0.564063 0.645312 0.015625 0.015625
0 0.393750 0.606250 0.015625 0.015625
0 0.226562 0.637500 0.015625 0.015625
0 0.076563 0.378125 0.015625 0.015625
0 0.067187 0.637500 0.015625 0.015625
0 0.339062 0.509375 0.015625 0.015625
0 0.278125 0.737500 0.015625 0.015625
0 0.360938 0.412500 0.015625 0.015625
0 0.185938 0.571875 0.015625 0.015625
0 0.490625 0.575000 0.015625 0.015625
0 0.664062 0.485938 0.015625 0.015625
0 0.489063 0.512500 0.015625 0.015625
0 0.298438 0.639062 0.015625 0.015625
0 0.337500 0.575000 0.015625 0.015625
0 0.592187 0.415625 0.015625 0.015625
0 0.184375 0.770312 0.015625 0.015625
0 0.584375 0.742188 0.015625 0.015625
0 0.189062 0.442188 0.015625 0.015625
0 0.315625 0.873437 0.015625 0.015625
0 0.092188 0.537500 0.015625 0.015625
0 0.057813 0.470313 0.015625 0.015625
0 0.303125 0.443750 0.015625 0.015625
0 0.409375 0.907813 0.015625 0.015625
0 0.665625 0.421875 0.015625 0.015625
0 0.170313 0.734375 0.015625 0.015625
0 0.548438 0.545312 0.015625 0.015625
0 0.087500 0.800000 0.015625 0.015625
0 0.029687 0.768750 0.015625 0.015625
0 0.267188 0.382812 0.015625 0.015625
0 0.164062 0.671875 0.015625 0.015625
0 0.314063 0.935937 0.015625 0.015625
0 0.296875 0.706250 0.015625 0.015625
0 0.159375 0.934375 0.015625 0.015625
0 0.620313 0.743750 0.015625 0.015625
0 0.351562 0.937500 0.015625 0.015625
0 0.068750 0.570312 0.015625 0.015625
0 0.331250 0.906250 0.015625 0.015625
0 0.017188 0.407813 0.015625 0.015625
0 0.237500 0.732812 0.015625 0.015625
0 0.465625 0.740625 0.015625 0.015625
0 0.223438 0.571875 0.015625 0.015625
0 0.067187 0.768750 0.015625 0.015625
0 0.528125 0.512500 0.015625 0.015625
0 0.623437 0.548438 0.015625 0.015625
0 0.615625 0.942187 0.015625 0.015625
0 0.114062 0.379688 0.015625 0.015625
0 0.096875 0.470313 0.015625 0.015625
0 0.226562 0.509375 0.015625 0.015625
0 0.140625 0.901563 0.015625 0.015625
0 0.012500 0.731250 0.015625 0.015625
0 0.037500 0.501563 0.015625 0.015625
0 0.223438 0.443750 0.015625 0.015625
0 0.639062 0.709375 0.015625 0.015625
0 0.315625 0.671875 0.015625 0.015625
0 0.676562 0.779687 0.015625 0.015625
0 0.465625 0.871875 0.015625 0.015625
0 0.218750 0.901563 0.015625 0.015625
0 0.257812 0.901563 0.015625 0.015625
0 0.165625 0.604688 0.015625 0.015625
0 0.087500 0.671875 0.015625 0.015625
0 0.053125 0.535937 0.015625 0.015625
0 0.675000 0.712500 0.015625 0.015625
0 0.295312 0.770312 0.015625 0.015625
0 0.104688 0.637500 0.015625 0.015625
0 0.014063 0.534375 0.015625 0.015625
0 0.206250 0.475000 0.015625 0.015625
0 0.190625 0.381250 0.015625 0.015625
0 0.412500 0.706250 0.015625 0.015625
0 0.168750 0.471875 0.015625 0.015625
0 0.475000 0.415625 0.015625 0.015625
0 0.051562 0.670312 0.015625 0.015625
0 0.260937 0.571875 0.015625 0.015625
0 0.148438 0.507812 0.015625 0.015625
0 0.092188 0.409375 0.015625 0.015625
0 0.587500 0.545312 0.015625 0.015625
0 0.389062 0.937500 0.015625 0.015625
0 0.128125 0.601562 0.015625 0.015625
0 0.337500 0.639062 0.015625 0.015625
0 0.053125 0.601562 0.015625 0.015625
0 0.220312 0.770312 0.015625 0.015625
0 0.296875 0.904687 0.015625 0.015625
0 0.279687 0.606250 0.015625 0.015625
0 0.378125 0.507812 0.015625 0.015625
0 0.160938 0.868750 0.015625 0.015625
0 0.334375 0.706250 0.015625 0.015625
0 0.303125 0.382812 0.015625 0.015625
0 0.276562 0.804688 0.015625 0.015625
0 0.243750 0.604688 0.015625 0.015625
0 0.089063 0.601562 0.015625 0.015625
0 0.564063 0.512500 0.015625 0.015625
0 0.250000 0.412500 0.015625 0.015625
0 0.259375 0.835938 0.015625 0.015625
0 0.643750 0.518750 0.015625 0.015625
0 0.410938 0.773438 0.015625 0.015625
0 0.145313 0.768750 0.015625 0.015625
0 0.521875 0.710938 0.015625 0.015625
0 0.218750 0.834375 0.015625 0.015625
0 0.443750 0.907813 0.015625 0.015625
0 0.940625 0.782813 0.015625 0.015625
0 0.739062 0.485938 0.015625 0.015625
0 0.812500 0.748437 0.015625 0.015625
0 0.773438 0.746875 0.015625 0.015625
0 0.962500 0.748437 0.015625 0.015625
0 0.776563 0.485938 0.015625 0.015625
0 0.701562 0.484375 0.015625 0.015625
0 0.960938 0.884375 0.015625 0.015625
0 0.923438 0.817187 0.015625 0.015625
0 0.801562 0.395313 0.015625 0.015625
0 0.853125 0.550000 0.015625 0.015625
0 0.871875 0.582812 0.015625 0.015625
0 0.850000 0.746875 0.015625 0.015625
0 0.715625 0.712500 0.015625 0.015625
0 0.921875 0.748437 0.015625 0.015625
0 0.979688 0.784375 0.015625 0.015625
0 0.829688 0.717187 0.015625 0.015625
0 0.776563 0.550000 0.015625 0.015625
0 0.790625 0.781250 0.015625 0.015625
0 0.700000 0.681250 0.015625 0.015625
0 0.939063 0.848437 0.015625 0.015625
0 0.753125 0.846875 0.015625 0.015625
0 0.885938 0.748437 0.015625 0.015625
0 0.815625 0.550000 0.015625 0.015625
0 0.714063 0.520312 0.015625 0.015625
0 0.815625 0.485938 0.015625 0.015625
0 0.812500 0.618750 0.015625 0.015625
0 0.751563 0.781250 0.015625 0.015625
0 0.828125 0.782813 0.015625 0.015625
0 0.978125 0.982812 0.015625 0.015625
0 0.754687 0.650000 0.015625 0.015625
0 0.942187 0.917188 0.015625 0.015625
0 0.904687 0.782813 0.015625 0.015625
0 0.918750 0.948438 0.015625 0.015625
0 0.693750 0.743750 0.015625 0.015625
0 0.789062 0.909375 0.015625 0.015625
0 0.865625 0.781250 0.015625 0.015625
0 0.759375 0.584375 0.015625 0.015625
0 0.796875 0.584375 0.015625 0.015625
0 0.795312 0.520312 0.015625 0.015625
0 0.721875 0.451562 0.015625 0.015625
0 0.831250 0.584375 0.015625 0.015625
0 0.765625 0.393750 0.015625 0.015625
0 0.853125 0.618750 0.015625 0.015625
0 0.889062 0.618750 0.015625 0.015625
0 0.735938 0.550000 0.015625 0.015625
0 0.867188 0.717187 0.015625 0.015625
0 0.825000 0.910937 0.015625 0.015625
0 0.740625 0.421875 0.015625 0.015625
0 0.735938 0.746875 0.015625 0.015625
0 0.703125 0.421875 0.015625 0.015625
0 0.832812 0.518750 0.015625 0.015625
0 0.776563 0.618750 0.015625 0.015625
0 0.710938 0.909375 0.015625 0.015625
0 0.828125 0.845313 0.015625 0.015625
0 0.926562 0.682813 0.015625 0.015625
0 0.681250 0.520312 0.015625 0.015625
0 0.756250 0.520312 0.015625 0.015625
0 0.725000 0.390625 0.015625 0.015625
0 0.439063 0.971875 0.015625 0.015625
0 0.798438 0.451562 0.015625 0.015625
0 0.701562 0.550000 0.015625 0.015625
0 0.698438 0.879687 0.015625 0.015625
0 0.835938 0.651563 0.015625 0.015625
0 0.735938 0.679688 0.015625 0.015625
0 0.923438 0.881250 0.015625 0.015625
0 0.664062 0.551562 0.015625 0.015625
0 0.825000 0.976562 0.015625 0.015625
0 0.998437 0.882812 0.015625 0.015625
0 0.815625 0.423438 0.015625 0.015625
0 0.904687 0.654687 0.015625 0.015625
0 0.806250 0.879687 0.015625 0.015625
0 0.792188 0.650000 0.015625 0.015625
0 0.492188 0.443750 0.015625 0.015625
0 0.792188 0.714063 0.015625 0.015625
0 0.885938 0.684375 0.015625 0.015625
0 0.473438 0.476562 0.015625 0.015625
0 0.878125 0.948438 0.015625 0.015625
0 0.717187 0.650000 0.015625 0.015625
0 0.771875 0.812500 0.015625 0.015625
0 0.940625 0.981250 0.015625 0.015625
0 0.864062 0.981250 0.015625 0.015625
0 0.904687 0.981250 0.015625 0.015625
0 0.543750 0.742188 0.015625 0.015625
0 0.681250 0.648438 0.015625 0.015625
0 0.492188 0.646875 0.015625 0.015625
0 0.789062 0.846875 0.015625 0.015625
0 0.900000 0.914062 0.015625 0.015625
0 0.512500 0.414062 0.015625 0.015625
0 0.760938 0.454688 0.015625 0.015625
0 0.650000 0.390625 0.015625 0.015625
0 0.509375 0.545312 0.015625 0.015625
0 0.684375 0.450000 0.015625 0.015625
0 0.903125 0.717187 0.015625 0.015625
0 0.335938 0.770312 0.015625 0.015625
0 0.314063 0.810937 0.015625 0.015625
0 0.345313 0.806250 0.015625 0.015625
0 0.390625 0.806250 0.015625 0.015625
0 0.334375 0.837500 0.015625 0.015625
0 0.371875 0.842187 0.015625 0.015625
0 0.293750 0.837500 0.015625 0.015625
0 0.281250 0.868750 0.015625 0.015625
0 0.353125 0.875000 0.015625 0.015625
0 0.392188 0.873437 0.015625 0.015625
0 0.428125 0.873437 0.015625 0.015625
0 0.185938 0.837500 0.015625 0.015625
0 0.145313 0.834375 0.015625 0.015625
0 0.110937 0.837500 0.015625 0.015625
0 0.120313 0.865625 0.015625 0.015625
0 0.348438 0.740625 0.015625 0.015625
0 0.406250 0.740625 0.015625 0.015625
0 0.393750 0.673438 0.015625 0.015625
0 0.431250 0.675000 0.015625 0.015625
0 0.168750 0.539062 0.015625 0.015625
0 0.200000 0.542188 0.015625 0.015625
0 0.239063 0.539062 0.015625 0.015625
0 0.279687 0.537500 0.015625 0.015625
0 0.318750 0.543750 0.015625 0.015625
0 0.356250 0.543750 0.015625 0.015625
0 0.393750 0.546875 0.015625 0.015625
0 0.453125 0.448437 0.015625 0.015625
0 0.435937 0.476562 0.015625 0.015625
0 0.468750 0.543750 0.015625 0.015625
0 0.443750 0.546875 0.015625 0.015625
0 0.567187 0.451562 0.015625 0.015625
0 0.531250 0.446875 0.015625 0.015625
0 0.548438 0.478125 0.015625 0.015625
0 0.603125 0.450000 0.015625 0.015625
0 0.645312 0.450000 0.015625 0.015625
0 0.610938 0.389062 0.015625 0.015625
0 0.573438 0.387500 0.015625 0.015625
0 0.537500 0.387500 0.015625 0.015625
0 0.496875 0.385937 0.015625 0.015625
0 0.460938 0.379688 0.015625 0.015625
0 0.420312 0.379688 0.015625 0.015625
0 0.343750 0.379688 0.015625 0.015625
0 0.835938 0.456250 0.015625 0.015625
0 0.853125 0.484375 0.015625 0.015625
0 0.871875 0.523438 0.015625 0.015625
0 0.889062 0.551562 0.015625 0.015625
0 0.910937 0.584375 0.015625 0.015625
0 0.925000 0.615625 0.015625 0.015625
0 0.943750 0.653125 0.015625 0.015625
0 0.965625 0.687500 0.015625 0.015625
0 0.979688 0.718750 0.015625 0.015625
0 0.998437 0.750000 0.015625 0.015625
0 0.998437 0.820312 0.015625 0.015625
0 0.809375 0.817187 0.015625 0.015625
0 0.732812 0.812500 0.015625 0.015625
0 0.701562 0.812500 0.015625 0.015625
0 0.409375 0.968750 0.015625 0.015625
0 0.370312 0.968750 0.015625 0.015625
0 0.329688 0.971875 0.015625 0.015625
0 0.290625 0.965625 0.015625 0.015625
0 0.260937 0.965625 0.015625 0.015625
0 0.221875 0.970313 0.015625 0.015625
0 0.179688 0.968750 0.015625 0.015625
0 0.139063 0.965625 0.015625 0.015625
0 0.100000 0.968750 0.015625 0.015625
0 0.885938 0.814063 0.015625 0.015625
0 0.840625 0.817187 0.015625 0.015625
0 0.542188 0.814063 0.015625 0.015625
0 0.570312 0.814063 0.015625 0.015625
0 0.592187 0.814063 0.015625 0.015625
0 0.631250 0.814063 0.015625 0.015625
0 0.465625 0.807813 0.015625 0.015625
0 0.431250 0.807813 0.015625 0.015625
0 0.376563 0.640625 0.015625 0.015625
0 0.601562 0.643750 0.015625 0.015625
0 0.543750 0.676562 0.015625 0.015625
0 0.582812 0.676562 0.015625 0.015625
0 0.618750 0.682813 0.015625 0.015625
0 0.660937 0.610938 0.015625 0.015625
0 0.732812 0.614062 0.015625 0.015625
0 0.525000 0.581250 0.015625 0.015625
0 0.562500 0.585938 0.015625 0.015625
0 0.545312 0.615625 0.015625 0.015625
0 0.575000 0.614062 0.015625 0.015625
0 0.601562 0.614062 0.015625 0.015625
0 0.228125 0.378125 0.015625 0.015625
0 0.260937 0.507812 0.015625 0.015625
0 0.298438 0.507812 0.015625 0.015625
0 0.025000 0.965625 0.015625 0.015625
0 0.089063 0.993750 0.015625 0.015625
0 0.054688 0.406250 0.015625 0.015625
0 0.129688 0.412500 0.015625 0.015625
0 0.173437 0.409375 0.015625 0.015625
0 0.212500 0.409375 0.015625 0.015625
0 0.281250 0.412500 0.015625 0.015625
0 0.320312 0.414062 0.015625 0.015625
0 0.039062 0.437500 0.015625 0.015625
0 0.359375 0.476562 0.015625 0.015625
0 0.189062 0.504687 0.015625 0.015625
0 0.075000 0.501563 0.015625 0.015625
0 0.032813 0.637500 0.015625 0.015625
0 0.146875 0.635938 0.015625 0.015625
0 0.126562 0.671875 0.015625 0.015625
0 0.254688 0.707812 0.015625 0.015625
0 0.215625 0.703125 0.015625 0.015625
0 0.835938 0.396875 0.015625 0.015625
0 0.879687 0.398438 0.015625 0.015625
0 0.918750 0.398438 0.015625 0.015625
0 0.959375 0.400000 0.015625 0.015625
0 0.729688 0.875000 0.015625 0.015625
0 0.767188 0.878125 0.015625 0.015625
0 0.881250 0.878125 0.015625 0.015625
0 0.864062 0.850000 0.015625 0.015625
0 0.909375 0.850000 0.015625 0.015625
0 0.970313 0.853125 0.015625 0.015625
0 0.959375 0.948438 0.015625 0.015625
0 0.809375 0.943750 0.015625 0.015625
0 0.843750 0.942187 0.015625 0.015625
0 0.859375 0.910937 0.015625 0.015625
0 0.645312 0.850000 0.015625 0.015625
0 0.578125 0.848437 0.015625 0.015625
0 0.631250 0.878125 0.015625 0.015625
0 0.667188 0.878125 0.015625 0.015625
0 0.690625 0.845313 0.015625 0.015625
0 0.775000 0.678125 0.015625 0.015625
0 0.812500 0.682813 0.015625 0.015625
0 0.846875 0.682813 0.015625 0.015625
0 0.667188 0.678125 0.015625 0.015625
0 0.684375 0.582812 0.015625 0.015625
0 0.870313 0.646875 0.015625 0.015625
0 0.537500 0.901563 0.015625 0.015625
0 0.389062 0.735938 0.015625 0.015625
0 0.371875 0.706250 0.015625 0.015625
0 0.109375 0.775000 0.015625 0.015625
0 0.125000 0.800000 0.015625 0.015625
0 0.159375 0.801562 0.015625 0.015625
0 0.237500 0.804688 0.015625 0.015625
0 0.184375 0.704688 0.015625 0.015625
0 0.126562 0.706250 0.015625 0.015625
0 0.785937 0.418750 0.015625 0.015625
0 0.467187 0.604688 0.015625 0.015625
