0 0.057813 0.042188 0.015625 0.015625
0 0.085938 0.498437 0.015625 0.015625
0 0.092188 0.110937 0.015625 0.015625
0 0.089063 0.368750 0.015625 0.015625
0 0.018750 0.110937 0.015625 0.015625
0 0.010937 0.370312 0.015625 0.015625
0 0.048438 0.296875 0.015625 0.015625
0 0.312500 0.503125 0.015625 0.015625
0 0.235937 0.503125 0.015625 0.015625
0 0.239063 0.373437 0.015625 0.015625
0 0.164062 0.370312 0.015625 0.015625
0 0.359375 0.046875 0.015625 0.015625
0 0.162500 0.496875 0.015625 0.015625
0 0.281250 0.042188 0.015625 0.015625
0 0.317188 0.114062 0.015625 0.015625
0 0.126562 0.042188 0.015625 0.015625
0 0.357812 0.173437 0.015625 0.015625
0 0.392188 0.243750 0.015625 0.015625
0 0.123438 0.435937 0.015625 0.015625
0 0.043750 0.437500 0.015625 0.015625
0 0.385937 0.501563 0.015625 0.015625
0 0.393750 0.115625 0.015625 0.015625
0 0.087500 0.239063 0.015625 0.015625
0 0.120313 0.301563 0.015625 0.015625
0 0.164062 0.110937 0.015625 0.015625
0 0.284375 0.170313 0.015625 0.015625
0 0.164062 0.239063 0.015625 0.015625
0 0.018750 0.237500 0.015625 0.015625
0 0.200000 0.300000 0.015625 0.015625
0 0.040625 0.828125 0.015625 0.015625
0 0.039062 0.695312 0.015625 0.015625
0 0.042188 0.565625 0.015625 0.015625
0 0.115625 0.564063 0.015625 0.015625
0 0.115625 0.828125 0.015625 0.015625
0 0.342187 0.960938 0.015625 0.015625
0 0.193750 0.568750 0.015625 0.015625
0 0.350000 0.568750 0.015625 0.015625
0 0.270313 0.835938 0.015625 0.015625
0 0.343750 0.834375 0.015625 0.015625
0 0.420312 0.567187 0.015625 0.015625
0 0.270313 0.701562 0.015625 0.015625
0 0.193750 0.703125 0.015625 0.015625
0 0.268750 0.964063 0.015625 0.015625
0 0.114062 0.700000 0.015625 0.015625
0 0.190625 0.960938 0.015625 0.015625
0 0.232813 0.635938 0.015625 0.015625
0 0.384375 0.639062 0.015625 0.015625
0 0.157812 0.635938 0.015625 0.015625
0 0.268750 0.565625 0.015625 0.015625
0 0.114062 0.954688 0.015625 0.015625
0 0.309375 0.635938 0.015625 0.015625
0 0.078125 0.634375 0.015625 0.015625
0 0.231250 0.770312 0.015625 0.015625
0 0.307812 0.896875 0.015625 0.015625
0 0.078125 0.760938 0.015625 0.015625
0 0.343750 0.701562 0.015625 0.015625
0 0.037500 0.953125 0.015625 0.015625
0 0.153125 0.764062 0.015625 0.015625
0 0.057813 0.171875 0.015625 0.015625
0 0.193750 0.831250 0.015625 0.015625
0 0.309375 0.767188 0.015625 0.015625
0 0.315625 0.243750 0.015625 0.015625
0 0.382812 0.767188 0.015625 0.015625
0 0.000000 0.760938 0.015625 0.015625
0 0.273438 0.304688 0.015625 0.015625
0 0.334375 0.418750 0.015625 0.015625
0 0.084375 0.895312 0.015625 0.015625
0 0.312500 0.370312 0.015625 0.015625
0 0.003125 0.632812 0.015625 0.015625
