0 0.073438 0.109375 0.015625 0.015625
0 0.150000 0.109375 0.015625 0.015625
0 0.220312 0.112500 0.015625 0.015625
0 0.306250 0.115625 0.015625 0.015625
0 0.378125 0.115625 0.015625 0.015625
0 0.456250 0.117188 0.015625 0.015625
0 0.531250 0.120313 0.015625 0.015625
0 0.485938 0.046875 0.015625 0.015625
0 0.396875 0.050000 0.015625 0.015625
0 0.345313 0.043750 0.015625 0.015625
0 0.254688 0.040625 0.015625 0.015625
0 0.570312 0.056250 0.015625 0.015625
0 0.645312 0.057813 0.015625 0.015625
0 0.721875 0.062500 0.015625 0.015625
0 0.796875 0.060937 0.015625 0.015625
0 0.820312 0.121875 0.015625 0.015625
0 0.876563 0.064062 0.015625 0.015625
0 0.910937 0.125000 0.015625 0.015625
0 0.973437 0.087500 0.015625 0.015625
0 0.979688 0.121875 0.015625 0.015625
0 0.026562 0.175000 0.015625 0.015625
0 0.060937 0.225000 0.015625 0.015625
0 0.109375 0.178125 0.015625 0.015625
0 0.154688 0.243750 0.015625 0.015625
0 0.179688 0.179688 0.015625 0.015625
0 0.218750 0.246875 0.015625 0.015625
0 0.254688 0.181250 0.015625 0.015625
0 0.292187 0.254688 0.015625 0.015625
0 0.329688 0.184375 0.015625 0.015625
0 0.371875 0.250000 0.015625 0.015625
0 0.414062 0.181250 0.015625 0.015625
0 0.443750 0.245312 0.015625 0.015625
0 0.487500 0.176563 0.015625 0.015625
0 0.525000 0.246875 0.015625 0.015625
0 0.554688 0.179688 0.015625 0.015625
0 0.600000 0.243750 0.015625 0.015625
0 0.629687 0.184375 0.015625 0.015625
0 0.675000 0.256250 0.015625 0.015625
0 0.598437 0.115625 0.015625 0.015625
0 0.676562 0.115625 0.015625 0.015625
0 0.740625 0.176563 0.015625 0.015625
0 0.740625 0.264062 0.015625 0.015625
0 0.790625 0.190625 0.015625 0.015625
0 0.825000 0.251563 0.015625 0.015625
0 0.862500 0.190625 0.015625 0.015625
0 0.901563 0.259375 0.015625 0.015625
0 0.940625 0.192188 0.015625 0.015625
0 0.975000 0.254688 0.015625 0.015625
0 0.028125 0.304688 0.015625 0.015625
0 0.101562 0.304688 0.015625 0.015625
0 0.179688 0.306250 0.015625 0.015625
0 0.253125 0.306250 0.015625 0.015625
0 0.334375 0.306250 0.015625 0.015625
0 0.485938 0.317188 0.015625 0.015625
0 0.565625 0.317188 0.015625 0.015625
0 0.632812 0.317188 0.015625 0.015625
0 0.707812 0.315625 0.015625 0.015625
0 0.946875 0.321875 0.015625 0.015625
0 0.070312 0.368750 0.015625 0.015625
0 0.867188 0.451562 0.015625 0.015625
0 0.992188 0.515625 0.015625 0.015625
0 0.134375 0.492188 0.015625 0.015625
0 0.206250 0.503125 0.015625 0.015625
0 0.292187 0.504687 0.015625 0.015625
0 0.362500 0.507812 0.015625 0.015625
0 0.325000 0.439063 0.015625 0.015625
0 0.400000 0.443750 0.015625 0.015625
0 0.479687 0.450000 0.015625 0.015625
0 0.550000 0.445312 0.015625 0.015625
0 0.446875 0.500000 0.015625 0.015625
0 0.517188 0.509375 0.015625 0.015625
0 0.592187 0.509375 0.015625 0.015625
0 0.671875 0.512500 0.015625 0.015625
0 0.742188 0.514062 0.015625 0.015625
0 0.814063 0.512500 0.015625 0.015625
0 0.898438 0.515625 0.015625 0.015625
0 0.937500 0.589063 0.015625 0.015625
0 0.860938 0.582812 0.015625 0.015625
0 0.785937 0.584375 0.015625 0.015625
0 0.704688 0.579688 0.015625 0.015625
0 0.632812 0.584375 0.015625 0.015625
0 0.550000 0.582812 0.015625 0.015625
0 0.475000 0.576562 0.015625 0.015625
0 0.401562 0.567187 0.015625 0.015625
0 0.329688 0.571875 0.015625 0.015625
0 0.253125 0.565625 0.015625 0.015625
0 0.171875 0.570312 0.015625 0.015625
0 0.095312 0.565625 0.015625 0.015625
0 0.028125 0.565625 0.015625 0.015625
0 0.921875 0.714063 0.015625 0.015625
0 0.850000 0.714063 0.015625 0.015625
0 0.128125 0.629687 0.015625 0.015625
0 0.218750 0.634375 0.015625 0.015625
0 0.292187 0.634375 0.015625 0.015625
0 0.364063 0.634375 0.015625 0.015625
0 0.089063 0.698438 0.015625 0.015625
0 0.173437 0.698438 0.015625 0.015625
0 0.243750 0.698438 0.015625 0.015625
0 0.317188 0.701562 0.015625 0.015625
0 0.378125 0.701562 0.015625 0.015625
0 0.473438 0.706250 0.015625 0.015625
0 0.550000 0.709375 0.015625 0.015625
0 0.621875 0.709375 0.015625 0.015625
0 0.695312 0.710938 0.015625 0.015625
0 0.779687 0.712500 0.015625 0.015625
0 0.048438 0.759375 0.015625 0.015625
0 0.148438 0.762500 0.015625 0.015625
0 0.210938 0.762500 0.015625 0.015625
0 0.268750 0.767188 0.015625 0.015625
0 0.346875 0.770312 0.015625 0.015625
0 0.439063 0.767188 0.015625 0.015625
0 0.495312 0.771875 0.015625 0.015625
0 0.590625 0.773438 0.015625 0.015625
0 0.734375 0.779687 0.015625 0.015625
0 0.818750 0.785937 0.015625 0.015625
0 0.881250 0.785937 0.015625 0.015625
0 0.964063 0.782813 0.015625 0.015625
0 0.100000 0.848437 0.015625 0.015625
0 0.168750 0.837500 0.015625 0.015625
0 0.246875 0.839063 0.015625 0.015625
0 0.317188 0.851562 0.015625 0.015625
0 0.392188 0.848437 0.015625 0.015625
0 0.467187 0.853125 0.015625 0.015625
0 0.545312 0.850000 0.015625 0.015625
0 0.620313 0.848437 0.015625 0.015625
0 0.704688 0.856250 0.015625 0.015625
0 0.784375 0.857812 0.015625 0.015625
0 0.857812 0.857812 0.015625 0.015625
0 0.918750 0.857812 0.015625 0.015625
0 0.995313 0.854688 0.015625 0.015625
0 0.164062 0.960938 0.015625 0.015625
0 0.209375 0.904687 0.015625 0.015625
0 0.284375 0.898438 0.015625 0.015625
0 0.357812 0.903125 0.015625 0.015625
0 0.425000 0.903125 0.015625 0.015625
0 0.500000 0.903125 0.015625 0.015625
0 0.585938 0.906250 0.015625 0.015625
0 0.651563 0.904687 0.015625 0.015625
0 0.735938 0.904687 0.015625 0.015625
0 0.812500 0.910937 0.015625 0.015625
0 0.890625 0.912500 0.015625 0.015625
0 0.956250 0.909375 0.015625 0.015625
0 0.321875 0.970313 0.015625 0.015625
0 0.390625 0.970313 0.015625 0.015625
0 0.473438 0.973437 0.015625 0.015625
0 0.545312 0.976562 0.015625 0.015625
0 0.696875 0.979688 0.015625 0.015625
0 0.768750 0.976562 0.015625 0.015625
0 0.848437 0.976562 0.015625 0.015625
0 0.929688 0.971875 0.015625 0.015625
0 0.014063 0.964063 0.015625 0.015625
0 0.067187 0.631250 0.015625 0.015625
0 0.020313 0.701562 0.015625 0.015625
0 0.032813 0.432812 0.015625 0.015625
0 0.106250 0.432812 0.015625 0.015625
0 0.178125 0.437500 0.015625 0.015625
0 0.212500 0.375000 0.015625 0.015625
0 0.143750 0.371875 0.015625 0.015625
0 0.290625 0.368750 0.015625 0.015625
0 0.253125 0.442188 0.015625 0.015625
0 0.373437 0.373437 0.015625 0.015625
0 0.439063 0.373437 0.015625 0.015625
0 0.406250 0.296875 0.015625 0.015625
0 0.520312 0.376563 0.015625 0.015625
0 0.585938 0.381250 0.015625 0.015625
0 0.753125 0.384375 0.015625 0.015625
0 0.664062 0.378125 0.015625 0.015625
0 0.825000 0.379688 0.015625 0.015625
0 0.907813 0.390625 0.015625 0.015625
0 0.789062 0.315625 0.015625 0.015625
0 0.862500 0.317188 0.015625 0.015625
0 0.981250 0.389062 0.015625 0.015625
0 0.785937 0.451562 0.015625 0.015625
0 0.706250 0.454688 0.015625 0.015625
0 0.629687 0.446875 0.015625 0.015625
0 0.965625 0.651563 0.015625 0.015625
0 0.893750 0.651563 0.015625 0.015625
0 0.815625 0.648438 0.015625 0.015625
0 0.742188 0.646875 0.015625 0.015625
0 0.659375 0.650000 0.015625 0.015625
0 0.589063 0.648438 0.015625 0.015625
0 0.512500 0.642188 0.015625 0.015625
0 0.440625 0.643750 0.015625 0.015625
0 0.056250 0.489063 0.015625 0.015625
0 0.667188 0.768750 0.015625 0.015625
0 0.609375 0.970313 0.015625 0.015625
0 0.240625 0.965625 0.015625 0.015625
0 0.128125 0.896875 0.015625 0.015625
