0 0.184375 0.000000 0.015625 0.015625
0 0.304688 0.020313 0.015625 0.015625
0 0.721875 0.025000 0.015625 0.015625
0 0.051562 0.025000 0.015625 0.015625
0 0.793750 0.031250 0.015625 0.015625
0 0.873437 0.034375 0.015625 0.015625
0 0.954688 0.034375 0.015625 0.015625
0 0.642188 0.073438 0.015625 0.015625
0 0.754687 0.093750 0.015625 0.015625
0 0.510938 0.096875 0.015625 0.015625
0 0.140625 0.096875 0.015625 0.015625
0 0.232813 0.098437 0.015625 0.015625
0 0.832812 0.100000 0.015625 0.015625
0 0.309375 0.101562 0.015625 0.015625
0 0.659375 0.117188 0.015625 0.015625
0 0.043750 0.123438 0.015625 0.015625
0 0.587500 0.123438 0.015625 0.015625
0 0.185938 0.145313 0.015625 0.015625
0 0.110937 0.145313 0.015625 0.015625
0 0.345313 0.146875 0.015625 0.015625
0 0.264062 0.150000 0.015625 0.015625
0 0.940625 0.159375 0.015625 0.015625
0 0.710938 0.159375 0.015625 0.015625
0 0.635938 0.160938 0.015625 0.015625
0 0.878125 0.195312 0.015625 0.015625
0 0.065625 0.204687 0.015625 0.015625
0 0.145313 0.207813 0.015625 0.015625
0 0.221875 0.207813 0.015625 0.015625
0 0.298438 0.212500 0.015625 0.015625
0 0.753125 0.220312 0.015625 0.015625
0 0.678125 0.221875 0.015625 0.015625
0 0.606250 0.223438 0.015625 0.015625
0 0.010937 0.242188 0.015625 0.015625
0 0.101562 0.271875 0.015625 0.015625
0 0.331250 0.279687 0.015625 0.015625
0 0.178125 0.281250 0.015625 0.015625
0 0.254688 0.282813 0.015625 0.015625
0 0.407813 0.284375 0.015625 0.015625
0 0.018750 0.289062 0.015625 0.015625
0 0.787500 0.289062 0.015625 0.015625
0 0.617188 0.296875 0.015625 0.015625
0 0.690625 0.314063 0.015625 0.015625
0 0.062500 0.340625 0.015625 0.015625
0 0.901563 0.354687 0.015625 0.015625
0 0.281250 0.368750 0.015625 0.015625
0 0.140625 0.371875 0.015625 0.015625
0 0.810937 0.371875 0.015625 0.015625
0 0.085938 0.376563 0.015625 0.015625
0 0.370312 0.378125 0.015625 0.015625
0 0.684375 0.382812 0.015625 0.015625
0 0.490625 0.389062 0.015625 0.015625
0 0.990625 0.393750 0.015625 0.015625
0 0.881250 0.409375 0.015625 0.015625
0 0.248438 0.410938 0.015625 0.015625
0 0.932813 0.410938 0.015625 0.015625
0 0.328125 0.412500 0.015625 0.015625
0 0.368750 0.460938 0.015625 0.015625
0 0.209375 0.506250 0.015625 0.015625
0 0.135937 0.510938 0.015625 0.015625
0 0.282813 0.512500 0.015625 0.015625
0 0.814063 0.514062 0.015625 0.015625
0 0.720313 0.514062 0.015625 0.015625
0 0.039062 0.517188 0.015625 0.015625
0 0.354687 0.518750 0.015625 0.015625
0 0.409375 0.525000 0.015625 0.015625
0 0.557813 0.528125 0.015625 0.015625
0 0.485938 0.529687 0.015625 0.015625
0 0.631250 0.540625 0.015625 0.015625
0 0.107813 0.543750 0.015625 0.015625
0 0.179688 0.559375 0.015625 0.015625
0 0.779687 0.559375 0.015625 0.015625
0 0.362500 0.590625 0.015625 0.015625
0 0.435937 0.609375 0.015625 0.015625
0 0.953125 0.621875 0.015625 0.015625
0 0.532813 0.631250 0.015625 0.015625
0 0.087500 0.631250 0.015625 0.015625
0 0.312500 0.631250 0.015625 0.015625
0 0.007812 0.673438 0.015625 0.015625
0 0.171875 0.695312 0.015625 0.015625
0 0.798438 0.707812 0.015625 0.015625
0 0.514062 0.712500 0.015625 0.015625
0 0.051562 0.721875 0.015625 0.015625
0 0.589063 0.739062 0.015625 0.015625
0 0.968750 0.746875 0.015625 0.015625
0 0.148438 0.759375 0.015625 0.015625
0 0.212500 0.759375 0.015625 0.015625
0 0.087500 0.760938 0.015625 0.015625
0 0.287500 0.762500 0.015625 0.015625
0 0.370312 0.764062 0.015625 0.015625
0 0.481250 0.776563 0.015625 0.015625
0 0.560937 0.784375 0.015625 0.015625
0 0.632812 0.787500 0.015625 0.015625
0 0.984375 0.809375 0.015625 0.015625
0 0.914062 0.812500 0.015625 0.015625
0 0.806250 0.842187 0.015625 0.015625
0 0.654687 0.870313 0.015625 0.015625
0 0.282813 0.885938 0.015625 0.015625
0 0.087500 0.892188 0.015625 0.015625
0 0.365625 0.893750 0.015625 0.015625
0 0.439063 0.895312 0.015625 0.015625
0 0.932813 0.918750 0.015625 0.015625
0 0.718750 0.923438 0.015625 0.015625
0 0.620313 0.937500 0.015625 0.015625
0 0.357812 0.960938 0.015625 0.015625
0 0.279687 0.962500 0.015625 0.015625
0 0.457813 0.962500 0.015625 0.015625
0 0.904687 0.989062 0.015625 0.015625
