0 0.060937 0.010937 0.015625 0.015625
0 0.137500 0.012500 0.015625 0.015625
0 0.359375 0.012500 0.015625 0.015625
0 0.281250 0.015625 0.015625 0.015625
0 0.209375 0.017188 0.015625 0.015625
0 0.504687 0.023438 0.015625 0.015625
0 0.729688 0.031250 0.015625 0.015625
0 0.582812 0.034375 0.015625 0.015625
0 0.882812 0.039062 0.015625 0.015625
0 0.957812 0.039062 0.015625 0.015625
0 0.810937 0.043750 0.015625 0.015625
0 0.657813 0.051562 0.015625 0.015625
0 0.895312 0.123438 0.015625 0.015625
0 0.737500 0.129688 0.015625 0.015625
0 0.659375 0.134375 0.015625 0.015625
0 0.587500 0.139063 0.015625 0.015625
0 0.135937 0.139063 0.015625 0.015625
0 0.965625 0.156250 0.015625 0.015625
0 0.020313 0.196875 0.015625 0.015625
0 0.470313 0.198437 0.015625 0.015625
0 0.260937 0.198437 0.015625 0.015625
0 0.617188 0.201563 0.015625 0.015625
0 0.709375 0.206250 0.015625 0.015625
0 0.860938 0.210938 0.015625 0.015625
0 0.760938 0.210938 0.015625 0.015625
0 0.170313 0.210938 0.015625 0.015625
0 0.929688 0.217188 0.015625 0.015625
0 0.226562 0.253125 0.015625 0.015625
0 0.059375 0.265625 0.015625 0.015625
0 0.651563 0.265625 0.015625 0.015625
0 0.131250 0.268750 0.015625 0.015625
0 0.432812 0.275000 0.015625 0.015625
0 0.507812 0.275000 0.015625 0.015625
0 0.737500 0.279687 0.015625 0.015625
0 0.815625 0.279687 0.015625 0.015625
0 0.890625 0.281250 0.015625 0.015625
0 0.964063 0.284375 0.015625 0.015625
0 0.093750 0.334375 0.015625 0.015625
0 0.017188 0.334375 0.015625 0.015625
0 0.168750 0.335938 0.015625 0.015625
0 0.325000 0.339062 0.015625 0.015625
0 0.401562 0.340625 0.015625 0.015625
0 0.706250 0.342187 0.015625 0.015625
0 0.862500 0.345313 0.015625 0.015625
0 0.790625 0.345313 0.015625 0.015625
0 0.475000 0.345313 0.015625 0.015625
0 0.926562 0.346875 0.015625 0.015625
0 0.060937 0.395313 0.015625 0.015625
0 0.134375 0.400000 0.015625 0.015625
0 0.664062 0.406250 0.015625 0.015625
0 0.360938 0.406250 0.015625 0.015625
0 0.210938 0.406250 0.015625 0.015625
0 0.278125 0.406250 0.015625 0.015625
0 0.439063 0.409375 0.015625 0.015625
0 0.584375 0.410938 0.015625 0.015625
0 0.740625 0.410938 0.015625 0.015625
0 0.507812 0.412500 0.015625 0.015625
0 0.965625 0.414062 0.015625 0.015625
0 0.815625 0.414062 0.015625 0.015625
0 0.890625 0.414062 0.015625 0.015625
0 0.096875 0.470313 0.015625 0.015625
0 0.246875 0.470313 0.015625 0.015625
0 0.176563 0.471875 0.015625 0.015625
0 0.539062 0.487500 0.015625 0.015625
0 0.778125 0.506250 0.015625 0.015625
0 0.664062 0.517188 0.015625 0.015625
0 0.884375 0.520312 0.015625 0.015625
0 0.057813 0.534375 0.015625 0.015625
0 0.820312 0.534375 0.015625 0.015625
0 0.132812 0.535937 0.015625 0.015625
0 0.209375 0.539062 0.015625 0.015625
0 0.962500 0.539062 0.015625 0.015625
0 0.364063 0.542188 0.015625 0.015625
0 0.560937 0.581250 0.015625 0.015625
0 0.940625 0.582812 0.015625 0.015625
0 0.679688 0.585938 0.015625 0.015625
0 0.484375 0.589063 0.015625 0.015625
0 0.776563 0.590625 0.015625 0.015625
0 0.029687 0.592187 0.015625 0.015625
0 0.176563 0.604688 0.015625 0.015625
0 0.856250 0.604688 0.015625 0.015625
0 0.395313 0.609375 0.015625 0.015625
0 0.321875 0.609375 0.015625 0.015625
0 0.250000 0.610938 0.015625 0.015625
0 0.993750 0.646875 0.015625 0.015625
0 0.135937 0.667188 0.015625 0.015625
0 0.057813 0.668750 0.015625 0.015625
0 0.212500 0.676562 0.015625 0.015625
0 0.439063 0.678125 0.015625 0.015625
0 0.289062 0.679688 0.015625 0.015625
0 0.365625 0.681250 0.015625 0.015625
0 0.715625 0.698438 0.015625 0.015625
0 0.868750 0.709375 0.015625 0.015625
0 0.945312 0.714063 0.015625 0.015625
0 0.328125 0.740625 0.015625 0.015625
0 0.539062 0.742188 0.015625 0.015625
0 0.179688 0.745313 0.015625 0.015625
0 0.090625 0.746875 0.015625 0.015625
0 0.240625 0.750000 0.015625 0.015625
0 0.020313 0.751563 0.015625 0.015625
0 0.426563 0.756250 0.015625 0.015625
0 0.476562 0.760938 0.015625 0.015625
0 0.787500 0.764062 0.015625 0.015625
0 0.982812 0.771875 0.015625 0.015625
0 0.901563 0.773438 0.015625 0.015625
0 0.589063 0.782813 0.015625 0.015625
0 0.660937 0.787500 0.015625 0.015625
0 0.210938 0.801562 0.015625 0.015625
0 0.125000 0.803125 0.015625 0.015625
0 0.346875 0.807813 0.015625 0.015625
0 0.514062 0.809375 0.015625 0.015625
0 0.273438 0.809375 0.015625 0.015625
0 0.054688 0.810937 0.015625 0.015625
0 0.429688 0.810937 0.015625 0.015625
0 0.815625 0.814063 0.015625 0.015625
0 0.950000 0.828125 0.015625 0.015625
0 0.564063 0.843750 0.015625 0.015625
0 0.703125 0.867188 0.015625 0.015625
0 0.167187 0.875000 0.015625 0.015625
0 0.253125 0.889062 0.015625 0.015625
0 0.014063 0.892188 0.015625 0.015625
0 0.098437 0.893750 0.015625 0.015625
0 0.867188 0.895312 0.015625 0.015625
0 0.428125 0.898438 0.015625 0.015625
0 0.678125 0.910937 0.015625 0.015625
0 0.967187 0.923438 0.015625 0.015625
0 0.573438 0.926562 0.015625 0.015625
0 0.735938 0.931250 0.015625 0.015625
0 0.037500 0.934375 0.015625 0.015625
0 0.190625 0.935937 0.015625 0.015625
0 0.128125 0.935937 0.015625 0.015625
0 0.907813 0.942187 0.015625 0.015625
0 0.398438 0.989062 0.015625 0.015625
0 0.470313 0.996875 0.015625 0.015625
0 0.240625 0.996875 0.015625 0.015625
0 0.779687 0.996875 0.015625 0.015625
0 0.164062 0.998437 0.015625 0.015625
0 0.318750 0.998437 0.015625 0.015625
0 0.095312 0.998437 0.015625 0.015625
0 0.540625 0.998437 0.015625 0.015625
0 0.200000 0.143750 0.015625 0.015625
0 0.059375 0.134375 0.015625 0.015625
0 0.095312 0.201563 0.015625 0.015625
0 0.290625 0.137500 0.015625 0.015625
0 0.318750 0.206250 0.015625 0.015625
0 0.020313 0.467187 0.015625 0.015625
0 0.321875 0.476562 0.015625 0.015625
0 0.407813 0.473438 0.015625 0.015625
0 0.468750 0.473438 0.015625 0.015625
0 0.429688 0.537500 0.015625 0.015625
0 0.284375 0.537500 0.015625 0.015625
0 0.098437 0.598437 0.015625 0.015625
