0 0.679688 0.004687 0.015625 0.015625
0 0.609375 0.010937 0.015625 0.015625
0 0.381250 0.012500 0.015625 0.015625
0 0.006250 0.012500 0.015625 0.015625
0 0.159375 0.015625 0.015625 0.015625
0 0.084375 0.017188 0.015625 0.015625
0 0.837500 0.017188 0.015625 0.015625
0 0.303125 0.025000 0.015625 0.015625
0 0.987500 0.050000 0.015625 0.015625
0 0.723437 0.051562 0.015625 0.015625
0 0.043750 0.075000 0.015625 0.015625
0 0.200000 0.079687 0.015625 0.015625
0 0.346875 0.081250 0.015625 0.015625
0 0.117188 0.082812 0.015625 0.015625
0 0.273438 0.084375 0.015625 0.015625
0 0.875000 0.095312 0.015625 0.015625
0 0.421875 0.096875 0.015625 0.015625
0 0.082812 0.140625 0.015625 0.015625
0 0.159375 0.142187 0.015625 0.015625
0 0.309375 0.143750 0.015625 0.015625
0 0.234375 0.143750 0.015625 0.015625
0 0.009375 0.145313 0.015625 0.015625
0 0.534375 0.145313 0.015625 0.015625
0 0.384375 0.146875 0.015625 0.015625
0 0.689063 0.159375 0.015625 0.015625
0 0.835938 0.159375 0.015625 0.015625
0 0.760938 0.159375 0.015625 0.015625
0 0.910937 0.162500 0.015625 0.015625
0 0.990625 0.164062 0.015625 0.015625
0 0.462500 0.165625 0.015625 0.015625
0 0.118750 0.204687 0.015625 0.015625
0 0.040625 0.206250 0.015625 0.015625
0 0.270313 0.207813 0.015625 0.015625
0 0.342187 0.209375 0.015625 0.015625
0 0.193750 0.209375 0.015625 0.015625
0 0.414062 0.215625 0.015625 0.015625
0 0.575000 0.215625 0.015625 0.015625
0 0.654687 0.217188 0.015625 0.015625
0 0.729688 0.217188 0.015625 0.015625
0 0.876563 0.220312 0.015625 0.015625
0 0.957812 0.221875 0.015625 0.015625
0 0.795312 0.225000 0.015625 0.015625
0 0.081250 0.270313 0.015625 0.015625
0 0.003125 0.271875 0.015625 0.015625
0 0.159375 0.271875 0.015625 0.015625
0 0.306250 0.273438 0.015625 0.015625
0 0.382812 0.275000 0.015625 0.015625
0 0.232813 0.278125 0.015625 0.015625
0 0.760938 0.282813 0.015625 0.015625
0 0.689063 0.285938 0.015625 0.015625
0 0.534375 0.285938 0.015625 0.015625
0 0.459375 0.287500 0.015625 0.015625
0 0.990625 0.289062 0.015625 0.015625
0 0.625000 0.293750 0.015625 0.015625
0 0.832812 0.300000 0.015625 0.015625
0 0.909375 0.300000 0.015625 0.015625
0 0.117188 0.332813 0.015625 0.015625
0 0.040625 0.334375 0.015625 0.015625
0 0.196875 0.340625 0.015625 0.015625
0 0.271875 0.342187 0.015625 0.015625
0 0.421875 0.343750 0.015625 0.015625
0 0.343750 0.343750 0.015625 0.015625
0 0.495312 0.345313 0.015625 0.015625
0 0.725000 0.348438 0.015625 0.015625
0 0.801562 0.351562 0.015625 0.015625
0 0.956250 0.360938 0.015625 0.015625
0 0.001563 0.400000 0.015625 0.015625
0 0.081250 0.401562 0.015625 0.015625
0 0.160938 0.401562 0.015625 0.015625
0 0.382812 0.404687 0.015625 0.015625
0 0.307812 0.406250 0.015625 0.015625
0 0.234375 0.406250 0.015625 0.015625
0 0.682813 0.407813 0.015625 0.015625
0 0.532813 0.409375 0.015625 0.015625
0 0.457813 0.409375 0.015625 0.015625
0 0.912500 0.410938 0.015625 0.015625
0 0.760938 0.412500 0.015625 0.015625
0 0.989062 0.415625 0.015625 0.015625
0 0.839063 0.415625 0.015625 0.015625
0 0.040625 0.467187 0.015625 0.015625
0 0.339062 0.468750 0.015625 0.015625
0 0.114062 0.468750 0.015625 0.015625
0 0.267188 0.471875 0.015625 0.015625
0 0.417187 0.471875 0.015625 0.015625
0 0.492188 0.473438 0.015625 0.015625
0 0.575000 0.473438 0.015625 0.015625
0 0.204687 0.478125 0.015625 0.015625
0 0.643750 0.478125 0.015625 0.015625
0 0.954688 0.484375 0.015625 0.015625
0 0.804688 0.484375 0.015625 0.015625
0 0.881250 0.484375 0.015625 0.015625
0 0.078125 0.525000 0.015625 0.015625
0 0.004687 0.528125 0.015625 0.015625
0 0.156250 0.534375 0.015625 0.015625
0 0.229687 0.534375 0.015625 0.015625
0 0.306250 0.534375 0.015625 0.015625
0 0.454688 0.537500 0.015625 0.015625
0 0.531250 0.537500 0.015625 0.015625
0 0.606250 0.537500 0.015625 0.015625
0 0.381250 0.539062 0.015625 0.015625
0 0.837500 0.542188 0.015625 0.015625
0 0.910937 0.546875 0.015625 0.015625
0 0.990625 0.546875 0.015625 0.015625
0 0.114062 0.595313 0.015625 0.015625
0 0.267188 0.596875 0.015625 0.015625
0 0.192188 0.596875 0.015625 0.015625
0 0.565625 0.598437 0.015625 0.015625
0 0.340625 0.600000 0.015625 0.015625
0 0.642188 0.604688 0.015625 0.015625
0 0.417187 0.604688 0.015625 0.015625
0 0.720313 0.606250 0.015625 0.015625
0 0.948438 0.612500 0.015625 0.015625
0 0.381250 0.665625 0.015625 0.015625
0 0.079687 0.665625 0.015625 0.015625
0 0.231250 0.667188 0.015625 0.015625
0 0.303125 0.668750 0.015625 0.015625
0 0.531250 0.670312 0.015625 0.015625
0 0.684375 0.673438 0.015625 0.015625
0 0.603125 0.673438 0.015625 0.015625
0 0.764062 0.700000 0.015625 0.015625
0 0.114062 0.732812 0.015625 0.015625
0 0.039062 0.734375 0.015625 0.015625
0 0.492188 0.734375 0.015625 0.015625
0 0.337500 0.735938 0.015625 0.015625
0 0.190625 0.735938 0.015625 0.015625
0 0.267188 0.735938 0.015625 0.015625
0 0.568750 0.737500 0.015625 0.015625
0 0.740625 0.737500 0.015625 0.015625
0 0.868750 0.739062 0.015625 0.015625
0 0.646875 0.740625 0.015625 0.015625
0 0.414062 0.742188 0.015625 0.015625
0 0.807813 0.795312 0.015625 0.015625
0 0.151562 0.795312 0.015625 0.015625
0 0.075000 0.796875 0.015625 0.015625
0 0.229687 0.798438 0.015625 0.015625
0 0.535937 0.798438 0.015625 0.015625
0 0.378125 0.798438 0.015625 0.015625
0 0.304688 0.798438 0.015625 0.015625
0 0.906250 0.801562 0.015625 0.015625
0 0.459375 0.807813 0.015625 0.015625
0 0.984375 0.814063 0.015625 0.015625
0 0.717187 0.864062 0.015625 0.015625
0 0.034375 0.864062 0.015625 0.015625
0 0.854688 0.864062 0.015625 0.015625
0 0.787500 0.868750 0.015625 0.015625
0 0.353125 0.871875 0.015625 0.015625
0 0.943750 0.873437 0.015625 0.015625
0 0.760938 0.921875 0.015625 0.015625
0 0.456250 0.928125 0.015625 0.015625
0 0.592187 0.931250 0.015625 0.015625
0 0.682813 0.932813 0.015625 0.015625
0 0.829688 0.937500 0.015625 0.015625
0 0.904687 0.945312 0.015625 0.015625
0 0.415625 0.968750 0.015625 0.015625
0 0.337500 0.970313 0.015625 0.015625
0 0.235937 0.984375 0.015625 0.015625
0 0.789062 0.995313 0.015625 0.015625
0 0.560937 0.996875 0.015625 0.015625
0 0.489063 0.996875 0.015625 0.015625
