0 0.346875 0.718750 0.015625 0.015625
0 0.315625 0.518750 0.015625 0.015625
0 0.862500 0.003125 0.015625 0.015625
0 0.164062 0.250000 0.015625 0.015625
0 0.898438 0.598437 0.015625 0.015625
0 0.120313 0.450000 0.015625 0.015625
0 0.693750 0.525000 0.015625 0.015625
0 0.896875 0.070312 0.015625 0.015625
0 0.578125 0.851562 0.015625 0.015625
0 0.667188 0.592187 0.015625 0.015625
0 0.743750 0.064062 0.015625 0.015625
0 0.090625 0.251563 0.015625 0.015625
0 0.390625 0.518750 0.015625 0.015625
0 0.014063 0.251563 0.015625 0.015625
0 0.767188 0.795312 0.015625 0.015625
0 0.193750 0.450000 0.015625 0.015625
0 0.121875 0.584375 0.015625 0.015625
0 0.865625 0.265625 0.015625 0.015625
0 0.196875 0.848437 0.015625 0.015625
0 0.615625 0.792188 0.015625 0.015625
0 0.592187 0.060937 0.015625 0.015625
0 0.350000 0.585938 0.015625 0.015625
0 0.787500 0.001563 0.015625 0.015625
0 0.435937 0.318750 0.015625 0.015625
0 0.542188 0.790625 0.015625 0.015625
0 0.742188 0.592187 0.015625 0.015625
0 0.423438 0.718750 0.015625 0.015625
0 0.196875 0.584375 0.015625 0.015625
0 0.195312 0.318750 0.015625 0.015625
0 0.896875 0.465625 0.015625 0.015625
0 0.267188 0.979688 0.015625 0.015625
0 0.670312 0.193750 0.015625 0.015625
0 0.743750 0.325000 0.015625 0.015625
0 0.117188 0.712500 0.015625 0.015625
0 0.500000 0.720313 0.015625 0.015625
0 0.284375 0.187500 0.015625 0.015625
0 0.234375 0.643750 0.015625 0.015625
0 0.884375 0.859375 0.015625 0.015625
0 0.587500 0.318750 0.015625 0.015625
0 0.089063 0.378125 0.015625 0.015625
0 0.693750 0.795312 0.015625 0.015625
0 0.010937 0.376563 0.015625 0.015625
0 0.271875 0.317188 0.015625 0.015625
0 0.746875 0.195312 0.015625 0.015625
0 0.517188 0.060937 0.015625 0.015625
0 0.671875 0.060937 0.015625 0.015625
0 0.556250 0.123438 0.015625 0.015625
0 0.315625 0.785937 0.015625 0.015625
0 0.881250 0.989062 0.015625 0.015625
0 0.134375 0.060937 0.015625 0.015625
0 0.050000 0.189062 0.015625 0.015625
0 0.235937 0.515625 0.015625 0.015625
0 0.045312 0.450000 0.015625 0.015625
0 0.360938 0.185938 0.015625 0.015625
0 0.789062 0.262500 0.015625 0.015625
0 0.084375 0.515625 0.015625 0.015625
0 0.582812 0.720313 0.015625 0.015625
0 0.123438 0.317188 0.015625 0.015625
0 0.271875 0.850000 0.015625 0.015625
0 0.048438 0.059375 0.015625 0.015625
0 0.159375 0.517188 0.015625 0.015625
0 0.395313 0.251563 0.015625 0.015625
0 0.801562 0.987500 0.015625 0.015625
0 0.496875 0.985938 0.015625 0.015625
0 0.310937 0.645312 0.015625 0.015625
0 0.923438 0.796875 0.015625 0.015625
0 0.287500 0.059375 0.015625 0.015625
0 0.659375 0.725000 0.015625 0.015625
0 0.198437 0.715625 0.015625 0.015625
0 0.012500 0.120313 0.015625 0.015625
0 0.773438 0.526563 0.015625 0.015625
0 0.735938 0.859375 0.015625 0.015625
0 0.396875 0.121875 0.015625 0.015625
0 0.637500 0.123438 0.015625 0.015625
0 0.592187 0.451562 0.015625 0.015625
0 0.665625 0.325000 0.015625 0.015625
0 0.510938 0.318750 0.015625 0.015625
0 0.421875 0.984375 0.015625 0.015625
0 0.465625 0.523438 0.015625 0.015625
0 0.723437 0.985938 0.015625 0.015625
0 0.007812 0.517188 0.015625 0.015625
0 0.271875 0.584375 0.015625 0.015625
0 0.348438 0.979688 0.015625 0.015625
0 0.237500 0.376563 0.015625 0.015625
0 0.618750 0.525000 0.015625 0.015625
0 0.210938 0.060937 0.015625 0.015625
0 0.542188 0.651563 0.015625 0.015625
0 0.468750 0.643750 0.015625 0.015625
0 0.964063 0.860938 0.015625 0.015625
0 0.995313 0.928125 0.015625 0.015625
0 0.937500 0.267188 0.015625 0.015625
0 0.975000 0.598437 0.015625 0.015625
0 0.939063 0.004687 0.015625 0.015625
0 0.981250 0.073438 0.015625 0.015625
0 0.957812 0.987500 0.015625 0.015625
0 0.965625 0.734375 0.015625 0.015625
0 0.568750 0.985938 0.015625 0.015625
0 0.648438 0.976562 0.015625 0.015625
0 0.396875 0.387500 0.015625 0.015625
0 0.487500 0.389062 0.015625 0.015625
0 0.554688 0.389062 0.015625 0.015625
0 0.618750 0.390625 0.015625 0.015625
0 0.701562 0.393750 0.015625 0.015625
0 0.785937 0.396875 0.015625 0.015625
0 0.854688 0.398438 0.015625 0.015625
0 0.932813 0.404687 0.015625 0.015625
0 0.829688 0.329688 0.015625 0.015625
0 0.893750 0.329688 0.015625 0.015625
0 0.970313 0.335938 0.015625 0.015625
0 0.512500 0.595313 0.015625 0.015625
0 0.434375 0.592187 0.015625 0.015625
0 0.585938 0.593750 0.015625 0.015625
0 0.806250 0.596875 0.015625 0.015625
0 0.854688 0.528125 0.015625 0.015625
0 0.935937 0.531250 0.015625 0.015625
0 0.706250 0.129688 0.015625 0.015625
0 0.789062 0.134375 0.015625 0.015625
0 0.864062 0.131250 0.015625 0.015625
0 0.118750 0.184375 0.015625 0.015625
0 0.196875 0.185938 0.015625 0.015625
0 0.440625 0.189062 0.015625 0.015625
0 0.512500 0.189062 0.015625 0.015625
0 0.087500 0.121875 0.015625 0.015625
0 0.170313 0.126562 0.015625 0.015625
0 0.314063 0.121875 0.015625 0.015625
0 0.365625 0.057813 0.015625 0.015625
0 0.439063 0.060937 0.015625 0.015625
0 0.473438 0.123438 0.015625 0.015625
0 0.828125 0.067187 0.015625 0.015625
0 0.909375 0.206250 0.015625 0.015625
0 0.701562 0.257812 0.015625 0.015625
0 0.628125 0.251563 0.015625 0.015625
0 0.550000 0.253125 0.015625 0.015625
0 0.484375 0.250000 0.015625 0.015625
0 0.312500 0.253125 0.015625 0.015625
0 0.237500 0.253125 0.015625 0.015625
0 0.040625 0.323437 0.015625 0.015625
0 0.167187 0.392188 0.015625 0.015625
0 0.271875 0.451562 0.015625 0.015625
0 0.353125 0.450000 0.015625 0.015625
0 0.421875 0.451562 0.015625 0.015625
0 0.503125 0.456250 0.015625 0.015625
0 0.553125 0.525000 0.015625 0.015625
0 0.668750 0.471875 0.015625 0.015625
0 0.745313 0.471875 0.015625 0.015625
0 0.823438 0.464062 0.015625 0.015625
0 0.976562 0.470313 0.015625 0.015625
0 0.995313 0.670312 0.015625 0.015625
0 0.940625 0.665625 0.015625 0.015625
0 0.857812 0.667188 0.015625 0.015625
0 0.784375 0.664062 0.015625 0.015625
0 0.698438 0.662500 0.015625 0.015625
0 0.625000 0.657813 0.015625 0.015625
0 0.392188 0.654687 0.015625 0.015625
0 0.151562 0.653125 0.015625 0.015625
0 0.082812 0.653125 0.015625 0.015625
0 0.009375 0.651563 0.015625 0.015625
0 0.040625 0.712500 0.015625 0.015625
0 0.814063 0.726562 0.015625 0.015625
0 0.868750 0.726562 0.015625 0.015625
0 0.854688 0.792188 0.015625 0.015625
0 0.810937 0.862500 0.015625 0.015625
0 0.503125 0.854688 0.015625 0.015625
0 0.431250 0.854688 0.015625 0.015625
0 0.353125 0.853125 0.015625 0.015625
0 0.604688 0.912500 0.015625 0.015625
0 0.648438 0.857812 0.015625 0.015625
0 0.681250 0.914062 0.015625 0.015625
0 0.767188 0.923438 0.015625 0.015625
0 0.834375 0.928125 0.015625 0.015625
