0 0.828125 0.000000 0.015625 0.015625
0 0.867188 0.001563 0.015625 0.015625
0 0.946875 0.001563 0.015625 0.015625
0 0.907813 0.003125 0.015625 0.015625
0 0.984375 0.003125 0.015625 0.015625
0 0.017188 0.015625 0.015625 0.015625
0 0.090625 0.017188 0.015625 0.015625
0 0.129688 0.020313 0.015625 0.015625
0 0.203125 0.020313 0.015625 0.015625
0 0.165625 0.020313 0.015625 0.015625
0 0.557813 0.021875 0.015625 0.015625
0 0.242188 0.021875 0.015625 0.015625
0 0.279687 0.023438 0.015625 0.015625
0 0.317188 0.025000 0.015625 0.015625
0 0.354687 0.025000 0.015625 0.015625
0 0.665625 0.025000 0.015625 0.015625
0 0.625000 0.025000 0.015625 0.015625
0 0.475000 0.026562 0.015625 0.015625
0 0.585938 0.026562 0.015625 0.015625
0 0.393750 0.028125 0.015625 0.015625
0 0.776563 0.031250 0.015625 0.015625
0 0.700000 0.031250 0.015625 0.015625
0 0.889062 0.035937 0.015625 0.015625
0 0.926562 0.035937 0.015625 0.015625
0 0.965625 0.037500 0.015625 0.015625
0 0.814063 0.037500 0.015625 0.015625
0 0.035937 0.046875 0.015625 0.015625
0 0.110937 0.051562 0.015625 0.015625
0 0.148438 0.051562 0.015625 0.015625
0 0.185938 0.054688 0.015625 0.015625
0 0.223438 0.054688 0.015625 0.015625
0 0.260937 0.056250 0.015625 0.015625
0 0.300000 0.056250 0.015625 0.015625
0 0.067187 0.056250 0.015625 0.015625
0 0.450000 0.057813 0.015625 0.015625
0 0.335938 0.057813 0.015625 0.015625
0 0.678125 0.057813 0.015625 0.015625
0 0.643750 0.059375 0.015625 0.015625
0 0.375000 0.059375 0.015625 0.015625
0 0.489063 0.059375 0.015625 0.015625
0 0.603125 0.060937 0.015625 0.015625
0 0.565625 0.060937 0.015625 0.015625
0 0.526563 0.062500 0.015625 0.015625
0 0.715625 0.064062 0.015625 0.015625
0 0.871875 0.065625 0.015625 0.015625
0 0.753125 0.065625 0.015625 0.015625
0 0.790625 0.065625 0.015625 0.015625
0 0.906250 0.067187 0.015625 0.015625
0 0.829688 0.068750 0.015625 0.015625
0 0.943750 0.068750 0.015625 0.015625
0 0.982812 0.071875 0.015625 0.015625
0 0.015625 0.081250 0.015625 0.015625
0 0.053125 0.081250 0.015625 0.015625
0 0.126562 0.084375 0.015625 0.015625
0 0.620313 0.085938 0.015625 0.015625
0 0.165625 0.085938 0.015625 0.015625
0 0.203125 0.087500 0.015625 0.015625
0 0.240625 0.089063 0.015625 0.015625
0 0.273438 0.089063 0.015625 0.015625
0 0.687500 0.090625 0.015625 0.015625
0 0.429688 0.090625 0.015625 0.015625
0 0.392188 0.090625 0.015625 0.015625
0 0.315625 0.090625 0.015625 0.015625
0 0.353125 0.090625 0.015625 0.015625
0 0.467187 0.092188 0.015625 0.015625
0 0.662500 0.092188 0.015625 0.015625
0 0.546875 0.093750 0.015625 0.015625
0 0.842187 0.093750 0.015625 0.015625
0 0.790625 0.095312 0.015625 0.015625
0 0.731250 0.098437 0.015625 0.015625
0 0.812500 0.100000 0.015625 0.015625
0 0.884375 0.101562 0.015625 0.015625
0 0.925000 0.103125 0.015625 0.015625
0 0.960938 0.104688 0.015625 0.015625
0 0.073438 0.112500 0.015625 0.015625
0 0.032813 0.112500 0.015625 0.015625
0 0.185938 0.117188 0.015625 0.015625
0 0.221875 0.118750 0.015625 0.015625
0 0.145313 0.118750 0.015625 0.015625
0 0.257812 0.120313 0.015625 0.015625
0 0.296875 0.121875 0.015625 0.015625
0 0.448437 0.121875 0.015625 0.015625
0 0.410938 0.121875 0.015625 0.015625
0 0.373437 0.123438 0.015625 0.015625
0 0.335938 0.123438 0.015625 0.015625
0 0.525000 0.123438 0.015625 0.015625
0 0.562500 0.126562 0.015625 0.015625
0 0.601562 0.126562 0.015625 0.015625
0 0.640625 0.129688 0.015625 0.015625
0 0.678125 0.129688 0.015625 0.015625
0 0.715625 0.129688 0.015625 0.015625
0 0.753125 0.131250 0.015625 0.015625
0 0.792188 0.131250 0.015625 0.015625
0 0.828125 0.132812 0.015625 0.015625
0 0.865625 0.134375 0.015625 0.015625
0 0.904687 0.134375 0.015625 0.015625
0 0.981250 0.135937 0.015625 0.015625
0 0.942187 0.135937 0.015625 0.015625
0 0.318750 0.140625 0.015625 0.015625
0 0.553125 0.151562 0.015625 0.015625
0 0.393750 0.154688 0.015625 0.015625
0 0.429688 0.156250 0.015625 0.015625
0 0.504687 0.156250 0.015625 0.015625
0 0.468750 0.157812 0.015625 0.015625
0 0.620313 0.160938 0.015625 0.015625
0 0.696875 0.162500 0.015625 0.015625
0 0.659375 0.162500 0.015625 0.015625
0 0.579688 0.164062 0.015625 0.015625
0 0.775000 0.164062 0.015625 0.015625
0 0.735938 0.164062 0.015625 0.015625
0 0.812500 0.165625 0.015625 0.015625
0 0.923438 0.165625 0.015625 0.015625
0 0.885938 0.167187 0.015625 0.015625
0 0.848437 0.167187 0.015625 0.015625
0 0.959375 0.170313 0.015625 0.015625
0 0.162500 0.151562 0.015625 0.015625
0 0.198437 0.153125 0.015625 0.015625
0 0.242188 0.154688 0.015625 0.015625
0 0.275000 0.156250 0.015625 0.015625
0 0.320312 0.156250 0.015625 0.015625
0 0.353125 0.156250 0.015625 0.015625
0 0.334375 0.190625 0.015625 0.015625
0 0.379688 0.187500 0.015625 0.015625
0 0.407813 0.189062 0.015625 0.015625
0 0.448437 0.189062 0.015625 0.015625
0 0.489063 0.192188 0.015625 0.015625
0 0.525000 0.192188 0.015625 0.015625
0 0.868750 0.201563 0.015625 0.015625
0 0.937500 0.201563 0.015625 0.015625
0 0.979688 0.204687 0.015625 0.015625
