0 0.217188 0.825000 0.015625 0.015625
0 0.760938 0.048438 0.015625 0.015625
0 0.234375 0.043750 0.015625 0.015625
0 0.600000 0.701562 0.015625 0.015625
0 0.414062 0.371875 0.015625 0.015625
0 0.685937 0.046875 0.015625 0.015625
0 0.309375 0.042188 0.015625 0.015625
0 0.060937 0.692187 0.015625 0.015625
0 0.115625 0.103125 0.015625 0.015625
0 0.143750 0.823438 0.015625 0.015625
0 0.260937 0.242188 0.015625 0.015625
0 0.490625 0.112500 0.015625 0.015625
0 0.896875 0.970313 0.015625 0.015625
0 0.032813 0.498437 0.015625 0.015625
0 0.843750 0.048438 0.015625 0.015625
0 0.748437 0.701562 0.015625 0.015625
0 0.065625 0.567187 0.015625 0.015625
0 0.564063 0.767188 0.015625 0.015625
0 0.296875 0.303125 0.015625 0.015625
0 0.523438 0.700000 0.015625 0.015625
0 0.071875 0.821875 0.015625 0.015625
0 0.104688 0.759375 0.015625 0.015625
0 0.484375 0.765625 0.015625 0.015625
0 0.720313 0.117188 0.015625 0.015625
0 0.101562 0.893750 0.015625 0.015625
0 0.023438 0.760938 0.015625 0.015625
0 0.410938 0.635938 0.015625 0.015625
0 0.565625 0.903125 0.015625 0.015625
0 0.253125 0.895312 0.015625 0.015625
0 0.820312 0.970313 0.015625 0.015625
0 0.609375 0.175000 0.015625 0.015625
0 0.792188 0.771875 0.015625 0.015625
0 0.150000 0.173437 0.015625 0.015625
0 0.715625 0.768750 0.015625 0.015625
0 0.490625 0.375000 0.015625 0.015625
0 0.487500 0.637500 0.015625 0.015625
0 0.448437 0.703125 0.015625 0.015625
0 0.409375 0.765625 0.015625 0.015625
0 0.298438 0.175000 0.015625 0.015625
0 0.159375 0.037500 0.015625 0.015625
0 0.364063 0.962500 0.015625 0.015625
0 0.615625 0.042188 0.015625 0.015625
0 0.921875 0.051562 0.015625 0.015625
0 0.337500 0.368750 0.015625 0.015625
0 0.676562 0.703125 0.015625 0.015625
0 0.795312 0.514062 0.015625 0.015625
0 0.139063 0.960938 0.015625 0.015625
0 0.371875 0.303125 0.015625 0.015625
0 0.225000 0.176563 0.015625 0.015625
0 0.717187 0.510938 0.015625 0.015625
0 0.790625 0.903125 0.015625 0.015625
0 0.867188 0.771875 0.015625 0.015625
0 0.529687 0.567187 0.015625 0.015625
0 0.079687 0.034375 0.015625 0.015625
0 0.337500 0.240625 0.015625 0.015625
0 0.060937 0.953125 0.015625 0.015625
0 0.600000 0.568750 0.015625 0.015625
0 0.375000 0.173437 0.015625 0.015625
0 0.418750 0.112500 0.015625 0.015625
0 0.645312 0.110937 0.015625 0.015625
0 0.262500 0.365625 0.015625 0.015625
0 0.567187 0.376563 0.015625 0.015625
0 0.190625 0.107813 0.015625 0.015625
0 0.562500 0.637500 0.015625 0.015625
0 0.864062 0.240625 0.015625 0.015625
0 0.098437 0.625000 0.015625 0.015625
0 0.760938 0.450000 0.015625 0.015625
0 0.865625 0.518750 0.015625 0.015625
0 0.173437 0.896875 0.015625 0.015625
0 0.567187 0.509375 0.015625 0.015625
0 0.748437 0.970313 0.015625 0.015625
0 0.375000 0.435937 0.015625 0.015625
0 0.225000 0.301563 0.015625 0.015625
0 0.023438 0.893750 0.015625 0.015625
0 0.290625 0.959375 0.015625 0.015625
0 0.448437 0.562500 0.015625 0.015625
0 0.189062 0.362500 0.015625 0.015625
0 0.684375 0.571875 0.015625 0.015625
0 0.135937 0.692187 0.015625 0.015625
0 0.671875 0.321875 0.015625 0.015625
0 0.720313 0.248438 0.015625 0.015625
0 0.142187 0.567187 0.015625 0.015625
0 0.945312 0.385937 0.015625 0.015625
0 0.987500 0.315625 0.015625 0.015625
0 0.993750 0.059375 0.015625 0.015625
0 0.987500 0.575000 0.015625 0.015625
0 0.984375 0.446875 0.015625 0.015625
0 0.909375 0.314063 0.015625 0.015625
0 0.026562 0.364063 0.015625 0.015625
0 0.068750 0.432812 0.015625 0.015625
0 0.110937 0.498437 0.015625 0.015625
0 0.025000 0.628125 0.015625 0.015625
0 0.179688 0.631250 0.015625 0.015625
0 0.218750 0.698438 0.015625 0.015625
0 0.253125 0.760938 0.015625 0.015625
0 0.285938 0.828125 0.015625 0.015625
0 0.001563 0.957812 0.015625 0.015625
0 0.968750 0.970313 0.015625 0.015625
0 0.443750 0.048438 0.015625 0.015625
0 0.367188 0.046875 0.015625 0.015625
0 0.526563 0.182812 0.015625 0.015625
0 0.451562 0.178125 0.015625 0.015625
0 0.676562 0.187500 0.015625 0.015625
0 0.451562 0.314063 0.015625 0.015625
0 0.557813 0.310937 0.015625 0.015625
0 0.753125 0.321875 0.015625 0.015625
0 0.825000 0.315625 0.015625 0.015625
0 0.510938 0.443750 0.015625 0.015625
0 0.442188 0.442188 0.015625 0.015625
0 0.298438 0.435937 0.015625 0.015625
0 0.240625 0.435937 0.015625 0.015625
0 0.259375 0.509375 0.015625 0.015625
0 0.331250 0.506250 0.015625 0.015625
0 0.423438 0.509375 0.015625 0.015625
0 0.368750 0.562500 0.015625 0.015625
0 0.290625 0.568750 0.015625 0.015625
0 0.331250 0.628125 0.015625 0.015625
0 0.614062 0.446875 0.015625 0.015625
0 0.675000 0.450000 0.015625 0.015625
0 0.834375 0.450000 0.015625 0.015625
0 0.979688 0.187500 0.015625 0.015625
0 0.639062 0.776563 0.015625 0.015625
0 0.676562 0.840625 0.015625 0.015625
0 0.671875 0.975000 0.015625 0.015625
0 0.596875 0.970313 0.015625 0.015625
0 0.515625 0.971875 0.015625 0.015625
0 0.442188 0.964063 0.015625 0.015625
0 0.401562 0.892188 0.015625 0.015625
0 0.368750 0.826562 0.015625 0.015625
0 0.307812 0.703125 0.015625 0.015625
0 0.521875 0.832812 0.015625 0.015625
0 0.445312 0.832812 0.015625 0.015625
0 0.476562 0.900000 0.015625 0.015625
0 0.342187 0.764062 0.015625 0.015625
0 0.003125 0.170313 0.015625 0.015625
0 0.040625 0.229687 0.015625 0.015625
0 0.075000 0.298438 0.015625 0.015625
0 0.110937 0.367188 0.015625 0.015625
0 0.151562 0.434375 0.015625 0.015625
0 0.192188 0.498437 0.015625 0.015625
0 0.221875 0.565625 0.015625 0.015625
0 0.253125 0.631250 0.015625 0.015625
0 0.412500 0.240625 0.015625 0.015625
0 0.873437 0.120313 0.015625 0.015625
0 0.946875 0.118750 0.015625 0.015625
0 0.825000 0.710938 0.015625 0.015625
0 0.906250 0.714063 0.015625 0.015625
0 0.968750 0.712500 0.015625 0.015625
0 0.823438 0.187500 0.015625 0.015625
0 0.753125 0.179688 0.015625 0.015625
0 0.492188 0.245312 0.015625 0.015625
0 0.568750 0.246875 0.015625 0.015625
0 0.640625 0.245312 0.015625 0.015625
0 0.798438 0.248438 0.015625 0.015625
0 0.937500 0.256250 0.015625 0.015625
0 0.600000 0.315625 0.015625 0.015625
0 0.525000 0.310937 0.015625 0.015625
0 0.950000 0.518750 0.015625 0.015625
0 0.821875 0.582812 0.015625 0.015625
0 0.751563 0.581250 0.015625 0.015625
0 0.896875 0.581250 0.015625 0.015625
0 0.170313 0.759375 0.015625 0.015625
0 0.568750 0.109375 0.015625 0.015625
0 0.525000 0.046875 0.015625 0.015625
0 0.264062 0.110937 0.015625 0.015625
0 0.037500 0.093750 0.015625 0.015625
0 0.001563 0.037500 0.015625 0.015625
0 0.900000 0.840625 0.015625 0.015625
0 0.698438 0.903125 0.015625 0.015625
0 0.629687 0.895312 0.015625 0.015625
0 0.598437 0.831250 0.015625 0.015625
0 0.373437 0.695312 0.015625 0.015625
0 0.862500 0.645312 0.015625 0.015625
0 0.764062 0.635938 0.015625 0.015625
0 0.639062 0.635938 0.015625 0.015625
0 0.640625 0.379688 0.015625 0.015625
0 0.723437 0.376563 0.015625 0.015625
0 0.906250 0.445312 0.015625 0.015625
0 0.825000 0.834375 0.015625 0.015625
0 0.751563 0.835938 0.015625 0.015625
