0 0.003125 0.006250 0.015625 0.015625
0 0.042188 0.075000 0.015625 0.015625
0 0.004687 0.135937 0.015625 0.015625
0 0.042188 0.203125 0.015625 0.015625
0 0.085938 0.135937 0.015625 0.015625
0 0.117188 0.203125 0.015625 0.015625
0 0.159375 0.137500 0.015625 0.015625
0 0.198437 0.203125 0.015625 0.015625
0 0.235937 0.135937 0.015625 0.015625
0 0.267188 0.206250 0.015625 0.015625
0 0.315625 0.142187 0.015625 0.015625
0 0.457813 0.148438 0.015625 0.015625
0 0.343750 0.209375 0.015625 0.015625
0 0.001563 0.270313 0.015625 0.015625
0 0.079687 0.265625 0.015625 0.015625
0 0.159375 0.267188 0.015625 0.015625
0 0.225000 0.271875 0.015625 0.015625
0 0.298438 0.273438 0.015625 0.015625
0 0.000000 0.400000 0.015625 0.015625
0 0.039062 0.332813 0.015625 0.015625
0 0.076563 0.396875 0.015625 0.015625
0 0.114062 0.334375 0.015625 0.015625
0 0.159375 0.401562 0.015625 0.015625
0 0.198437 0.331250 0.015625 0.015625
0 0.235937 0.403125 0.015625 0.015625
0 0.267188 0.337500 0.015625 0.015625
0 0.309375 0.400000 0.015625 0.015625
0 0.346875 0.340625 0.015625 0.015625
0 0.378125 0.406250 0.015625 0.015625
0 0.412500 0.335938 0.015625 0.015625
0 0.457813 0.409375 0.015625 0.015625
0 0.384375 0.273438 0.015625 0.015625
0 0.453125 0.275000 0.015625 0.015625
0 0.492188 0.337500 0.015625 0.015625
0 0.540625 0.281250 0.015625 0.015625
0 0.573438 0.334375 0.015625 0.015625
0 0.610938 0.276562 0.015625 0.015625
0 0.682813 0.281250 0.015625 0.015625
0 0.646875 0.345313 0.015625 0.015625
0 0.720313 0.343750 0.015625 0.015625
0 0.795312 0.343750 0.015625 0.015625
0 0.535937 0.410938 0.015625 0.015625
0 0.609375 0.409375 0.015625 0.015625
0 0.681250 0.407813 0.015625 0.015625
0 0.759375 0.409375 0.015625 0.015625
0 0.829688 0.409375 0.015625 0.015625
0 0.871875 0.350000 0.015625 0.015625
0 0.950000 0.350000 0.015625 0.015625
0 0.909375 0.409375 0.015625 0.015625
0 0.981250 0.417187 0.015625 0.015625
0 0.985938 0.281250 0.015625 0.015625
0 0.031250 0.468750 0.015625 0.015625
0 0.115625 0.470313 0.015625 0.015625
0 0.193750 0.468750 0.015625 0.015625
0 0.270313 0.468750 0.015625 0.015625
0 0.340625 0.473438 0.015625 0.015625
0 0.420312 0.473438 0.015625 0.015625
0 0.492188 0.473438 0.015625 0.015625
0 0.571875 0.475000 0.015625 0.015625
0 0.648438 0.476562 0.015625 0.015625
0 0.726562 0.471875 0.015625 0.015625
0 0.790625 0.473438 0.015625 0.015625
0 0.871875 0.478125 0.015625 0.015625
0 0.951562 0.479687 0.015625 0.015625
0 0.032813 0.595313 0.015625 0.015625
0 0.075000 0.532813 0.015625 0.015625
0 0.107813 0.595313 0.015625 0.015625
0 0.153125 0.543750 0.015625 0.015625
0 0.187500 0.596875 0.015625 0.015625
0 0.229687 0.532813 0.015625 0.015625
0 0.262500 0.595313 0.015625 0.015625
0 0.307812 0.542188 0.015625 0.015625
0 0.345313 0.603125 0.015625 0.015625
0 0.371875 0.535937 0.015625 0.015625
0 0.403125 0.606250 0.015625 0.015625
0 0.435937 0.535937 0.015625 0.015625
0 0.479687 0.600000 0.015625 0.015625
0 0.532813 0.539062 0.015625 0.015625
0 0.559375 0.604688 0.015625 0.015625
0 0.603125 0.543750 0.015625 0.015625
0 0.639062 0.603125 0.015625 0.015625
0 0.673438 0.546875 0.015625 0.015625
0 0.707812 0.606250 0.015625 0.015625
0 0.753125 0.543750 0.015625 0.015625
0 0.771875 0.603125 0.015625 0.015625
0 0.829688 0.540625 0.015625 0.015625
0 0.865625 0.604688 0.015625 0.015625
0 0.909375 0.546875 0.015625 0.015625
0 0.943750 0.607812 0.015625 0.015625
0 0.982812 0.542188 0.015625 0.015625
0 0.000000 0.662500 0.015625 0.015625
0 0.029687 0.726562 0.015625 0.015625
0 0.071875 0.659375 0.015625 0.015625
0 0.106250 0.728125 0.015625 0.015625
0 0.146875 0.664062 0.015625 0.015625
0 0.187500 0.728125 0.015625 0.015625
0 0.228125 0.654687 0.015625 0.015625
0 0.264062 0.728125 0.015625 0.015625
0 0.298438 0.664062 0.015625 0.015625
0 0.337500 0.729688 0.015625 0.015625
0 0.373437 0.667188 0.015625 0.015625
0 0.404687 0.729688 0.015625 0.015625
0 0.446875 0.667188 0.015625 0.015625
0 0.495312 0.734375 0.015625 0.015625
0 0.525000 0.667188 0.015625 0.015625
0 0.567187 0.734375 0.015625 0.015625
0 0.603125 0.675000 0.015625 0.015625
0 0.642188 0.731250 0.015625 0.015625
0 0.676562 0.675000 0.015625 0.015625
0 0.718750 0.737500 0.015625 0.015625
0 0.757812 0.676562 0.015625 0.015625
0 0.800000 0.731250 0.015625 0.015625
0 0.828125 0.671875 0.015625 0.015625
0 0.868750 0.732812 0.015625 0.015625
0 0.900000 0.673438 0.015625 0.015625
0 0.942187 0.745313 0.015625 0.015625
0 0.987500 0.671875 0.015625 0.015625
0 0.032813 0.851562 0.015625 0.015625
0 0.068750 0.784375 0.015625 0.015625
0 0.106250 0.843750 0.015625 0.015625
0 0.151562 0.789062 0.015625 0.015625
0 0.187500 0.857812 0.015625 0.015625
0 0.221875 0.790625 0.015625 0.015625
0 0.262500 0.854688 0.015625 0.015625
0 0.296875 0.792188 0.015625 0.015625
0 0.337500 0.865625 0.015625 0.015625
0 0.379688 0.798438 0.015625 0.015625
0 0.417187 0.857812 0.015625 0.015625
0 0.450000 0.798438 0.015625 0.015625
0 0.487500 0.867188 0.015625 0.015625
0 0.525000 0.793750 0.015625 0.015625
0 0.559375 0.859375 0.015625 0.015625
0 0.600000 0.800000 0.015625 0.015625
0 0.640625 0.867188 0.015625 0.015625
0 0.673438 0.803125 0.015625 0.015625
0 0.720313 0.864062 0.015625 0.015625
0 0.753125 0.801562 0.015625 0.015625
0 0.792188 0.868750 0.015625 0.015625
0 0.826562 0.804688 0.015625 0.015625
0 0.870313 0.870313 0.015625 0.015625
0 0.906250 0.803125 0.015625 0.015625
0 0.943750 0.873437 0.015625 0.015625
0 0.981250 0.807813 0.015625 0.015625
0 0.003125 0.918750 0.015625 0.015625
0 0.068750 0.921875 0.015625 0.015625
0 0.139063 0.925000 0.015625 0.015625
0 0.220312 0.925000 0.015625 0.015625
0 0.289062 0.925000 0.015625 0.015625
0 0.042188 0.990625 0.015625 0.015625
0 0.103125 0.990625 0.015625 0.015625
0 0.181250 0.985938 0.015625 0.015625
0 0.256250 0.989062 0.015625 0.015625
0 0.334375 0.993750 0.015625 0.015625
0 0.407813 0.995313 0.015625 0.015625
0 0.485938 0.996875 0.015625 0.015625
0 0.375000 0.923438 0.015625 0.015625
0 0.451562 0.932813 0.015625 0.015625
0 0.523438 0.928125 0.015625 0.015625
0 0.593750 0.934375 0.015625 0.015625
0 0.681250 0.935937 0.015625 0.015625
0 0.745313 0.935937 0.015625 0.015625
0 0.639062 0.996875 0.015625 0.015625
0 0.826562 0.935937 0.015625 0.015625
0 0.864062 0.993750 0.015625 0.015625
0 0.895312 0.935937 0.015625 0.015625
0 0.979688 0.943750 0.015625 0.015625
0 0.646875 0.206250 0.015625 0.015625
0 0.982812 0.156250 0.015625 0.015625
0 0.901563 0.156250 0.015625 0.015625
0 0.826562 0.154688 0.015625 0.015625
0 0.771875 0.148438 0.015625 0.015625
0 0.948438 0.082812 0.015625 0.015625
0 0.870313 0.089063 0.015625 0.015625
0 0.814063 0.070312 0.015625 0.015625
0 0.840625 0.025000 0.015625 0.015625
0 0.759375 0.018750 0.015625 0.015625
0 0.707812 0.068750 0.015625 0.015625
0 0.687500 0.010937 0.015625 0.015625
0 0.626563 0.015625 0.015625 0.015625
0 0.923438 0.028125 0.015625 0.015625
0 0.998437 0.023438 0.015625 0.015625
