0 0.273438 0.006250 0.015625 0.015625
0 0.406250 0.015625 0.015625 0.015625
0 0.881250 0.020313 0.015625 0.015625
0 0.159375 0.043750 0.015625 0.015625
0 0.082812 0.045312 0.015625 0.015625
0 0.310937 0.051562 0.015625 0.015625
0 0.529687 0.056250 0.015625 0.015625
0 0.926562 0.059375 0.015625 0.015625
0 0.764062 0.059375 0.015625 0.015625
0 0.989062 0.065625 0.015625 0.015625
0 0.837500 0.071875 0.015625 0.015625
0 0.715625 0.085938 0.015625 0.015625
0 0.359375 0.120313 0.015625 0.015625
0 0.234375 0.128125 0.015625 0.015625
0 0.151562 0.131250 0.015625 0.015625
0 0.982812 0.156250 0.015625 0.015625
0 0.932813 0.160938 0.015625 0.015625
0 0.606250 0.184375 0.015625 0.015625
0 0.678125 0.187500 0.015625 0.015625
0 0.304688 0.189062 0.015625 0.015625
0 0.532813 0.190625 0.015625 0.015625
0 0.904687 0.193750 0.015625 0.015625
0 0.114062 0.245312 0.015625 0.015625
0 0.337500 0.246875 0.015625 0.015625
0 0.568750 0.248438 0.015625 0.015625
0 0.690625 0.268750 0.015625 0.015625
0 0.229687 0.314063 0.015625 0.015625
0 0.531250 0.318750 0.015625 0.015625
0 0.015625 0.326562 0.015625 0.015625
0 0.435937 0.340625 0.015625 0.015625
0 0.850000 0.340625 0.015625 0.015625
0 0.112500 0.368750 0.015625 0.015625
0 0.267188 0.371875 0.015625 0.015625
0 0.190625 0.371875 0.015625 0.015625
0 0.534375 0.392188 0.015625 0.015625
0 0.456250 0.396875 0.015625 0.015625
0 0.889062 0.410938 0.015625 0.015625
0 0.003125 0.434375 0.015625 0.015625
0 0.082812 0.434375 0.015625 0.015625
0 0.676562 0.437500 0.015625 0.015625
0 0.157812 0.439063 0.015625 0.015625
0 0.387500 0.439063 0.015625 0.015625
0 0.828125 0.440625 0.015625 0.015625
0 0.901563 0.448437 0.015625 0.015625
0 0.756250 0.450000 0.015625 0.015625
0 0.532813 0.471875 0.015625 0.015625
0 0.293750 0.471875 0.015625 0.015625
0 0.965625 0.498437 0.015625 0.015625
0 0.126562 0.500000 0.015625 0.015625
0 0.335938 0.510938 0.015625 0.015625
0 0.681250 0.529687 0.015625 0.015625
0 0.254688 0.540625 0.015625 0.015625
0 0.607812 0.540625 0.015625 0.015625
0 0.554688 0.540625 0.015625 0.015625
0 0.984375 0.545312 0.015625 0.015625
0 0.004687 0.565625 0.015625 0.015625
0 0.979688 0.585938 0.015625 0.015625
0 0.517188 0.587500 0.015625 0.015625
0 0.087500 0.592187 0.015625 0.015625
0 0.826562 0.595313 0.015625 0.015625
0 0.376563 0.595313 0.015625 0.015625
0 0.185938 0.607812 0.015625 0.015625
0 0.276562 0.610938 0.015625 0.015625
0 0.910937 0.623437 0.015625 0.015625
0 0.482812 0.664062 0.015625 0.015625
0 0.560937 0.667188 0.015625 0.015625
0 0.393750 0.673438 0.015625 0.015625
0 0.295312 0.675000 0.015625 0.015625
0 0.778125 0.685937 0.015625 0.015625
0 0.217188 0.689063 0.015625 0.015625
0 0.076563 0.690625 0.015625 0.015625
0 0.151562 0.692187 0.015625 0.015625
0 0.929688 0.695312 0.015625 0.015625
0 0.618750 0.735938 0.015625 0.015625
0 0.343750 0.745313 0.015625 0.015625
0 0.462500 0.745313 0.015625 0.015625
0 0.992188 0.750000 0.015625 0.015625
0 0.873437 0.754687 0.015625 0.015625
0 0.034375 0.754687 0.015625 0.015625
0 0.114062 0.762500 0.015625 0.015625
0 0.185938 0.764062 0.015625 0.015625
0 0.584375 0.801562 0.015625 0.015625
0 0.759375 0.809375 0.015625 0.015625
0 0.823438 0.810937 0.015625 0.015625
0 0.676562 0.810937 0.015625 0.015625
0 0.970313 0.810937 0.015625 0.015625
0 0.326562 0.825000 0.015625 0.015625
0 0.400000 0.831250 0.015625 0.015625
0 0.215625 0.834375 0.015625 0.015625
0 0.073438 0.834375 0.015625 0.015625
0 0.154688 0.834375 0.015625 0.015625
0 0.462500 0.842187 0.015625 0.015625
0 0.806250 0.860938 0.015625 0.015625
0 0.706250 0.864062 0.015625 0.015625
0 0.935937 0.884375 0.015625 0.015625
0 0.631250 0.898438 0.015625 0.015625
0 0.032813 0.900000 0.015625 0.015625
0 0.859375 0.912500 0.015625 0.015625
0 0.359375 0.915625 0.015625 0.015625
0 0.545312 0.915625 0.015625 0.015625
0 0.482812 0.917188 0.015625 0.015625
0 0.226562 0.917188 0.015625 0.015625
0 0.434375 0.918750 0.015625 0.015625
0 0.685937 0.918750 0.015625 0.015625
0 0.298438 0.920312 0.015625 0.015625
0 0.798438 0.923438 0.015625 0.015625
0 0.956250 0.931250 0.015625 0.015625
0 0.140625 0.959375 0.015625 0.015625
0 0.221875 0.959375 0.015625 0.015625
0 0.526563 0.960938 0.015625 0.015625
0 0.456250 0.962500 0.015625 0.015625
0 0.932813 0.982812 0.015625 0.015625
0 0.884375 0.990625 0.015625 0.015625
0 0.078125 0.995313 0.015625 0.015625
