0 0.448437 0.017188 0.015625 0.015625
0 0.525000 0.020313 0.015625 0.015625
0 0.590625 0.023438 0.015625 0.015625
0 0.560937 0.090625 0.015625 0.015625
0 0.635938 0.093750 0.015625 0.015625
0 0.976562 0.029687 0.015625 0.015625
0 0.895312 0.032813 0.015625 0.015625
0 0.826562 0.028125 0.015625 0.015625
0 0.748437 0.023438 0.015625 0.015625
0 0.789062 0.101562 0.015625 0.015625
0 0.868750 0.092188 0.015625 0.015625
0 0.818750 0.162500 0.015625 0.015625
0 0.896875 0.165625 0.015625 0.015625
0 0.965625 0.159375 0.015625 0.015625
