0 0.084375 0.059375 0.015625 0.015625
0 0.071875 0.575000 0.015625 0.015625
0 0.081250 0.189062 0.015625 0.015625
0 0.039062 0.378125 0.015625 0.015625
0 0.001563 0.187500 0.015625 0.015625
0 0.031250 0.646875 0.015625 0.015625
0 0.309375 0.195312 0.015625 0.015625
0 0.340625 0.518750 0.015625 0.015625
0 0.912500 0.201563 0.015625 0.015625
0 0.164062 0.060937 0.015625 0.015625
0 0.418750 0.393750 0.015625 0.015625
0 0.234375 0.193750 0.015625 0.015625
0 0.464062 0.196875 0.015625 0.015625
0 0.432812 0.000000 0.015625 0.015625
0 0.195312 0.128125 0.015625 0.015625
0 0.765625 0.200000 0.015625 0.015625
0 0.187500 0.515625 0.015625 0.015625
0 0.114062 0.642188 0.015625 0.015625
0 0.145313 0.576562 0.015625 0.015625
0 0.265625 0.518750 0.015625 0.015625
0 0.378125 0.587500 0.015625 0.015625
0 0.239063 0.064062 0.015625 0.015625
0 0.990625 0.203125 0.015625 0.015625
0 0.884375 0.010937 0.015625 0.015625
0 0.959375 0.010937 0.015625 0.015625
0 0.157812 0.187500 0.015625 0.015625
0 0.382812 0.195312 0.015625 0.015625
0 0.310937 0.318750 0.015625 0.015625
0 0.189062 0.646875 0.015625 0.015625
0 0.348438 0.128125 0.015625 0.015625
0 0.317188 0.062500 0.015625 0.015625
0 0.340625 0.393750 0.015625 0.015625
0 0.951562 0.271875 0.015625 0.015625
0 0.150000 0.451562 0.015625 0.015625
0 0.110937 0.389062 0.015625 0.015625
0 0.417187 0.523438 0.015625 0.015625
0 0.835938 0.200000 0.015625 0.015625
0 0.226562 0.582812 0.015625 0.015625
0 0.070312 0.718750 0.015625 0.015625
0 0.142187 0.984375 0.015625 0.015625
0 0.031250 0.915625 0.015625 0.015625
0 0.067187 0.979688 0.015625 0.015625
0 0.109375 0.914062 0.015625 0.015625
0 0.332813 0.921875 0.015625 0.015625
0 0.293750 0.985938 0.015625 0.015625
0 0.335938 0.792188 0.015625 0.015625
0 0.182812 0.917188 0.015625 0.015625
0 0.300000 0.717187 0.015625 0.015625
0 0.368750 0.989062 0.015625 0.015625
0 0.264062 0.787500 0.015625 0.015625
0 0.257812 0.918750 0.015625 0.015625
0 0.262500 0.646875 0.015625 0.015625
0 0.218750 0.984375 0.015625 0.015625
0 0.221875 0.848437 0.015625 0.015625
0 0.409375 0.925000 0.015625 0.015625
0 0.412500 0.796875 0.015625 0.015625
0 0.223438 0.717187 0.015625 0.015625
0 0.185938 0.781250 0.015625 0.015625
0 0.193750 0.259375 0.015625 0.015625
0 0.184375 0.387500 0.015625 0.015625
0 0.117188 0.254688 0.015625 0.015625
0 0.303125 0.581250 0.015625 0.015625
0 0.146875 0.712500 0.015625 0.015625
0 0.268750 0.260937 0.015625 0.015625
0 0.381250 0.721875 0.015625 0.015625
0 0.873437 0.268750 0.015625 0.015625
0 0.443750 0.990625 0.015625 0.015625
0 0.229687 0.321875 0.015625 0.015625
0 0.545312 0.201563 0.015625 0.015625
0 0.153125 0.320312 0.015625 0.015625
0 0.293750 0.854688 0.015625 0.015625
0 0.040625 0.254688 0.015625 0.015625
0 0.800000 0.264062 0.015625 0.015625
0 0.417187 0.264062 0.015625 0.015625
0 0.617188 0.203125 0.015625 0.015625
0 0.145313 0.846875 0.015625 0.015625
0 0.343750 0.651563 0.015625 0.015625
0 0.034375 0.782813 0.015625 0.015625
0 0.079687 0.318750 0.015625 0.015625
0 0.373437 0.854688 0.015625 0.015625
0 0.498437 0.267188 0.015625 0.015625
0 0.382812 0.321875 0.015625 0.015625
0 0.070312 0.848437 0.015625 0.015625
0 0.575000 0.268750 0.015625 0.015625
0 0.803125 0.139063 0.015625 0.015625
0 0.879687 0.137500 0.015625 0.015625
0 0.954688 0.139063 0.015625 0.015625
0 0.353125 0.003125 0.015625 0.015625
0 0.501563 0.009375 0.015625 0.015625
0 0.579688 0.003125 0.015625 0.015625
0 0.650000 0.003125 0.015625 0.015625
0 0.732812 0.003125 0.015625 0.015625
0 0.389062 0.059375 0.015625 0.015625
0 0.467187 0.059375 0.015625 0.015625
0 0.526563 0.060937 0.015625 0.015625
0 0.010937 0.062500 0.015625 0.015625
0 0.034375 0.128125 0.015625 0.015625
0 0.275000 0.135937 0.015625 0.015625
0 0.698438 0.070312 0.015625 0.015625
0 0.351562 0.260937 0.015625 0.015625
0 0.260937 0.389062 0.015625 0.015625
0 0.039062 0.515625 0.015625 0.015625
0 0.109375 0.518750 0.015625 0.015625
0 0.418750 0.131250 0.015625 0.015625
0 0.642188 0.128125 0.015625 0.015625
