0 0.623437 0.045312 0.015625 0.015625
0 0.442188 0.045312 0.015625 0.015625
0 0.370312 0.048438 0.015625 0.015625
0 0.215625 0.050000 0.015625 0.015625
0 0.515625 0.051562 0.015625 0.015625
0 0.068750 0.054688 0.015625 0.015625
0 0.135937 0.057813 0.015625 0.015625
0 0.817187 0.057813 0.015625 0.015625
0 0.179688 0.109375 0.015625 0.015625
0 0.271875 0.120313 0.015625 0.015625
0 0.632812 0.121875 0.015625 0.015625
0 0.556250 0.123438 0.015625 0.015625
0 0.784375 0.123438 0.015625 0.015625
0 0.706250 0.125000 0.015625 0.015625
0 0.929688 0.132812 0.015625 0.015625
0 0.135937 0.181250 0.015625 0.015625
0 0.210938 0.181250 0.015625 0.015625
0 0.435937 0.184375 0.015625 0.015625
0 0.284375 0.184375 0.015625 0.015625
0 0.360938 0.185938 0.015625 0.015625
0 0.512500 0.185938 0.015625 0.015625
0 0.737500 0.187500 0.015625 0.015625
0 0.962500 0.198437 0.015625 0.015625
0 0.167187 0.245312 0.015625 0.015625
0 0.095312 0.245312 0.015625 0.015625
0 0.015625 0.246875 0.015625 0.015625
0 0.251563 0.248438 0.015625 0.015625
0 0.629687 0.250000 0.015625 0.015625
0 0.471875 0.251563 0.015625 0.015625
0 0.856250 0.257812 0.015625 0.015625
0 0.929688 0.259375 0.015625 0.015625
0 0.135937 0.303125 0.015625 0.015625
0 0.054688 0.307812 0.015625 0.015625
0 0.209375 0.307812 0.015625 0.015625
0 0.357812 0.307812 0.015625 0.015625
0 0.284375 0.310937 0.015625 0.015625
0 0.434375 0.318750 0.015625 0.015625
0 0.510938 0.320312 0.015625 0.015625
0 0.739062 0.320312 0.015625 0.015625
0 0.812500 0.320312 0.015625 0.015625
0 0.590625 0.321875 0.015625 0.015625
0 0.965625 0.321875 0.015625 0.015625
0 0.664062 0.321875 0.015625 0.015625
0 0.889062 0.325000 0.015625 0.015625
0 0.101562 0.373437 0.015625 0.015625
0 0.167187 0.375000 0.015625 0.015625
0 0.010937 0.375000 0.015625 0.015625
0 0.235937 0.376563 0.015625 0.015625
0 0.315625 0.382812 0.015625 0.015625
0 0.387500 0.382812 0.015625 0.015625
0 0.542188 0.385937 0.015625 0.015625
0 0.475000 0.385937 0.015625 0.015625
0 0.626563 0.390625 0.015625 0.015625
0 0.768750 0.390625 0.015625 0.015625
0 0.704688 0.392188 0.015625 0.015625
0 0.923438 0.393750 0.015625 0.015625
0 0.998437 0.395313 0.015625 0.015625
0 0.050000 0.437500 0.015625 0.015625
0 0.203125 0.437500 0.015625 0.015625
0 0.342187 0.446875 0.015625 0.015625
0 0.426563 0.446875 0.015625 0.015625
0 0.581250 0.448437 0.015625 0.015625
0 0.507812 0.450000 0.015625 0.015625
0 0.657813 0.450000 0.015625 0.015625
0 0.809375 0.457813 0.015625 0.015625
0 0.009375 0.500000 0.015625 0.015625
0 0.162500 0.504687 0.015625 0.015625
0 0.085938 0.506250 0.015625 0.015625
0 0.235937 0.509375 0.015625 0.015625
0 0.389062 0.509375 0.015625 0.015625
0 0.306250 0.509375 0.015625 0.015625
0 0.467187 0.514062 0.015625 0.015625
0 0.540625 0.514062 0.015625 0.015625
0 0.700000 0.517188 0.015625 0.015625
0 0.615625 0.518750 0.015625 0.015625
0 0.770312 0.518750 0.015625 0.015625
0 0.840625 0.518750 0.015625 0.015625
0 0.201563 0.571875 0.015625 0.015625
0 0.126562 0.571875 0.015625 0.015625
0 0.354687 0.573438 0.015625 0.015625
0 0.279687 0.575000 0.015625 0.015625
0 0.656250 0.576562 0.015625 0.015625
0 0.959375 0.581250 0.015625 0.015625
0 0.578125 0.582812 0.015625 0.015625
0 0.882812 0.582812 0.015625 0.015625
0 0.804688 0.584375 0.015625 0.015625
0 0.009375 0.632812 0.015625 0.015625
0 0.237500 0.634375 0.015625 0.015625
0 0.160938 0.634375 0.015625 0.015625
0 0.304688 0.640625 0.015625 0.015625
0 0.385937 0.642188 0.015625 0.015625
0 0.614062 0.645312 0.015625 0.015625
0 0.687500 0.648438 0.015625 0.015625
0 0.993750 0.648438 0.015625 0.015625
0 0.915625 0.650000 0.015625 0.015625
0 0.839063 0.651563 0.015625 0.015625
0 0.764062 0.651563 0.015625 0.015625
0 0.115625 0.698438 0.015625 0.015625
0 0.042188 0.700000 0.015625 0.015625
0 0.576562 0.706250 0.015625 0.015625
0 0.504687 0.707812 0.015625 0.015625
0 0.431250 0.707812 0.015625 0.015625
0 0.725000 0.709375 0.015625 0.015625
0 0.654687 0.709375 0.015625 0.015625
0 0.803125 0.714063 0.015625 0.015625
0 0.878125 0.717187 0.015625 0.015625
0 0.953125 0.718750 0.015625 0.015625
0 0.315625 0.760938 0.015625 0.015625
0 0.537500 0.771875 0.015625 0.015625
0 0.610938 0.776563 0.015625 0.015625
0 0.760938 0.781250 0.015625 0.015625
0 0.690625 0.781250 0.015625 0.015625
0 0.835938 0.781250 0.015625 0.015625
0 0.912500 0.784375 0.015625 0.015625
0 0.987500 0.785937 0.015625 0.015625
0 0.425000 0.834375 0.015625 0.015625
0 0.346875 0.834375 0.015625 0.015625
0 0.265625 0.835938 0.015625 0.015625
0 0.501563 0.837500 0.015625 0.015625
0 0.793750 0.846875 0.015625 0.015625
0 0.721875 0.846875 0.015625 0.015625
0 0.876563 0.848437 0.015625 0.015625
0 0.957812 0.848437 0.015625 0.015625
0 0.082812 0.895312 0.015625 0.015625
0 0.231250 0.898438 0.015625 0.015625
0 0.009375 0.898438 0.015625 0.015625
0 0.387500 0.898438 0.015625 0.015625
0 0.157812 0.898438 0.015625 0.015625
0 0.457813 0.904687 0.015625 0.015625
0 0.534375 0.904687 0.015625 0.015625
0 0.612500 0.904687 0.015625 0.015625
0 0.682813 0.909375 0.015625 0.015625
0 0.759375 0.910937 0.015625 0.015625
0 0.839063 0.912500 0.015625 0.015625
0 0.914062 0.914062 0.015625 0.015625
0 0.985938 0.917188 0.015625 0.015625
0 0.112500 0.959375 0.015625 0.015625
0 0.192188 0.960938 0.015625 0.015625
0 0.267188 0.960938 0.015625 0.015625
0 0.042188 0.960938 0.015625 0.015625
0 0.345313 0.967187 0.015625 0.015625
0 0.643750 0.971875 0.015625 0.015625
0 0.568750 0.971875 0.015625 0.015625
0 0.715625 0.973437 0.015625 0.015625
0 0.793750 0.975000 0.015625 0.015625
0 0.867188 0.978125 0.015625 0.015625
0 0.948438 0.467187 0.015625 0.015625
0 0.873437 0.451562 0.015625 0.015625
0 0.910937 0.523438 0.015625 0.015625
0 0.723437 0.585938 0.015625 0.015625
0 0.487500 0.590625 0.015625 0.015625
0 0.529687 0.639062 0.015625 0.015625
0 0.451562 0.637500 0.015625 0.015625
0 0.417187 0.578125 0.015625 0.015625
0 0.339062 0.703125 0.015625 0.015625
0 0.271875 0.703125 0.015625 0.015625
0 0.225000 0.760938 0.015625 0.015625
0 0.151562 0.762500 0.015625 0.015625
0 0.387500 0.773438 0.015625 0.015625
0 0.456250 0.770312 0.015625 0.015625
0 0.029687 0.112500 0.015625 0.015625
0 0.101562 0.114062 0.015625 0.015625
0 0.306250 0.053125 0.015625 0.015625
0 0.470313 0.115625 0.015625 0.015625
0 0.603125 0.062500 0.015625 0.015625
0 0.678125 0.054688 0.015625 0.015625
0 0.859375 0.003125 0.015625 0.015625
0 0.893750 0.057813 0.015625 0.015625
0 0.881250 0.185938 0.015625 0.015625
0 0.818750 0.184375 0.015625 0.015625
0 0.651563 0.189062 0.015625 0.015625
0 0.592187 0.189062 0.015625 0.015625
0 0.701562 0.250000 0.015625 0.015625
0 0.765625 0.248438 0.015625 0.015625
0 0.542188 0.259375 0.015625 0.015625
0 0.389062 0.248438 0.015625 0.015625
0 0.326562 0.246875 0.015625 0.015625
0 0.962500 0.067187 0.015625 0.015625
0 0.864062 0.129688 0.015625 0.015625
0 0.046875 0.568750 0.015625 0.015625
0 0.079687 0.634375 0.015625 0.015625
0 0.057813 0.828125 0.015625 0.015625
0 0.125000 0.828125 0.015625 0.015625
0 0.195312 0.837500 0.015625 0.015625
0 0.943750 0.979688 0.015625 0.015625
