0 0.162500 0.134375 0.015625 0.015625
0 0.162500 0.068750 0.015625 0.015625
0 0.240625 0.071875 0.015625 0.015625
0 0.409375 0.170313 0.015625 0.015625
0 0.048438 0.134375 0.015625 0.015625
0 0.203125 0.068750 0.015625 0.015625
0 0.126562 0.068750 0.015625 0.015625
0 0.315625 0.071875 0.015625 0.015625
0 0.240625 0.137500 0.015625 0.015625
0 0.314063 0.137500 0.015625 0.015625
0 0.278125 0.135937 0.015625 0.015625
0 0.050000 0.068750 0.015625 0.015625
0 0.089063 0.067187 0.015625 0.015625
0 0.203125 0.004687 0.015625 0.015625
0 0.278125 0.071875 0.015625 0.015625
0 0.371875 0.106250 0.015625 0.015625
0 0.221875 0.037500 0.015625 0.015625
0 0.106250 0.035937 0.015625 0.015625
0 0.123438 0.134375 0.015625 0.015625
0 0.167187 0.004687 0.015625 0.015625
0 0.087500 0.001563 0.015625 0.015625
0 0.353125 0.073438 0.015625 0.015625
0 0.029687 0.100000 0.015625 0.015625
0 0.259375 0.104688 0.015625 0.015625
0 0.085938 0.134375 0.015625 0.015625
0 0.142187 0.168750 0.015625 0.015625
0 0.298438 0.039062 0.015625 0.015625
0 0.371875 0.171875 0.015625 0.015625
0 0.184375 0.035937 0.015625 0.015625
0 0.200000 0.132812 0.015625 0.015625
0 0.293750 0.168750 0.015625 0.015625
0 0.387500 0.207813 0.015625 0.015625
0 0.353125 0.137500 0.015625 0.015625
0 0.392188 0.142187 0.015625 0.015625
0 0.426563 0.206250 0.015625 0.015625
0 0.121875 0.200000 0.015625 0.015625
0 0.064062 0.167187 0.015625 0.015625
0 0.007812 0.132812 0.015625 0.015625
0 0.348438 0.204687 0.015625 0.015625
0 0.221875 0.103125 0.015625 0.015625
0 0.329688 0.168750 0.015625 0.015625
0 0.106250 0.101562 0.015625 0.015625
0 0.067187 0.101562 0.015625 0.015625
0 0.310937 0.201563 0.015625 0.015625
0 0.025000 0.168750 0.015625 0.015625
0 0.257812 0.168750 0.015625 0.015625
0 0.335938 0.104688 0.015625 0.015625
0 0.101562 0.167187 0.015625 0.015625
0 0.298438 0.106250 0.015625 0.015625
0 0.467187 0.209375 0.015625 0.015625
0 0.178125 0.170313 0.015625 0.015625
0 0.006250 0.201563 0.015625 0.015625
0 0.410938 0.107813 0.015625 0.015625
0 0.215625 0.171875 0.015625 0.015625
0 0.106250 0.232813 0.015625 0.015625
0 0.148438 0.103125 0.015625 0.015625
0 0.082812 0.200000 0.015625 0.015625
0 0.270313 0.198437 0.015625 0.015625
0 0.182812 0.103125 0.015625 0.015625
0 0.162500 0.204687 0.015625 0.015625
0 0.429688 0.139063 0.015625 0.015625
0 0.276562 0.231250 0.015625 0.015625
0 0.015625 0.004687 0.015625 0.015625
0 0.051562 0.004687 0.015625 0.015625
0 0.128125 0.004687 0.015625 0.015625
0 0.143750 0.035937 0.015625 0.015625
0 0.070312 0.035937 0.015625 0.015625
0 0.032813 0.035937 0.015625 0.015625
0 0.006250 0.070312 0.015625 0.015625
0 0.248438 0.006250 0.015625 0.015625
0 0.281250 0.003125 0.015625 0.015625
0 0.320312 0.004687 0.015625 0.015625
0 0.360938 0.009375 0.015625 0.015625
0 0.371875 0.043750 0.015625 0.015625
0 0.331250 0.042188 0.015625 0.015625
0 0.262500 0.039062 0.015625 0.015625
0 0.198437 0.204687 0.015625 0.015625
0 0.771875 0.081250 0.015625 0.015625
0 0.978125 0.115625 0.015625 0.015625
0 0.826562 0.114062 0.015625 0.015625
0 0.715625 0.048438 0.015625 0.015625
0 0.768750 0.146875 0.015625 0.015625
0 0.885938 0.017188 0.015625 0.015625
0 0.751563 0.048438 0.015625 0.015625
0 0.675000 0.178125 0.015625 0.015625
0 0.585938 0.076563 0.015625 0.015625
0 0.734375 0.015625 0.015625 0.015625
0 0.789062 0.050000 0.015625 0.015625
0 0.525000 0.045312 0.015625 0.015625
0 0.656250 0.145313 0.015625 0.015625
0 0.732812 0.081250 0.015625 0.015625
0 0.771875 0.017188 0.015625 0.015625
0 0.843750 0.146875 0.015625 0.015625
0 0.750000 0.112500 0.015625 0.015625
0 0.809375 0.082812 0.015625 0.015625
0 0.901563 0.181250 0.015625 0.015625
0 0.826562 0.179688 0.015625 0.015625
0 0.618750 0.143750 0.015625 0.015625
0 0.850000 0.017188 0.015625 0.015625
0 0.864062 0.114062 0.015625 0.015625
0 0.864062 0.181250 0.015625 0.015625
0 0.846875 0.214062 0.015625 0.015625
0 0.618750 0.078125 0.015625 0.015625
0 0.489063 0.043750 0.015625 0.015625
0 0.635938 0.176563 0.015625 0.015625
0 0.942187 0.117188 0.015625 0.015625
0 0.450000 0.042188 0.015625 0.015625
0 0.695312 0.145313 0.015625 0.015625
0 0.429688 0.007812 0.015625 0.015625
0 0.790625 0.114062 0.015625 0.015625
0 0.806250 0.146875 0.015625 0.015625
0 0.506250 0.078125 0.015625 0.015625
0 0.903125 0.115625 0.015625 0.015625
0 0.695312 0.079687 0.015625 0.015625
0 0.712500 0.178125 0.015625 0.015625
0 0.959375 0.082812 0.015625 0.015625
0 0.810937 0.017188 0.015625 0.015625
0 0.546875 0.012500 0.015625 0.015625
0 0.468750 0.010937 0.015625 0.015625
0 0.993750 0.217188 0.015625 0.015625
0 0.732812 0.145313 0.015625 0.015625
0 0.942187 0.050000 0.015625 0.015625
0 0.581250 0.142187 0.015625 0.015625
0 0.971875 0.181250 0.015625 0.015625
0 0.959375 0.018750 0.015625 0.015625
0 0.806250 0.214062 0.015625 0.015625
0 0.920312 0.150000 0.015625 0.015625
0 0.920312 0.214062 0.015625 0.015625
0 0.618750 0.014063 0.015625 0.015625
0 0.845313 0.082812 0.015625 0.015625
0 0.543750 0.078125 0.015625 0.015625
0 0.525000 0.173437 0.015625 0.015625
0 0.903125 0.046875 0.015625 0.015625
0 0.696875 0.014063 0.015625 0.015625
0 0.560937 0.175000 0.015625 0.015625
0 0.601562 0.110937 0.015625 0.015625
0 0.864062 0.245312 0.015625 0.015625
0 0.642188 0.235937 0.015625 0.015625
0 0.828125 0.048438 0.015625 0.015625
0 0.692187 0.210938 0.015625 0.015625
0 0.584375 0.012500 0.015625 0.015625
0 0.564063 0.110937 0.015625 0.015625
0 0.957812 0.214062 0.015625 0.015625
0 0.565625 0.046875 0.015625 0.015625
0 0.485938 0.109375 0.015625 0.015625
0 0.506250 0.012500 0.015625 0.015625
0 0.657813 0.014063 0.015625 0.015625
0 0.525000 0.110937 0.015625 0.015625
0 0.996875 0.150000 0.015625 0.015625
0 0.979688 0.250000 0.015625 0.015625
0 0.882812 0.214062 0.015625 0.015625
0 0.640625 0.046875 0.015625 0.015625
0 0.395313 0.009375 0.015625 0.015625
0 0.414062 0.042188 0.015625 0.015625
0 0.429688 0.075000 0.015625 0.015625
0 0.389062 0.076563 0.015625 0.015625
0 0.451562 0.110937 0.015625 0.015625
0 0.468750 0.139063 0.015625 0.015625
0 0.487500 0.175000 0.015625 0.015625
0 0.504687 0.210938 0.015625 0.015625
0 0.521875 0.232813 0.015625 0.015625
0 0.550000 0.237500 0.015625 0.015625
0 0.585938 0.237500 0.015625 0.015625
0 0.609375 0.237500 0.015625 0.015625
0 0.535937 0.212500 0.015625 0.015625
0 0.596875 0.175000 0.015625 0.015625
0 0.542188 0.143750 0.015625 0.015625
0 0.507812 0.139063 0.015625 0.015625
0 0.676562 0.110937 0.015625 0.015625
0 0.662500 0.082812 0.015625 0.015625
0 0.718750 0.115625 0.015625 0.015625
0 0.637500 0.110937 0.015625 0.015625
0 0.598437 0.043750 0.015625 0.015625
0 0.676562 0.046875 0.015625 0.015625
0 0.753125 0.178125 0.015625 0.015625
0 0.787500 0.179688 0.015625 0.015625
0 0.770312 0.212500 0.015625 0.015625
0 0.735938 0.210938 0.015625 0.015625
0 0.676562 0.239063 0.015625 0.015625
0 0.703125 0.240625 0.015625 0.015625
0 0.734375 0.240625 0.015625 0.015625
0 0.759375 0.240625 0.015625 0.015625
0 0.792188 0.242188 0.015625 0.015625
0 0.831250 0.243750 0.015625 0.015625
0 0.654687 0.209375 0.015625 0.015625
0 0.617188 0.207813 0.015625 0.015625
0 0.578125 0.206250 0.015625 0.015625
0 0.867188 0.050000 0.015625 0.015625
0 0.882812 0.081250 0.015625 0.015625
0 0.998437 0.081250 0.015625 0.015625
0 0.882812 0.145313 0.015625 0.015625
0 0.937500 0.181250 0.015625 0.015625
0 0.965625 0.150000 0.015625 0.015625
0 0.909375 0.242188 0.015625 0.015625
0 0.942187 0.245312 0.015625 0.015625
0 0.923438 0.018750 0.015625 0.015625
0 0.914062 0.085938 0.015625 0.015625
