0 0.218750 0.034375 0.015625 0.015625
0 0.140625 0.034375 0.015625 0.015625
0 0.065625 0.035937 0.015625 0.015625
0 0.635938 0.087500 0.015625 0.015625
0 0.404687 0.096875 0.015625 0.015625
0 0.021875 0.098437 0.015625 0.015625
0 0.259375 0.100000 0.015625 0.015625
0 0.179688 0.100000 0.015625 0.015625
0 0.098437 0.101562 0.015625 0.015625
0 0.504687 0.150000 0.015625 0.015625
0 0.064062 0.164062 0.015625 0.015625
0 0.365625 0.165625 0.015625 0.015625
0 0.135937 0.168750 0.015625 0.015625
0 0.214062 0.168750 0.015625 0.015625
0 0.290625 0.170313 0.015625 0.015625
0 0.956250 0.221875 0.015625 0.015625
0 0.029687 0.229687 0.015625 0.015625
0 0.101562 0.234375 0.015625 0.015625
0 0.412500 0.235937 0.015625 0.015625
0 0.256250 0.237500 0.015625 0.015625
0 0.178125 0.237500 0.015625 0.015625
0 0.481250 0.239063 0.015625 0.015625
0 0.334375 0.239063 0.015625 0.015625
0 0.181250 0.353125 0.015625 0.015625
0 0.298438 0.428125 0.015625 0.015625
0 0.207813 0.429688 0.015625 0.015625
0 0.601562 0.437500 0.015625 0.015625
0 0.660937 0.440625 0.015625 0.015625
0 0.485938 0.475000 0.015625 0.015625
0 0.129688 0.556250 0.015625 0.015625
0 0.056250 0.562500 0.015625 0.015625
0 0.664062 0.593750 0.015625 0.015625
0 0.856250 0.645312 0.015625 0.015625
0 0.664062 0.709375 0.015625 0.015625
0 0.929688 0.773438 0.015625 0.015625
0 0.781250 0.785937 0.015625 0.015625
0 0.009375 0.889062 0.015625 0.015625
0 0.928125 0.896875 0.015625 0.015625
0 0.867188 0.896875 0.015625 0.015625
0 0.657813 0.903125 0.015625 0.015625
0 0.659375 0.959375 0.015625 0.015625
0 0.062500 0.289062 0.015625 0.015625
0 0.032813 0.357812 0.015625 0.015625
0 0.248438 0.368750 0.015625 0.015625
0 0.326562 0.364063 0.015625 0.015625
0 0.415625 0.371875 0.015625 0.015625
0 0.484375 0.367188 0.015625 0.015625
0 0.637500 0.245312 0.015625 0.015625
0 0.715625 0.243750 0.015625 0.015625
0 0.789062 0.243750 0.015625 0.015625
0 0.851562 0.243750 0.015625 0.015625
0 0.604688 0.307812 0.015625 0.015625
0 0.671875 0.304688 0.015625 0.015625
0 0.759375 0.304688 0.015625 0.015625
0 0.820312 0.309375 0.015625 0.015625
0 0.782813 0.371875 0.015625 0.015625
0 0.709375 0.379688 0.015625 0.015625
0 0.625000 0.375000 0.015625 0.015625
0 0.556250 0.370312 0.015625 0.015625
0 0.509375 0.439063 0.015625 0.015625
0 0.434375 0.432812 0.015625 0.015625
0 0.739062 0.443750 0.015625 0.015625
0 0.887500 0.443750 0.015625 0.015625
0 0.967187 0.443750 0.015625 0.015625
0 0.926562 0.381250 0.015625 0.015625
0 0.843750 0.376563 0.015625 0.015625
0 0.123438 0.435937 0.015625 0.015625
0 0.101562 0.385937 0.015625 0.015625
0 0.178125 0.489063 0.015625 0.015625
0 0.242188 0.492188 0.015625 0.015625
0 0.210938 0.565625 0.015625 0.015625
0 0.270313 0.565625 0.015625 0.015625
0 0.742188 0.578125 0.015625 0.015625
0 0.593750 0.578125 0.015625 0.015625
0 0.775000 0.639062 0.015625 0.015625
0 0.701562 0.639062 0.015625 0.015625
0 0.620313 0.635938 0.015625 0.015625
0 0.546875 0.634375 0.015625 0.015625
0 0.403125 0.632812 0.015625 0.015625
0 0.100000 0.629687 0.015625 0.015625
0 0.121875 0.696875 0.015625 0.015625
0 0.014063 0.634375 0.015625 0.015625
0 0.042188 0.692187 0.015625 0.015625
0 0.170313 0.637500 0.015625 0.015625
0 0.193750 0.695312 0.015625 0.015625
0 0.245312 0.629687 0.015625 0.015625
0 0.287500 0.692187 0.015625 0.015625
0 0.370312 0.701562 0.015625 0.015625
0 0.737500 0.704688 0.015625 0.015625
0 0.809375 0.707812 0.015625 0.015625
0 0.892188 0.709375 0.015625 0.015625
0 0.928125 0.646875 0.015625 0.015625
0 0.975000 0.704688 0.015625 0.015625
0 0.964063 0.842187 0.015625 0.015625
0 0.967187 0.576562 0.015625 0.015625
0 0.884375 0.576562 0.015625 0.015625
0 0.806250 0.578125 0.015625 0.015625
0 0.429688 0.568750 0.015625 0.015625
0 0.171875 0.762500 0.015625 0.015625
0 0.089063 0.756250 0.015625 0.015625
0 0.254688 0.765625 0.015625 0.015625
0 0.320312 0.768750 0.015625 0.015625
0 0.314063 0.895312 0.015625 0.015625
0 0.231250 0.892188 0.015625 0.015625
0 0.151562 0.890625 0.015625 0.015625
0 0.401562 0.767188 0.015625 0.015625
0 0.476562 0.768750 0.015625 0.015625
0 0.543750 0.764062 0.015625 0.015625
0 0.631250 0.768750 0.015625 0.015625
0 0.701562 0.767188 0.015625 0.015625
0 0.750000 0.837500 0.015625 0.015625
0 0.810937 0.842187 0.015625 0.015625
0 0.875000 0.843750 0.015625 0.015625
0 0.665625 0.837500 0.015625 0.015625
0 0.593750 0.839063 0.015625 0.015625
0 0.503125 0.825000 0.015625 0.015625
0 0.425000 0.834375 0.015625 0.015625
0 0.353125 0.829688 0.015625 0.015625
0 0.860938 0.767188 0.015625 0.015625
0 0.776563 0.898438 0.015625 0.015625
0 0.540625 0.892188 0.015625 0.015625
0 0.503125 0.964063 0.015625 0.015625
0 0.431250 0.962500 0.015625 0.015625
0 0.359375 0.957812 0.015625 0.015625
0 0.889062 0.970313 0.015625 0.015625
0 0.807813 0.970313 0.015625 0.015625
0 0.742188 0.965625 0.015625 0.015625
0 0.962500 0.970313 0.015625 0.015625
0 0.996875 0.901563 0.015625 0.015625
0 0.451562 0.709375 0.015625 0.015625
0 0.781250 0.507812 0.015625 0.015625
0 0.848437 0.514062 0.015625 0.015625
0 0.939063 0.512500 0.015625 0.015625
0 0.359375 0.043750 0.015625 0.015625
0 0.453125 0.045312 0.015625 0.015625
0 0.542188 0.045312 0.015625 0.015625
0 0.600000 0.043750 0.015625 0.015625
0 0.556250 0.112500 0.015625 0.015625
0 0.476562 0.098437 0.015625 0.015625
0 0.287500 0.040625 0.015625 0.015625
