0 0.984375 0.053125 0.015625 0.015625
0 0.900000 0.073438 0.015625 0.015625
0 0.815625 0.057813 0.015625 0.015625
0 0.745313 0.050000 0.015625 0.015625
0 0.679688 0.039062 0.015625 0.015625
0 0.596875 0.042188 0.015625 0.015625
0 0.540625 0.034375 0.015625 0.015625
0 0.451562 0.035937 0.015625 0.015625
0 0.370312 0.043750 0.015625 0.015625
0 0.307812 0.029687 0.015625 0.015625
0 0.215625 0.032813 0.015625 0.015625
0 0.146875 0.043750 0.015625 0.015625
0 0.090625 0.040625 0.015625 0.015625
0 0.103125 0.095312 0.015625 0.015625
0 0.053125 0.162500 0.015625 0.015625
0 0.135937 0.165625 0.015625 0.015625
0 0.181250 0.101562 0.015625 0.015625
0 0.215625 0.168750 0.015625 0.015625
0 0.251563 0.104688 0.015625 0.015625
0 0.293750 0.165625 0.015625 0.015625
0 0.321875 0.106250 0.015625 0.015625
0 0.367188 0.168750 0.015625 0.015625
0 0.403125 0.100000 0.015625 0.015625
0 0.445312 0.162500 0.015625 0.015625
0 0.487500 0.112500 0.015625 0.015625
0 0.521875 0.176563 0.015625 0.015625
0 0.562500 0.107813 0.015625 0.015625
0 0.595313 0.173437 0.015625 0.015625
0 0.634375 0.106250 0.015625 0.015625
0 0.679688 0.173437 0.015625 0.015625
0 0.712500 0.109375 0.015625 0.015625
0 0.748437 0.193750 0.015625 0.015625
0 0.790625 0.115625 0.015625 0.015625
0 0.814063 0.176563 0.015625 0.015625
0 0.859375 0.112500 0.015625 0.015625
0 0.910937 0.192188 0.015625 0.015625
0 0.946875 0.117188 0.015625 0.015625
0 0.985938 0.187500 0.015625 0.015625
0 0.975000 0.309375 0.015625 0.015625
0 0.948438 0.246875 0.015625 0.015625
0 0.906250 0.314063 0.015625 0.015625
0 0.862500 0.267188 0.015625 0.015625
0 0.825000 0.314063 0.015625 0.015625
0 0.785937 0.250000 0.015625 0.015625
0 0.756250 0.310937 0.015625 0.015625
0 0.710938 0.245312 0.015625 0.015625
0 0.675000 0.301563 0.015625 0.015625
0 0.631250 0.239063 0.015625 0.015625
0 0.601562 0.301563 0.015625 0.015625
0 0.562500 0.237500 0.015625 0.015625
0 0.528125 0.300000 0.015625 0.015625
0 0.485938 0.226562 0.015625 0.015625
0 0.442188 0.293750 0.015625 0.015625
0 0.410938 0.220312 0.015625 0.015625
0 0.367188 0.296875 0.015625 0.015625
0 0.328125 0.223438 0.015625 0.015625
0 0.301563 0.296875 0.015625 0.015625
0 0.256250 0.229687 0.015625 0.015625
0 0.214062 0.300000 0.015625 0.015625
0 0.181250 0.235937 0.015625 0.015625
0 0.131250 0.293750 0.015625 0.015625
0 0.100000 0.226562 0.015625 0.015625
0 0.071875 0.285938 0.015625 0.015625
0 0.021875 0.220312 0.015625 0.015625
0 0.979688 0.453125 0.015625 0.015625
0 0.940625 0.378125 0.015625 0.015625
0 0.904687 0.434375 0.015625 0.015625
0 0.856250 0.364063 0.015625 0.015625
0 0.817187 0.442188 0.015625 0.015625
0 0.789062 0.375000 0.015625 0.015625
0 0.750000 0.439063 0.015625 0.015625
0 0.710938 0.375000 0.015625 0.015625
0 0.673438 0.434375 0.015625 0.015625
0 0.634375 0.367188 0.015625 0.015625
0 0.601562 0.434375 0.015625 0.015625
0 0.557813 0.375000 0.015625 0.015625
0 0.506250 0.426563 0.015625 0.015625
0 0.484375 0.370312 0.015625 0.015625
0 0.446875 0.425000 0.015625 0.015625
0 0.412500 0.364063 0.015625 0.015625
0 0.371875 0.431250 0.015625 0.015625
0 0.315625 0.356250 0.015625 0.015625
0 0.287500 0.426563 0.015625 0.015625
0 0.245312 0.354687 0.015625 0.015625
0 0.220312 0.423438 0.015625 0.015625
0 0.175000 0.354687 0.015625 0.015625
0 0.134375 0.423438 0.015625 0.015625
0 0.103125 0.364063 0.015625 0.015625
0 0.050000 0.431250 0.015625 0.015625
0 0.031250 0.359375 0.015625 0.015625
0 0.960938 0.565625 0.015625 0.015625
0 0.943750 0.506250 0.015625 0.015625
0 0.903125 0.571875 0.015625 0.015625
0 0.856250 0.498437 0.015625 0.015625
0 0.829688 0.565625 0.015625 0.015625
0 0.775000 0.492188 0.015625 0.015625
0 0.742188 0.587500 0.015625 0.015625
0 0.712500 0.503125 0.015625 0.015625
0 0.679688 0.568750 0.015625 0.015625
0 0.634375 0.492188 0.015625 0.015625
0 0.589063 0.568750 0.015625 0.015625
0 0.543750 0.495312 0.015625 0.015625
0 0.509375 0.576562 0.015625 0.015625
0 0.475000 0.498437 0.015625 0.015625
0 0.434375 0.571875 0.015625 0.015625
0 0.401562 0.492188 0.015625 0.015625
0 0.356250 0.564063 0.015625 0.015625
0 0.335938 0.495312 0.015625 0.015625
0 0.285938 0.573438 0.015625 0.015625
0 0.251563 0.498437 0.015625 0.015625
0 0.201563 0.570312 0.015625 0.015625
0 0.182812 0.485938 0.015625 0.015625
0 0.137500 0.560937 0.015625 0.015625
0 0.106250 0.490625 0.015625 0.015625
0 0.021875 0.484375 0.015625 0.015625
0 0.973437 0.707812 0.015625 0.015625
0 0.935937 0.632812 0.015625 0.015625
0 0.892188 0.715625 0.015625 0.015625
0 0.854688 0.634375 0.015625 0.015625
0 0.821875 0.707812 0.015625 0.015625
0 0.782813 0.637500 0.015625 0.015625
0 0.746875 0.696875 0.015625 0.015625
0 0.707812 0.629687 0.015625 0.015625
0 0.668750 0.689063 0.015625 0.015625
0 0.625000 0.628125 0.015625 0.015625
0 0.578125 0.700000 0.015625 0.015625
0 0.535937 0.626563 0.015625 0.015625
0 0.518750 0.690625 0.015625 0.015625
0 0.481250 0.626563 0.015625 0.015625
0 0.439063 0.696875 0.015625 0.015625
0 0.406250 0.628125 0.015625 0.015625
0 0.376563 0.693750 0.015625 0.015625
0 0.323437 0.621875 0.015625 0.015625
0 0.301563 0.700000 0.015625 0.015625
0 0.254688 0.617188 0.015625 0.015625
0 0.212500 0.693750 0.015625 0.015625
0 0.187500 0.626563 0.015625 0.015625
0 0.968750 0.832812 0.015625 0.015625
0 0.921875 0.901563 0.015625 0.015625
0 0.887500 0.828125 0.015625 0.015625
0 0.837500 0.901563 0.015625 0.015625
0 0.814063 0.821875 0.015625 0.015625
0 0.771875 0.898438 0.015625 0.015625
0 0.750000 0.823438 0.015625 0.015625
0 0.698438 0.900000 0.015625 0.015625
0 0.582812 0.825000 0.015625 0.015625
0 0.537500 0.890625 0.015625 0.015625
0 0.506250 0.818750 0.015625 0.015625
0 0.460938 0.892188 0.015625 0.015625
0 0.437500 0.814063 0.015625 0.015625
0 0.403125 0.887500 0.015625 0.015625
0 0.362500 0.825000 0.015625 0.015625
0 0.306250 0.895312 0.015625 0.015625
0 0.281250 0.814063 0.015625 0.015625
0 0.229687 0.898438 0.015625 0.015625
0 0.206250 0.818750 0.015625 0.015625
0 0.704688 0.770312 0.015625 0.015625
0 0.665625 0.820312 0.015625 0.015625
0 0.629687 0.878125 0.015625 0.015625
0 0.250000 0.760938 0.015625 0.015625
0 0.176563 0.760938 0.015625 0.015625
0 0.332813 0.760938 0.015625 0.015625
0 0.401562 0.760938 0.015625 0.015625
0 0.481250 0.765625 0.015625 0.015625
0 0.542188 0.768750 0.015625 0.015625
0 0.621875 0.765625 0.015625 0.015625
0 0.778125 0.760938 0.015625 0.015625
0 0.853125 0.764062 0.015625 0.015625
0 0.932813 0.768750 0.015625 0.015625
0 0.573438 0.960938 0.015625 0.015625
0 0.506250 0.959375 0.015625 0.015625
0 0.421875 0.957812 0.015625 0.015625
0 0.359375 0.954688 0.015625 0.015625
0 0.285938 0.951562 0.015625 0.015625
0 0.642188 0.964063 0.015625 0.015625
0 0.737500 0.962500 0.015625 0.015625
0 0.803125 0.960938 0.015625 0.015625
0 0.885938 0.967187 0.015625 0.015625
0 0.959375 0.971875 0.015625 0.015625
