0 0.096875 0.970313 0.015625 0.015625
0 0.043750 0.048438 0.015625 0.015625
0 0.020313 0.970313 0.015625 0.015625
0 0.121875 0.051562 0.015625 0.015625
0 0.067187 0.771875 0.015625 0.015625
0 0.064062 0.240625 0.015625 0.015625
0 0.065625 0.518750 0.015625 0.015625
0 0.976562 0.398438 0.015625 0.015625
0 0.668750 0.918750 0.015625 0.015625
0 0.868750 0.596875 0.015625 0.015625
0 0.787500 0.593750 0.015625 0.015625
0 0.940625 0.725000 0.015625 0.015625
0 0.795312 0.193750 0.015625 0.015625
0 0.971875 0.918750 0.015625 0.015625
0 0.792188 0.462500 0.015625 0.015625
0 0.743750 0.917188 0.015625 0.015625
0 0.859375 0.723437 0.015625 0.015625
0 0.340625 0.059375 0.015625 0.015625
0 0.223438 0.385937 0.015625 0.015625
0 0.232813 0.123438 0.015625 0.015625
0 0.596875 0.918750 0.015625 0.015625
0 0.760938 0.262500 0.015625 0.015625
0 0.487500 0.453125 0.015625 0.015625
0 0.145313 0.385937 0.015625 0.015625
0 0.907813 0.526563 0.015625 0.015625
0 0.265625 0.317188 0.015625 0.015625
0 0.951562 0.065625 0.015625 0.015625
0 0.715625 0.460938 0.015625 0.015625
0 0.685937 0.262500 0.015625 0.015625
0 0.834375 0.525000 0.015625 0.015625
0 0.485938 0.976562 0.015625 0.015625
0 0.564063 0.978125 0.015625 0.015625
0 0.562500 0.454688 0.015625 0.015625
0 0.568750 0.059375 0.015625 0.015625
0 0.443750 0.917188 0.015625 0.015625
0 0.634375 0.978125 0.015625 0.015625
0 0.729688 0.062500 0.015625 0.015625
0 0.446875 0.520312 0.015625 0.015625
0 0.895312 0.920312 0.015625 0.015625
0 0.409375 0.848437 0.015625 0.015625
0 0.989062 0.129688 0.015625 0.015625
0 0.367188 0.778125 0.015625 0.015625
0 0.756250 0.395313 0.015625 0.015625
0 0.187500 0.315625 0.015625 0.015625
0 0.531250 0.126562 0.015625 0.015625
0 0.218750 0.778125 0.015625 0.015625
0 0.298438 0.251563 0.015625 0.015625
0 0.596875 0.651563 0.015625 0.015625
0 0.382812 0.520312 0.015625 0.015625
0 0.710938 0.851562 0.015625 0.015625
0 0.753125 0.523438 0.015625 0.015625
0 0.193750 0.059375 0.015625 0.015625
0 0.765625 0.129688 0.015625 0.015625
0 0.800000 0.062500 0.015625 0.015625
0 0.907813 0.395313 0.015625 0.015625
0 0.187500 0.575000 0.015625 0.015625
0 0.842187 0.117188 0.015625 0.015625
0 0.217188 0.642188 0.015625 0.015625
0 0.184375 0.446875 0.015625 0.015625
0 0.634375 0.854688 0.015625 0.015625
0 0.717187 0.193750 0.015625 0.015625
0 0.342187 0.320312 0.015625 0.015625
0 0.409375 0.715625 0.015625 0.015625
0 0.779687 0.989062 0.015625 0.015625
0 0.640625 0.190625 0.015625 0.015625
0 0.487500 0.853125 0.015625 0.015625
0 0.573438 0.190625 0.015625 0.015625
0 0.492188 0.060937 0.015625 0.015625
0 0.306250 0.123438 0.015625 0.015625
0 0.564063 0.325000 0.015625 0.015625
0 0.873437 0.064062 0.015625 0.015625
0 0.635938 0.720313 0.015625 0.015625
0 0.220312 0.514062 0.015625 0.015625
0 0.267188 0.059375 0.015625 0.015625
0 0.517188 0.653125 0.015625 0.015625
0 0.109375 0.314063 0.015625 0.015625
0 0.342187 0.592187 0.015625 0.015625
0 0.710938 0.590625 0.015625 0.015625
0 0.412500 0.453125 0.015625 0.015625
0 0.490625 0.323437 0.015625 0.015625
0 0.746875 0.659375 0.015625 0.015625
0 0.334375 0.715625 0.015625 0.015625
0 0.668750 0.520312 0.015625 0.015625
0 0.953125 0.465625 0.015625 0.015625
0 0.534375 0.260937 0.015625 0.015625
0 0.323437 0.968750 0.015625 0.015625
0 0.484375 0.587500 0.015625 0.015625
0 0.521875 0.915625 0.015625 0.015625
0 0.932813 0.982812 0.015625 0.015625
0 0.709375 0.978125 0.015625 0.015625
0 0.982812 0.790625 0.015625 0.015625
0 0.903125 0.795312 0.015625 0.015625
0 0.826562 0.785937 0.015625 0.015625
0 0.750000 0.785937 0.015625 0.015625
0 0.665625 0.789062 0.015625 0.015625
0 0.600000 0.787500 0.015625 0.015625
0 0.514062 0.787500 0.015625 0.015625
0 0.443750 0.781250 0.015625 0.015625
0 0.243750 0.976562 0.015625 0.015625
0 0.168750 0.970313 0.015625 0.015625
0 0.406250 0.971875 0.015625 0.015625
0 0.420312 0.578125 0.015625 0.015625
0 0.520312 0.525000 0.015625 0.015625
0 0.592187 0.525000 0.015625 0.015625
0 0.567187 0.590625 0.015625 0.015625
0 0.637500 0.587500 0.015625 0.015625
0 0.642188 0.456250 0.015625 0.015625
0 0.879687 0.464062 0.015625 0.015625
0 0.906250 0.657813 0.015625 0.015625
0 0.671875 0.651563 0.015625 0.015625
0 0.978125 0.659375 0.015625 0.015625
0 0.945312 0.598437 0.015625 0.015625
0 0.679688 0.396875 0.015625 0.015625
0 0.601562 0.392188 0.015625 0.015625
0 0.839063 0.393750 0.015625 0.015625
0 0.685937 0.120313 0.015625 0.015625
0 0.554688 0.715625 0.015625 0.015625
0 0.487500 0.718750 0.015625 0.015625
0 0.817187 0.917188 0.015625 0.015625
0 0.856250 0.868750 0.015625 0.015625
0 0.921875 0.867188 0.015625 0.015625
0 0.779687 0.864062 0.015625 0.015625
0 0.025000 0.315625 0.015625 0.015625
0 0.034375 0.450000 0.015625 0.015625
0 0.410938 0.195312 0.015625 0.015625
0 0.329688 0.182812 0.015625 0.015625
0 0.262500 0.184375 0.015625 0.015625
0 0.179688 0.187500 0.015625 0.015625
0 0.459375 0.259375 0.015625 0.015625
0 0.615625 0.260937 0.015625 0.015625
0 0.829688 0.264062 0.015625 0.015625
0 0.917188 0.262500 0.015625 0.015625
0 0.978125 0.264062 0.015625 0.015625
0 0.073438 0.120313 0.015625 0.015625
0 0.146875 0.118750 0.015625 0.015625
0 0.914062 0.129688 0.015625 0.015625
0 0.878125 0.200000 0.015625 0.015625
0 0.959375 0.201563 0.015625 0.015625
0 0.025000 0.710938 0.015625 0.015625
0 0.106250 0.714063 0.015625 0.015625
0 0.168750 0.712500 0.015625 0.015625
0 0.023438 0.187500 0.015625 0.015625
0 0.137500 0.256250 0.015625 0.015625
0 0.225000 0.253125 0.015625 0.015625
0 0.364063 0.256250 0.015625 0.015625
0 0.418750 0.057813 0.015625 0.015625
0 0.720313 0.329688 0.015625 0.015625
0 0.643750 0.328125 0.015625 0.015625
0 0.793750 0.329688 0.015625 0.015625
0 0.892188 0.328125 0.015625 0.015625
0 0.150000 0.518750 0.015625 0.015625
0 0.021875 0.582812 0.015625 0.015625
0 0.096875 0.581250 0.015625 0.015625
0 0.328125 0.400000 0.015625 0.015625
0 0.454688 0.393750 0.015625 0.015625
0 0.553125 0.393750 0.015625 0.015625
0 0.496875 0.193750 0.015625 0.015625
0 0.264062 0.456250 0.015625 0.015625
0 0.303125 0.517188 0.015625 0.015625
0 0.639062 0.059375 0.015625 0.015625
0 0.709375 0.723437 0.015625 0.015625
0 0.370312 0.912500 0.015625 0.015625
0 0.278125 0.912500 0.015625 0.015625
0 0.210938 0.912500 0.015625 0.015625
0 0.864062 0.985938 0.015625 0.015625
0 0.978125 0.531250 0.015625 0.015625
0 0.823438 0.654687 0.015625 0.015625
0 0.446875 0.645312 0.015625 0.015625
0 0.100000 0.840625 0.015625 0.015625
0 0.260937 0.582812 0.015625 0.015625
0 0.304688 0.646875 0.015625 0.015625
0 0.062500 0.645312 0.015625 0.015625
0 0.106250 0.445312 0.015625 0.015625
0 0.025000 0.834375 0.015625 0.015625
