0 0.510938 0.043750 0.015625 0.015625
0 0.281250 0.048438 0.015625 0.015625
0 0.353125 0.048438 0.015625 0.015625
0 0.429688 0.051562 0.015625 0.015625
0 0.990625 0.059375 0.015625 0.015625
0 0.735938 0.060937 0.015625 0.015625
0 0.934375 0.065625 0.015625 0.015625
0 0.657813 0.065625 0.015625 0.015625
0 0.614062 0.095312 0.015625 0.015625
0 0.240625 0.114062 0.015625 0.015625
0 0.315625 0.120313 0.015625 0.015625
0 0.768750 0.125000 0.015625 0.015625
0 0.656250 0.189062 0.015625 0.015625
0 0.907813 0.190625 0.015625 0.015625
0 0.810937 0.190625 0.015625 0.015625
0 0.579688 0.190625 0.015625 0.015625
0 0.739062 0.192188 0.015625 0.015625
0 0.989062 0.200000 0.015625 0.015625
0 0.843750 0.254688 0.015625 0.015625
0 0.771875 0.256250 0.015625 0.015625
0 0.914062 0.264062 0.015625 0.015625
0 0.325000 0.285938 0.015625 0.015625
0 0.807813 0.317188 0.015625 0.015625
0 0.882812 0.323437 0.015625 0.015625
0 0.962500 0.373437 0.015625 0.015625
0 0.768750 0.389062 0.015625 0.015625
0 0.868750 0.390625 0.015625 0.015625
0 0.406250 0.421875 0.015625 0.015625
0 0.490625 0.423438 0.015625 0.015625
0 0.281250 0.451562 0.015625 0.015625
0 0.814063 0.454688 0.015625 0.015625
0 0.734375 0.457813 0.015625 0.015625
0 0.921875 0.523438 0.015625 0.015625
0 0.996875 0.525000 0.015625 0.015625
0 0.487500 0.553125 0.015625 0.015625
0 0.800000 0.554688 0.015625 0.015625
0 0.628125 0.557813 0.015625 0.015625
0 0.353125 0.562500 0.015625 0.015625
0 0.956250 0.590625 0.015625 0.015625
0 0.879687 0.590625 0.015625 0.015625
0 0.717187 0.676562 0.015625 0.015625
0 0.275000 0.681250 0.015625 0.015625
0 0.506250 0.682813 0.015625 0.015625
0 0.567187 0.684375 0.015625 0.015625
0 0.640625 0.687500 0.015625 0.015625
0 0.825000 0.689063 0.015625 0.015625
0 0.989062 0.782813 0.015625 0.015625
0 0.910937 0.782813 0.015625 0.015625
0 0.465625 0.790625 0.015625 0.015625
0 0.682813 0.804688 0.015625 0.015625
0 0.314063 0.809375 0.015625 0.015625
0 0.606250 0.809375 0.015625 0.015625
0 0.532813 0.810937 0.015625 0.015625
0 0.217188 0.810937 0.015625 0.015625
0 0.784375 0.812500 0.015625 0.015625
0 0.951562 0.848437 0.015625 0.015625
0 0.532813 0.907813 0.015625 0.015625
0 0.309375 0.912500 0.015625 0.015625
0 0.607812 0.914062 0.015625 0.015625
0 0.376563 0.920312 0.015625 0.015625
0 0.734375 0.939063 0.015625 0.015625
0 0.662500 0.940625 0.015625 0.015625
0 0.814063 0.945312 0.015625 0.015625
0 0.882812 0.957812 0.015625 0.015625
0 0.578125 0.962500 0.015625 0.015625
