0 0.887500 0.003125 0.015625 0.015625
0 0.235937 0.446875 0.015625 0.015625
0 0.992188 0.595313 0.015625 0.015625
0 0.335938 0.912500 0.015625 0.015625
0 0.814063 0.135937 0.015625 0.015625
0 0.848437 0.196875 0.015625 0.015625
0 0.134375 0.121875 0.015625 0.015625
0 0.040625 0.642188 0.015625 0.015625
0 0.642188 0.918750 0.015625 0.015625
0 0.528125 0.850000 0.015625 0.015625
0 0.235937 0.315625 0.015625 0.015625
0 0.265625 0.650000 0.015625 0.015625
0 0.809375 0.393750 0.015625 0.015625
0 0.335938 0.648438 0.015625 0.015625
0 0.000000 0.445312 0.015625 0.015625
0 0.312500 0.448437 0.015625 0.015625
0 0.418750 0.914062 0.015625 0.015625
0 0.314063 0.318750 0.015625 0.015625
0 0.915625 0.725000 0.015625 0.015625
0 0.190625 0.645312 0.015625 0.015625
0 0.076563 0.843750 0.015625 0.015625
0 0.364063 0.125000 0.015625 0.015625
0 0.842187 0.460938 0.015625 0.015625
0 0.500000 0.646875 0.015625 0.015625
0 0.915625 0.334375 0.015625 0.015625
0 0.150000 0.845313 0.015625 0.015625
0 0.221875 0.714063 0.015625 0.015625
0 0.096875 0.053125 0.015625 0.015625
0 0.784375 0.196875 0.015625 0.015625
0 0.271875 0.384375 0.015625 0.015625
0 0.917188 0.593750 0.015625 0.015625
0 0.020313 0.053125 0.015625 0.015625
0 0.451562 0.850000 0.015625 0.015625
0 0.059375 0.120313 0.015625 0.015625
0 0.765625 0.589063 0.015625 0.015625
0 0.923438 0.193750 0.015625 0.015625
0 0.737500 0.260937 0.015625 0.015625
0 0.851562 0.068750 0.015625 0.015625
0 0.537500 0.717187 0.015625 0.015625
0 0.765625 0.725000 0.015625 0.015625
0 0.193750 0.906250 0.015625 0.015625
0 0.770312 0.326562 0.015625 0.015625
0 0.915625 0.851562 0.015625 0.015625
0 0.156250 0.712500 0.015625 0.015625
0 0.160938 0.317188 0.015625 0.015625
0 0.295312 0.978125 0.015625 0.015625
0 0.000000 0.573438 0.015625 0.015625
0 0.082812 0.578125 0.015625 0.015625
0 0.887500 0.132812 0.015625 0.015625
0 0.621875 0.321875 0.015625 0.015625
0 0.226562 0.973437 0.015625 0.015625
0 0.659375 0.390625 0.015625 0.015625
0 0.609375 0.979688 0.015625 0.015625
0 0.439063 0.125000 0.015625 0.015625
0 0.601562 0.853125 0.015625 0.015625
0 0.696875 0.320312 0.015625 0.015625
0 0.732812 0.390625 0.015625 0.015625
0 0.117188 0.648438 0.015625 0.015625
0 0.846875 0.328125 0.015625 0.015625
0 0.546875 0.187500 0.015625 0.015625
0 0.010937 0.185938 0.015625 0.015625
0 0.090625 0.185938 0.015625 0.015625
0 0.579688 0.389062 0.015625 0.015625
0 0.525000 0.984375 0.015625 0.015625
0 0.843750 0.593750 0.015625 0.015625
0 0.376563 0.846875 0.015625 0.015625
0 0.964063 0.265625 0.015625 0.015625
0 0.881250 0.787500 0.015625 0.015625
0 0.568750 0.917188 0.015625 0.015625
0 0.584375 0.259375 0.015625 0.015625
0 0.807813 0.525000 0.015625 0.015625
0 0.767188 0.459375 0.015625 0.015625
0 0.689063 0.720313 0.015625 0.015625
0 0.848437 0.726562 0.015625 0.015625
0 0.887500 0.265625 0.015625 0.015625
0 0.951562 0.662500 0.015625 0.015625
0 0.957812 0.395313 0.015625 0.015625
0 0.684375 0.853125 0.015625 0.015625
0 0.726562 0.523438 0.015625 0.015625
0 0.690625 0.454688 0.015625 0.015625
0 0.956250 0.789062 0.015625 0.015625
0 0.687500 0.985938 0.015625 0.015625
0 0.993750 0.726562 0.015625 0.015625
0 0.626563 0.064062 0.015625 0.015625
0 0.542188 0.060937 0.015625 0.015625
0 0.484375 0.059375 0.015625 0.015625
0 0.398438 0.054688 0.015625 0.015625
0 0.317188 0.054688 0.015625 0.015625
0 0.698438 0.062500 0.015625 0.015625
0 0.782813 0.064062 0.015625 0.015625
0 0.618750 0.189062 0.015625 0.015625
0 0.515625 0.126562 0.015625 0.015625
0 0.478125 0.192188 0.015625 0.015625
0 0.398438 0.187500 0.015625 0.015625
0 0.514062 0.256250 0.015625 0.015625
0 0.657813 0.256250 0.015625 0.015625
0 0.700000 0.187500 0.015625 0.015625
0 0.798438 0.270313 0.015625 0.015625
0 0.967187 0.132812 0.015625 0.015625
0 0.970313 0.007812 0.015625 0.015625
0 0.993750 0.332813 0.015625 0.015625
0 0.921875 0.459375 0.015625 0.015625
0 0.884375 0.525000 0.015625 0.015625
0 0.948438 0.525000 0.015625 0.015625
0 0.995313 0.525000 0.015625 0.015625
0 0.640625 0.525000 0.015625 0.015625
0 0.581250 0.521875 0.015625 0.015625
0 0.532813 0.453125 0.015625 0.015625
0 0.610938 0.459375 0.015625 0.015625
0 0.885938 0.400000 0.015625 0.015625
0 0.659375 0.654687 0.015625 0.015625
0 0.734375 0.653125 0.015625 0.015625
0 0.798438 0.654687 0.015625 0.015625
0 0.870313 0.659375 0.015625 0.015625
0 0.831250 0.856250 0.015625 0.015625
0 0.048438 0.246875 0.015625 0.015625
0 0.131250 0.251563 0.015625 0.015625
0 0.192188 0.246875 0.015625 0.015625
0 0.173437 0.182812 0.015625 0.015625
0 0.242188 0.195312 0.015625 0.015625
0 0.171875 0.057813 0.015625 0.015625
0 0.214062 0.129688 0.015625 0.015625
0 0.281250 0.256250 0.015625 0.015625
0 0.942187 0.921875 0.015625 0.015625
0 0.084375 0.706250 0.015625 0.015625
0 0.046875 0.381250 0.015625 0.015625
0 0.121875 0.381250 0.015625 0.015625
0 0.192188 0.381250 0.015625 0.015625
0 0.160938 0.446875 0.015625 0.015625
0 0.081250 0.453125 0.015625 0.015625
0 0.081250 0.968750 0.015625 0.015625
0 0.151562 0.970313 0.015625 0.015625
0 0.385937 0.978125 0.015625 0.015625
0 0.437500 0.979688 0.015625 0.015625
0 0.265625 0.907813 0.015625 0.015625
0 0.239063 0.843750 0.015625 0.015625
0 0.312500 0.853125 0.015625 0.015625
0 0.042188 0.509375 0.015625 0.015625
0 0.106250 0.504687 0.015625 0.015625
