0 0.982812 0.012500 0.015625 0.015625
0 0.053125 0.123438 0.015625 0.015625
0 0.009375 0.043750 0.015625 0.015625
0 0.250000 0.068750 0.015625 0.015625
0 0.173437 0.062500 0.015625 0.015625
0 0.092188 0.057813 0.015625 0.015625
0 0.128125 0.121875 0.015625 0.015625
0 0.201563 0.123438 0.015625 0.015625
0 0.279687 0.120313 0.015625 0.015625
0 0.284375 0.000000 0.015625 0.015625
0 0.782813 0.073438 0.015625 0.015625
0 0.709375 0.071875 0.015625 0.015625
0 0.625000 0.065625 0.015625 0.015625
0 0.565625 0.068750 0.015625 0.015625
0 0.489063 0.068750 0.015625 0.015625
0 0.389062 0.064062 0.015625 0.015625
0 0.318750 0.057813 0.015625 0.015625
0 0.353125 0.128125 0.015625 0.015625
0 0.437500 0.128125 0.015625 0.015625
0 0.512500 0.128125 0.015625 0.015625
0 0.584375 0.132812 0.015625 0.015625
0 0.660937 0.135937 0.015625 0.015625
0 0.739062 0.135937 0.015625 0.015625
0 0.821875 0.140625 0.015625 0.015625
0 0.901563 0.142187 0.015625 0.015625
0 0.864062 0.073438 0.015625 0.015625
0 0.010937 0.331250 0.015625 0.015625
0 0.043750 0.390625 0.015625 0.015625
0 0.015625 0.184375 0.015625 0.015625
0 0.042188 0.260937 0.015625 0.015625
0 0.087500 0.320312 0.015625 0.015625
0 0.128125 0.392188 0.015625 0.015625
0 0.095312 0.196875 0.015625 0.015625
0 0.125000 0.254688 0.015625 0.015625
0 0.164062 0.317188 0.015625 0.015625
0 0.203125 0.393750 0.015625 0.015625
0 0.168750 0.193750 0.015625 0.015625
0 0.204687 0.253125 0.015625 0.015625
0 0.242188 0.323437 0.015625 0.015625
0 0.276562 0.396875 0.015625 0.015625
0 0.245312 0.200000 0.015625 0.015625
0 0.298438 0.260937 0.015625 0.015625
0 0.317188 0.325000 0.015625 0.015625
0 0.360938 0.401562 0.015625 0.015625
0 0.329688 0.200000 0.015625 0.015625
0 0.365625 0.268750 0.015625 0.015625
0 0.384375 0.200000 0.015625 0.015625
0 0.471875 0.190625 0.015625 0.015625
0 0.557813 0.200000 0.015625 0.015625
0 0.629687 0.201563 0.015625 0.015625
0 0.703125 0.204687 0.015625 0.015625
0 0.778125 0.204687 0.015625 0.015625
0 0.864062 0.204687 0.015625 0.015625
0 0.009375 0.575000 0.015625 0.015625
0 0.056250 0.656250 0.015625 0.015625
0 0.115625 0.650000 0.015625 0.015625
0 0.079687 0.589063 0.015625 0.015625
0 0.060937 0.529687 0.015625 0.015625
0 0.010937 0.451562 0.015625 0.015625
0 0.093750 0.450000 0.015625 0.015625
0 0.132812 0.515625 0.015625 0.015625
0 0.162500 0.581250 0.015625 0.015625
0 0.203125 0.648438 0.015625 0.015625
0 0.401562 0.331250 0.015625 0.015625
0 0.160938 0.443750 0.015625 0.015625
0 0.201563 0.518750 0.015625 0.015625
0 0.242188 0.579688 0.015625 0.015625
0 0.271875 0.646875 0.015625 0.015625
0 0.359375 0.648438 0.015625 0.015625
0 0.317188 0.590625 0.015625 0.015625
0 0.279687 0.520312 0.015625 0.015625
0 0.239063 0.446875 0.015625 0.015625
0 0.318750 0.456250 0.015625 0.015625
0 0.357812 0.528125 0.015625 0.015625
0 0.382812 0.571875 0.015625 0.015625
0 0.431250 0.653125 0.015625 0.015625
0 0.509375 0.657813 0.015625 0.015625
0 0.451562 0.576562 0.015625 0.015625
0 0.431250 0.528125 0.015625 0.015625
0 0.393750 0.457813 0.015625 0.015625
0 0.998437 0.593750 0.015625 0.015625
0 0.981250 0.535937 0.015625 0.015625
0 0.964063 0.667188 0.015625 0.015625
0 0.935937 0.604688 0.015625 0.015625
0 0.900000 0.531250 0.015625 0.015625
0 0.882812 0.668750 0.015625 0.015625
0 0.854688 0.592187 0.015625 0.015625
0 0.823438 0.526563 0.015625 0.015625
0 0.739062 0.520312 0.015625 0.015625
0 0.770312 0.592187 0.015625 0.015625
0 0.804688 0.664062 0.015625 0.015625
0 0.668750 0.520312 0.015625 0.015625
0 0.700000 0.598437 0.015625 0.015625
0 0.732812 0.667188 0.015625 0.015625
0 0.665625 0.662500 0.015625 0.015625
0 0.631250 0.607812 0.015625 0.015625
0 0.585938 0.521875 0.015625 0.015625
0 0.521875 0.518750 0.015625 0.015625
0 0.539062 0.578125 0.015625 0.015625
0 0.576562 0.659375 0.015625 0.015625
0 0.934375 0.462500 0.015625 0.015625
0 0.851562 0.460938 0.015625 0.015625
0 0.779687 0.462500 0.015625 0.015625
0 0.698438 0.467187 0.015625 0.015625
0 0.629687 0.465625 0.015625 0.015625
0 0.568750 0.464062 0.015625 0.015625
0 0.482812 0.462500 0.015625 0.015625
0 0.420312 0.403125 0.015625 0.015625
0 0.506250 0.393750 0.015625 0.015625
0 0.573438 0.396875 0.015625 0.015625
0 0.659375 0.396875 0.015625 0.015625
0 0.735938 0.393750 0.015625 0.015625
0 0.814063 0.395313 0.015625 0.015625
0 0.885938 0.401562 0.015625 0.015625
0 0.957812 0.401562 0.015625 0.015625
0 0.435937 0.259375 0.015625 0.015625
0 0.500000 0.264062 0.015625 0.015625
0 0.592187 0.264062 0.015625 0.015625
0 0.659375 0.264062 0.015625 0.015625
0 0.732812 0.265625 0.015625 0.015625
0 0.806250 0.270313 0.015625 0.015625
0 0.470313 0.331250 0.015625 0.015625
0 0.551562 0.326562 0.015625 0.015625
0 0.618750 0.332813 0.015625 0.015625
0 0.703125 0.334375 0.015625 0.015625
0 0.759375 0.321875 0.015625 0.015625
0 0.812500 0.321875 0.015625 0.015625
0 0.846875 0.331250 0.015625 0.015625
0 0.007812 0.846875 0.015625 0.015625
0 0.046875 0.912500 0.015625 0.015625
0 0.000000 0.915625 0.015625 0.015625
0 0.010937 0.710938 0.015625 0.015625
0 0.082812 0.712500 0.015625 0.015625
0 0.154688 0.721875 0.015625 0.015625
0 0.240625 0.718750 0.015625 0.015625
0 0.312500 0.720313 0.015625 0.015625
0 0.389062 0.721875 0.015625 0.015625
0 0.467187 0.725000 0.015625 0.015625
0 0.542188 0.723437 0.015625 0.015625
0 0.623437 0.723437 0.015625 0.015625
0 0.667188 0.729688 0.015625 0.015625
0 0.765625 0.729688 0.015625 0.015625
0 0.845313 0.729688 0.015625 0.015625
0 0.912500 0.731250 0.015625 0.015625
0 0.990625 0.732812 0.015625 0.015625
0 0.090625 0.843750 0.015625 0.015625
0 0.118750 0.909375 0.015625 0.015625
0 0.157812 0.840625 0.015625 0.015625
0 0.057813 0.771875 0.015625 0.015625
0 0.129688 0.770312 0.015625 0.015625
0 0.195312 0.920312 0.015625 0.015625
0 0.290625 0.915625 0.015625 0.015625
0 0.248438 0.867188 0.015625 0.015625
0 0.207813 0.773438 0.015625 0.015625
0 0.275000 0.782813 0.015625 0.015625
0 0.318750 0.845313 0.015625 0.015625
0 0.346875 0.912500 0.015625 0.015625
0 0.435937 0.917188 0.015625 0.015625
0 0.396875 0.859375 0.015625 0.015625
0 0.356250 0.782813 0.015625 0.015625
0 0.431250 0.778125 0.015625 0.015625
0 0.467187 0.848437 0.015625 0.015625
0 0.503125 0.926562 0.015625 0.015625
0 0.593750 0.925000 0.015625 0.015625
0 0.553125 0.860938 0.015625 0.015625
0 0.507812 0.768750 0.015625 0.015625
0 0.575000 0.782813 0.015625 0.015625
0 0.617188 0.850000 0.015625 0.015625
0 0.640625 0.921875 0.015625 0.015625
0 0.734375 0.918750 0.015625 0.015625
0 0.712500 0.867188 0.015625 0.015625
0 0.664062 0.787500 0.015625 0.015625
0 0.732812 0.787500 0.015625 0.015625
0 0.759375 0.853125 0.015625 0.015625
0 0.795312 0.926562 0.015625 0.015625
0 0.879687 0.923438 0.015625 0.015625
0 0.846875 0.870313 0.015625 0.015625
0 0.804688 0.789062 0.015625 0.015625
0 0.881250 0.790625 0.015625 0.015625
0 0.918750 0.856250 0.015625 0.015625
0 0.948438 0.921875 0.015625 0.015625
0 0.993750 0.856250 0.015625 0.015625
0 0.956250 0.792188 0.015625 0.015625
0 0.000000 0.975000 0.015625 0.015625
0 0.078125 0.973437 0.015625 0.015625
0 0.909375 0.010937 0.015625 0.015625
