0 0.170313 0.014063 0.015625 0.015625
0 0.092188 0.142187 0.015625 0.015625
0 0.543750 0.018750 0.015625 0.015625
0 0.396875 0.279687 0.015625 0.015625
0 0.359375 0.475000 0.015625 0.015625
0 0.393750 0.414062 0.015625 0.015625
0 0.239063 0.543750 0.015625 0.015625
0 0.242188 0.412500 0.015625 0.015625
0 0.395313 0.014063 0.015625 0.015625
0 0.475000 0.018750 0.015625 0.015625
0 0.545312 0.417187 0.015625 0.015625
0 0.470313 0.284375 0.015625 0.015625
0 0.121875 0.473438 0.015625 0.015625
0 0.242188 0.276562 0.015625 0.015625
0 0.396875 0.148438 0.015625 0.015625
0 0.471875 0.151562 0.015625 0.015625
0 0.120313 0.864062 0.015625 0.015625
0 0.545312 0.284375 0.015625 0.015625
0 0.009375 0.668750 0.015625 0.015625
0 0.434375 0.346875 0.015625 0.015625
0 0.246875 0.146875 0.015625 0.015625
0 0.284375 0.079687 0.015625 0.015625
0 0.435937 0.085938 0.015625 0.015625
0 0.165625 0.543750 0.015625 0.015625
0 0.273438 0.342187 0.015625 0.015625
0 0.270313 0.868750 0.015625 0.015625
0 0.164062 0.671875 0.015625 0.015625
0 0.418750 0.865625 0.015625 0.015625
0 0.354687 0.346875 0.015625 0.015625
0 0.132812 0.075000 0.015625 0.015625
0 0.240625 0.675000 0.015625 0.015625
0 0.510938 0.350000 0.015625 0.015625
0 0.467187 0.415625 0.015625 0.015625
0 0.346875 0.868750 0.015625 0.015625
0 0.245312 0.014063 0.015625 0.015625
0 0.320312 0.278125 0.015625 0.015625
0 0.207813 0.078125 0.015625 0.015625
0 0.315625 0.540625 0.015625 0.015625
0 0.093750 0.012500 0.015625 0.015625
0 0.360938 0.084375 0.015625 0.015625
0 0.281250 0.475000 0.015625 0.015625
0 0.320312 0.145313 0.015625 0.015625
0 0.500000 0.612500 0.015625 0.015625
0 0.165625 0.275000 0.015625 0.015625
0 0.167187 0.143750 0.015625 0.015625
0 0.543750 0.545312 0.015625 0.015625
0 0.195312 0.865625 0.015625 0.015625
0 0.084375 0.670312 0.015625 0.015625
0 0.318750 0.410938 0.015625 0.015625
0 0.510938 0.085938 0.015625 0.015625
0 0.390625 0.678125 0.015625 0.015625
0 0.125000 0.342187 0.015625 0.015625
0 0.123438 0.603125 0.015625 0.015625
0 0.209375 0.212500 0.015625 0.015625
0 0.207813 0.340625 0.015625 0.015625
0 0.198437 0.470313 0.015625 0.015625
0 0.318750 0.012500 0.015625 0.015625
0 0.045312 0.603125 0.015625 0.015625
0 0.435937 0.214062 0.015625 0.015625
0 0.167187 0.412500 0.015625 0.015625
0 0.046875 0.864062 0.015625 0.015625
0 0.123438 0.203125 0.015625 0.015625
0 0.512500 0.479687 0.015625 0.015625
0 0.540625 0.679688 0.015625 0.015625
0 0.284375 0.212500 0.015625 0.015625
0 0.087500 0.537500 0.015625 0.015625
0 0.392188 0.550000 0.015625 0.015625
0 0.467187 0.546875 0.015625 0.015625
0 0.282813 0.739062 0.015625 0.015625
0 0.434375 0.484375 0.015625 0.015625
0 0.510938 0.220312 0.015625 0.015625
0 0.198437 0.604688 0.015625 0.015625
0 0.889062 0.221875 0.015625 0.015625
0 0.737500 0.089063 0.015625 0.015625
0 0.775000 0.023438 0.015625 0.015625
0 0.701562 0.023438 0.015625 0.015625
0 0.843750 0.942187 0.015625 0.015625
0 0.767188 0.942187 0.015625 0.015625
0 0.962500 0.225000 0.015625 0.015625
0 0.662500 0.350000 0.015625 0.015625
0 0.696875 0.551562 0.015625 0.015625
0 0.814063 0.090625 0.015625 0.015625
0 0.771875 0.289062 0.015625 0.015625
0 0.660937 0.090625 0.015625 0.015625
0 0.584375 0.350000 0.015625 0.015625
0 0.992188 0.942187 0.015625 0.015625
0 0.584375 0.089063 0.015625 0.015625
0 0.925000 0.290625 0.015625 0.015625
0 0.960938 0.360938 0.015625 0.015625
0 0.918750 0.942187 0.015625 0.015625
0 0.700000 0.287500 0.015625 0.015625
0 0.698438 0.153125 0.015625 0.015625
0 0.621875 0.021875 0.015625 0.015625
0 0.739062 0.351562 0.015625 0.015625
0 0.662500 0.218750 0.015625 0.015625
0 0.889062 0.354687 0.015625 0.015625
0 0.737500 0.217188 0.015625 0.015625
0 0.770312 0.551562 0.015625 0.015625
0 0.892188 0.090625 0.015625 0.015625
0 0.618750 0.553125 0.015625 0.015625
0 0.923438 0.423438 0.015625 0.015625
0 0.809375 0.875000 0.015625 0.015625
0 0.623437 0.418750 0.015625 0.015625
0 0.957812 0.878125 0.015625 0.015625
0 0.734375 0.871875 0.015625 0.015625
0 0.884375 0.617188 0.015625 0.015625
0 0.918750 0.810937 0.015625 0.015625
0 0.690625 0.937500 0.015625 0.015625
0 0.589063 0.217188 0.015625 0.015625
0 0.882812 0.876563 0.015625 0.015625
0 0.846875 0.421875 0.015625 0.015625
0 0.810937 0.617188 0.015625 0.015625
0 0.926562 0.023438 0.015625 0.015625
0 0.850000 0.026562 0.015625 0.015625
0 0.012500 0.007812 0.015625 0.015625
0 0.053125 0.075000 0.015625 0.015625
0 0.551562 0.153125 0.015625 0.015625
0 0.629687 0.154688 0.015625 0.015625
0 0.775000 0.156250 0.015625 0.015625
0 0.851562 0.159375 0.015625 0.015625
0 0.934375 0.157812 0.015625 0.015625
0 0.821875 0.221875 0.015625 0.015625
0 0.850000 0.293750 0.015625 0.015625
0 0.360938 0.217188 0.015625 0.015625
0 0.353125 0.610938 0.015625 0.015625
0 0.276562 0.609375 0.015625 0.015625
0 0.315625 0.679688 0.015625 0.015625
0 0.435937 0.617188 0.015625 0.015625
0 0.468750 0.679688 0.015625 0.015625
0 0.620313 0.678125 0.015625 0.015625
0 0.664062 0.623437 0.015625 0.015625
0 0.692187 0.678125 0.015625 0.015625
0 0.729688 0.625000 0.015625 0.015625
0 0.776563 0.681250 0.015625 0.015625
0 0.853125 0.557813 0.015625 0.015625
0 0.925000 0.557813 0.015625 0.015625
0 0.987500 0.559375 0.015625 0.015625
0 0.960938 0.615625 0.015625 0.015625
0 0.854688 0.684375 0.015625 0.015625
0 0.925000 0.682813 0.015625 0.015625
0 0.493750 0.873437 0.015625 0.015625
0 0.615625 0.940625 0.015625 0.015625
0 0.998437 0.020313 0.015625 0.015625
0 0.082812 0.273438 0.015625 0.015625
0 0.054688 0.210938 0.015625 0.015625
0 0.620313 0.284375 0.015625 0.015625
0 0.807813 0.356250 0.015625 0.015625
0 0.787500 0.417187 0.015625 0.015625
0 0.689063 0.412500 0.015625 0.015625
0 0.078125 0.409375 0.015625 0.015625
0 0.000000 0.400000 0.015625 0.015625
0 0.054688 0.348438 0.015625 0.015625
0 0.595313 0.489063 0.015625 0.015625
0 0.659375 0.495312 0.015625 0.015625
0 0.507812 0.748437 0.015625 0.015625
0 0.556250 0.750000 0.015625 0.015625
0 0.014063 0.139063 0.015625 0.015625
0 0.751563 0.489063 0.015625 0.015625
0 0.809375 0.485938 0.015625 0.015625
0 0.895312 0.485938 0.015625 0.015625
