0 0.025000 0.164062 0.015625 0.015625
0 0.103125 0.167187 0.015625 0.015625
0 0.170313 0.167187 0.015625 0.015625
0 0.051562 0.232813 0.015625 0.015625
0 0.131250 0.235937 0.015625 0.015625
0 0.210938 0.234375 0.015625 0.015625
0 0.275000 0.229687 0.015625 0.015625
0 0.254688 0.170313 0.015625 0.015625
0 0.362500 0.307812 0.015625 0.015625
0 0.296875 0.306250 0.015625 0.015625
0 0.232813 0.301563 0.015625 0.015625
0 0.151562 0.296875 0.015625 0.015625
0 0.084375 0.295312 0.015625 0.015625
0 0.003125 0.293750 0.015625 0.015625
0 0.051562 0.354687 0.015625 0.015625
0 0.126562 0.357812 0.015625 0.015625
0 0.203125 0.360938 0.015625 0.015625
0 0.275000 0.357812 0.015625 0.015625
0 0.346875 0.368750 0.015625 0.015625
0 0.390625 0.429688 0.015625 0.015625
0 0.300000 0.434375 0.015625 0.015625
0 0.231250 0.431250 0.015625 0.015625
0 0.154688 0.426563 0.015625 0.015625
0 0.073438 0.431250 0.015625 0.015625
0 0.000000 0.428125 0.015625 0.015625
0 0.418750 0.493750 0.015625 0.015625
0 0.346875 0.487500 0.015625 0.015625
0 0.264062 0.490625 0.015625 0.015625
0 0.317188 0.562500 0.015625 0.015625
0 0.385937 0.562500 0.015625 0.015625
0 0.454688 0.564063 0.015625 0.015625
0 0.218750 0.560937 0.015625 0.015625
0 0.142187 0.557813 0.015625 0.015625
0 0.070312 0.557813 0.015625 0.015625
0 0.009375 0.556250 0.015625 0.015625
0 0.487500 0.632812 0.015625 0.015625
0 0.404687 0.626563 0.015625 0.015625
0 0.335938 0.629687 0.015625 0.015625
0 0.257812 0.629687 0.015625 0.015625
0 0.184375 0.626563 0.015625 0.015625
0 0.106250 0.621875 0.015625 0.015625
0 0.037500 0.623437 0.015625 0.015625
0 0.006250 0.690625 0.015625 0.015625
0 0.079687 0.687500 0.015625 0.015625
0 0.160938 0.698438 0.015625 0.015625
0 0.237500 0.698438 0.015625 0.015625
0 0.303125 0.698438 0.015625 0.015625
0 0.379688 0.700000 0.015625 0.015625
0 0.460938 0.703125 0.015625 0.015625
0 0.010937 0.823438 0.015625 0.015625
0 0.093750 0.815625 0.015625 0.015625
0 0.164062 0.818750 0.015625 0.015625
0 0.225000 0.818750 0.015625 0.015625
0 0.307812 0.828125 0.015625 0.015625
0 0.381250 0.823438 0.015625 0.015625
0 0.457813 0.821875 0.015625 0.015625
0 0.612500 0.839063 0.015625 0.015625
0 0.646875 0.901563 0.015625 0.015625
0 0.579688 0.896875 0.015625 0.015625
0 0.484375 0.900000 0.015625 0.015625
0 0.412500 0.884375 0.015625 0.015625
0 0.337500 0.887500 0.015625 0.015625
0 0.265625 0.889062 0.015625 0.015625
0 0.196875 0.884375 0.015625 0.015625
0 0.212500 0.950000 0.015625 0.015625
0 0.156250 0.951562 0.015625 0.015625
0 0.071875 0.953125 0.015625 0.015625
0 0.117188 0.884375 0.015625 0.015625
0 0.029687 0.878125 0.015625 0.015625
0 0.529687 0.957812 0.015625 0.015625
0 0.429688 0.959375 0.015625 0.015625
0 0.381250 0.956250 0.015625 0.015625
0 0.623437 0.964063 0.015625 0.015625
0 0.662500 0.967187 0.015625 0.015625
