0 0.184375 0.009375 0.015625 0.015625
0 0.114062 0.012500 0.015625 0.015625
0 0.800000 0.020313 0.015625 0.015625
0 0.654687 0.025000 0.015625 0.015625
0 0.903125 0.037500 0.015625 0.015625
0 0.006250 0.042188 0.015625 0.015625
0 0.317188 0.054688 0.015625 0.015625
0 0.753125 0.057813 0.015625 0.015625
0 0.459375 0.071875 0.015625 0.015625
0 0.840625 0.075000 0.015625 0.015625
0 0.540625 0.104688 0.015625 0.015625
0 0.132812 0.118750 0.015625 0.015625
0 0.651563 0.121875 0.015625 0.015625
0 0.206250 0.131250 0.015625 0.015625
0 0.487500 0.135937 0.015625 0.015625
0 0.317188 0.143750 0.015625 0.015625
0 0.742188 0.146875 0.015625 0.015625
0 0.429688 0.159375 0.015625 0.015625
0 0.356250 0.160938 0.015625 0.015625
0 0.534375 0.187500 0.015625 0.015625
0 0.104688 0.189062 0.015625 0.015625
0 0.684375 0.192188 0.015625 0.015625
0 0.156250 0.206250 0.015625 0.015625
0 0.039062 0.209375 0.015625 0.015625
0 0.606250 0.218750 0.015625 0.015625
0 0.334375 0.218750 0.015625 0.015625
0 0.464062 0.220312 0.015625 0.015625
0 0.540625 0.250000 0.015625 0.015625
0 0.406250 0.254688 0.015625 0.015625
0 0.107813 0.271875 0.015625 0.015625
0 0.215625 0.275000 0.015625 0.015625
0 0.487500 0.287500 0.015625 0.015625
0 0.429688 0.317188 0.015625 0.015625
0 0.231250 0.337500 0.015625 0.015625
0 0.168750 0.342187 0.015625 0.015625
0 0.101562 0.343750 0.015625 0.015625
0 0.296875 0.362500 0.015625 0.015625
0 0.231250 0.389062 0.015625 0.015625
0 0.165625 0.404687 0.015625 0.015625
0 0.106250 0.410938 0.015625 0.015625
0 0.137500 0.457813 0.015625 0.015625
0 0.079687 0.473438 0.015625 0.015625
0 0.006250 0.473438 0.015625 0.015625
0 0.121875 0.539062 0.015625 0.015625
0 0.201563 0.543750 0.015625 0.015625
0 0.089063 0.589063 0.015625 0.015625
0 0.168750 0.595313 0.015625 0.015625
0 0.220312 0.650000 0.015625 0.015625
0 0.104688 0.696875 0.015625 0.015625
0 0.267188 0.703125 0.015625 0.015625
0 0.006250 0.726562 0.015625 0.015625
0 0.304688 0.746875 0.015625 0.015625
0 0.334375 0.829688 0.015625 0.015625
0 0.262500 0.851562 0.015625 0.015625
0 0.178125 0.875000 0.015625 0.015625
0 0.310937 0.951562 0.015625 0.015625
0 0.412500 0.951562 0.015625 0.015625
