0 0.417187 0.576562 0.015625 0.015625
0 0.192188 0.575000 0.015625 0.015625
0 0.115625 0.575000 0.015625 0.015625
0 0.578125 0.051562 0.015625 0.015625
0 0.489063 0.576562 0.015625 0.015625
0 0.081250 0.640625 0.015625 0.015625
0 0.037500 0.573438 0.015625 0.015625
0 0.196875 0.048438 0.015625 0.015625
0 0.760938 0.250000 0.015625 0.015625
0 0.764062 0.376563 0.015625 0.015625
0 0.267188 0.179688 0.015625 0.015625
0 0.884375 0.059375 0.015625 0.015625
0 0.387500 0.250000 0.015625 0.015625
0 0.235937 0.245312 0.015625 0.015625
0 0.418750 0.314063 0.015625 0.015625
0 0.871875 0.575000 0.015625 0.015625
0 0.881250 0.189062 0.015625 0.015625
0 0.753125 0.650000 0.015625 0.015625
0 0.271875 0.050000 0.015625 0.015625
0 0.793750 0.578125 0.015625 0.015625
0 0.839063 0.378125 0.015625 0.015625
0 0.801562 0.187500 0.015625 0.015625
0 0.496875 0.185938 0.015625 0.015625
0 0.564063 0.576562 0.015625 0.015625
0 0.831250 0.646875 0.015625 0.015625
0 0.735938 0.059375 0.015625 0.015625
0 0.421875 0.184375 0.015625 0.015625
0 0.595313 0.645312 0.015625 0.015625
0 0.675000 0.643750 0.015625 0.015625
0 0.715625 0.571875 0.015625 0.015625
0 0.723437 0.185938 0.015625 0.015625
0 0.348438 0.179688 0.015625 0.015625
0 0.610938 0.250000 0.015625 0.015625
0 0.685937 0.254688 0.015625 0.015625
0 0.459375 0.251563 0.015625 0.015625
0 0.964063 0.060937 0.015625 0.015625
0 0.995313 0.128125 0.015625 0.015625
0 0.987500 0.515625 0.015625 0.015625
0 0.914062 0.642188 0.015625 0.015625
0 0.945312 0.576562 0.015625 0.015625
0 0.957812 0.187500 0.015625 0.015625
0 0.989062 0.646875 0.015625 0.015625
0 0.950000 0.451562 0.015625 0.015625
0 0.910937 0.389062 0.015625 0.015625
0 0.714063 0.975000 0.015625 0.015625
0 0.187500 0.967187 0.015625 0.015625
0 0.714063 0.842187 0.015625 0.015625
0 0.112500 0.704688 0.015625 0.015625
0 0.792188 0.978125 0.015625 0.015625
0 0.514062 0.642188 0.015625 0.015625
0 0.640625 0.710938 0.015625 0.015625
0 0.639062 0.843750 0.015625 0.015625
0 0.337500 0.840625 0.015625 0.015625
0 0.220312 0.900000 0.015625 0.015625
0 0.370312 0.901563 0.015625 0.015625
0 0.870313 0.718750 0.015625 0.015625
0 0.792188 0.842187 0.015625 0.015625
0 0.793750 0.714063 0.015625 0.015625
0 0.750000 0.914062 0.015625 0.015625
0 0.600000 0.775000 0.015625 0.015625
0 0.942187 0.984375 0.015625 0.015625
0 0.295312 0.900000 0.015625 0.015625
0 0.412500 0.971875 0.015625 0.015625
0 0.489063 0.976562 0.015625 0.015625
0 0.562500 0.709375 0.015625 0.015625
0 0.831250 0.915625 0.015625 0.015625
0 0.560937 0.842187 0.015625 0.015625
0 0.637500 0.975000 0.015625 0.015625
0 0.026562 0.965625 0.015625 0.015625
0 0.867188 0.979688 0.015625 0.015625
0 0.262500 0.970313 0.015625 0.015625
0 0.145313 0.898438 0.015625 0.015625
0 0.909375 0.914062 0.015625 0.015625
0 0.107813 0.967187 0.015625 0.015625
0 0.982812 0.917188 0.015625 0.015625
0 0.985938 0.781250 0.015625 0.015625
0 0.993750 0.259375 0.015625 0.015625
0 0.984375 0.387500 0.015625 0.015625
0 0.917188 0.254688 0.015625 0.015625
0 0.675000 0.910937 0.015625 0.015625
0 0.715625 0.710938 0.015625 0.015625
0 0.684375 0.381250 0.015625 0.015625
0 0.946875 0.712500 0.015625 0.015625
0 0.571875 0.315625 0.015625 0.015625
0 0.953125 0.320312 0.015625 0.015625
0 0.756250 0.776563 0.015625 0.015625
0 0.840625 0.254688 0.015625 0.015625
0 0.568750 0.185938 0.015625 0.015625
0 0.795312 0.445312 0.015625 0.015625
0 0.529687 0.375000 0.015625 0.015625
0 0.465625 0.364063 0.015625 0.015625
0 0.471875 0.712500 0.015625 0.015625
0 0.945312 0.846875 0.015625 0.015625
0 0.675000 0.771875 0.015625 0.015625
0 0.529687 0.248438 0.015625 0.015625
0 0.464062 0.514062 0.015625 0.015625
0 0.607812 0.512500 0.015625 0.015625
0 0.723437 0.314063 0.015625 0.015625
0 0.534375 0.514062 0.015625 0.015625
0 0.834375 0.782813 0.015625 0.015625
0 0.879687 0.318750 0.015625 0.015625
0 0.648438 0.176563 0.015625 0.015625
0 0.637500 0.578125 0.015625 0.015625
0 0.870313 0.848437 0.015625 0.015625
0 0.720313 0.450000 0.015625 0.015625
0 0.810937 0.062500 0.015625 0.015625
0 0.503125 0.054688 0.015625 0.015625
0 0.431250 0.054688 0.015625 0.015625
0 0.353125 0.053125 0.015625 0.015625
0 0.604688 0.112500 0.015625 0.015625
0 0.648438 0.057813 0.015625 0.015625
0 0.681250 0.114062 0.015625 0.015625
0 0.767188 0.123438 0.015625 0.015625
0 0.834375 0.128125 0.015625 0.015625
0 0.684375 0.518750 0.015625 0.015625
0 0.759375 0.517188 0.015625 0.015625
0 0.839063 0.515625 0.015625 0.015625
0 0.909375 0.518750 0.015625 0.015625
0 0.345313 0.981250 0.015625 0.015625
