0 0.662500 0.014063 0.015625 0.015625
0 0.284375 0.020313 0.015625 0.015625
0 0.439063 0.021875 0.015625 0.015625
0 0.750000 0.029687 0.015625 0.015625
0 0.940625 0.034375 0.015625 0.015625
0 0.882812 0.034375 0.015625 0.015625
0 0.159375 0.056250 0.015625 0.015625
0 0.237500 0.059375 0.015625 0.015625
0 0.462500 0.071875 0.015625 0.015625
0 0.634375 0.076563 0.015625 0.015625
0 0.850000 0.085938 0.015625 0.015625
0 0.239063 0.195312 0.015625 0.015625
0 0.310937 0.195312 0.015625 0.015625
0 0.384375 0.196875 0.015625 0.015625
0 0.767188 0.198437 0.015625 0.015625
0 0.459375 0.198437 0.015625 0.015625
0 0.009375 0.317188 0.015625 0.015625
0 0.089063 0.326562 0.015625 0.015625
0 0.498437 0.385937 0.015625 0.015625
0 0.576562 0.393750 0.015625 0.015625
0 0.651563 0.395313 0.015625 0.015625
0 0.804688 0.398438 0.015625 0.015625
0 0.726562 0.398438 0.015625 0.015625
0 0.881250 0.400000 0.015625 0.015625
0 0.957812 0.401562 0.015625 0.015625
0 0.276562 0.448437 0.015625 0.015625
0 0.382812 0.456250 0.015625 0.015625
0 0.459375 0.459375 0.015625 0.015625
0 0.537500 0.464062 0.015625 0.015625
0 0.689063 0.467187 0.015625 0.015625
0 0.614062 0.467187 0.015625 0.015625
0 0.839063 0.467187 0.015625 0.015625
0 0.762500 0.468750 0.015625 0.015625
0 0.910937 0.470313 0.015625 0.015625
0 0.990625 0.471875 0.015625 0.015625
0 0.189062 0.517188 0.015625 0.015625
0 0.039062 0.518750 0.015625 0.015625
0 0.114062 0.518750 0.015625 0.015625
0 0.803125 0.532813 0.015625 0.015625
0 0.881250 0.532813 0.015625 0.015625
0 0.954688 0.535937 0.015625 0.015625
0 0.078125 0.582812 0.015625 0.015625
0 0.000000 0.587500 0.015625 0.015625
0 0.531250 0.598437 0.015625 0.015625
0 0.456250 0.598437 0.015625 0.015625
0 0.685937 0.598437 0.015625 0.015625
0 0.164062 0.600000 0.015625 0.015625
0 0.762500 0.600000 0.015625 0.015625
0 0.607812 0.600000 0.015625 0.015625
0 0.837500 0.601562 0.015625 0.015625
0 0.912500 0.603125 0.015625 0.015625
0 0.984375 0.606250 0.015625 0.015625
0 0.035937 0.648438 0.015625 0.015625
0 0.490625 0.660937 0.015625 0.015625
0 0.640625 0.662500 0.015625 0.015625
0 0.410938 0.665625 0.015625 0.015625
0 0.868750 0.667188 0.015625 0.015625
0 0.801562 0.668750 0.015625 0.015625
0 0.948438 0.670312 0.015625 0.015625
0 0.070312 0.707812 0.015625 0.015625
0 0.221875 0.712500 0.015625 0.015625
0 0.145313 0.712500 0.015625 0.015625
0 0.301563 0.715625 0.015625 0.015625
0 0.532813 0.725000 0.015625 0.015625
0 0.609375 0.726562 0.015625 0.015625
0 0.684375 0.729688 0.015625 0.015625
0 0.762500 0.731250 0.015625 0.015625
0 0.835938 0.734375 0.015625 0.015625
0 0.984375 0.734375 0.015625 0.015625
0 0.909375 0.734375 0.015625 0.015625
0 0.107813 0.779687 0.015625 0.015625
0 0.182812 0.779687 0.015625 0.015625
0 0.262500 0.781250 0.015625 0.015625
0 0.032813 0.782813 0.015625 0.015625
0 0.337500 0.785937 0.015625 0.015625
0 0.489063 0.787500 0.015625 0.015625
0 0.564063 0.789062 0.015625 0.015625
0 0.640625 0.792188 0.015625 0.015625
0 0.717187 0.793750 0.015625 0.015625
0 0.792188 0.795312 0.015625 0.015625
0 0.943750 0.795312 0.015625 0.015625
0 0.867188 0.796875 0.015625 0.015625
0 0.220312 0.848437 0.015625 0.015625
0 0.065625 0.850000 0.015625 0.015625
0 0.371875 0.850000 0.015625 0.015625
0 0.139063 0.851562 0.015625 0.015625
0 0.679688 0.857812 0.015625 0.015625
0 0.757812 0.859375 0.015625 0.015625
0 0.906250 0.860938 0.015625 0.015625
0 0.831250 0.862500 0.015625 0.015625
0 0.182812 0.914062 0.015625 0.015625
0 0.106250 0.914062 0.015625 0.015625
0 0.028125 0.914062 0.015625 0.015625
0 0.256250 0.914062 0.015625 0.015625
0 0.409375 0.915625 0.015625 0.015625
0 0.334375 0.920312 0.015625 0.015625
0 0.490625 0.921875 0.015625 0.015625
0 0.289062 0.982812 0.015625 0.015625
0 0.367188 0.984375 0.015625 0.015625
0 0.440625 0.984375 0.015625 0.015625
0 0.601562 0.987500 0.015625 0.015625
0 0.753125 0.989062 0.015625 0.015625
0 0.829688 0.989062 0.015625 0.015625
0 0.906250 0.993750 0.015625 0.015625
0 0.979688 0.993750 0.015625 0.015625
0 0.667188 0.982812 0.015625 0.015625
0 0.945312 0.925000 0.015625 0.015625
0 0.790625 0.926562 0.015625 0.015625
0 0.703125 0.921875 0.015625 0.015625
0 0.979688 0.860938 0.015625 0.015625
0 0.239063 0.323437 0.015625 0.015625
0 0.300000 0.326562 0.015625 0.015625
0 0.387500 0.326562 0.015625 0.015625
0 0.451562 0.326562 0.015625 0.015625
0 0.540625 0.328125 0.015625 0.015625
0 0.612500 0.334375 0.015625 0.015625
0 0.687500 0.331250 0.015625 0.015625
0 0.762500 0.334375 0.015625 0.015625
0 0.837500 0.342187 0.015625 0.015625
0 0.923438 0.342187 0.015625 0.015625
0 0.995313 0.340625 0.015625 0.015625
0 0.992188 0.212500 0.015625 0.015625
0 0.907813 0.209375 0.015625 0.015625
0 0.835938 0.207813 0.015625 0.015625
0 0.875000 0.267188 0.015625 0.015625
0 0.796875 0.273438 0.015625 0.015625
0 0.729688 0.268750 0.015625 0.015625
0 0.689063 0.207813 0.015625 0.015625
0 0.646875 0.257812 0.015625 0.015625
0 0.615625 0.196875 0.015625 0.015625
0 0.565625 0.265625 0.015625 0.015625
0 0.531250 0.206250 0.015625 0.015625
0 0.504687 0.254688 0.015625 0.015625
0 0.410938 0.254688 0.015625 0.015625
0 0.337500 0.260937 0.015625 0.015625
0 0.275000 0.257812 0.015625 0.015625
0 0.196875 0.256250 0.015625 0.015625
0 0.196875 0.125000 0.015625 0.015625
0 0.279687 0.125000 0.015625 0.015625
0 0.340625 0.131250 0.015625 0.015625
0 0.306250 0.065625 0.015625 0.015625
0 0.390625 0.065625 0.015625 0.015625
0 0.423438 0.126562 0.015625 0.015625
0 0.492188 0.131250 0.015625 0.015625
0 0.537500 0.067187 0.015625 0.015625
0 0.564063 0.128125 0.015625 0.015625
