0 0.521875 0.003125 0.015625 0.015625
0 0.667188 0.004687 0.015625 0.015625
0 0.743750 0.010937 0.015625 0.015625
0 0.817187 0.009375 0.015625 0.015625
0 0.890625 0.012500 0.015625 0.015625
0 0.973437 0.012500 0.015625 0.015625
0 0.392188 0.062500 0.015625 0.015625
0 0.432812 0.126562 0.015625 0.015625
0 0.476562 0.073438 0.015625 0.015625
0 0.517188 0.131250 0.015625 0.015625
0 0.546875 0.068750 0.015625 0.015625
0 0.582812 0.132812 0.015625 0.015625
0 0.621875 0.070312 0.015625 0.015625
0 0.668750 0.131250 0.015625 0.015625
0 0.701562 0.071875 0.015625 0.015625
0 0.739062 0.139063 0.015625 0.015625
0 0.778125 0.071875 0.015625 0.015625
0 0.815625 0.142187 0.015625 0.015625
0 0.854688 0.078125 0.015625 0.015625
0 0.885938 0.131250 0.015625 0.015625
0 0.935937 0.076563 0.015625 0.015625
0 0.970313 0.137500 0.015625 0.015625
0 0.368750 0.257812 0.015625 0.015625
0 0.401562 0.198437 0.015625 0.015625
0 0.473438 0.195312 0.015625 0.015625
0 0.509375 0.260937 0.015625 0.015625
0 0.546875 0.201563 0.015625 0.015625
0 0.587500 0.259375 0.015625 0.015625
0 0.623437 0.206250 0.015625 0.015625
0 0.700000 0.204687 0.015625 0.015625
0 0.735938 0.271875 0.015625 0.015625
0 0.775000 0.203125 0.015625 0.015625
0 0.848437 0.206250 0.015625 0.015625
0 0.820312 0.262500 0.015625 0.015625
0 0.928125 0.210938 0.015625 0.015625
0 0.885938 0.271875 0.015625 0.015625
0 0.962500 0.270313 0.015625 0.015625
0 0.392188 0.334375 0.015625 0.015625
0 0.434375 0.398438 0.015625 0.015625
0 0.464062 0.332813 0.015625 0.015625
0 0.512500 0.398438 0.015625 0.015625
0 0.550000 0.335938 0.015625 0.015625
0 0.621875 0.340625 0.015625 0.015625
0 0.695312 0.339062 0.015625 0.015625
0 0.767188 0.340625 0.015625 0.015625
0 0.846875 0.339062 0.015625 0.015625
0 0.731250 0.407813 0.015625 0.015625
0 0.654687 0.406250 0.015625 0.015625
0 0.807813 0.404687 0.015625 0.015625
0 0.882812 0.403125 0.015625 0.015625
0 0.921875 0.345313 0.015625 0.015625
0 0.959375 0.407813 0.015625 0.015625
0 0.995313 0.353125 0.015625 0.015625
0 0.390625 0.453125 0.015625 0.015625
0 0.417187 0.528125 0.015625 0.015625
0 0.462500 0.462500 0.015625 0.015625
0 0.504687 0.537500 0.015625 0.015625
0 0.543750 0.464062 0.015625 0.015625
0 0.587500 0.525000 0.015625 0.015625
0 0.662500 0.526563 0.015625 0.015625
0 0.696875 0.468750 0.015625 0.015625
0 0.742188 0.526563 0.015625 0.015625
0 0.779687 0.468750 0.015625 0.015625
0 0.812500 0.529687 0.015625 0.015625
0 0.851562 0.467187 0.015625 0.015625
0 0.881250 0.535937 0.015625 0.015625
0 0.923438 0.475000 0.015625 0.015625
0 0.392188 0.715625 0.015625 0.015625
0 0.425000 0.662500 0.015625 0.015625
0 0.464062 0.726562 0.015625 0.015625
0 0.496875 0.659375 0.015625 0.015625
0 0.537500 0.729688 0.015625 0.015625
0 0.578125 0.656250 0.015625 0.015625
0 0.620313 0.725000 0.015625 0.015625
0 0.654687 0.657813 0.015625 0.015625
0 0.701562 0.725000 0.015625 0.015625
0 0.732812 0.668750 0.015625 0.015625
0 0.770312 0.726562 0.015625 0.015625
0 0.839063 0.725000 0.015625 0.015625
0 0.878125 0.667188 0.015625 0.015625
0 0.925000 0.734375 0.015625 0.015625
0 0.954688 0.670312 0.015625 0.015625
0 0.996875 0.731250 0.015625 0.015625
0 0.350000 0.964063 0.015625 0.015625
0 0.382812 0.851562 0.015625 0.015625
0 0.456250 0.860938 0.015625 0.015625
0 0.534375 0.857812 0.015625 0.015625
0 0.595313 0.854688 0.015625 0.015625
0 0.690625 0.854688 0.015625 0.015625
0 0.864062 0.846875 0.015625 0.015625
0 0.914062 0.859375 0.015625 0.015625
0 0.996875 0.857812 0.015625 0.015625
0 0.382812 0.976562 0.015625 0.015625
0 0.526563 0.981250 0.015625 0.015625
0 0.604688 0.976562 0.015625 0.015625
0 0.682813 0.987500 0.015625 0.015625
0 0.757812 0.985938 0.015625 0.015625
0 0.829688 0.985938 0.015625 0.015625
0 0.801562 0.670312 0.015625 0.015625
0 0.457813 0.982812 0.015625 0.015625
