0 0.995313 0.003125 0.015625 0.015625
0 0.287500 0.009375 0.015625 0.015625
0 0.593750 0.035937 0.015625 0.015625
0 0.743750 0.040625 0.015625 0.015625
0 0.662500 0.040625 0.015625 0.015625
0 0.815625 0.046875 0.015625 0.015625
0 0.254688 0.093750 0.015625 0.015625
0 0.556250 0.096875 0.015625 0.015625
0 0.701562 0.101562 0.015625 0.015625
0 0.623437 0.101562 0.015625 0.015625
0 0.785937 0.101562 0.015625 0.015625
0 0.340625 0.115625 0.015625 0.015625
0 0.559375 0.145313 0.015625 0.015625
0 0.287500 0.162500 0.015625 0.015625
0 0.207813 0.165625 0.015625 0.015625
0 0.251563 0.226562 0.015625 0.015625
0 0.401562 0.229687 0.015625 0.015625
0 0.329688 0.231250 0.015625 0.015625
0 0.706250 0.235937 0.015625 0.015625
0 0.639062 0.239063 0.015625 0.015625
0 0.857812 0.243750 0.015625 0.015625
0 0.435937 0.292187 0.015625 0.015625
0 0.364063 0.296875 0.015625 0.015625
0 0.287500 0.298438 0.015625 0.015625
0 0.660937 0.303125 0.015625 0.015625
0 0.740625 0.307812 0.015625 0.015625
0 0.475000 0.357812 0.015625 0.015625
0 0.031250 0.357812 0.015625 0.015625
0 0.400000 0.360938 0.015625 0.015625
0 0.250000 0.360938 0.015625 0.015625
0 0.325000 0.364063 0.015625 0.015625
0 0.731250 0.400000 0.015625 0.015625
0 0.835938 0.404687 0.015625 0.015625
0 0.667188 0.406250 0.015625 0.015625
0 0.434375 0.425000 0.015625 0.015625
0 0.285938 0.426563 0.015625 0.015625
0 0.512500 0.428125 0.015625 0.015625
0 0.360938 0.429688 0.015625 0.015625
0 0.887500 0.439063 0.015625 0.015625
0 0.964063 0.440625 0.015625 0.015625
0 0.087500 0.440625 0.015625 0.015625
0 0.178125 0.440625 0.015625 0.015625
0 0.018750 0.485938 0.015625 0.015625
0 0.323437 0.489063 0.015625 0.015625
0 0.396875 0.490625 0.015625 0.015625
0 0.550000 0.492188 0.015625 0.015625
0 0.473438 0.492188 0.015625 0.015625
0 0.928125 0.500000 0.015625 0.015625
0 0.854688 0.500000 0.015625 0.015625
0 0.359375 0.557813 0.015625 0.015625
0 0.432812 0.559375 0.015625 0.015625
0 0.510938 0.560937 0.015625 0.015625
0 0.579688 0.565625 0.015625 0.015625
0 0.806250 0.568750 0.015625 0.015625
0 0.887500 0.568750 0.015625 0.015625
0 0.960938 0.575000 0.015625 0.015625
0 0.315625 0.620313 0.015625 0.015625
0 0.550000 0.621875 0.015625 0.015625
0 0.395313 0.623437 0.015625 0.015625
0 0.625000 0.623437 0.015625 0.015625
0 0.470313 0.625000 0.015625 0.015625
0 0.848437 0.639062 0.015625 0.015625
0 0.701562 0.639062 0.015625 0.015625
0 0.925000 0.643750 0.015625 0.015625
0 0.037500 0.643750 0.015625 0.015625
0 0.998437 0.645312 0.015625 0.015625
0 0.278125 0.684375 0.015625 0.015625
0 0.734375 0.685937 0.015625 0.015625
0 0.356250 0.685937 0.015625 0.015625
0 0.509375 0.689063 0.015625 0.015625
0 0.431250 0.689063 0.015625 0.015625
0 0.054688 0.746875 0.015625 0.015625
0 0.320312 0.751563 0.015625 0.015625
0 0.392188 0.753125 0.015625 0.015625
0 0.926562 0.760938 0.015625 0.015625
0 0.250000 0.762500 0.015625 0.015625
0 0.939063 0.814063 0.015625 0.015625
0 0.356250 0.817187 0.015625 0.015625
0 0.432812 0.818750 0.015625 0.015625
0 0.509375 0.823438 0.015625 0.015625
0 0.585938 0.823438 0.015625 0.015625
0 0.662500 0.825000 0.015625 0.015625
0 0.260937 0.828125 0.015625 0.015625
0 0.739062 0.829688 0.015625 0.015625
0 0.829688 0.846875 0.015625 0.015625
0 0.018750 0.878125 0.015625 0.015625
0 0.209375 0.889062 0.015625 0.015625
0 0.389062 0.889062 0.015625 0.015625
0 0.304688 0.890625 0.015625 0.015625
0 0.356250 0.943750 0.015625 0.015625
0 0.737500 0.946875 0.015625 0.015625
0 0.884375 0.951562 0.015625 0.015625
0 0.250000 0.951562 0.015625 0.015625
0 0.753125 0.995313 0.015625 0.015625
