0 0.062500 0.003125 0.015625 0.015625
0 0.098437 0.598437 0.015625 0.015625
0 0.096875 0.070312 0.015625 0.015625
0 0.065625 0.265625 0.015625 0.015625
0 0.096875 0.465625 0.015625 0.015625
0 0.084375 0.859375 0.015625 0.015625
0 0.081250 0.989062 0.015625 0.015625
0 0.001563 0.987500 0.015625 0.015625
0 0.123438 0.796875 0.015625 0.015625
0 0.325000 0.600000 0.015625 0.015625
0 0.818750 0.018750 0.015625 0.015625
0 0.367188 0.012500 0.015625 0.015625
0 0.473438 0.601562 0.015625 0.015625
0 0.810937 0.545312 0.015625 0.015625
0 0.400000 0.601562 0.015625 0.015625
0 0.309375 0.995313 0.015625 0.015625
0 0.737500 0.546875 0.015625 0.015625
0 0.892188 0.276562 0.015625 0.015625
0 0.290625 0.012500 0.015625 0.015625
0 0.887500 0.546875 0.015625 0.015625
0 0.693750 0.473438 0.015625 0.015625
0 0.545312 0.603125 0.015625 0.015625
0 0.592187 0.012500 0.015625 0.015625
0 0.164062 0.860938 0.015625 0.015625
0 0.251563 0.076563 0.015625 0.015625
0 0.743750 0.146875 0.015625 0.015625
0 0.743750 0.015625 0.015625 0.015625
0 0.665625 0.145313 0.015625 0.015625
0 0.234375 0.993750 0.015625 0.015625
0 0.464062 0.996875 0.015625 0.015625
0 0.432812 0.800000 0.015625 0.015625
0 0.195312 0.928125 0.015625 0.015625
0 0.215625 0.012500 0.015625 0.015625
0 0.250000 0.600000 0.015625 0.015625
0 0.817187 0.148438 0.015625 0.015625
0 0.996875 0.610938 0.015625 0.015625
0 0.481250 0.075000 0.015625 0.015625
0 0.859375 0.214062 0.015625 0.015625
0 0.618750 0.475000 0.015625 0.015625
0 0.137500 0.267188 0.015625 0.015625
0 0.514062 0.539062 0.015625 0.015625
0 0.175000 0.598437 0.015625 0.015625
0 0.659375 0.673438 0.015625 0.015625
0 0.467187 0.739062 0.015625 0.015625
0 0.996875 0.743750 0.015625 0.015625
0 0.893750 0.146875 0.015625 0.015625
0 0.139063 0.004687 0.015625 0.015625
0 0.250000 0.328125 0.015625 0.015625
0 0.239063 0.864062 0.015625 0.015625
0 0.784375 0.079687 0.015625 0.015625
0 0.181250 0.073438 0.015625 0.015625
0 0.884375 0.810937 0.015625 0.015625
0 0.440625 0.143750 0.015625 0.015625
0 0.589063 0.145313 0.015625 0.015625
0 0.282813 0.796875 0.015625 0.015625
0 0.585938 0.539062 0.015625 0.015625
0 0.959375 0.810937 0.015625 0.015625
0 0.157812 0.987500 0.015625 0.015625
0 0.695312 0.740625 0.015625 0.015625
0 0.382812 0.995313 0.015625 0.015625
0 0.771875 0.470313 0.015625 0.015625
0 0.659375 0.542188 0.015625 0.015625
0 0.551562 0.075000 0.015625 0.015625
0 0.618750 0.740625 0.015625 0.015625
0 0.925000 0.346875 0.015625 0.015625
0 0.332813 0.076563 0.015625 0.015625
0 0.442188 0.009375 0.015625 0.015625
0 0.321875 0.734375 0.015625 0.015625
0 0.515625 0.010937 0.015625 0.015625
0 0.348438 0.928125 0.015625 0.015625
0 0.317188 0.862500 0.015625 0.015625
0 0.962500 0.546875 0.015625 0.015625
0 0.742188 0.276562 0.015625 0.015625
0 0.248438 0.210938 0.015625 0.015625
0 0.620313 0.604688 0.015625 0.015625
0 0.165625 0.734375 0.015625 0.015625
0 0.667188 0.012500 0.015625 0.015625
0 0.803125 0.939063 0.015625 0.015625
0 0.879687 0.937500 0.015625 0.015625
0 0.954688 0.939063 0.015625 0.015625
0 0.054688 0.398438 0.015625 0.015625
0 0.132812 0.404687 0.015625 0.015625
0 0.029687 0.329688 0.015625 0.015625
0 0.093750 0.329688 0.015625 0.015625
0 0.170313 0.335938 0.015625 0.015625
0 0.006250 0.596875 0.015625 0.015625
0 0.054688 0.528125 0.015625 0.015625
0 0.135937 0.531250 0.015625 0.015625
0 0.215625 0.529687 0.015625 0.015625
0 0.281250 0.529687 0.015625 0.015625
0 0.359375 0.531250 0.015625 0.015625
0 0.435937 0.539062 0.015625 0.015625
0 0.220312 0.406250 0.015625 0.015625
0 0.281250 0.406250 0.015625 0.015625
0 0.365625 0.407813 0.015625 0.015625
0 0.429688 0.412500 0.015625 0.015625
0 0.506250 0.412500 0.015625 0.015625
0 0.584375 0.418750 0.015625 0.015625
0 0.660937 0.415625 0.015625 0.015625
0 0.220312 0.273438 0.015625 0.015625
0 0.276562 0.275000 0.015625 0.015625
0 0.357812 0.276562 0.015625 0.015625
0 0.434375 0.281250 0.015625 0.015625
0 0.517188 0.282813 0.015625 0.015625
0 0.581250 0.279687 0.015625 0.015625
0 0.654687 0.279687 0.015625 0.015625
0 0.406250 0.210938 0.015625 0.015625
0 0.465625 0.210938 0.015625 0.015625
0 0.546875 0.220312 0.015625 0.015625
0 0.617188 0.214062 0.015625 0.015625
0 0.518750 0.146875 0.015625 0.015625
0 0.360938 0.143750 0.015625 0.015625
0 0.064062 0.131250 0.015625 0.015625
0 0.407813 0.075000 0.015625 0.015625
0 0.028125 0.067187 0.015625 0.015625
0 0.618750 0.078125 0.015625 0.015625
0 0.710938 0.220312 0.015625 0.015625
0 0.784375 0.220312 0.015625 0.015625
0 0.109375 0.206250 0.015625 0.015625
0 0.023438 0.464062 0.015625 0.015625
0 0.176563 0.470313 0.015625 0.015625
0 0.256250 0.471875 0.015625 0.015625
0 0.329688 0.475000 0.015625 0.015625
0 0.400000 0.476562 0.015625 0.015625
0 0.478125 0.476562 0.015625 0.015625
0 0.537500 0.473438 0.015625 0.015625
0 0.723437 0.418750 0.015625 0.015625
0 0.775000 0.345313 0.015625 0.015625
0 0.698438 0.345313 0.015625 0.015625
0 0.620313 0.343750 0.015625 0.015625
0 0.540625 0.343750 0.015625 0.015625
0 0.475000 0.337500 0.015625 0.015625
0 0.404687 0.339062 0.015625 0.015625
0 0.331250 0.339062 0.015625 0.015625
0 0.807813 0.418750 0.015625 0.015625
0 0.843750 0.467187 0.015625 0.015625
0 0.895312 0.407813 0.015625 0.015625
0 0.929688 0.467187 0.015625 0.015625
0 0.929688 0.217188 0.015625 0.015625
0 0.965625 0.278125 0.015625 0.015625
0 0.853125 0.351562 0.015625 0.015625
0 0.579688 0.670312 0.015625 0.015625
0 0.507812 0.668750 0.015625 0.015625
0 0.435937 0.670312 0.015625 0.015625
0 0.362500 0.667188 0.015625 0.015625
0 0.295312 0.662500 0.015625 0.015625
0 0.195312 0.670312 0.015625 0.015625
0 0.140625 0.665625 0.015625 0.015625
0 0.057813 0.667188 0.015625 0.015625
0 0.014063 0.726562 0.015625 0.015625
0 0.068750 0.726562 0.015625 0.015625
0 0.054688 0.792188 0.015625 0.015625
0 0.353125 0.803125 0.015625 0.015625
0 0.396875 0.740625 0.015625 0.015625
0 0.501563 0.809375 0.015625 0.015625
0 0.579688 0.803125 0.015625 0.015625
0 0.650000 0.803125 0.015625 0.015625
0 0.732812 0.803125 0.015625 0.015625
0 0.389062 0.859375 0.015625 0.015625
0 0.467187 0.859375 0.015625 0.015625
0 0.526563 0.860938 0.015625 0.015625
0 0.010937 0.862500 0.015625 0.015625
0 0.034375 0.928125 0.015625 0.015625
0 0.275000 0.935937 0.015625 0.015625
0 0.698438 0.870313 0.015625 0.015625
0 0.898438 0.017188 0.015625 0.015625
0 0.929688 0.085938 0.015625 0.015625
0 0.968750 0.026562 0.015625 0.015625
0 0.243750 0.734375 0.015625 0.015625
0 0.418750 0.931250 0.015625 0.015625
0 0.642188 0.928125 0.015625 0.015625
