0 0.017188 0.714063 0.015625 0.015625
0 0.056250 0.779687 0.015625 0.015625
0 0.121875 0.785937 0.015625 0.015625
0 0.087500 0.720313 0.015625 0.015625
0 0.050000 0.629687 0.015625 0.015625
0 0.129688 0.646875 0.015625 0.015625
0 0.168750 0.714063 0.015625 0.015625
0 0.215625 0.781250 0.015625 0.015625
0 0.300000 0.778125 0.015625 0.015625
0 0.243750 0.718750 0.015625 0.015625
0 0.206250 0.635938 0.015625 0.015625
0 0.275000 0.662500 0.015625 0.015625
0 0.328125 0.718750 0.015625 0.015625
0 0.359375 0.775000 0.015625 0.015625
0 0.425000 0.781250 0.015625 0.015625
0 0.384375 0.725000 0.015625 0.015625
0 0.367188 0.667188 0.015625 0.015625
0 0.429688 0.650000 0.015625 0.015625
0 0.468750 0.717187 0.015625 0.015625
0 0.512500 0.784375 0.015625 0.015625
0 0.010937 0.857812 0.015625 0.015625
0 0.048438 0.920312 0.015625 0.015625
0 0.079687 0.846875 0.015625 0.015625
0 0.115625 0.904687 0.015625 0.015625
0 0.150000 0.845313 0.015625 0.015625
0 0.190625 0.909375 0.015625 0.015625
0 0.234375 0.853125 0.015625 0.015625
0 0.268750 0.918750 0.015625 0.015625
0 0.303125 0.851562 0.015625 0.015625
0 0.353125 0.914062 0.015625 0.015625
0 0.387500 0.857812 0.015625 0.015625
0 0.425000 0.898438 0.015625 0.015625
0 0.459375 0.845313 0.015625 0.015625
0 0.498437 0.904687 0.015625 0.015625
0 0.540625 0.853125 0.015625 0.015625
0 0.581250 0.915625 0.015625 0.015625
0 0.009375 0.981250 0.015625 0.015625
0 0.090625 0.975000 0.015625 0.015625
0 0.165625 0.960938 0.015625 0.015625
0 0.250000 0.970313 0.015625 0.015625
0 0.318750 0.982812 0.015625 0.015625
0 0.379688 0.976562 0.015625 0.015625
0 0.470313 0.979688 0.015625 0.015625
0 0.546875 0.985938 0.015625 0.015625
0 0.632812 0.971875 0.015625 0.015625
0 0.589063 0.654687 0.015625 0.015625
0 0.648438 0.643750 0.015625 0.015625
0 0.750000 0.662500 0.015625 0.015625
0 0.810937 0.656250 0.015625 0.015625
0 0.879687 0.656250 0.015625 0.015625
0 0.860938 0.723437 0.015625 0.015625
0 0.785937 0.721875 0.015625 0.015625
0 0.698438 0.726562 0.015625 0.015625
0 0.643750 0.726562 0.015625 0.015625
0 0.559375 0.717187 0.015625 0.015625
0 0.581250 0.795312 0.015625 0.015625
0 0.664062 0.782813 0.015625 0.015625
0 0.746875 0.785937 0.015625 0.015625
0 0.815625 0.790625 0.015625 0.015625
0 0.889062 0.785937 0.015625 0.015625
0 0.962500 0.785937 0.015625 0.015625
0 0.998437 0.857812 0.015625 0.015625
0 0.967187 0.920312 0.015625 0.015625
0 0.934375 0.853125 0.015625 0.015625
0 0.885938 0.921875 0.015625 0.015625
0 0.856250 0.860938 0.015625 0.015625
0 0.817187 0.921875 0.015625 0.015625
0 0.782813 0.854688 0.015625 0.015625
0 0.754687 0.923438 0.015625 0.015625
0 0.698438 0.859375 0.015625 0.015625
0 0.684375 0.931250 0.015625 0.015625
0 0.712500 0.978125 0.015625 0.015625
0 0.753125 0.990625 0.015625 0.015625
0 0.837500 0.979688 0.015625 0.015625
0 0.921875 0.987500 0.015625 0.015625
0 0.985938 0.987500 0.015625 0.015625
0 0.967187 0.662500 0.015625 0.015625
0 0.931250 0.729688 0.015625 0.015625
