0 0.342187 0.573438 0.015625 0.015625
0 0.035937 0.573438 0.015625 0.015625
0 0.075000 0.573438 0.015625 0.015625
0 0.153125 0.576562 0.015625 0.015625
0 0.114062 0.576562 0.015625 0.015625
0 0.189062 0.578125 0.015625 0.015625
0 0.267188 0.578125 0.015625 0.015625
0 0.229687 0.579688 0.015625 0.015625
0 0.531250 0.581250 0.015625 0.015625
0 0.681250 0.589063 0.015625 0.015625
0 0.720313 0.589063 0.015625 0.015625
0 0.798438 0.590625 0.015625 0.015625
0 0.757812 0.592187 0.015625 0.015625
0 0.870313 0.592187 0.015625 0.015625
0 0.910937 0.592187 0.015625 0.015625
0 0.984375 0.593750 0.015625 0.015625
0 0.948438 0.593750 0.015625 0.015625
0 0.437500 0.600000 0.015625 0.015625
0 0.053125 0.600000 0.015625 0.015625
0 0.131250 0.610938 0.015625 0.015625
0 0.092188 0.610938 0.015625 0.015625
0 0.207813 0.610938 0.015625 0.015625
0 0.245312 0.610938 0.015625 0.015625
0 0.175000 0.610938 0.015625 0.015625
0 0.473438 0.612500 0.015625 0.015625
0 0.281250 0.614062 0.015625 0.015625
0 0.509375 0.618750 0.015625 0.015625
0 0.550000 0.618750 0.015625 0.015625
0 0.814063 0.620313 0.015625 0.015625
0 0.625000 0.620313 0.015625 0.015625
0 0.701562 0.620313 0.015625 0.015625
0 0.662500 0.620313 0.015625 0.015625
0 0.778125 0.621875 0.015625 0.015625
0 0.737500 0.621875 0.015625 0.015625
0 0.853125 0.623437 0.015625 0.015625
0 0.967187 0.625000 0.015625 0.015625
0 0.889062 0.625000 0.015625 0.015625
0 0.928125 0.625000 0.015625 0.015625
0 0.000000 0.631250 0.015625 0.015625
0 0.037500 0.634375 0.015625 0.015625
0 0.075000 0.640625 0.015625 0.015625
0 0.221875 0.640625 0.015625 0.015625
0 0.267188 0.640625 0.015625 0.015625
0 0.145313 0.642188 0.015625 0.015625
0 0.187500 0.642188 0.015625 0.015625
0 0.112500 0.642188 0.015625 0.015625
0 0.303125 0.643750 0.015625 0.015625
0 0.375000 0.645312 0.015625 0.015625
0 0.414062 0.645312 0.015625 0.015625
0 0.451562 0.648438 0.015625 0.015625
0 0.492188 0.651563 0.015625 0.015625
0 0.565625 0.651563 0.015625 0.015625
0 0.682813 0.651563 0.015625 0.015625
0 0.642188 0.653125 0.015625 0.015625
0 0.720313 0.654687 0.015625 0.015625
0 0.757812 0.654687 0.015625 0.015625
0 0.795312 0.654687 0.015625 0.015625
0 0.832812 0.654687 0.015625 0.015625
0 0.870313 0.656250 0.015625 0.015625
0 0.948438 0.657813 0.015625 0.015625
0 0.059375 0.668750 0.015625 0.015625
0 0.014063 0.670312 0.015625 0.015625
0 0.131250 0.673438 0.015625 0.015625
0 0.093750 0.673438 0.015625 0.015625
0 0.245312 0.675000 0.015625 0.015625
0 0.167187 0.675000 0.015625 0.015625
0 0.204687 0.676562 0.015625 0.015625
0 0.281250 0.678125 0.015625 0.015625
0 0.317188 0.679688 0.015625 0.015625
0 0.467187 0.681250 0.015625 0.015625
0 0.662500 0.687500 0.015625 0.015625
0 0.775000 0.687500 0.015625 0.015625
0 0.812500 0.687500 0.015625 0.015625
0 0.737500 0.687500 0.015625 0.015625
0 0.701562 0.687500 0.015625 0.015625
0 0.890625 0.689063 0.015625 0.015625
0 0.851562 0.689063 0.015625 0.015625
0 0.928125 0.690625 0.015625 0.015625
0 0.967187 0.690625 0.015625 0.015625
0 0.034375 0.704688 0.015625 0.015625
0 0.073438 0.706250 0.015625 0.015625
0 0.110937 0.707812 0.015625 0.015625
0 0.187500 0.707812 0.015625 0.015625
0 0.225000 0.707812 0.015625 0.015625
0 0.150000 0.707812 0.015625 0.015625
0 0.262500 0.710938 0.015625 0.015625
0 0.300000 0.712500 0.015625 0.015625
0 0.448437 0.714063 0.015625 0.015625
0 0.478125 0.715625 0.015625 0.015625
0 0.520312 0.715625 0.015625 0.015625
0 0.376563 0.717187 0.015625 0.015625
0 0.414062 0.717187 0.015625 0.015625
0 0.603125 0.718750 0.015625 0.015625
0 0.567187 0.718750 0.015625 0.015625
0 0.912500 0.718750 0.015625 0.015625
0 0.757812 0.718750 0.015625 0.015625
0 0.718750 0.718750 0.015625 0.015625
0 0.871875 0.720313 0.015625 0.015625
0 0.832812 0.720313 0.015625 0.015625
0 0.679688 0.720313 0.015625 0.015625
0 0.793750 0.721875 0.015625 0.015625
0 0.984375 0.723437 0.015625 0.015625
0 0.948438 0.725000 0.015625 0.015625
0 0.054688 0.737500 0.015625 0.015625
0 0.015625 0.739062 0.015625 0.015625
0 0.092188 0.740625 0.015625 0.015625
0 0.129688 0.740625 0.015625 0.015625
0 0.167187 0.742188 0.015625 0.015625
0 0.240625 0.742188 0.015625 0.015625
0 0.334375 0.745313 0.015625 0.015625
0 0.281250 0.745313 0.015625 0.015625
0 0.485938 0.746875 0.015625 0.015625
0 0.432812 0.746875 0.015625 0.015625
0 0.625000 0.750000 0.015625 0.015625
0 0.548438 0.751563 0.015625 0.015625
0 0.584375 0.751563 0.015625 0.015625
0 0.739062 0.753125 0.015625 0.015625
0 0.700000 0.754687 0.015625 0.015625
0 0.850000 0.754687 0.015625 0.015625
0 0.928125 0.754687 0.015625 0.015625
0 0.812500 0.754687 0.015625 0.015625
0 0.889062 0.754687 0.015625 0.015625
0 0.775000 0.756250 0.015625 0.015625
0 0.965625 0.756250 0.015625 0.015625
0 0.067187 0.771875 0.015625 0.015625
0 0.257812 0.773438 0.015625 0.015625
0 0.107813 0.773438 0.015625 0.015625
0 0.185938 0.773438 0.015625 0.015625
0 0.223438 0.773438 0.015625 0.015625
0 0.146875 0.773438 0.015625 0.015625
0 0.560937 0.773438 0.015625 0.015625
0 0.451562 0.781250 0.015625 0.015625
0 0.642188 0.784375 0.015625 0.015625
0 0.793750 0.787500 0.015625 0.015625
0 0.717187 0.789062 0.015625 0.015625
0 0.754687 0.789062 0.015625 0.015625
0 0.868750 0.789062 0.015625 0.015625
0 0.832812 0.789062 0.015625 0.015625
0 0.945312 0.790625 0.015625 0.015625
0 0.906250 0.792188 0.015625 0.015625
0 0.982812 0.792188 0.015625 0.015625
0 0.532813 0.798438 0.015625 0.015625
0 0.012500 0.806250 0.015625 0.015625
0 0.089063 0.806250 0.015625 0.015625
0 0.126562 0.807813 0.015625 0.015625
0 0.203125 0.809375 0.015625 0.015625
0 0.167187 0.809375 0.015625 0.015625
0 0.353125 0.815625 0.015625 0.015625
0 0.662500 0.817187 0.015625 0.015625
0 0.310937 0.818750 0.015625 0.015625
0 0.579688 0.818750 0.015625 0.015625
0 0.464062 0.818750 0.015625 0.015625
0 0.735938 0.820312 0.015625 0.015625
0 0.812500 0.821875 0.015625 0.015625
0 0.775000 0.821875 0.015625 0.015625
0 0.600000 0.823438 0.015625 0.015625
0 0.853125 0.825000 0.015625 0.015625
0 0.964063 0.828125 0.015625 0.015625
0 0.146875 0.837500 0.015625 0.015625
0 0.104688 0.837500 0.015625 0.015625
0 0.067187 0.839063 0.015625 0.015625
0 0.185938 0.840625 0.015625 0.015625
0 0.029687 0.840625 0.015625 0.015625
0 0.218750 0.840625 0.015625 0.015625
0 0.904687 0.842187 0.015625 0.015625
0 0.295312 0.842187 0.015625 0.015625
0 0.256250 0.843750 0.015625 0.015625
0 0.562500 0.845313 0.015625 0.015625
0 0.509375 0.846875 0.015625 0.015625
0 0.375000 0.848437 0.015625 0.015625
0 0.450000 0.848437 0.015625 0.015625
0 0.678125 0.848437 0.015625 0.015625
0 0.410938 0.850000 0.015625 0.015625
0 0.790625 0.851562 0.015625 0.015625
0 0.587500 0.853125 0.015625 0.015625
0 0.754687 0.853125 0.015625 0.015625
0 0.831250 0.854688 0.015625 0.015625
0 0.868750 0.856250 0.015625 0.015625
0 0.981250 0.857812 0.015625 0.015625
0 0.126562 0.870313 0.015625 0.015625
0 0.164062 0.870313 0.015625 0.015625
0 0.203125 0.873437 0.015625 0.015625
0 0.239063 0.875000 0.015625 0.015625
0 0.356250 0.875000 0.015625 0.015625
0 0.278125 0.878125 0.015625 0.015625
0 0.315625 0.879687 0.015625 0.015625
0 0.464062 0.879687 0.015625 0.015625
0 0.423438 0.884375 0.015625 0.015625
0 0.809375 0.885938 0.015625 0.015625
0 0.771875 0.887500 0.015625 0.015625
0 0.893750 0.893750 0.015625 0.015625
0 0.028125 0.903125 0.015625 0.015625
0 0.065625 0.904687 0.015625 0.015625
0 0.181250 0.907813 0.015625 0.015625
0 0.298438 0.907813 0.015625 0.015625
0 0.218750 0.907813 0.015625 0.015625
0 0.256250 0.907813 0.015625 0.015625
0 0.375000 0.912500 0.015625 0.015625
0 0.485938 0.914062 0.015625 0.015625
0 0.676562 0.917188 0.015625 0.015625
0 0.828125 0.917188 0.015625 0.015625
0 0.715625 0.918750 0.015625 0.015625
0 0.865625 0.918750 0.015625 0.015625
0 0.903125 0.921875 0.015625 0.015625
0 0.790625 0.921875 0.015625 0.015625
0 0.315625 0.937500 0.015625 0.015625
0 0.162500 0.939063 0.015625 0.015625
0 0.276562 0.943750 0.015625 0.015625
0 0.237500 0.943750 0.015625 0.015625
0 0.504687 0.943750 0.015625 0.015625
0 0.387500 0.950000 0.015625 0.015625
0 0.848437 0.951562 0.015625 0.015625
0 0.882812 0.953125 0.015625 0.015625
0 0.828125 0.965625 0.015625 0.015625
0 0.476562 0.967187 0.015625 0.015625
0 0.425000 0.968750 0.015625 0.015625
0 0.103125 0.971875 0.015625 0.015625
0 0.334375 0.975000 0.015625 0.015625
0 0.293750 0.978125 0.015625 0.015625
0 0.368750 0.978125 0.015625 0.015625
0 0.637500 0.979688 0.015625 0.015625
0 0.675000 0.981250 0.015625 0.015625
0 0.903125 0.989062 0.015625 0.015625
0 0.979688 0.989062 0.015625 0.015625
0 0.942187 0.990625 0.015625 0.015625
0 0.339062 0.645312 0.015625 0.015625
0 0.318750 0.609375 0.015625 0.015625
0 0.362500 0.614062 0.015625 0.015625
0 0.393750 0.615625 0.015625 0.015625
0 0.373437 0.582812 0.015625 0.015625
0 0.304688 0.581250 0.015625 0.015625
0 0.643750 0.587500 0.015625 0.015625
0 0.356250 0.681250 0.015625 0.015625
0 0.337500 0.714063 0.015625 0.015625
0 0.362500 0.746875 0.015625 0.015625
0 0.376563 0.781250 0.015625 0.015625
0 0.337500 0.776563 0.015625 0.015625
0 0.298438 0.778125 0.015625 0.015625
0 0.203125 0.742188 0.015625 0.015625
0 0.637500 0.851562 0.015625 0.015625
0 0.626563 0.885938 0.015625 0.015625
0 0.657813 0.889062 0.015625 0.015625
0 0.929688 0.889062 0.015625 0.015625
0 0.964063 0.890625 0.015625 0.015625
0 0.945312 0.857812 0.015625 0.015625
0 0.976562 0.925000 0.015625 0.015625
0 0.939063 0.926562 0.015625 0.015625
0 0.962500 0.957812 0.015625 0.015625
0 0.523438 0.978125 0.015625 0.015625
0 0.560937 0.978125 0.015625 0.015625
