0 0.035937 0.004687 0.015625 0.015625
0 0.560937 0.012500 0.015625 0.015625
0 0.334375 0.012500 0.015625 0.015625
0 0.484375 0.014063 0.015625 0.015625
0 0.412500 0.014063 0.015625 0.015625
0 0.642188 0.020313 0.015625 0.015625
0 0.714063 0.021875 0.015625 0.015625
0 0.793750 0.021875 0.015625 0.015625
0 0.868750 0.023438 0.015625 0.015625
0 0.073438 0.070312 0.015625 0.015625
0 0.215625 0.073438 0.015625 0.015625
0 0.293750 0.075000 0.015625 0.015625
0 0.373437 0.078125 0.015625 0.015625
0 0.450000 0.079687 0.015625 0.015625
0 0.596875 0.082812 0.015625 0.015625
0 0.910937 0.084375 0.015625 0.015625
0 0.832812 0.085938 0.015625 0.015625
0 0.675000 0.085938 0.015625 0.015625
0 0.754687 0.087500 0.015625 0.015625
0 0.984375 0.087500 0.015625 0.015625
0 0.182812 0.134375 0.015625 0.015625
0 0.034375 0.135937 0.015625 0.015625
0 0.410938 0.139063 0.015625 0.015625
0 0.259375 0.140625 0.015625 0.015625
0 0.332813 0.142187 0.015625 0.015625
0 0.484375 0.143750 0.015625 0.015625
0 0.560937 0.145313 0.015625 0.015625
0 0.950000 0.146875 0.015625 0.015625
0 0.637500 0.148438 0.015625 0.015625
0 0.870313 0.150000 0.015625 0.015625
0 0.790625 0.154688 0.015625 0.015625
0 0.073438 0.196875 0.015625 0.015625
0 0.368750 0.206250 0.015625 0.015625
0 0.212500 0.206250 0.015625 0.015625
0 0.443750 0.207813 0.015625 0.015625
0 0.518750 0.210938 0.015625 0.015625
0 0.593750 0.212500 0.015625 0.015625
0 0.290625 0.212500 0.015625 0.015625
0 0.907813 0.215625 0.015625 0.015625
0 0.673438 0.215625 0.015625 0.015625
0 0.984375 0.215625 0.015625 0.015625
0 0.751563 0.220312 0.015625 0.015625
0 0.829688 0.220312 0.015625 0.015625
0 0.032813 0.260937 0.015625 0.015625
0 0.254688 0.267188 0.015625 0.015625
0 0.181250 0.268750 0.015625 0.015625
0 0.329688 0.268750 0.015625 0.015625
0 0.407813 0.271875 0.015625 0.015625
0 0.482812 0.275000 0.015625 0.015625
0 0.635938 0.275000 0.015625 0.015625
0 0.792188 0.275000 0.015625 0.015625
0 0.557813 0.276562 0.015625 0.015625
0 0.710938 0.279687 0.015625 0.015625
0 0.864062 0.284375 0.015625 0.015625
0 0.212500 0.332813 0.015625 0.015625
0 0.289062 0.334375 0.015625 0.015625
0 0.517188 0.337500 0.015625 0.015625
0 0.364063 0.337500 0.015625 0.015625
0 0.440625 0.339062 0.015625 0.015625
0 0.593750 0.340625 0.015625 0.015625
0 0.667188 0.345313 0.015625 0.015625
0 0.745313 0.345313 0.015625 0.015625
0 0.976562 0.348438 0.015625 0.015625
0 0.023438 0.384375 0.015625 0.015625
0 0.173437 0.390625 0.015625 0.015625
0 0.251563 0.395313 0.015625 0.015625
0 0.398438 0.396875 0.015625 0.015625
0 0.323437 0.398438 0.015625 0.015625
0 0.482812 0.400000 0.015625 0.015625
0 0.559375 0.403125 0.015625 0.015625
0 0.629687 0.406250 0.015625 0.015625
0 0.709375 0.406250 0.015625 0.015625
0 0.784375 0.407813 0.015625 0.015625
0 0.214062 0.454688 0.015625 0.015625
0 0.065625 0.456250 0.015625 0.015625
0 0.284375 0.457813 0.015625 0.015625
0 0.825000 0.462500 0.015625 0.015625
0 0.443750 0.464062 0.015625 0.015625
0 0.364063 0.465625 0.015625 0.015625
0 0.512500 0.468750 0.015625 0.015625
0 0.590625 0.470313 0.015625 0.015625
0 0.748437 0.470313 0.015625 0.015625
0 0.668750 0.470313 0.015625 0.015625
0 0.893750 0.473438 0.015625 0.015625
0 0.026562 0.515625 0.015625 0.015625
0 0.254688 0.521875 0.015625 0.015625
0 0.329688 0.525000 0.015625 0.015625
0 0.406250 0.528125 0.015625 0.015625
0 0.479687 0.532813 0.015625 0.015625
0 0.628125 0.535937 0.015625 0.015625
0 0.781250 0.537500 0.015625 0.015625
0 0.689063 0.537500 0.015625 0.015625
0 0.879687 0.543750 0.015625 0.015625
0 0.059375 0.587500 0.015625 0.015625
0 0.365625 0.590625 0.015625 0.015625
0 0.210938 0.590625 0.015625 0.015625
0 0.290625 0.592187 0.015625 0.015625
0 0.512500 0.596875 0.015625 0.015625
0 0.439063 0.598437 0.015625 0.015625
0 0.665625 0.598437 0.015625 0.015625
0 0.590625 0.598437 0.015625 0.015625
0 0.745313 0.598437 0.015625 0.015625
0 0.817187 0.601562 0.015625 0.015625
0 0.895312 0.604688 0.015625 0.015625
0 0.970313 0.607812 0.015625 0.015625
0 0.025000 0.648438 0.015625 0.015625
0 0.329688 0.651563 0.015625 0.015625
0 0.251563 0.653125 0.015625 0.015625
0 0.403125 0.660937 0.015625 0.015625
0 0.551562 0.662500 0.015625 0.015625
0 0.476562 0.664062 0.015625 0.015625
0 0.706250 0.664062 0.015625 0.015625
0 0.629687 0.668750 0.015625 0.015625
0 0.851562 0.671875 0.015625 0.015625
0 0.779687 0.673438 0.015625 0.015625
0 0.934375 0.679688 0.015625 0.015625
0 0.057813 0.718750 0.015625 0.015625
0 0.209375 0.720313 0.015625 0.015625
0 0.365625 0.723437 0.015625 0.015625
0 0.287500 0.725000 0.015625 0.015625
0 0.440625 0.732812 0.015625 0.015625
0 0.512500 0.732812 0.015625 0.015625
0 0.590625 0.732812 0.015625 0.015625
0 0.740625 0.735938 0.015625 0.015625
0 0.893750 0.737500 0.015625 0.015625
0 0.668750 0.739062 0.015625 0.015625
0 0.973437 0.740625 0.015625 0.015625
0 0.815625 0.748437 0.015625 0.015625
0 0.017188 0.781250 0.015625 0.015625
0 0.248438 0.785937 0.015625 0.015625
0 0.173437 0.787500 0.015625 0.015625
0 0.328125 0.789062 0.015625 0.015625
0 0.403125 0.793750 0.015625 0.015625
0 0.553125 0.795312 0.015625 0.015625
0 0.476562 0.796875 0.015625 0.015625
0 0.931250 0.801562 0.015625 0.015625
0 0.626563 0.801562 0.015625 0.015625
0 0.704688 0.803125 0.015625 0.015625
0 0.856250 0.804688 0.015625 0.015625
0 0.779687 0.804688 0.015625 0.015625
0 0.209375 0.850000 0.015625 0.015625
0 0.287500 0.851562 0.015625 0.015625
0 0.364063 0.854688 0.015625 0.015625
0 0.440625 0.857812 0.015625 0.015625
0 0.509375 0.860938 0.015625 0.015625
0 0.812500 0.862500 0.015625 0.015625
0 0.589063 0.862500 0.015625 0.015625
0 0.735938 0.865625 0.015625 0.015625
0 0.889062 0.865625 0.015625 0.015625
0 0.960938 0.865625 0.015625 0.015625
0 0.664062 0.868750 0.015625 0.015625
0 0.017188 0.914062 0.015625 0.015625
0 0.170313 0.915625 0.015625 0.015625
0 0.248438 0.918750 0.015625 0.015625
0 0.328125 0.920312 0.015625 0.015625
0 0.400000 0.925000 0.015625 0.015625
0 0.475000 0.928125 0.015625 0.015625
0 0.551562 0.929688 0.015625 0.015625
0 0.701562 0.931250 0.015625 0.015625
0 0.626563 0.932813 0.015625 0.015625
0 0.285938 0.976562 0.015625 0.015625
0 0.207813 0.985938 0.015625 0.015625
0 0.359375 0.987500 0.015625 0.015625
0 0.809375 0.989062 0.015625 0.015625
0 0.434375 0.989062 0.015625 0.015625
0 0.507812 0.990625 0.015625 0.015625
0 0.587500 0.998437 0.015625 0.015625
0 0.056250 0.989062 0.015625 0.015625
0 0.890625 0.998437 0.015625 0.015625
0 0.965625 0.998437 0.015625 0.015625
0 0.987500 0.935937 0.015625 0.015625
0 0.901563 0.935937 0.015625 0.015625
0 0.853125 0.934375 0.015625 0.015625
0 0.776563 0.926562 0.015625 0.015625
0 0.165625 0.520312 0.015625 0.015625
0 0.173437 0.646875 0.015625 0.015625
0 0.814063 0.348438 0.015625 0.015625
0 0.896875 0.353125 0.015625 0.015625
0 0.845313 0.423438 0.015625 0.015625
0 0.923438 0.410938 0.015625 0.015625
0 0.253125 0.009375 0.015625 0.015625
0 0.201563 0.009375 0.015625 0.015625
0 0.525000 0.078125 0.015625 0.015625
