0 0.273438 0.000000 0.015625 0.015625
0 0.229687 0.004687 0.015625 0.015625
0 0.487500 0.006250 0.015625 0.015625
0 0.568750 0.009375 0.015625 0.015625
0 0.118750 0.017188 0.015625 0.015625
0 0.357812 0.043750 0.015625 0.015625
0 0.743750 0.046875 0.015625 0.015625
0 0.885938 0.053125 0.015625 0.015625
0 0.959375 0.054688 0.015625 0.015625
0 0.810937 0.054688 0.015625 0.015625
0 0.437500 0.056250 0.015625 0.015625
0 0.587500 0.056250 0.015625 0.015625
0 0.515625 0.057813 0.015625 0.015625
0 0.276562 0.071875 0.015625 0.015625
0 0.473438 0.109375 0.015625 0.015625
0 0.775000 0.114062 0.015625 0.015625
0 0.923438 0.115625 0.015625 0.015625
0 0.996875 0.118750 0.015625 0.015625
0 0.848437 0.120313 0.015625 0.015625
0 0.614062 0.126562 0.015625 0.015625
0 0.189062 0.132812 0.015625 0.015625
0 0.057813 0.134375 0.015625 0.015625
0 0.360938 0.143750 0.015625 0.015625
0 0.273438 0.145313 0.015625 0.015625
0 0.510938 0.154688 0.015625 0.015625
0 0.435937 0.156250 0.015625 0.015625
0 0.657813 0.178125 0.015625 0.015625
0 0.885938 0.179688 0.015625 0.015625
0 0.731250 0.181250 0.015625 0.015625
0 0.825000 0.182812 0.015625 0.015625
0 0.957812 0.182812 0.015625 0.015625
0 0.360938 0.185938 0.015625 0.015625
0 0.160938 0.203125 0.015625 0.015625
0 0.085938 0.234375 0.015625 0.015625
0 0.923438 0.242188 0.015625 0.015625
0 0.692187 0.246875 0.015625 0.015625
0 0.864062 0.248438 0.015625 0.015625
0 0.989062 0.250000 0.015625 0.015625
0 0.006250 0.256250 0.015625 0.015625
0 0.615625 0.259375 0.015625 0.015625
0 0.398438 0.268750 0.015625 0.015625
0 0.201563 0.270313 0.015625 0.015625
0 0.337500 0.270313 0.015625 0.015625
0 0.262500 0.270313 0.015625 0.015625
0 0.485938 0.271875 0.015625 0.015625
0 0.046875 0.303125 0.015625 0.015625
0 0.654687 0.309375 0.015625 0.015625
0 0.954688 0.310937 0.015625 0.015625
0 0.729688 0.312500 0.015625 0.015625
0 0.804688 0.315625 0.015625 0.015625
0 0.920312 0.337500 0.015625 0.015625
0 0.012500 0.365625 0.015625 0.015625
0 0.085938 0.368750 0.015625 0.015625
0 0.992188 0.373437 0.015625 0.015625
0 0.845313 0.390625 0.015625 0.015625
0 0.148438 0.392188 0.015625 0.015625
0 0.065625 0.401562 0.015625 0.015625
0 0.507812 0.432812 0.015625 0.015625
0 0.431250 0.442188 0.015625 0.015625
0 0.281250 0.451562 0.015625 0.015625
0 0.792188 0.451562 0.015625 0.015625
0 0.209375 0.460938 0.015625 0.015625
0 0.100000 0.465625 0.015625 0.015625
0 0.857812 0.468750 0.015625 0.015625
0 0.709375 0.485938 0.015625 0.015625
0 0.384375 0.512500 0.015625 0.015625
0 0.179688 0.523438 0.015625 0.015625
0 0.096875 0.526563 0.015625 0.015625
0 0.237500 0.526563 0.015625 0.015625
0 0.818750 0.535937 0.015625 0.015625
0 0.659375 0.535937 0.015625 0.015625
0 0.909375 0.539062 0.015625 0.015625
0 0.343750 0.579688 0.015625 0.015625
0 0.420312 0.584375 0.015625 0.015625
0 0.131250 0.584375 0.015625 0.015625
0 0.496875 0.585938 0.015625 0.015625
0 0.201563 0.585938 0.015625 0.015625
0 0.031250 0.592187 0.015625 0.015625
0 0.560937 0.598437 0.015625 0.015625
0 0.645312 0.600000 0.015625 0.015625
0 0.067187 0.657813 0.015625 0.015625
0 0.196875 0.659375 0.015625 0.015625
0 0.135937 0.662500 0.015625 0.015625
0 0.539062 0.670312 0.015625 0.015625
0 0.629687 0.670312 0.015625 0.015625
0 0.707812 0.670312 0.015625 0.015625
0 0.032813 0.698438 0.015625 0.015625
0 0.276562 0.710938 0.015625 0.015625
0 0.117188 0.710938 0.015625 0.015625
0 0.189062 0.721875 0.015625 0.015625
0 0.573438 0.725000 0.015625 0.015625
0 0.792188 0.725000 0.015625 0.015625
0 0.907813 0.767188 0.015625 0.015625
0 0.068750 0.782813 0.015625 0.015625
0 0.235937 0.784375 0.015625 0.015625
0 0.590625 0.792188 0.015625 0.015625
0 0.142187 0.793750 0.015625 0.015625
0 0.882812 0.796875 0.015625 0.015625
0 0.690625 0.800000 0.015625 0.015625
0 0.982812 0.803125 0.015625 0.015625
