0 0.921875 0.550000 0.015625 0.015625
0 0.160938 0.556250 0.015625 0.015625
0 0.228125 0.559375 0.015625 0.015625
0 0.459375 0.559375 0.015625 0.015625
0 0.081250 0.559375 0.015625 0.015625
0 0.007812 0.560937 0.015625 0.015625
0 0.685937 0.565625 0.015625 0.015625
0 0.609375 0.567187 0.015625 0.015625
0 0.757812 0.567187 0.015625 0.015625
0 0.121875 0.606250 0.015625 0.015625
0 0.956250 0.614062 0.015625 0.015625
0 0.345313 0.623437 0.015625 0.015625
0 0.414062 0.631250 0.015625 0.015625
0 0.650000 0.632812 0.015625 0.015625
0 0.487500 0.632812 0.015625 0.015625
0 0.570312 0.632812 0.015625 0.015625
0 0.932813 0.657813 0.015625 0.015625
0 0.150000 0.695312 0.015625 0.015625
0 0.065625 0.698438 0.015625 0.015625
0 0.228125 0.700000 0.015625 0.015625
0 0.306250 0.704688 0.015625 0.015625
0 0.450000 0.707812 0.015625 0.015625
0 0.525000 0.707812 0.015625 0.015625
0 0.831250 0.710938 0.015625 0.015625
0 0.603125 0.712500 0.015625 0.015625
0 0.751563 0.712500 0.015625 0.015625
0 0.907813 0.715625 0.015625 0.015625
0 0.985938 0.718750 0.015625 0.015625
0 0.045312 0.742188 0.015625 0.015625
0 0.121875 0.745313 0.015625 0.015625
0 0.200000 0.746875 0.015625 0.015625
0 0.581250 0.748437 0.015625 0.015625
0 0.729688 0.754687 0.015625 0.015625
0 0.879687 0.756250 0.015625 0.015625
0 0.807813 0.762500 0.015625 0.015625
0 0.679688 0.804688 0.015625 0.015625
0 0.609375 0.810937 0.015625 0.015625
0 0.381250 0.812500 0.015625 0.015625
0 0.006250 0.812500 0.015625 0.015625
0 0.159375 0.815625 0.015625 0.015625
0 0.084375 0.817187 0.015625 0.015625
0 0.837500 0.817187 0.015625 0.015625
0 0.303125 0.825000 0.015625 0.015625
0 0.987500 0.850000 0.015625 0.015625
0 0.723437 0.851562 0.015625 0.015625
0 0.043750 0.875000 0.015625 0.015625
0 0.200000 0.879687 0.015625 0.015625
0 0.346875 0.881250 0.015625 0.015625
0 0.117188 0.882812 0.015625 0.015625
0 0.273438 0.884375 0.015625 0.015625
0 0.875000 0.895312 0.015625 0.015625
0 0.421875 0.896875 0.015625 0.015625
0 0.082812 0.940625 0.015625 0.015625
0 0.159375 0.942187 0.015625 0.015625
0 0.309375 0.943750 0.015625 0.015625
0 0.234375 0.943750 0.015625 0.015625
0 0.009375 0.945312 0.015625 0.015625
0 0.534375 0.945312 0.015625 0.015625
0 0.384375 0.946875 0.015625 0.015625
0 0.689063 0.959375 0.015625 0.015625
0 0.835938 0.959375 0.015625 0.015625
0 0.760938 0.959375 0.015625 0.015625
0 0.910937 0.962500 0.015625 0.015625
0 0.990625 0.964063 0.015625 0.015625
0 0.462500 0.965625 0.015625 0.015625
0 0.046875 0.612500 0.015625 0.015625
0 0.298438 0.556250 0.015625 0.015625
0 0.254688 0.615625 0.015625 0.015625
0 0.196875 0.614062 0.015625 0.015625
0 0.384375 0.559375 0.015625 0.015625
0 0.814063 0.606250 0.015625 0.015625
0 0.892188 0.600000 0.015625 0.015625
