0 0.756250 0.012500 0.015625 0.015625
0 0.053125 0.014063 0.015625 0.015625
0 0.126562 0.017188 0.015625 0.015625
0 0.203125 0.017188 0.015625 0.015625
0 0.356250 0.018750 0.015625 0.015625
0 0.281250 0.020313 0.015625 0.015625
0 0.432812 0.020313 0.015625 0.015625
0 0.509375 0.023438 0.015625 0.015625
0 0.640625 0.025000 0.015625 0.015625
0 0.956250 0.026562 0.015625 0.015625
0 0.582812 0.026562 0.015625 0.015625
0 0.910937 0.079687 0.015625 0.015625
0 0.012500 0.082812 0.015625 0.015625
0 0.085938 0.084375 0.015625 0.015625
0 0.392188 0.090625 0.015625 0.015625
0 0.240625 0.090625 0.015625 0.015625
0 0.470313 0.093750 0.015625 0.015625
0 0.539062 0.096875 0.015625 0.015625
0 0.723437 0.101562 0.015625 0.015625
0 0.626563 0.104688 0.015625 0.015625
0 0.125000 0.150000 0.015625 0.015625
0 0.204687 0.154688 0.015625 0.015625
0 0.353125 0.154688 0.015625 0.015625
0 0.276562 0.156250 0.015625 0.015625
0 0.428125 0.156250 0.015625 0.015625
0 0.579688 0.157812 0.015625 0.015625
0 0.504687 0.159375 0.015625 0.015625
0 0.762500 0.192188 0.015625 0.015625
0 0.010937 0.209375 0.015625 0.015625
0 0.084375 0.210938 0.015625 0.015625
0 0.912500 0.210938 0.015625 0.015625
0 0.159375 0.214062 0.015625 0.015625
0 0.235937 0.218750 0.015625 0.015625
0 0.310937 0.220312 0.015625 0.015625
0 0.385937 0.221875 0.015625 0.015625
0 0.462500 0.225000 0.015625 0.015625
0 0.620313 0.225000 0.015625 0.015625
0 0.835938 0.231250 0.015625 0.015625
0 0.042188 0.275000 0.015625 0.015625
0 0.118750 0.276562 0.015625 0.015625
0 0.196875 0.281250 0.015625 0.015625
0 0.959375 0.282813 0.015625 0.015625
0 0.268750 0.284375 0.015625 0.015625
0 0.350000 0.284375 0.015625 0.015625
0 0.425000 0.285938 0.015625 0.015625
0 0.579688 0.289062 0.015625 0.015625
0 0.878125 0.289062 0.015625 0.015625
0 0.803125 0.290625 0.015625 0.015625
0 0.003125 0.337500 0.015625 0.015625
0 0.231250 0.342187 0.015625 0.015625
0 0.079687 0.343750 0.015625 0.015625
0 0.156250 0.345313 0.015625 0.015625
0 0.460938 0.346875 0.015625 0.015625
0 0.764062 0.348438 0.015625 0.015625
0 0.310937 0.351562 0.015625 0.015625
0 0.384375 0.353125 0.015625 0.015625
0 0.685937 0.354687 0.015625 0.015625
0 0.534375 0.354687 0.015625 0.015625
0 0.837500 0.356250 0.015625 0.015625
0 0.612500 0.357812 0.015625 0.015625
0 0.037500 0.407813 0.015625 0.015625
0 0.114062 0.407813 0.015625 0.015625
0 0.192188 0.412500 0.015625 0.015625
0 0.267188 0.417187 0.015625 0.015625
0 0.342187 0.420312 0.015625 0.015625
0 0.500000 0.420312 0.015625 0.015625
0 0.418750 0.420312 0.015625 0.015625
0 0.650000 0.421875 0.015625 0.015625
0 0.943750 0.421875 0.015625 0.015625
0 0.575000 0.423438 0.015625 0.015625
0 0.725000 0.423438 0.015625 0.015625
0 0.837500 0.451562 0.015625 0.015625
0 0.914062 0.457813 0.015625 0.015625
0 0.078125 0.475000 0.015625 0.015625
0 0.001563 0.475000 0.015625 0.015625
0 0.154688 0.478125 0.015625 0.015625
0 0.307812 0.481250 0.015625 0.015625
0 0.381250 0.481250 0.015625 0.015625
0 0.229687 0.481250 0.015625 0.015625
0 0.457813 0.482812 0.015625 0.015625
0 0.685937 0.485938 0.015625 0.015625
0 0.612500 0.489063 0.015625 0.015625
0 0.534375 0.489063 0.015625 0.015625
0 0.984375 0.490625 0.015625 0.015625
0 0.726562 0.534375 0.015625 0.015625
0 0.039062 0.537500 0.015625 0.015625
0 0.112500 0.537500 0.015625 0.015625
0 0.809375 0.539062 0.015625 0.015625
0 0.340625 0.539062 0.015625 0.015625
0 0.265625 0.542188 0.015625 0.015625
0 0.189062 0.542188 0.015625 0.015625
0 0.492188 0.550000 0.015625 0.015625
0 0.878125 0.551562 0.015625 0.015625
0 0.418750 0.551562 0.015625 0.015625
0 0.643750 0.553125 0.015625 0.015625
0 0.948438 0.557813 0.015625 0.015625
0 0.676562 0.604688 0.015625 0.015625
0 0.071875 0.607812 0.015625 0.015625
0 0.756250 0.610938 0.015625 0.015625
0 0.607812 0.612500 0.015625 0.015625
0 0.301563 0.612500 0.015625 0.015625
0 0.226562 0.614062 0.015625 0.015625
0 0.146875 0.614062 0.015625 0.015625
0 0.456250 0.617188 0.015625 0.015625
0 0.534375 0.618750 0.015625 0.015625
0 0.381250 0.620313 0.015625 0.015625
0 0.904687 0.623437 0.015625 0.015625
0 0.981250 0.625000 0.015625 0.015625
0 0.031250 0.670312 0.015625 0.015625
0 0.109375 0.675000 0.015625 0.015625
0 0.262500 0.681250 0.015625 0.015625
0 0.185938 0.681250 0.015625 0.015625
0 0.642188 0.681250 0.015625 0.015625
0 0.489063 0.681250 0.015625 0.015625
0 0.340625 0.682813 0.015625 0.015625
0 0.415625 0.682813 0.015625 0.015625
0 0.718750 0.682813 0.015625 0.015625
0 0.567187 0.684375 0.015625 0.015625
0 0.067187 0.743750 0.015625 0.015625
0 0.298438 0.745313 0.015625 0.015625
0 0.531250 0.745313 0.015625 0.015625
0 0.221875 0.745313 0.015625 0.015625
0 0.679688 0.746875 0.015625 0.015625
0 0.757812 0.746875 0.015625 0.015625
0 0.451562 0.746875 0.015625 0.015625
0 0.378125 0.748437 0.015625 0.015625
0 0.604688 0.748437 0.015625 0.015625
0 0.145313 0.748437 0.015625 0.015625
0 0.904687 0.754687 0.015625 0.015625
0 0.981250 0.757812 0.015625 0.015625
0 0.031250 0.806250 0.015625 0.015625
0 0.832812 0.806250 0.015625 0.015625
0 0.107813 0.807813 0.015625 0.015625
0 0.259375 0.812500 0.015625 0.015625
0 0.184375 0.812500 0.015625 0.015625
0 0.337500 0.814063 0.015625 0.015625
0 0.487500 0.815625 0.015625 0.015625
0 0.414062 0.817187 0.015625 0.015625
0 0.940625 0.823438 0.015625 0.015625
0 0.585938 0.834375 0.015625 0.015625
0 0.068750 0.873437 0.015625 0.015625
0 0.143750 0.875000 0.015625 0.015625
0 0.218750 0.878125 0.015625 0.015625
0 0.370312 0.878125 0.015625 0.015625
0 0.293750 0.878125 0.015625 0.015625
0 0.448437 0.881250 0.015625 0.015625
0 0.603125 0.882812 0.015625 0.015625
0 0.678125 0.884375 0.015625 0.015625
0 0.520312 0.884375 0.015625 0.015625
0 0.912500 0.918750 0.015625 0.015625
0 0.029687 0.935937 0.015625 0.015625
0 0.106250 0.937500 0.015625 0.015625
0 0.332813 0.939063 0.015625 0.015625
0 0.181250 0.940625 0.015625 0.015625
0 0.409375 0.940625 0.015625 0.015625
0 0.257812 0.942187 0.015625 0.015625
0 0.559375 0.943750 0.015625 0.015625
0 0.485938 0.945312 0.015625 0.015625
0 0.634375 0.946875 0.015625 0.015625
0 0.714063 0.948438 0.015625 0.015625
0 0.875000 0.984375 0.015625 0.015625
0 0.971875 0.993750 0.015625 0.015625
