0 0.042188 0.067187 0.015625 0.015625
0 0.115625 0.065625 0.015625 0.015625
0 0.151562 0.000000 0.015625 0.015625
0 0.195312 0.054688 0.015625 0.015625
0 0.271875 0.064062 0.015625 0.015625
0 0.303125 0.004687 0.015625 0.015625
0 0.343750 0.067187 0.015625 0.015625
0 0.390625 0.007812 0.015625 0.015625
0 0.418750 0.071875 0.015625 0.015625
0 0.464062 0.010937 0.015625 0.015625
0 0.496875 0.079687 0.015625 0.015625
0 0.539062 0.009375 0.015625 0.015625
0 0.570312 0.070312 0.015625 0.015625
0 0.618750 0.006250 0.015625 0.015625
0 0.648438 0.075000 0.015625 0.015625
0 0.690625 0.012500 0.015625 0.015625
0 0.726562 0.070312 0.015625 0.015625
0 0.768750 0.010937 0.015625 0.015625
0 0.795312 0.075000 0.015625 0.015625
0 0.837500 0.012500 0.015625 0.015625
0 0.875000 0.065625 0.015625 0.015625
0 0.909375 0.009375 0.015625 0.015625
0 0.945312 0.078125 0.015625 0.015625
0 0.989062 0.006250 0.015625 0.015625
0 0.031250 0.190625 0.015625 0.015625
0 0.075000 0.117188 0.015625 0.015625
0 0.107813 0.189062 0.015625 0.015625
0 0.153125 0.126562 0.015625 0.015625
0 0.193750 0.187500 0.015625 0.015625
0 0.228125 0.120313 0.015625 0.015625
0 0.267188 0.196875 0.015625 0.015625
0 0.307812 0.129688 0.015625 0.015625
0 0.342187 0.192188 0.015625 0.015625
0 0.376563 0.132812 0.015625 0.015625
0 0.429688 0.203125 0.015625 0.015625
0 0.464062 0.134375 0.015625 0.015625
0 0.501563 0.198437 0.015625 0.015625
0 0.535937 0.131250 0.015625 0.015625
0 0.578125 0.196875 0.015625 0.015625
0 0.614062 0.142187 0.015625 0.015625
0 0.657813 0.204687 0.015625 0.015625
0 0.693750 0.143750 0.015625 0.015625
0 0.762500 0.139063 0.015625 0.015625
0 0.792188 0.209375 0.015625 0.015625
0 0.721875 0.201563 0.015625 0.015625
0 0.831250 0.140625 0.015625 0.015625
0 0.875000 0.203125 0.015625 0.015625
0 0.907813 0.135937 0.015625 0.015625
0 0.945312 0.204687 0.015625 0.015625
0 0.984375 0.139063 0.015625 0.015625
0 0.037500 0.320312 0.015625 0.015625
0 0.070312 0.251563 0.015625 0.015625
0 0.117188 0.332813 0.015625 0.015625
0 0.157812 0.251563 0.015625 0.015625
0 0.193750 0.326562 0.015625 0.015625
0 0.228125 0.260937 0.015625 0.015625
0 0.260937 0.331250 0.015625 0.015625
0 0.307812 0.262500 0.015625 0.015625
0 0.335938 0.329688 0.015625 0.015625
0 0.385937 0.264062 0.015625 0.015625
0 0.407813 0.334375 0.015625 0.015625
0 0.456250 0.267188 0.015625 0.015625
0 0.493750 0.321875 0.015625 0.015625
0 0.526563 0.259375 0.015625 0.015625
0 0.562500 0.331250 0.015625 0.015625
0 0.598437 0.265625 0.015625 0.015625
0 0.648438 0.328125 0.015625 0.015625
0 0.676562 0.265625 0.015625 0.015625
0 0.726562 0.331250 0.015625 0.015625
0 0.754687 0.271875 0.015625 0.015625
0 0.796875 0.331250 0.015625 0.015625
0 0.839063 0.265625 0.015625 0.015625
0 0.870313 0.339062 0.015625 0.015625
0 0.912500 0.279687 0.015625 0.015625
0 0.957812 0.340625 0.015625 0.015625
0 0.990625 0.278125 0.015625 0.015625
0 0.037500 0.450000 0.015625 0.015625
0 0.064062 0.389062 0.015625 0.015625
0 0.114062 0.457813 0.015625 0.015625
0 0.148438 0.398438 0.015625 0.015625
0 0.185938 0.450000 0.015625 0.015625
0 0.223438 0.396875 0.015625 0.015625
0 0.253125 0.456250 0.015625 0.015625
0 0.300000 0.384375 0.015625 0.015625
0 0.375000 0.389062 0.015625 0.015625
0 0.367188 0.125000 0.015625 0.015625
0 0.331250 0.459375 0.015625 0.015625
0 0.404687 0.464062 0.015625 0.015625
0 0.450000 0.398438 0.015625 0.015625
0 0.485938 0.460938 0.015625 0.015625
0 0.520312 0.404687 0.015625 0.015625
0 0.557813 0.465625 0.015625 0.015625
0 0.598437 0.404687 0.015625 0.015625
0 0.634375 0.478125 0.015625 0.015625
0 0.667188 0.407813 0.015625 0.015625
0 0.710938 0.468750 0.015625 0.015625
0 0.748437 0.404687 0.015625 0.015625
0 0.776563 0.465625 0.015625 0.015625
0 0.826562 0.404687 0.015625 0.015625
0 0.859375 0.465625 0.015625 0.015625
0 0.904687 0.410938 0.015625 0.015625
0 0.946875 0.464062 0.015625 0.015625
0 0.968750 0.412500 0.015625 0.015625
0 0.026562 0.590625 0.015625 0.015625
0 0.065625 0.512500 0.015625 0.015625
0 0.104688 0.581250 0.015625 0.015625
0 0.145313 0.520312 0.015625 0.015625
0 0.175000 0.581250 0.015625 0.015625
0 0.221875 0.520312 0.015625 0.015625
0 0.253125 0.585938 0.015625 0.015625
0 0.292187 0.521875 0.015625 0.015625
0 0.328125 0.589063 0.015625 0.015625
0 0.367188 0.526563 0.015625 0.015625
0 0.403125 0.590625 0.015625 0.015625
0 0.445312 0.523438 0.015625 0.015625
0 0.487500 0.581250 0.015625 0.015625
0 0.520312 0.523438 0.015625 0.015625
0 0.564063 0.587500 0.015625 0.015625
0 0.593750 0.532813 0.015625 0.015625
0 0.634375 0.585938 0.015625 0.015625
0 0.670312 0.531250 0.015625 0.015625
0 0.703125 0.595313 0.015625 0.015625
0 0.743750 0.531250 0.015625 0.015625
0 0.785937 0.595313 0.015625 0.015625
0 0.818750 0.537500 0.015625 0.015625
0 0.868750 0.585938 0.015625 0.015625
0 0.890625 0.532813 0.015625 0.015625
0 0.939063 0.595313 0.015625 0.015625
0 0.976562 0.535937 0.015625 0.015625
0 0.015625 0.709375 0.015625 0.015625
0 0.051562 0.648438 0.015625 0.015625
0 0.096875 0.710938 0.015625 0.015625
0 0.135937 0.654687 0.015625 0.015625
0 0.181250 0.717187 0.015625 0.015625
0 0.215625 0.645312 0.015625 0.015625
0 0.251563 0.710938 0.015625 0.015625
0 0.284375 0.651563 0.015625 0.015625
0 0.325000 0.718750 0.015625 0.015625
0 0.364063 0.651563 0.015625 0.015625
0 0.403125 0.715625 0.015625 0.015625
0 0.435937 0.657813 0.015625 0.015625
0 0.478125 0.723437 0.015625 0.015625
0 0.517188 0.654687 0.015625 0.015625
0 0.556250 0.717187 0.015625 0.015625
0 0.587500 0.651563 0.015625 0.015625
0 0.618750 0.721875 0.015625 0.015625
0 0.664062 0.664062 0.015625 0.015625
0 0.707812 0.720313 0.015625 0.015625
0 0.740625 0.656250 0.015625 0.015625
0 0.779687 0.721875 0.015625 0.015625
0 0.818750 0.659375 0.015625 0.015625
0 0.857812 0.731250 0.015625 0.015625
0 0.893750 0.665625 0.015625 0.015625
0 0.932813 0.734375 0.015625 0.015625
0 0.960938 0.665625 0.015625 0.015625
0 0.020313 0.845313 0.015625 0.015625
0 0.060937 0.782813 0.015625 0.015625
0 0.100000 0.842187 0.015625 0.015625
0 0.134375 0.784375 0.015625 0.015625
0 0.178125 0.857812 0.015625 0.015625
0 0.212500 0.782813 0.015625 0.015625
0 0.250000 0.846875 0.015625 0.015625
0 0.285938 0.785937 0.015625 0.015625
0 0.328125 0.851562 0.015625 0.015625
0 0.359375 0.784375 0.015625 0.015625
0 0.406250 0.857812 0.015625 0.015625
0 0.440625 0.785937 0.015625 0.015625
0 0.479687 0.853125 0.015625 0.015625
0 0.515625 0.787500 0.015625 0.015625
0 0.553125 0.856250 0.015625 0.015625
0 0.593750 0.801562 0.015625 0.015625
0 0.629687 0.859375 0.015625 0.015625
0 0.667188 0.795312 0.015625 0.015625
0 0.703125 0.857812 0.015625 0.015625
0 0.737500 0.798438 0.015625 0.015625
0 0.784375 0.851562 0.015625 0.015625
0 0.820312 0.798438 0.015625 0.015625
0 0.893750 0.798438 0.015625 0.015625
0 0.934375 0.867188 0.015625 0.015625
0 0.860938 0.862500 0.015625 0.015625
0 0.968750 0.800000 0.015625 0.015625
0 0.018750 0.976562 0.015625 0.015625
0 0.059375 0.901563 0.015625 0.015625
0 0.093750 0.975000 0.015625 0.015625
0 0.132812 0.901563 0.015625 0.015625
0 0.165625 0.984375 0.015625 0.015625
0 0.214062 0.903125 0.015625 0.015625
0 0.243750 0.975000 0.015625 0.015625
0 0.295312 0.903125 0.015625 0.015625
0 0.318750 0.984375 0.015625 0.015625
0 0.360938 0.906250 0.015625 0.015625
0 0.401562 0.981250 0.015625 0.015625
0 0.437500 0.907813 0.015625 0.015625
0 0.473438 0.973437 0.015625 0.015625
0 0.514062 0.910937 0.015625 0.015625
0 0.556250 0.973437 0.015625 0.015625
0 0.585938 0.912500 0.015625 0.015625
0 0.620313 0.984375 0.015625 0.015625
0 0.654687 0.909375 0.015625 0.015625
0 0.701562 0.990625 0.015625 0.015625
0 0.751563 0.914062 0.015625 0.015625
0 0.781250 0.989062 0.015625 0.015625
0 0.823438 0.914062 0.015625 0.015625
0 0.857812 0.992188 0.015625 0.015625
0 0.896875 0.921875 0.015625 0.015625
0 0.967187 0.921875 0.015625 0.015625
