0 0.328125 0.000000 0.015625 0.015625
0 0.406250 0.001563 0.015625 0.015625
0 0.100000 0.001563 0.015625 0.015625
0 0.557813 0.003125 0.015625 0.015625
0 0.481250 0.004687 0.015625 0.015625
0 0.787500 0.004687 0.015625 0.015625
0 0.250000 0.004687 0.015625 0.015625
0 0.629687 0.006250 0.015625 0.015625
0 0.712500 0.007812 0.015625 0.015625
0 0.860938 0.010937 0.015625 0.015625
0 0.937500 0.012500 0.015625 0.015625
0 0.356250 0.067187 0.015625 0.015625
0 0.281250 0.075000 0.015625 0.015625
0 0.210938 0.075000 0.015625 0.015625
0 0.151562 0.075000 0.015625 0.015625
0 0.440625 0.082812 0.015625 0.015625
0 0.515625 0.082812 0.015625 0.015625
0 0.657813 0.092188 0.015625 0.015625
0 0.028125 0.121875 0.015625 0.015625
0 0.181250 0.131250 0.015625 0.015625
0 0.709375 0.134375 0.015625 0.015625
0 0.782813 0.135937 0.015625 0.015625
0 0.935937 0.139063 0.015625 0.015625
0 0.593750 0.192188 0.015625 0.015625
0 0.514062 0.192188 0.015625 0.015625
0 0.439063 0.195312 0.015625 0.015625
0 0.667188 0.196875 0.015625 0.015625
0 0.820312 0.196875 0.015625 0.015625
0 0.745313 0.200000 0.015625 0.015625
0 0.970313 0.210938 0.015625 0.015625
0 0.021875 0.226562 0.015625 0.015625
0 0.171875 0.259375 0.015625 0.015625
0 0.556250 0.260937 0.015625 0.015625
0 0.248438 0.262500 0.015625 0.015625
0 0.629687 0.264062 0.015625 0.015625
0 0.859375 0.265625 0.015625 0.015625
0 0.403125 0.265625 0.015625 0.015625
0 0.706250 0.267188 0.015625 0.015625
0 0.931250 0.268750 0.015625 0.015625
0 0.781250 0.268750 0.015625 0.015625
0 0.060937 0.315625 0.015625 0.015625
0 0.284375 0.317188 0.015625 0.015625
0 0.440625 0.332813 0.015625 0.015625
0 0.585938 0.332813 0.015625 0.015625
0 0.514062 0.334375 0.015625 0.015625
0 0.893750 0.334375 0.015625 0.015625
0 0.665625 0.334375 0.015625 0.015625
0 0.817187 0.334375 0.015625 0.015625
0 0.968750 0.335938 0.015625 0.015625
0 0.023438 0.381250 0.015625 0.015625
0 0.096875 0.390625 0.015625 0.015625
0 0.328125 0.392188 0.015625 0.015625
0 0.473438 0.395313 0.015625 0.015625
0 0.404687 0.395313 0.015625 0.015625
0 0.860938 0.395313 0.015625 0.015625
0 0.631250 0.395313 0.015625 0.015625
0 0.551562 0.396875 0.015625 0.015625
0 0.789062 0.398438 0.015625 0.015625
0 0.934375 0.400000 0.015625 0.015625
0 0.364063 0.451562 0.015625 0.015625
0 0.287500 0.460938 0.015625 0.015625
0 0.512500 0.465625 0.015625 0.015625
0 0.664062 0.465625 0.015625 0.015625
0 0.207813 0.467187 0.015625 0.015625
0 0.593750 0.467187 0.015625 0.015625
0 0.896875 0.470313 0.015625 0.015625
0 0.976562 0.471875 0.015625 0.015625
0 0.037500 0.487500 0.015625 0.015625
0 0.328125 0.525000 0.015625 0.015625
0 0.403125 0.528125 0.015625 0.015625
0 0.476562 0.531250 0.015625 0.015625
0 0.631250 0.532813 0.015625 0.015625
0 0.704688 0.532813 0.015625 0.015625
0 0.857812 0.534375 0.015625 0.015625
0 0.253125 0.534375 0.015625 0.015625
0 0.782813 0.534375 0.015625 0.015625
0 0.932813 0.535937 0.015625 0.015625
0 0.554688 0.535937 0.015625 0.015625
0 0.059375 0.559375 0.015625 0.015625
0 0.515625 0.592187 0.015625 0.015625
0 0.829688 0.592187 0.015625 0.015625
0 0.440625 0.592187 0.015625 0.015625
0 0.368750 0.592187 0.015625 0.015625
0 0.134375 0.592187 0.015625 0.015625
0 0.743750 0.593750 0.015625 0.015625
0 0.665625 0.595313 0.015625 0.015625
0 0.287500 0.595313 0.015625 0.015625
0 0.593750 0.596875 0.015625 0.015625
0 0.976562 0.604688 0.015625 0.015625
0 0.010937 0.618750 0.015625 0.015625
0 0.321875 0.657813 0.015625 0.015625
0 0.481250 0.659375 0.015625 0.015625
0 0.401562 0.662500 0.015625 0.015625
0 0.628125 0.665625 0.015625 0.015625
0 0.935937 0.667188 0.015625 0.015625
0 0.857812 0.668750 0.015625 0.015625
0 0.704688 0.670312 0.015625 0.015625
0 0.782813 0.670312 0.015625 0.015625
0 0.239063 0.717187 0.015625 0.015625
0 0.442188 0.725000 0.015625 0.015625
0 0.137500 0.734375 0.015625 0.015625
0 0.515625 0.734375 0.015625 0.015625
0 0.612500 0.740625 0.015625 0.015625
0 0.070312 0.742188 0.015625 0.015625
0 0.979688 0.745313 0.015625 0.015625
0 0.890625 0.746875 0.015625 0.015625
0 0.820312 0.751563 0.015625 0.015625
0 0.675000 0.751563 0.015625 0.015625
0 0.251563 0.787500 0.015625 0.015625
0 0.315625 0.792188 0.015625 0.015625
0 0.631250 0.795312 0.015625 0.015625
0 0.462500 0.798438 0.015625 0.015625
0 0.925000 0.803125 0.015625 0.015625
0 0.782813 0.809375 0.015625 0.015625
0 0.854688 0.810937 0.015625 0.015625
0 0.131250 0.848437 0.015625 0.015625
0 0.434375 0.851562 0.015625 0.015625
0 0.062500 0.854688 0.015625 0.015625
0 0.362500 0.862500 0.015625 0.015625
0 0.665625 0.873437 0.015625 0.015625
0 0.967187 0.875000 0.015625 0.015625
0 0.264062 0.889062 0.015625 0.015625
0 0.814063 0.892188 0.015625 0.015625
0 0.898438 0.893750 0.015625 0.015625
0 0.535937 0.923438 0.015625 0.015625
0 0.837500 0.934375 0.015625 0.015625
0 0.990625 0.935937 0.015625 0.015625
0 0.928125 0.935937 0.015625 0.015625
0 0.707812 0.937500 0.015625 0.015625
0 0.784375 0.939063 0.015625 0.015625
0 0.626563 0.942187 0.015625 0.015625
0 0.432812 0.981250 0.015625 0.015625
0 0.526563 0.990625 0.015625 0.015625
0 0.585938 0.990625 0.015625 0.015625
0 0.964063 0.998437 0.015625 0.015625
0 0.895312 0.998437 0.015625 0.015625
0 0.859375 0.134375 0.015625 0.015625
0 0.895312 0.201563 0.015625 0.015625
0 0.362500 0.193750 0.015625 0.015625
0 0.212500 0.320312 0.015625 0.015625
0 0.323437 0.256250 0.015625 0.015625
0 0.482812 0.260937 0.015625 0.015625
0 0.745313 0.329688 0.015625 0.015625
0 0.720313 0.396875 0.015625 0.015625
0 0.245312 0.393750 0.015625 0.015625
0 0.171875 0.387500 0.015625 0.015625
0 0.434375 0.460938 0.015625 0.015625
0 0.820312 0.467187 0.015625 0.015625
0 0.898438 0.598437 0.015625 0.015625
0 0.206250 0.585938 0.015625 0.015625
0 0.275000 0.987500 0.015625 0.015625
0 0.354687 0.971875 0.015625 0.015625
