0 0.000000 0.503125 0.015625 0.015625
0 0.068750 0.509375 0.015625 0.015625
0 0.148438 0.507812 0.015625 0.015625
0 0.192188 0.578125 0.015625 0.015625
0 0.259375 0.578125 0.015625 0.015625
0 0.225000 0.646875 0.015625 0.015625
0 0.117188 0.704688 0.015625 0.015625
0 0.184375 0.707812 0.015625 0.015625
0 0.259375 0.707812 0.015625 0.015625
0 0.040625 0.571875 0.015625 0.015625
0 0.003125 0.632812 0.015625 0.015625
0 0.062500 0.639062 0.015625 0.015625
0 0.337500 0.706250 0.015625 0.015625
0 0.401562 0.707812 0.015625 0.015625
0 0.501563 0.443750 0.015625 0.015625
0 0.570312 0.448437 0.015625 0.015625
0 0.632812 0.445312 0.015625 0.015625
0 0.720313 0.445312 0.015625 0.015625
0 0.682813 0.382812 0.015625 0.015625
0 0.759375 0.392188 0.015625 0.015625
0 0.796875 0.462500 0.015625 0.015625
0 0.831250 0.521875 0.015625 0.015625
0 0.754687 0.515625 0.015625 0.015625
0 0.684375 0.525000 0.015625 0.015625
0 0.598437 0.525000 0.015625 0.015625
0 0.520312 0.510938 0.015625 0.015625
0 0.443750 0.512500 0.015625 0.015625
0 0.487500 0.578125 0.015625 0.015625
0 0.567187 0.581250 0.015625 0.015625
0 0.645312 0.581250 0.015625 0.015625
0 0.725000 0.581250 0.015625 0.015625
0 0.798438 0.590625 0.015625 0.015625
0 0.875000 0.589063 0.015625 0.015625
0 0.906250 0.659375 0.015625 0.015625
0 0.826562 0.654687 0.015625 0.015625
0 0.756250 0.659375 0.015625 0.015625
0 0.671875 0.659375 0.015625 0.015625
0 0.600000 0.651563 0.015625 0.015625
0 0.523438 0.656250 0.015625 0.015625
0 0.564063 0.729688 0.015625 0.015625
0 0.642188 0.721875 0.015625 0.015625
0 0.726562 0.720313 0.015625 0.015625
0 0.796875 0.718750 0.015625 0.015625
0 0.865625 0.720313 0.015625 0.015625
0 0.940625 0.725000 0.015625 0.015625
0 0.906250 0.790625 0.015625 0.015625
0 0.825000 0.787500 0.015625 0.015625
0 0.664062 0.779687 0.015625 0.015625
0 0.590625 0.779687 0.015625 0.015625
0 0.704688 0.846875 0.015625 0.015625
0 0.785937 0.850000 0.015625 0.015625
0 0.871875 0.853125 0.015625 0.015625
0 0.942187 0.856250 0.015625 0.015625
0 0.825000 0.921875 0.015625 0.015625
0 0.896875 0.921875 0.015625 0.015625
0 0.981250 0.925000 0.015625 0.015625
0 0.945312 0.992188 0.015625 0.015625
0 0.992188 0.659375 0.015625 0.015625
0 0.948438 0.592187 0.015625 0.015625
0 0.800000 0.323437 0.015625 0.015625
0 0.873437 0.325000 0.015625 0.015625
0 0.990625 0.393750 0.015625 0.015625
0 0.914062 0.395313 0.015625 0.015625
0 0.870313 0.464062 0.015625 0.015625
0 0.945312 0.467187 0.015625 0.015625
0 0.985938 0.531250 0.015625 0.015625
0 0.901563 0.535937 0.015625 0.015625
0 0.959375 0.323437 0.015625 0.015625
0 0.040625 0.307812 0.015625 0.015625
0 0.112500 0.312500 0.015625 0.015625
0 0.292187 0.314063 0.015625 0.015625
0 0.381250 0.240625 0.015625 0.015625
0 0.460938 0.248438 0.015625 0.015625
0 0.534375 0.243750 0.015625 0.015625
0 0.610938 0.248438 0.015625 0.015625
0 0.573438 0.320312 0.015625 0.015625
0 0.678125 0.248438 0.015625 0.015625
0 0.768750 0.256250 0.015625 0.015625
0 0.851562 0.254688 0.015625 0.015625
0 0.912500 0.256250 0.015625 0.015625
0 0.993750 0.257812 0.015625 0.015625
0 0.114062 0.840625 0.015625 0.015625
0 0.068750 0.775000 0.015625 0.015625
0 0.975000 0.784375 0.015625 0.015625
0 0.646875 0.315625 0.015625 0.015625
0 0.728125 0.325000 0.015625 0.015625
