0 0.290625 0.007812 0.015625 0.015625
0 0.353125 0.014063 0.015625 0.015625
0 0.440625 0.015625 0.015625 0.015625
0 0.604688 0.017188 0.015625 0.015625
0 0.526563 0.018750 0.015625 0.015625
0 0.892188 0.020313 0.015625 0.015625
0 0.982812 0.028125 0.015625 0.015625
0 0.785937 0.048438 0.015625 0.015625
0 0.054688 0.060937 0.015625 0.015625
0 0.696875 0.065625 0.015625 0.015625
0 0.126562 0.067187 0.015625 0.015625
0 0.256250 0.070312 0.015625 0.015625
0 0.184375 0.071875 0.015625 0.015625
0 0.473438 0.075000 0.015625 0.015625
0 0.629687 0.076563 0.015625 0.015625
0 0.393750 0.078125 0.015625 0.015625
0 0.851562 0.084375 0.015625 0.015625
0 0.929688 0.090625 0.015625 0.015625
0 0.821875 0.128125 0.015625 0.015625
0 0.731250 0.134375 0.015625 0.015625
0 0.050000 0.142187 0.015625 0.015625
0 0.262500 0.146875 0.015625 0.015625
0 0.467187 0.146875 0.015625 0.015625
0 0.384375 0.148438 0.015625 0.015625
0 0.595313 0.150000 0.015625 0.015625
0 0.087500 0.201563 0.015625 0.015625
0 0.187500 0.203125 0.015625 0.015625
0 0.367188 0.207813 0.015625 0.015625
0 0.298438 0.209375 0.015625 0.015625
0 0.434375 0.209375 0.015625 0.015625
0 0.765625 0.212500 0.015625 0.015625
0 0.529687 0.214062 0.015625 0.015625
0 0.610938 0.214062 0.015625 0.015625
0 0.806250 0.218750 0.015625 0.015625
0 0.696875 0.220312 0.015625 0.015625
0 0.937500 0.223438 0.015625 0.015625
0 0.210938 0.243750 0.015625 0.015625
0 0.282813 0.264062 0.015625 0.015625
0 0.398438 0.271875 0.015625 0.015625
0 0.498437 0.275000 0.015625 0.015625
0 0.931250 0.307812 0.015625 0.015625
0 0.246875 0.312500 0.015625 0.015625
0 0.085938 0.314063 0.015625 0.015625
0 0.154688 0.317188 0.015625 0.015625
0 0.712500 0.321875 0.015625 0.015625
0 0.006250 0.325000 0.015625 0.015625
0 0.334375 0.340625 0.015625 0.015625
0 0.431250 0.343750 0.015625 0.015625
0 0.523438 0.350000 0.015625 0.015625
0 0.598437 0.354687 0.015625 0.015625
0 0.817187 0.357812 0.015625 0.015625
0 0.657813 0.357812 0.015625 0.015625
0 0.743750 0.359375 0.015625 0.015625
0 0.881250 0.360938 0.015625 0.015625
0 0.126562 0.371875 0.015625 0.015625
0 0.056250 0.378125 0.015625 0.015625
0 0.278125 0.378125 0.015625 0.015625
0 0.195312 0.379688 0.015625 0.015625
0 0.964063 0.390625 0.015625 0.015625
0 0.370312 0.398438 0.015625 0.015625
0 0.464062 0.406250 0.015625 0.015625
0 0.556250 0.415625 0.015625 0.015625
0 0.704688 0.415625 0.015625 0.015625
0 0.637500 0.423438 0.015625 0.015625
0 0.907813 0.426563 0.015625 0.015625
0 0.096875 0.434375 0.015625 0.015625
0 0.175000 0.437500 0.015625 0.015625
0 0.331250 0.467187 0.015625 0.015625
0 0.426563 0.473438 0.015625 0.015625
0 0.579688 0.478125 0.015625 0.015625
0 0.493750 0.481250 0.015625 0.015625
0 0.760938 0.484375 0.015625 0.015625
0 0.862500 0.485938 0.015625 0.015625
0 0.964063 0.487500 0.015625 0.015625
0 0.056250 0.493750 0.015625 0.015625
0 0.131250 0.496875 0.015625 0.015625
0 0.201563 0.501563 0.015625 0.015625
0 0.809375 0.520312 0.015625 0.015625
0 0.731250 0.520312 0.015625 0.015625
0 0.335938 0.528125 0.015625 0.015625
0 0.609375 0.539062 0.015625 0.015625
0 0.856250 0.553125 0.015625 0.015625
0 0.168750 0.556250 0.015625 0.015625
0 0.025000 0.560937 0.015625 0.015625
0 0.096875 0.562500 0.015625 0.015625
0 0.307812 0.593750 0.015625 0.015625
0 0.378125 0.593750 0.015625 0.015625
0 0.237500 0.593750 0.015625 0.015625
0 0.506250 0.596875 0.015625 0.015625
0 0.589063 0.603125 0.015625 0.015625
0 0.657813 0.607812 0.015625 0.015625
0 0.704688 0.609375 0.015625 0.015625
0 0.760938 0.610938 0.015625 0.015625
0 0.914062 0.615625 0.015625 0.015625
0 0.862500 0.617188 0.015625 0.015625
0 0.131250 0.623437 0.015625 0.015625
0 0.053125 0.623437 0.015625 0.015625
0 0.984375 0.623437 0.015625 0.015625
0 0.806250 0.628125 0.015625 0.015625
0 0.457813 0.640625 0.015625 0.015625
0 0.539062 0.653125 0.015625 0.015625
0 0.165625 0.679688 0.015625 0.015625
0 0.729688 0.682813 0.015625 0.015625
0 0.082812 0.684375 0.015625 0.015625
0 0.835938 0.689063 0.015625 0.015625
0 0.617188 0.690625 0.015625 0.015625
0 0.995313 0.692187 0.015625 0.015625
