0 0.254688 0.014063 0.015625 0.015625
0 0.485938 0.015625 0.015625 0.015625
0 0.412500 0.017188 0.015625 0.015625
0 0.715625 0.023438 0.015625 0.015625
0 0.639062 0.023438 0.015625 0.015625
0 0.792188 0.025000 0.015625 0.015625
0 0.946875 0.028125 0.015625 0.015625
0 0.865625 0.031250 0.015625 0.015625
0 0.065625 0.070312 0.015625 0.015625
0 0.218750 0.079687 0.015625 0.015625
0 0.370312 0.079687 0.015625 0.015625
0 0.296875 0.079687 0.015625 0.015625
0 0.443750 0.082812 0.015625 0.015625
0 0.521875 0.084375 0.015625 0.015625
0 0.593750 0.089063 0.015625 0.015625
0 0.671875 0.089063 0.015625 0.015625
0 0.750000 0.090625 0.015625 0.015625
0 0.907813 0.092188 0.015625 0.015625
0 0.825000 0.095312 0.015625 0.015625
0 0.984375 0.096875 0.015625 0.015625
0 0.171875 0.134375 0.015625 0.015625
0 0.093750 0.134375 0.015625 0.015625
0 0.256250 0.142187 0.015625 0.015625
0 0.015625 0.143750 0.015625 0.015625
0 0.407813 0.145313 0.015625 0.015625
0 0.335938 0.148438 0.015625 0.015625
0 0.478125 0.148438 0.015625 0.015625
0 0.557813 0.150000 0.015625 0.015625
0 0.628125 0.154688 0.015625 0.015625
0 0.709375 0.157812 0.015625 0.015625
0 0.787500 0.157812 0.015625 0.015625
0 0.864062 0.159375 0.015625 0.015625
0 0.946875 0.160938 0.015625 0.015625
0 0.215625 0.207813 0.015625 0.015625
0 0.067187 0.210938 0.015625 0.015625
0 0.140625 0.210938 0.015625 0.015625
0 0.292187 0.212500 0.015625 0.015625
0 0.521875 0.214062 0.015625 0.015625
0 0.442188 0.215625 0.015625 0.015625
0 0.368750 0.215625 0.015625 0.015625
0 0.668750 0.217188 0.015625 0.015625
0 0.600000 0.218750 0.015625 0.015625
0 0.751563 0.221875 0.015625 0.015625
0 0.823438 0.221875 0.015625 0.015625
0 0.898438 0.223438 0.015625 0.015625
0 0.981250 0.225000 0.015625 0.015625
0 0.021875 0.268750 0.015625 0.015625
0 0.168750 0.284375 0.015625 0.015625
0 0.101562 0.278125 0.015625 0.015625
0 0.251563 0.282813 0.015625 0.015625
0 0.323437 0.282813 0.015625 0.015625
0 0.401562 0.281250 0.015625 0.015625
0 0.490625 0.287500 0.015625 0.015625
0 0.621875 0.289062 0.015625 0.015625
0 0.553125 0.290625 0.015625 0.015625
0 0.710938 0.295312 0.015625 0.015625
0 0.785937 0.292187 0.015625 0.015625
0 0.856250 0.296875 0.015625 0.015625
0 0.935937 0.292187 0.015625 0.015625
0 0.560937 0.018750 0.015625 0.015625
0 0.187500 0.009375 0.015625 0.015625
0 0.139063 0.070312 0.015625 0.015625
0 0.104688 0.003125 0.015625 0.015625
0 0.028125 0.006250 0.015625 0.015625
