0 0.067187 0.543750 0.015625 0.015625
0 0.070312 0.018750 0.015625 0.015625
0 0.067187 0.278125 0.015625 0.015625
0 0.142187 0.543750 0.015625 0.015625
0 0.101562 0.612500 0.015625 0.015625
0 0.064062 0.675000 0.015625 0.015625
0 0.103125 0.212500 0.015625 0.015625
0 0.103125 0.476562 0.015625 0.015625
0 0.143750 0.412500 0.015625 0.015625
0 0.035937 0.079687 0.015625 0.015625
0 0.065625 0.410938 0.015625 0.015625
0 0.068750 0.145313 0.015625 0.015625
0 0.107813 0.343750 0.015625 0.015625
0 0.146875 0.018750 0.015625 0.015625
0 0.142187 0.145313 0.015625 0.015625
0 0.217188 0.540625 0.015625 0.015625
0 0.834375 0.160938 0.015625 0.015625
0 0.481250 0.614062 0.015625 0.015625
0 0.864062 0.487500 0.015625 0.015625
0 0.943750 0.348438 0.015625 0.015625
0 0.290625 0.543750 0.015625 0.015625
0 0.442188 0.545312 0.015625 0.015625
0 0.250000 0.473438 0.015625 0.015625
0 0.973437 0.689063 0.015625 0.015625
0 0.592187 0.545312 0.015625 0.015625
0 0.684375 0.162500 0.015625 0.015625
0 0.939063 0.225000 0.015625 0.015625
0 0.559375 0.346875 0.015625 0.015625
0 0.867188 0.225000 0.015625 0.015625
0 0.401562 0.476562 0.015625 0.015625
0 0.475000 0.743750 0.015625 0.015625
0 0.364063 0.543750 0.015625 0.015625
0 0.292187 0.278125 0.015625 0.015625
0 0.218750 0.278125 0.015625 0.015625
0 0.934375 0.618750 0.015625 0.015625
0 0.606250 0.025000 0.015625 0.015625
0 0.760938 0.153125 0.015625 0.015625
0 0.481250 0.346875 0.015625 0.015625
0 0.332813 0.475000 0.015625 0.015625
0 0.784375 0.748437 0.015625 0.015625
0 0.290625 0.675000 0.015625 0.015625
0 0.404687 0.346875 0.015625 0.015625
0 0.865625 0.351562 0.015625 0.015625
0 0.326562 0.345313 0.015625 0.015625
0 0.182812 0.343750 0.015625 0.015625
0 0.717187 0.223438 0.015625 0.015625
0 0.514062 0.545312 0.015625 0.015625
0 0.518750 0.675000 0.015625 0.015625
0 0.942187 0.095312 0.015625 0.015625
0 0.675000 0.025000 0.015625 0.015625
0 0.409375 0.214062 0.015625 0.015625
0 0.221875 0.020313 0.015625 0.015625
0 0.290625 0.414062 0.015625 0.015625
0 0.745313 0.679688 0.015625 0.015625
0 0.367188 0.676562 0.015625 0.015625
0 0.992188 0.028125 0.015625 0.015625
0 0.364063 0.412500 0.015625 0.015625
0 0.907813 0.160938 0.015625 0.015625
0 0.556250 0.614062 0.015625 0.015625
0 0.984375 0.425000 0.015625 0.015625
0 0.903125 0.420312 0.015625 0.015625
0 0.367188 0.279687 0.015625 0.015625
0 0.257812 0.614062 0.015625 0.015625
0 0.175000 0.612500 0.015625 0.015625
0 0.298438 0.018750 0.015625 0.015625
0 0.635938 0.476562 0.015625 0.015625
0 0.825000 0.421875 0.015625 0.015625
0 0.250000 0.210938 0.015625 0.015625
0 0.250000 0.343750 0.015625 0.015625
0 0.448437 0.151562 0.015625 0.015625
0 0.443750 0.282813 0.015625 0.015625
0 0.640625 0.087500 0.015625 0.015625
0 0.325000 0.610938 0.015625 0.015625
0 0.667188 0.676562 0.015625 0.015625
0 0.671875 0.546875 0.015625 0.015625
0 0.632812 0.612500 0.015625 0.015625
0 0.982812 0.160938 0.015625 0.015625
0 0.635938 0.350000 0.015625 0.015625
0 0.326562 0.210938 0.015625 0.015625
0 0.834375 0.023438 0.015625 0.015625
0 0.523438 0.278125 0.015625 0.015625
0 0.592187 0.417187 0.015625 0.015625
0 0.137500 0.684375 0.015625 0.015625
0 0.487500 0.214062 0.015625 0.015625
0 0.971875 0.553125 0.015625 0.015625
0 0.142187 0.282813 0.015625 0.015625
0 0.792188 0.351562 0.015625 0.015625
0 0.709375 0.615625 0.015625 0.015625
0 0.896875 0.553125 0.015625 0.015625
0 0.328125 0.743750 0.015625 0.015625
0 0.632812 0.748437 0.015625 0.015625
0 0.556250 0.482812 0.015625 0.015625
0 0.935937 0.489063 0.015625 0.015625
0 0.182812 0.212500 0.015625 0.015625
0 0.368750 0.148438 0.015625 0.015625
0 0.475000 0.475000 0.015625 0.015625
0 0.029687 0.476562 0.015625 0.015625
0 0.398438 0.745313 0.015625 0.015625
0 0.440625 0.678125 0.015625 0.015625
0 0.865625 0.093750 0.015625 0.015625
0 0.671875 0.420312 0.015625 0.015625
0 0.251563 0.743750 0.015625 0.015625
0 0.182812 0.478125 0.015625 0.015625
0 0.062500 0.803125 0.015625 0.015625
0 0.096875 0.870313 0.015625 0.015625
0 0.818750 0.818750 0.015625 0.015625
0 0.367188 0.812500 0.015625 0.015625
0 0.290625 0.812500 0.015625 0.015625
0 0.592187 0.812500 0.015625 0.015625
0 0.251563 0.876563 0.015625 0.015625
0 0.743750 0.946875 0.015625 0.015625
0 0.743750 0.815625 0.015625 0.015625
0 0.703125 0.748437 0.015625 0.015625
0 0.665625 0.945312 0.015625 0.015625
0 0.215625 0.812500 0.015625 0.015625
0 0.817187 0.948438 0.015625 0.015625
0 0.481250 0.875000 0.015625 0.015625
0 0.893750 0.946875 0.015625 0.015625
0 0.139063 0.804688 0.015625 0.015625
0 0.784375 0.879687 0.015625 0.015625
0 0.181250 0.873437 0.015625 0.015625
0 0.440625 0.943750 0.015625 0.015625
0 0.589063 0.945312 0.015625 0.015625
0 0.551562 0.875000 0.015625 0.015625
0 0.332813 0.876563 0.015625 0.015625
0 0.442188 0.809375 0.015625 0.015625
0 0.515625 0.810937 0.015625 0.015625
0 0.667188 0.812500 0.015625 0.015625
0 0.518750 0.946875 0.015625 0.015625
0 0.360938 0.943750 0.015625 0.015625
0 0.064062 0.931250 0.015625 0.015625
0 0.035937 0.607812 0.015625 0.015625
0 0.028125 0.740625 0.015625 0.015625
0 0.117188 0.740625 0.015625 0.015625
0 0.214062 0.682813 0.015625 0.015625
0 0.403125 0.610938 0.015625 0.015625
0 0.171875 0.743750 0.015625 0.015625
0 0.407813 0.875000 0.015625 0.015625
0 0.028125 0.867188 0.015625 0.015625
0 0.618750 0.878125 0.015625 0.015625
0 0.564063 0.753125 0.015625 0.015625
0 0.589063 0.682813 0.015625 0.015625
0 0.709375 0.495312 0.015625 0.015625
0 0.745313 0.557813 0.015625 0.015625
0 0.781250 0.621875 0.015625 0.015625
0 0.817187 0.682813 0.015625 0.015625
0 0.856250 0.751563 0.015625 0.015625
0 0.898438 0.689063 0.015625 0.015625
0 0.898438 0.817187 0.015625 0.015625
0 0.929688 0.885938 0.015625 0.015625
0 0.968750 0.826562 0.015625 0.015625
0 0.107813 0.084375 0.015625 0.015625
0 0.193750 0.084375 0.015625 0.015625
0 0.254688 0.082812 0.015625 0.015625
0 0.379688 0.021875 0.015625 0.015625
0 0.412500 0.068750 0.015625 0.015625
0 0.292187 0.146875 0.015625 0.015625
0 0.214062 0.139063 0.015625 0.015625
0 0.215625 0.418750 0.015625 0.015625
0 0.518750 0.014063 0.015625 0.015625
0 0.565625 0.084375 0.015625 0.015625
0 0.720313 0.095312 0.015625 0.015625
0 0.787500 0.090625 0.015625 0.015625
0 0.793750 0.221875 0.015625 0.015625
0 0.635938 0.217188 0.015625 0.015625
0 0.593750 0.157812 0.015625 0.015625
0 0.675000 0.292187 0.015625 0.015625
0 0.745313 0.293750 0.015625 0.015625
0 0.590625 0.282813 0.015625 0.015625
0 0.553125 0.217188 0.015625 0.015625
0 0.723437 0.351562 0.015625 0.015625
0 0.834375 0.290625 0.015625 0.015625
0 0.907813 0.295312 0.015625 0.015625
0 0.975000 0.292187 0.015625 0.015625
0 0.745313 0.417187 0.015625 0.015625
0 0.785937 0.470313 0.015625 0.015625
0 0.856250 0.600000 0.015625 0.015625
0 0.928125 0.751563 0.015625 0.015625
0 0.904687 0.023438 0.015625 0.015625
0 0.831250 0.554688 0.015625 0.015625
0 0.757812 0.025000 0.015625 0.015625
