0 0.190625 0.292187 0.015625 0.015625
0 0.115625 0.290625 0.015625 0.015625
0 0.192188 0.423438 0.015625 0.015625
0 0.145313 0.750000 0.015625 0.015625
0 0.226562 0.746875 0.015625 0.015625
0 0.039062 0.421875 0.015625 0.015625
0 0.190625 0.164062 0.015625 0.015625
0 0.065625 0.873437 0.015625 0.015625
0 0.115625 0.421875 0.015625 0.015625
0 0.156250 0.225000 0.015625 0.015625
0 0.039062 0.289062 0.015625 0.015625
0 0.150000 0.492188 0.015625 0.015625
0 0.045312 0.023438 0.015625 0.015625
0 0.026562 0.812500 0.015625 0.015625
0 0.187500 0.685937 0.015625 0.015625
0 0.150000 0.101562 0.015625 0.015625
0 0.112500 0.685937 0.015625 0.015625
0 0.035937 0.682813 0.015625 0.015625
0 0.182812 0.823438 0.015625 0.015625
0 0.189062 0.554688 0.015625 0.015625
0 0.787500 0.692187 0.015625 0.015625
0 0.418750 0.293750 0.015625 0.015625
0 0.492188 0.293750 0.015625 0.015625
0 0.596875 0.890625 0.015625 0.015625
0 0.559375 0.951562 0.015625 0.015625
0 0.715625 0.820312 0.015625 0.015625
0 0.346875 0.296875 0.015625 0.015625
0 0.860938 0.692187 0.015625 0.015625
0 0.795312 0.821875 0.015625 0.015625
0 0.490625 0.818750 0.015625 0.015625
0 0.490625 0.695312 0.015625 0.015625
0 0.915625 0.103125 0.015625 0.015625
0 0.340625 0.690625 0.015625 0.015625
0 0.943750 0.823438 0.015625 0.015625
0 0.459375 0.098437 0.015625 0.015625
0 0.415625 0.693750 0.015625 0.015625
0 0.635938 0.953125 0.015625 0.015625
0 0.381250 0.625000 0.015625 0.015625
0 0.521875 0.889062 0.015625 0.015625
0 0.267188 0.425000 0.015625 0.015625
0 0.567187 0.693750 0.015625 0.015625
0 0.410938 0.820312 0.015625 0.015625
0 0.642188 0.690625 0.015625 0.015625
0 0.832812 0.498437 0.015625 0.015625
0 0.865625 0.567187 0.015625 0.015625
0 0.871875 0.821875 0.015625 0.015625
0 0.309375 0.495312 0.015625 0.015625
0 0.457813 0.626563 0.015625 0.015625
0 0.904687 0.759375 0.015625 0.015625
0 0.537500 0.100000 0.015625 0.015625
0 0.565625 0.821875 0.015625 0.015625
0 0.901563 0.893750 0.015625 0.015625
0 0.823438 0.760938 0.015625 0.015625
0 0.600000 0.760938 0.015625 0.015625
0 0.646875 0.296875 0.015625 0.015625
0 0.259375 0.820312 0.015625 0.015625
0 0.795312 0.567187 0.015625 0.015625
0 0.495312 0.426563 0.015625 0.015625
0 0.950000 0.173437 0.015625 0.015625
0 0.609375 0.364063 0.015625 0.015625
0 0.568750 0.295312 0.015625 0.015625
0 0.418750 0.162500 0.015625 0.015625
0 0.646875 0.165625 0.015625 0.015625
0 0.378125 0.100000 0.015625 0.015625
0 0.715625 0.300000 0.015625 0.015625
0 0.959375 0.037500 0.015625 0.015625
0 0.267188 0.295312 0.015625 0.015625
0 0.496875 0.040625 0.015625 0.015625
0 0.684375 0.234375 0.015625 0.015625
0 0.939063 0.960938 0.015625 0.015625
0 0.450000 0.759375 0.015625 0.015625
0 0.334375 0.815625 0.015625 0.015625
0 0.879687 0.034375 0.015625 0.015625
0 0.609375 0.228125 0.015625 0.015625
0 0.860938 0.953125 0.015625 0.015625
0 0.493750 0.564063 0.015625 0.015625
0 0.234375 0.096875 0.015625 0.015625
0 0.757812 0.495312 0.015625 0.015625
0 0.371875 0.754687 0.015625 0.015625
0 0.457813 0.500000 0.015625 0.015625
0 0.684375 0.365625 0.015625 0.015625
0 0.990625 0.107813 0.015625 0.015625
0 0.573438 0.043750 0.015625 0.015625
0 0.345313 0.164062 0.015625 0.015625
0 0.485938 0.946875 0.015625 0.015625
0 0.526563 0.760938 0.015625 0.015625
0 0.898438 0.625000 0.015625 0.015625
0 0.570312 0.564063 0.015625 0.015625
0 0.721875 0.564063 0.015625 0.015625
0 0.973437 0.896875 0.015625 0.015625
0 0.684375 0.490625 0.015625 0.015625
0 0.671875 0.896875 0.015625 0.015625
0 0.640625 0.823438 0.015625 0.015625
0 0.612500 0.101562 0.015625 0.015625
0 0.379688 0.232813 0.015625 0.015625
0 0.823438 0.893750 0.015625 0.015625
0 0.675000 0.759375 0.015625 0.015625
0 0.989062 0.362500 0.015625 0.015625
0 0.343750 0.428125 0.015625 0.015625
0 0.534375 0.496875 0.015625 0.015625
0 0.935937 0.692187 0.015625 0.015625
0 0.334375 0.948438 0.015625 0.015625
0 0.942187 0.567187 0.015625 0.015625
0 0.385937 0.365625 0.015625 0.015625
0 0.118750 0.032813 0.015625 0.015625
0 0.195312 0.034375 0.015625 0.015625
0 0.273438 0.034375 0.015625 0.015625
0 0.345313 0.037500 0.015625 0.015625
0 0.428125 0.035937 0.015625 0.015625
0 0.070312 0.093750 0.015625 0.015625
0 0.023438 0.156250 0.015625 0.015625
0 0.110937 0.157812 0.015625 0.015625
0 0.270313 0.160938 0.015625 0.015625
0 0.568750 0.160938 0.015625 0.015625
0 0.534375 0.229687 0.015625 0.015625
0 0.450000 0.228125 0.015625 0.015625
0 0.300000 0.226562 0.015625 0.015625
0 0.232813 0.229687 0.015625 0.015625
0 0.064062 0.226562 0.015625 0.015625
0 0.004687 0.226562 0.015625 0.015625
0 0.075000 0.356250 0.015625 0.015625
0 0.162500 0.357812 0.015625 0.015625
0 0.226562 0.357812 0.015625 0.015625
0 0.292187 0.360938 0.015625 0.015625
0 0.460938 0.362500 0.015625 0.015625
0 0.542188 0.362500 0.015625 0.015625
0 0.759375 0.368750 0.015625 0.015625
0 0.687500 0.100000 0.015625 0.015625
0 0.650000 0.034375 0.015625 0.015625
0 0.720313 0.168750 0.015625 0.015625
0 0.760938 0.242188 0.015625 0.015625
0 0.792188 0.301563 0.015625 0.015625
0 0.826562 0.364063 0.015625 0.015625
0 0.868750 0.432812 0.015625 0.015625
0 0.910937 0.498437 0.015625 0.015625
0 0.798438 0.440625 0.015625 0.015625
0 0.721875 0.434375 0.015625 0.015625
0 0.626563 0.432812 0.015625 0.015625
0 0.560937 0.431250 0.015625 0.015625
0 0.423438 0.429688 0.015625 0.015625
0 0.389062 0.492188 0.015625 0.015625
0 0.232813 0.492188 0.015625 0.015625
0 0.070312 0.487500 0.015625 0.015625
0 0.001563 0.485938 0.015625 0.015625
0 0.001563 0.546875 0.015625 0.015625
0 0.106250 0.548438 0.015625 0.015625
0 0.598437 0.493750 0.015625 0.015625
0 0.642188 0.571875 0.015625 0.015625
0 0.670312 0.631250 0.015625 0.015625
0 0.606250 0.631250 0.015625 0.015625
0 0.525000 0.625000 0.015625 0.015625
0 0.760938 0.626563 0.015625 0.015625
0 0.825000 0.628125 0.015625 0.015625
0 0.267188 0.684375 0.015625 0.015625
0 0.304688 0.615625 0.015625 0.015625
0 0.276562 0.562500 0.015625 0.015625
0 0.348438 0.564063 0.015625 0.015625
0 0.415625 0.564063 0.015625 0.015625
0 0.979688 0.631250 0.015625 0.015625
0 0.712500 0.690625 0.015625 0.015625
0 0.117188 0.815625 0.015625 0.015625
0 0.145313 0.882812 0.015625 0.015625
0 0.223438 0.887500 0.015625 0.015625
0 0.301563 0.889062 0.015625 0.015625
0 0.371875 0.884375 0.015625 0.015625
0 0.026562 0.945312 0.015625 0.015625
0 0.100000 0.946875 0.015625 0.015625
0 0.179688 0.950000 0.015625 0.015625
0 0.253125 0.950000 0.015625 0.015625
0 0.748437 0.889062 0.015625 0.015625
0 0.801562 0.957812 0.015625 0.015625
0 0.392188 0.948438 0.015625 0.015625
0 0.764062 0.104688 0.015625 0.015625
0 0.728125 0.037500 0.015625 0.015625
0 0.803125 0.170313 0.015625 0.015625
0 0.840625 0.229687 0.015625 0.015625
0 0.875000 0.298438 0.015625 0.015625
0 0.910937 0.367188 0.015625 0.015625
0 0.951562 0.434375 0.015625 0.015625
0 0.992188 0.498437 0.015625 0.015625
0 0.710938 0.956250 0.015625 0.015625
0 0.970313 0.759375 0.015625 0.015625
0 0.837500 0.093750 0.015625 0.015625
0 0.801562 0.037500 0.015625 0.015625
