0 0.670312 0.003125 0.015625 0.015625
0 0.712500 0.003125 0.015625 0.015625
0 0.750000 0.004687 0.015625 0.015625
0 0.789062 0.009375 0.015625 0.015625
0 0.829688 0.007812 0.015625 0.015625
0 0.859375 0.007812 0.015625 0.015625
0 0.939063 0.006250 0.015625 0.015625
0 0.975000 0.009375 0.015625 0.015625
0 0.634375 0.003125 0.015625 0.015625
0 0.593750 0.001563 0.015625 0.015625
0 0.554688 0.001563 0.015625 0.015625
0 0.587500 0.201563 0.015625 0.015625
0 0.623437 0.196875 0.015625 0.015625
0 0.665625 0.200000 0.015625 0.015625
0 0.703125 0.200000 0.015625 0.015625
0 0.743750 0.201563 0.015625 0.015625
0 0.782813 0.201563 0.015625 0.015625
0 0.817187 0.203125 0.015625 0.015625
0 0.860938 0.204687 0.015625 0.015625
0 0.896875 0.204687 0.015625 0.015625
0 0.935937 0.204687 0.015625 0.015625
0 0.973437 0.206250 0.015625 0.015625
0 0.950000 0.170313 0.015625 0.015625
0 0.906250 0.171875 0.015625 0.015625
0 0.879687 0.168750 0.015625 0.015625
0 0.834375 0.167187 0.015625 0.015625
0 0.992188 0.175000 0.015625 0.015625
0 0.648438 0.235937 0.015625 0.015625
0 0.665625 0.264062 0.015625 0.015625
0 0.720313 0.234375 0.015625 0.015625
0 0.737500 0.259375 0.015625 0.015625
0 0.762500 0.235937 0.015625 0.015625
0 0.784375 0.268750 0.015625 0.015625
0 0.796875 0.235937 0.015625 0.015625
0 0.817187 0.270313 0.015625 0.015625
0 0.834375 0.237500 0.015625 0.015625
0 0.853125 0.273438 0.015625 0.015625
0 0.871875 0.239063 0.015625 0.015625
0 0.893750 0.271875 0.015625 0.015625
0 0.914062 0.237500 0.015625 0.015625
0 0.929688 0.268750 0.015625 0.015625
0 0.951562 0.234375 0.015625 0.015625
0 0.970313 0.270313 0.015625 0.015625
0 0.984375 0.235937 0.015625 0.015625
0 0.721875 0.298438 0.015625 0.015625
0 0.757812 0.298438 0.015625 0.015625
0 0.796875 0.300000 0.015625 0.015625
0 0.834375 0.300000 0.015625 0.015625
0 0.875000 0.300000 0.015625 0.015625
0 0.950000 0.304688 0.015625 0.015625
0 0.990625 0.304688 0.015625 0.015625
0 0.665625 0.329688 0.015625 0.015625
0 0.703125 0.329688 0.015625 0.015625
0 0.742188 0.331250 0.015625 0.015625
0 0.775000 0.392188 0.015625 0.015625
0 0.810937 0.398438 0.015625 0.015625
0 0.853125 0.398438 0.015625 0.015625
0 0.889062 0.400000 0.015625 0.015625
0 0.870313 0.365625 0.015625 0.015625
0 0.907813 0.368750 0.015625 0.015625
0 0.946875 0.371875 0.015625 0.015625
0 0.982812 0.368750 0.015625 0.015625
0 0.931250 0.396875 0.015625 0.015625
0 0.965625 0.401562 0.015625 0.015625
0 0.982812 0.437500 0.015625 0.015625
0 0.945312 0.434375 0.015625 0.015625
0 0.907813 0.429688 0.015625 0.015625
0 0.871875 0.432812 0.015625 0.015625
0 0.834375 0.429688 0.015625 0.015625
0 0.793750 0.431250 0.015625 0.015625
0 0.754687 0.429688 0.015625 0.015625
0 0.721875 0.429688 0.015625 0.015625
0 0.771875 0.460938 0.015625 0.015625
0 0.817187 0.464062 0.015625 0.015625
0 0.853125 0.464062 0.015625 0.015625
0 0.889062 0.464062 0.015625 0.015625
0 0.751563 0.495312 0.015625 0.015625
0 0.793750 0.495312 0.015625 0.015625
0 0.829688 0.495312 0.015625 0.015625
0 0.865625 0.496875 0.015625 0.015625
0 0.896875 0.496875 0.015625 0.015625
0 0.943750 0.500000 0.015625 0.015625
0 0.982812 0.501563 0.015625 0.015625
0 0.731250 0.526563 0.015625 0.015625
0 0.781250 0.528125 0.015625 0.015625
0 0.812500 0.528125 0.015625 0.015625
0 0.842187 0.529687 0.015625 0.015625
0 0.881250 0.531250 0.015625 0.015625
0 0.926562 0.529687 0.015625 0.015625
0 0.954688 0.532813 0.015625 0.015625
0 0.757812 0.570312 0.015625 0.015625
0 0.792188 0.565625 0.015625 0.015625
0 0.831250 0.565625 0.015625 0.015625
0 0.865625 0.571875 0.015625 0.015625
0 0.903125 0.570312 0.015625 0.015625
0 0.940625 0.573438 0.015625 0.015625
0 0.979688 0.571875 0.015625 0.015625
0 0.789062 0.626563 0.015625 0.015625
0 0.812500 0.598437 0.015625 0.015625
0 0.850000 0.595313 0.015625 0.015625
0 0.885938 0.598437 0.015625 0.015625
0 0.920312 0.598437 0.015625 0.015625
0 0.957812 0.598437 0.015625 0.015625
0 0.868750 0.631250 0.015625 0.015625
0 0.903125 0.631250 0.015625 0.015625
0 0.943750 0.632812 0.015625 0.015625
0 0.979688 0.634375 0.015625 0.015625
0 0.848437 0.664062 0.015625 0.015625
0 0.809375 0.660937 0.015625 0.015625
0 0.831250 0.692187 0.015625 0.015625
0 0.884375 0.662500 0.015625 0.015625
0 0.862500 0.698438 0.015625 0.015625
0 0.904687 0.695312 0.015625 0.015625
0 0.928125 0.662500 0.015625 0.015625
0 0.962500 0.660937 0.015625 0.015625
0 0.982812 0.690625 0.015625 0.015625
0 0.995313 0.664062 0.015625 0.015625
0 0.842187 0.728125 0.015625 0.015625
0 0.862500 0.757812 0.015625 0.015625
0 0.884375 0.729688 0.015625 0.015625
0 0.900000 0.762500 0.015625 0.015625
0 0.920312 0.729688 0.015625 0.015625
0 0.937500 0.762500 0.015625 0.015625
0 0.956250 0.732812 0.015625 0.015625
0 0.976562 0.762500 0.015625 0.015625
0 0.998437 0.731250 0.015625 0.015625
0 0.878125 0.793750 0.015625 0.015625
0 0.900000 0.828125 0.015625 0.015625
0 0.923438 0.793750 0.015625 0.015625
0 0.935937 0.825000 0.015625 0.015625
0 0.959375 0.795312 0.015625 0.015625
0 0.979688 0.828125 0.015625 0.015625
0 0.993750 0.796875 0.015625 0.015625
0 0.925000 0.860938 0.015625 0.015625
0 0.939063 0.890625 0.015625 0.015625
0 0.959375 0.860938 0.015625 0.015625
0 0.971875 0.892188 0.015625 0.015625
0 0.995313 0.860938 0.015625 0.015625
0 0.965625 0.926562 0.015625 0.015625
0 0.981250 0.957812 0.015625 0.015625
0 0.992188 0.929688 0.015625 0.015625
0 0.079687 0.025000 0.015625 0.015625
0 0.382812 0.096875 0.015625 0.015625
0 0.250000 0.060937 0.015625 0.015625
0 0.307812 0.029687 0.015625 0.015625
0 0.270313 0.029687 0.015625 0.015625
0 0.323437 0.131250 0.015625 0.015625
0 0.290625 0.060937 0.015625 0.015625
0 0.234375 0.029687 0.015625 0.015625
0 0.328125 0.060937 0.015625 0.015625
0 0.193750 0.028125 0.015625 0.015625
0 0.343750 0.093750 0.015625 0.015625
0 0.176563 0.057813 0.015625 0.015625
0 0.345313 0.029687 0.015625 0.015625
0 0.042188 0.021875 0.015625 0.015625
0 0.528125 0.428125 0.015625 0.015625
0 0.179688 0.879687 0.015625 0.015625
0 0.329688 0.881250 0.015625 0.015625
0 0.443750 0.818750 0.015625 0.015625
0 0.528125 0.493750 0.015625 0.015625
0 0.389062 0.718750 0.015625 0.015625
0 0.292187 0.881250 0.015625 0.015625
0 0.406250 0.882812 0.015625 0.015625
0 0.103125 0.879687 0.015625 0.015625
0 0.517188 0.884375 0.015625 0.015625
0 0.579688 0.854688 0.015625 0.015625
0 0.512500 0.395313 0.015625 0.015625
0 0.353125 0.717187 0.015625 0.015625
0 0.273438 0.846875 0.015625 0.015625
0 0.481250 0.884375 0.015625 0.015625
0 0.481250 0.820312 0.015625 0.015625
0 0.443750 0.884375 0.015625 0.015625
0 0.350000 0.784375 0.015625 0.015625
0 0.065625 0.878125 0.015625 0.015625
0 0.428125 0.720313 0.015625 0.015625
0 0.300000 0.618750 0.015625 0.015625
0 0.201563 0.781250 0.015625 0.015625
0 0.143750 0.879687 0.015625 0.015625
0 0.565625 0.623437 0.015625 0.015625
0 0.087500 0.845313 0.015625 0.015625
0 0.389062 0.784375 0.015625 0.015625
0 0.487500 0.556250 0.015625 0.015625
0 0.331250 0.817187 0.015625 0.015625
0 0.312500 0.784375 0.015625 0.015625
0 0.564063 0.756250 0.015625 0.015625
0 0.603125 0.495312 0.015625 0.015625
0 0.254688 0.879687 0.015625 0.015625
0 0.428125 0.784375 0.015625 0.015625
0 0.567187 0.493750 0.015625 0.015625
0 0.029687 0.743750 0.015625 0.015625
0 0.525000 0.754687 0.015625 0.015625
0 0.631250 0.821875 0.015625 0.015625
0 0.464062 0.720313 0.015625 0.015625
0 0.350000 0.846875 0.015625 0.015625
0 0.556250 0.885938 0.015625 0.015625
0 0.462500 0.918750 0.015625 0.015625
0 0.537500 0.920312 0.015625 0.015625
0 0.557813 0.820312 0.015625 0.015625
0 0.387500 0.848437 0.015625 0.015625
0 0.464062 0.785937 0.015625 0.015625
0 0.250000 0.192188 0.015625 0.015625
0 0.615625 0.854688 0.015625 0.015625
0 0.048438 0.846875 0.015625 0.015625
0 0.217188 0.879687 0.015625 0.015625
0 0.518750 0.820312 0.015625 0.015625
0 0.487500 0.621875 0.015625 0.015625
0 0.528125 0.365625 0.015625 0.015625
0 0.367188 0.881250 0.015625 0.015625
0 0.581250 0.720313 0.015625 0.015625
0 0.598437 0.820312 0.015625 0.015625
0 0.312500 0.848437 0.015625 0.015625
0 0.540625 0.854688 0.015625 0.015625
0 0.426563 0.851562 0.015625 0.015625
0 0.015625 0.845313 0.015625 0.015625
0 0.464062 0.851562 0.015625 0.015625
0 0.367188 0.817187 0.015625 0.015625
0 0.067187 0.617188 0.015625 0.015625
0 0.415625 0.492188 0.015625 0.015625
0 0.314063 0.718750 0.015625 0.015625
0 0.406250 0.818750 0.015625 0.015625
0 0.492188 0.492188 0.015625 0.015625
0 0.050000 0.648438 0.015625 0.015625
0 0.275000 0.784375 0.015625 0.015625
0 0.143750 0.814063 0.015625 0.015625
0 0.542188 0.720313 0.015625 0.015625
0 0.475000 0.326562 0.015625 0.015625
0 0.287500 0.392188 0.015625 0.015625
0 0.087500 0.779687 0.015625 0.015625
0 0.546875 0.331250 0.015625 0.015625
0 0.542188 0.656250 0.015625 0.015625
0 0.292187 0.815625 0.015625 0.015625
0 0.278125 0.653125 0.015625 0.015625
0 0.385937 0.914062 0.015625 0.015625
0 0.010937 0.709375 0.015625 0.015625
0 0.342187 0.292187 0.015625 0.015625
0 0.451562 0.621875 0.015625 0.015625
0 0.492188 0.428125 0.015625 0.015625
0 0.142187 0.682813 0.015625 0.015625
0 0.260937 0.620313 0.015625 0.015625
0 0.289062 0.193750 0.015625 0.015625
0 0.295312 0.684375 0.015625 0.015625
0 0.370312 0.751563 0.015625 0.015625
0 0.315625 0.653125 0.015625 0.015625
0 0.500000 0.918750 0.015625 0.015625
0 0.189062 0.285938 0.015625 0.015625
0 0.454688 0.364063 0.015625 0.015625
0 0.540625 0.789062 0.015625 0.015625
0 0.200000 0.846875 0.015625 0.015625
0 0.029687 0.679688 0.015625 0.015625
0 0.218750 0.748437 0.015625 0.015625
0 0.337500 0.620313 0.015625 0.015625
0 0.145313 0.618750 0.015625 0.015625
0 0.217188 0.815625 0.015625 0.015625
0 0.526563 0.621875 0.015625 0.015625
0 0.342187 0.359375 0.015625 0.015625
0 0.501563 0.785937 0.015625 0.015625
0 0.406250 0.689063 0.015625 0.015625
0 0.464062 0.654687 0.015625 0.015625
0 0.029687 0.876563 0.015625 0.015625
0 0.164062 0.190625 0.015625 0.015625
0 0.000000 0.353125 0.015625 0.015625
0 0.506250 0.590625 0.015625 0.015625
0 0.200000 0.648438 0.015625 0.015625
0 0.285938 0.320312 0.015625 0.015625
0 0.125000 0.846875 0.015625 0.015625
0 0.237500 0.846875 0.015625 0.015625
0 0.423438 0.917188 0.015625 0.015625
0 0.032813 0.426563 0.015625 0.015625
0 0.029687 0.617188 0.015625 0.015625
0 0.504687 0.657813 0.015625 0.015625
0 0.053125 0.710938 0.015625 0.015625
0 0.453125 0.490625 0.015625 0.015625
0 0.332813 0.751563 0.015625 0.015625
0 0.407813 0.750000 0.015625 0.015625
0 0.010937 0.778125 0.015625 0.015625
0 0.076563 0.215625 0.015625 0.015625
0 0.220312 0.617188 0.015625 0.015625
0 0.209375 0.192188 0.015625 0.015625
0 0.510938 0.264062 0.015625 0.015625
0 0.165625 0.648438 0.015625 0.015625
0 0.479687 0.690625 0.015625 0.015625
0 0.600000 0.756250 0.015625 0.015625
0 0.582812 0.657813 0.015625 0.015625
0 0.603125 0.626563 0.015625 0.015625
0 0.482812 0.753125 0.015625 0.015625
0 0.048438 0.778125 0.015625 0.015625
0 0.164062 0.582812 0.015625 0.015625
0 0.468750 0.590625 0.015625 0.015625
0 0.254688 0.817187 0.015625 0.015625
0 0.260937 0.746875 0.015625 0.015625
0 0.257812 0.684375 0.015625 0.015625
0 0.621875 0.721875 0.015625 0.015625
0 0.448437 0.751563 0.015625 0.015625
0 0.323437 0.392188 0.015625 0.015625
0 0.598437 0.885938 0.015625 0.015625
0 0.012500 0.645312 0.015625 0.015625
0 0.182812 0.617188 0.015625 0.015625
0 0.492188 0.364063 0.015625 0.015625
0 0.523438 0.690625 0.015625 0.015625
0 0.501563 0.853125 0.015625 0.015625
0 0.089063 0.357812 0.015625 0.015625
0 0.218750 0.682813 0.015625 0.015625
0 0.125000 0.781250 0.015625 0.015625
0 0.103125 0.746875 0.015625 0.015625
0 0.337500 0.556250 0.015625 0.015625
0 0.714063 0.889062 0.015625 0.015625
0 0.676562 0.692187 0.015625 0.015625
0 0.692187 0.793750 0.015625 0.015625
0 0.676562 0.757812 0.015625 0.015625
0 0.675000 0.885938 0.015625 0.015625
0 0.729688 0.792188 0.015625 0.015625
0 0.750000 0.889062 0.015625 0.015625
0 0.825000 0.890625 0.015625 0.015625
0 0.714063 0.759375 0.015625 0.015625
0 0.753125 0.759375 0.015625 0.015625
0 0.750000 0.823438 0.015625 0.015625
0 0.390625 0.654687 0.015625 0.015625
0 0.692187 0.856250 0.015625 0.015625
0 0.787500 0.890625 0.015625 0.015625
0 0.678125 0.629687 0.015625 0.015625
0 0.642188 0.495312 0.015625 0.015625
0 0.789062 0.759375 0.015625 0.015625
0 0.656250 0.595313 0.015625 0.015625
0 0.712500 0.821875 0.015625 0.015625
0 0.101562 0.945312 0.015625 0.015625
0 0.554688 0.951562 0.015625 0.015625
0 0.517188 0.951562 0.015625 0.015625
0 0.006250 0.971875 0.015625 0.015625
0 0.575000 0.982812 0.015625 0.015625
0 0.385937 0.978125 0.015625 0.015625
0 0.253125 0.946875 0.015625 0.015625
0 0.593750 0.953125 0.015625 0.015625
0 0.403125 0.946875 0.015625 0.015625
0 0.367188 0.946875 0.015625 0.015625
0 0.653125 0.985938 0.015625 0.015625
0 0.915625 0.992188 0.015625 0.015625
0 0.692187 0.921875 0.015625 0.015625
0 0.614062 0.982812 0.015625 0.015625
0 0.728125 0.923438 0.015625 0.015625
0 0.693750 0.726562 0.015625 0.015625
0 0.839063 0.990625 0.015625 0.015625
0 0.121875 0.026562 0.015625 0.015625
0 0.153125 0.031250 0.015625 0.015625
