0 0.007812 0.048438 0.015625 0.015625
0 0.082812 0.051562 0.015625 0.015625
0 0.156250 0.050000 0.015625 0.015625
0 0.225000 0.050000 0.015625 0.015625
0 0.310937 0.053125 0.015625 0.015625
0 0.373437 0.053125 0.015625 0.015625
0 0.460938 0.053125 0.015625 0.015625
0 0.540625 0.053125 0.015625 0.015625
0 0.609375 0.054688 0.015625 0.015625
0 0.692187 0.059375 0.015625 0.015625
0 0.765625 0.059375 0.015625 0.015625
0 0.845313 0.060937 0.015625 0.015625
0 0.007812 0.178125 0.015625 0.015625
0 0.154688 0.185938 0.015625 0.015625
0 0.229687 0.181250 0.015625 0.015625
0 0.307812 0.182812 0.015625 0.015625
0 0.395313 0.182812 0.015625 0.015625
0 0.457813 0.187500 0.015625 0.015625
0 0.543750 0.190625 0.015625 0.015625
0 0.610938 0.190625 0.015625 0.015625
0 0.692187 0.192188 0.015625 0.015625
0 0.768750 0.195312 0.015625 0.015625
0 0.848437 0.193750 0.015625 0.015625
0 0.037500 0.243750 0.015625 0.015625
0 0.115625 0.245312 0.015625 0.015625
0 0.204687 0.245312 0.015625 0.015625
0 0.268750 0.246875 0.015625 0.015625
0 0.346875 0.246875 0.015625 0.015625
0 0.418750 0.251563 0.015625 0.015625
0 0.495312 0.251563 0.015625 0.015625
0 0.564063 0.253125 0.015625 0.015625
0 0.639062 0.253125 0.015625 0.015625
0 0.723437 0.254688 0.015625 0.015625
0 0.809375 0.260937 0.015625 0.015625
0 0.875000 0.259375 0.015625 0.015625
0 0.020313 0.314063 0.015625 0.015625
0 0.082812 0.312500 0.015625 0.015625
0 0.154688 0.312500 0.015625 0.015625
0 0.234375 0.315625 0.015625 0.015625
0 0.300000 0.320312 0.015625 0.015625
0 0.376563 0.320312 0.015625 0.015625
0 0.456250 0.321875 0.015625 0.015625
0 0.532813 0.321875 0.015625 0.015625
0 0.601562 0.321875 0.015625 0.015625
0 0.690625 0.323437 0.015625 0.015625
0 0.767188 0.325000 0.015625 0.015625
0 0.842187 0.329688 0.015625 0.015625
0 0.907813 0.339062 0.015625 0.015625
0 0.068750 0.445312 0.015625 0.015625
0 0.140625 0.442188 0.015625 0.015625
0 0.229687 0.446875 0.015625 0.015625
0 0.292187 0.446875 0.015625 0.015625
0 0.381250 0.453125 0.015625 0.015625
0 0.454688 0.451562 0.015625 0.015625
0 0.617188 0.457813 0.015625 0.015625
0 0.001563 0.571875 0.015625 0.015625
0 0.073438 0.573438 0.015625 0.015625
0 0.159375 0.576562 0.015625 0.015625
0 0.237500 0.576562 0.015625 0.015625
0 0.298438 0.576562 0.015625 0.015625
0 0.370312 0.578125 0.015625 0.015625
0 0.450000 0.579688 0.015625 0.015625
0 0.525000 0.585938 0.015625 0.015625
0 0.612500 0.584375 0.015625 0.015625
0 0.676562 0.584375 0.015625 0.015625
0 0.767188 0.585938 0.015625 0.015625
0 0.492188 0.512500 0.015625 0.015625
0 0.564063 0.515625 0.015625 0.015625
0 0.420312 0.512500 0.015625 0.015625
0 0.053125 0.375000 0.015625 0.015625
0 0.117188 0.375000 0.015625 0.015625
0 0.190625 0.375000 0.015625 0.015625
0 0.268750 0.376563 0.015625 0.015625
0 0.342187 0.379688 0.015625 0.015625
0 0.421875 0.382812 0.015625 0.015625
0 0.506250 0.381250 0.015625 0.015625
0 0.571875 0.382812 0.015625 0.015625
0 0.651563 0.384375 0.015625 0.015625
0 0.718750 0.387500 0.015625 0.015625
0 0.645312 0.523438 0.015625 0.015625
0 0.726562 0.520312 0.015625 0.015625
0 0.835938 0.587500 0.015625 0.015625
0 0.907813 0.589063 0.015625 0.015625
0 0.992188 0.590625 0.015625 0.015625
0 0.882812 0.531250 0.015625 0.015625
0 0.081250 0.701562 0.015625 0.015625
0 0.306250 0.709375 0.015625 0.015625
0 0.220312 0.706250 0.015625 0.015625
0 0.440625 0.707812 0.015625 0.015625
0 0.529687 0.717187 0.015625 0.015625
0 0.375000 0.710938 0.015625 0.015625
0 0.682813 0.714063 0.015625 0.015625
0 0.756250 0.718750 0.015625 0.015625
0 0.829688 0.718750 0.015625 0.015625
0 0.912500 0.714063 0.015625 0.015625
0 0.873437 0.653125 0.015625 0.015625
0 0.800000 0.650000 0.015625 0.015625
0 0.718750 0.651563 0.015625 0.015625
0 0.951562 0.653125 0.015625 0.015625
0 0.987500 0.717187 0.015625 0.015625
0 0.062500 0.968750 0.015625 0.015625
0 0.135937 0.971875 0.015625 0.015625
0 0.093750 0.896875 0.015625 0.015625
0 0.028125 0.893750 0.015625 0.015625
0 0.225000 0.971875 0.015625 0.015625
0 0.182812 0.898438 0.015625 0.015625
0 0.296875 0.970313 0.015625 0.015625
0 0.370312 0.975000 0.015625 0.015625
0 0.446875 0.973437 0.015625 0.015625
0 0.521875 0.976562 0.015625 0.015625
0 0.593750 0.976562 0.015625 0.015625
0 0.668750 0.981250 0.015625 0.015625
0 0.742188 0.981250 0.015625 0.015625
0 0.785937 0.914062 0.015625 0.015625
0 0.828125 0.975000 0.015625 0.015625
0 0.859375 0.910937 0.015625 0.015625
0 0.896875 0.971875 0.015625 0.015625
0 0.934375 0.914062 0.015625 0.015625
0 0.976562 0.979688 0.015625 0.015625
0 0.337500 0.910937 0.015625 0.015625
0 0.410938 0.912500 0.015625 0.015625
0 0.479687 0.910937 0.015625 0.015625
0 0.559375 0.912500 0.015625 0.015625
0 0.635938 0.910937 0.015625 0.015625
0 0.709375 0.910937 0.015625 0.015625
0 0.064062 0.835938 0.015625 0.015625
0 0.231250 0.842187 0.015625 0.015625
0 0.293750 0.842187 0.015625 0.015625
0 0.371875 0.845313 0.015625 0.015625
0 0.448437 0.846875 0.015625 0.015625
0 0.523438 0.848437 0.015625 0.015625
0 0.596875 0.848437 0.015625 0.015625
0 0.757812 0.850000 0.015625 0.015625
0 0.828125 0.853125 0.015625 0.015625
0 0.893750 0.854688 0.015625 0.015625
0 0.979688 0.856250 0.015625 0.015625
0 0.035937 0.770312 0.015625 0.015625
0 0.107813 0.771875 0.015625 0.015625
0 0.187500 0.771875 0.015625 0.015625
0 0.262500 0.776563 0.015625 0.015625
0 0.329688 0.776563 0.015625 0.015625
0 0.420312 0.778125 0.015625 0.015625
0 0.501563 0.776563 0.015625 0.015625
0 0.646875 0.781250 0.015625 0.015625
0 0.712500 0.782813 0.015625 0.015625
0 0.867188 0.787500 0.015625 0.015625
0 0.942187 0.790625 0.015625 0.015625
0 0.887500 0.001563 0.015625 0.015625
0 0.918750 0.057813 0.015625 0.015625
0 0.959375 0.009375 0.015625 0.015625
0 0.989062 0.064062 0.015625 0.015625
0 0.984375 0.196875 0.015625 0.015625
0 0.950000 0.118750 0.015625 0.015625
0 0.042188 0.112500 0.015625 0.015625
0 0.732812 0.001563 0.015625 0.015625
0 0.807813 0.003125 0.015625 0.015625
0 0.114062 0.112500 0.015625 0.015625
0 0.196875 0.115625 0.015625 0.015625
0 0.275000 0.114062 0.015625 0.015625
0 0.345313 0.118750 0.015625 0.015625
0 0.428125 0.121875 0.015625 0.015625
0 0.500000 0.125000 0.015625 0.015625
0 0.587500 0.125000 0.015625 0.015625
0 0.640625 0.126562 0.015625 0.015625
0 0.735938 0.126562 0.015625 0.015625
0 0.807813 0.129688 0.015625 0.015625
0 0.921875 0.195312 0.015625 0.015625
0 0.957812 0.260937 0.015625 0.015625
0 0.996875 0.329688 0.015625 0.015625
0 0.957812 0.393750 0.015625 0.015625
0 0.993750 0.460938 0.015625 0.015625
0 0.914062 0.451562 0.015625 0.015625
0 0.835938 0.456250 0.015625 0.015625
0 0.800000 0.387500 0.015625 0.015625
0 0.878125 0.393750 0.015625 0.015625
0 0.757812 0.454688 0.015625 0.015625
0 0.679688 0.451562 0.015625 0.015625
0 0.532813 0.453125 0.015625 0.015625
0 0.796875 0.520312 0.015625 0.015625
0 0.040625 0.506250 0.015625 0.015625
0 0.114062 0.506250 0.015625 0.015625
0 0.195312 0.509375 0.015625 0.015625
0 0.265625 0.507812 0.015625 0.015625
0 0.340625 0.512500 0.015625 0.015625
0 0.006250 0.693750 0.015625 0.015625
0 0.039062 0.637500 0.015625 0.015625
0 0.120313 0.639062 0.015625 0.015625
0 0.153125 0.698438 0.015625 0.015625
0 0.198437 0.640625 0.015625 0.015625
0 0.265625 0.640625 0.015625 0.015625
0 0.346875 0.637500 0.015625 0.015625
0 0.432812 0.646875 0.015625 0.015625
0 0.490625 0.650000 0.015625 0.015625
0 0.576562 0.651563 0.015625 0.015625
0 0.648438 0.660937 0.015625 0.015625
0 0.610938 0.714063 0.015625 0.015625
0 0.681250 0.853125 0.015625 0.015625
0 0.590625 0.775000 0.015625 0.015625
0 0.134375 0.840625 0.015625 0.015625
