0 0.067187 0.451562 0.015625 0.015625
0 0.134375 0.712500 0.015625 0.015625
0 0.134375 0.839063 0.015625 0.015625
0 0.292187 0.712500 0.015625 0.015625
0 0.212500 0.714063 0.015625 0.015625
0 0.248438 0.775000 0.015625 0.015625
0 0.021875 0.514062 0.015625 0.015625
0 0.095312 0.775000 0.015625 0.015625
0 0.207813 0.842187 0.015625 0.015625
0 0.062500 0.587500 0.015625 0.015625
0 0.253125 0.646875 0.015625 0.015625
0 0.171875 0.776563 0.015625 0.015625
0 0.139063 0.450000 0.015625 0.015625
0 0.326562 0.778125 0.015625 0.015625
0 0.284375 0.843750 0.015625 0.015625
0 0.818750 0.718750 0.015625 0.015625
0 0.745313 0.718750 0.015625 0.015625
0 0.590625 0.715625 0.015625 0.015625
0 0.710938 0.651563 0.015625 0.015625
0 0.439063 0.714063 0.015625 0.015625
0 0.857812 0.789062 0.015625 0.015625
0 0.701562 0.787500 0.015625 0.015625
0 0.642188 0.001563 0.015625 0.015625
0 0.975000 0.329688 0.015625 0.015625
0 0.718750 0.001563 0.015625 0.015625
0 0.514062 0.712500 0.015625 0.015625
0 0.476562 0.648438 0.015625 0.015625
0 0.829688 0.196875 0.015625 0.015625
0 0.665625 0.715625 0.015625 0.015625
0 0.626563 0.784375 0.015625 0.015625
0 0.514062 0.845313 0.015625 0.015625
0 0.473438 0.778125 0.015625 0.015625
0 0.909375 0.328125 0.015625 0.015625
0 0.987500 0.065625 0.015625 0.015625
0 0.896875 0.718750 0.015625 0.015625
0 0.867188 0.129688 0.015625 0.015625
0 0.334375 0.645312 0.015625 0.015625
0 0.551562 0.648438 0.015625 0.015625
0 0.365625 0.712500 0.015625 0.015625
0 0.439063 0.846875 0.015625 0.015625
0 0.785937 0.785937 0.015625 0.015625
0 0.784375 0.653125 0.015625 0.015625
0 0.787500 0.132812 0.015625 0.015625
0 0.664062 0.848437 0.015625 0.015625
0 0.401562 0.778125 0.015625 0.015625
0 0.550000 0.782813 0.015625 0.015625
0 0.585938 0.848437 0.015625 0.015625
0 0.943750 0.267188 0.015625 0.015625
0 0.829688 0.067187 0.015625 0.015625
0 0.867188 0.390625 0.015625 0.015625
0 0.404687 0.517188 0.015625 0.015625
0 0.171875 0.648438 0.015625 0.015625
0 0.018750 0.765625 0.015625 0.015625
0 0.935937 0.387500 0.015625 0.015625
0 0.362500 0.843750 0.015625 0.015625
0 0.021875 0.900000 0.015625 0.015625
0 0.320312 0.904687 0.015625 0.015625
0 0.167187 0.904687 0.015625 0.015625
0 0.934375 0.921875 0.015625 0.015625
0 0.896875 0.853125 0.015625 0.015625
0 0.820312 0.853125 0.015625 0.015625
0 0.698438 0.918750 0.015625 0.015625
0 0.859375 0.920312 0.015625 0.015625
0 0.779687 0.918750 0.015625 0.015625
0 0.435937 0.975000 0.015625 0.015625
0 0.543750 0.914062 0.015625 0.015625
0 0.396875 0.910937 0.015625 0.015625
0 0.471875 0.910937 0.015625 0.015625
0 0.359375 0.976562 0.015625 0.015625
0 0.743750 0.850000 0.015625 0.015625
0 0.810937 0.985938 0.015625 0.015625
0 0.890625 0.985938 0.015625 0.015625
0 0.060937 0.835938 0.015625 0.015625
0 0.620313 0.918750 0.015625 0.015625
0 0.207813 0.973437 0.015625 0.015625
0 0.279687 0.584375 0.015625 0.015625
0 0.362500 0.582812 0.015625 0.015625
0 0.398438 0.648438 0.015625 0.015625
0 0.446875 0.582812 0.015625 0.015625
0 0.484375 0.517188 0.015625 0.015625
0 0.609375 0.585938 0.015625 0.015625
0 0.678125 0.587500 0.015625 0.015625
0 0.735938 0.587500 0.015625 0.015625
0 0.626563 0.651563 0.015625 0.015625
0 0.712500 0.392188 0.015625 0.015625
0 0.703125 0.443750 0.015625 0.015625
0 0.620313 0.389062 0.015625 0.015625
0 0.559375 0.390625 0.015625 0.015625
0 0.531250 0.326562 0.015625 0.015625
0 0.587500 0.326562 0.015625 0.015625
0 0.681250 0.326562 0.015625 0.015625
0 0.445312 0.321875 0.015625 0.015625
0 0.360938 0.320312 0.015625 0.015625
0 0.496875 0.378125 0.015625 0.015625
0 0.298438 0.320312 0.015625 0.015625
0 0.560937 0.253125 0.015625 0.015625
0 0.489063 0.250000 0.015625 0.015625
0 0.409375 0.248438 0.015625 0.015625
0 0.325000 0.253125 0.015625 0.015625
0 0.265625 0.251563 0.015625 0.015625
0 0.160938 0.267188 0.015625 0.015625
0 0.082812 0.268750 0.015625 0.015625
0 0.028125 0.273438 0.015625 0.015625
0 0.532813 0.193750 0.015625 0.015625
0 0.460938 0.192188 0.015625 0.015625
0 0.381250 0.192188 0.015625 0.015625
0 0.295312 0.185938 0.015625 0.015625
0 0.218750 0.193750 0.015625 0.015625
0 0.135937 0.181250 0.015625 0.015625
0 0.073438 0.185938 0.015625 0.015625
0 0.012500 0.185938 0.015625 0.015625
0 0.600000 0.193750 0.015625 0.015625
0 0.637500 0.254688 0.015625 0.015625
0 0.562500 0.120313 0.015625 0.015625
0 0.492188 0.128125 0.015625 0.015625
0 0.451562 0.064062 0.015625 0.015625
0 0.528125 0.059375 0.015625 0.015625
0 0.414062 0.118750 0.015625 0.015625
0 0.371875 0.057813 0.015625 0.015625
0 0.326562 0.126562 0.015625 0.015625
0 0.300000 0.060937 0.015625 0.015625
0 0.257812 0.118750 0.015625 0.015625
0 0.226562 0.059375 0.015625 0.015625
0 0.135937 0.059375 0.015625 0.015625
0 0.175000 0.126562 0.015625 0.015625
0 0.110937 0.121875 0.015625 0.015625
0 0.075000 0.056250 0.015625 0.015625
0 0.029687 0.118750 0.015625 0.015625
0 0.248438 0.909375 0.015625 0.015625
0 0.082812 0.909375 0.015625 0.015625
0 0.507812 0.984375 0.015625 0.015625
0 0.589063 0.982812 0.015625 0.015625
0 0.662500 0.987500 0.015625 0.015625
0 0.746875 0.990625 0.015625 0.015625
0 0.973437 0.982812 0.015625 0.015625
0 0.931250 0.778125 0.015625 0.015625
0 0.859375 0.653125 0.015625 0.015625
0 0.825000 0.596875 0.015625 0.015625
0 0.971875 0.857812 0.015625 0.015625
0 0.932813 0.135937 0.015625 0.015625
0 0.985938 0.198437 0.015625 0.015625
0 0.950000 0.003125 0.015625 0.015625
0 0.051562 0.975000 0.015625 0.015625
0 0.110937 0.981250 0.015625 0.015625
0 0.757812 0.073438 0.015625 0.015625
0 0.746875 0.189062 0.015625 0.015625
0 0.781250 0.265625 0.015625 0.015625
0 0.668750 0.182812 0.015625 0.015625
0 0.631250 0.120313 0.015625 0.015625
0 0.590625 0.057813 0.015625 0.015625
0 0.570312 0.007812 0.015625 0.015625
0 0.223438 0.568750 0.015625 0.015625
0 0.278125 0.976562 0.015625 0.015625
