0 0.082812 0.012500 0.015625 0.015625
0 0.157812 0.012500 0.015625 0.015625
0 0.382812 0.014063 0.015625 0.015625
0 0.459375 0.015625 0.015625 0.015625
0 0.609375 0.018750 0.015625 0.015625
0 0.532813 0.020313 0.015625 0.015625
0 0.685937 0.021875 0.015625 0.015625
0 0.759375 0.023438 0.015625 0.015625
0 0.909375 0.026562 0.015625 0.015625
0 0.984375 0.026562 0.015625 0.015625
0 0.834375 0.026562 0.015625 0.015625
0 0.115625 0.084375 0.015625 0.015625
0 0.429688 0.084375 0.015625 0.015625
0 0.532813 0.146875 0.015625 0.015625
0 0.609375 0.148438 0.015625 0.015625
0 0.682813 0.148438 0.015625 0.015625
0 0.459375 0.150000 0.015625 0.015625
0 0.756250 0.150000 0.015625 0.015625
0 0.829688 0.150000 0.015625 0.015625
0 0.904687 0.153125 0.015625 0.015625
0 0.981250 0.157812 0.015625 0.015625
0 0.417187 0.210938 0.015625 0.015625
0 0.570312 0.210938 0.015625 0.015625
0 0.493750 0.212500 0.015625 0.015625
0 0.642188 0.214062 0.015625 0.015625
0 0.718750 0.214062 0.015625 0.015625
0 0.792188 0.214062 0.015625 0.015625
0 0.867188 0.218750 0.015625 0.015625
0 0.940625 0.220312 0.015625 0.015625
0 0.006250 0.265625 0.015625 0.015625
0 0.306250 0.273438 0.015625 0.015625
0 0.381250 0.276562 0.015625 0.015625
0 0.606250 0.279687 0.015625 0.015625
0 0.456250 0.279687 0.015625 0.015625
0 0.532813 0.279687 0.015625 0.015625
0 0.679688 0.281250 0.015625 0.015625
0 0.754687 0.281250 0.015625 0.015625
0 0.982812 0.284375 0.015625 0.015625
0 0.831250 0.284375 0.015625 0.015625
0 0.904687 0.285938 0.015625 0.015625
0 0.040625 0.337500 0.015625 0.015625
0 0.260937 0.342187 0.015625 0.015625
0 0.718750 0.343750 0.015625 0.015625
0 0.640625 0.345313 0.015625 0.015625
0 0.490625 0.346875 0.015625 0.015625
0 0.564063 0.346875 0.015625 0.015625
0 0.079687 0.400000 0.015625 0.015625
0 0.006250 0.404687 0.015625 0.015625
0 0.679688 0.407813 0.015625 0.015625
0 0.826562 0.410938 0.015625 0.015625
0 0.037500 0.464062 0.015625 0.015625
0 0.560937 0.473438 0.015625 0.015625
0 0.635938 0.473438 0.015625 0.015625
0 0.262500 0.475000 0.015625 0.015625
0 0.337500 0.475000 0.015625 0.015625
0 0.787500 0.478125 0.015625 0.015625
0 0.864062 0.479687 0.015625 0.015625
0 0.939063 0.481250 0.015625 0.015625
0 0.373437 0.532813 0.015625 0.015625
0 0.081250 0.534375 0.015625 0.015625
0 0.514062 0.534375 0.015625 0.015625
0 0.670312 0.543750 0.015625 0.015625
0 0.825000 0.545312 0.015625 0.015625
0 0.978125 0.553125 0.015625 0.015625
0 0.001563 0.009375 0.015625 0.015625
0 0.045312 0.081250 0.015625 0.015625
0 0.084375 0.146875 0.015625 0.015625
0 0.154688 0.270313 0.015625 0.015625
0 0.181250 0.210938 0.015625 0.015625
0 0.223438 0.268750 0.015625 0.015625
0 0.187500 0.342187 0.015625 0.015625
0 0.232813 0.400000 0.015625 0.015625
0 0.300000 0.404687 0.015625 0.015625
0 0.346875 0.343750 0.015625 0.015625
0 0.378125 0.409375 0.015625 0.015625
0 0.409375 0.470313 0.015625 0.015625
0 0.467187 0.414062 0.015625 0.015625
0 0.529687 0.412500 0.015625 0.015625
0 0.603125 0.417187 0.015625 0.015625
0 0.492188 0.476562 0.015625 0.015625
0 0.750000 0.414062 0.015625 0.015625
0 0.798438 0.353125 0.015625 0.015625
0 0.868750 0.354687 0.015625 0.015625
0 0.935937 0.354687 0.015625 0.015625
0 0.900000 0.418750 0.015625 0.015625
0 0.979688 0.415625 0.015625 0.015625
0 0.714063 0.476562 0.015625 0.015625
0 0.743750 0.543750 0.015625 0.015625
0 0.600000 0.540625 0.015625 0.015625
