0 0.320312 0.017188 0.015625 0.015625
0 0.390625 0.018750 0.015625 0.015625
0 0.471875 0.020313 0.015625 0.015625
0 0.534375 0.021875 0.015625 0.015625
0 0.607812 0.026562 0.015625 0.015625
0 0.760938 0.031250 0.015625 0.015625
0 0.684375 0.031250 0.015625 0.015625
0 0.842187 0.029687 0.015625 0.015625
0 0.921875 0.035937 0.015625 0.015625
0 0.996875 0.040625 0.015625 0.015625
0 0.351562 0.096875 0.015625 0.015625
0 0.368750 0.151562 0.015625 0.015625
0 0.437500 0.151562 0.015625 0.015625
0 0.548438 0.153125 0.015625 0.015625
0 0.685937 0.153125 0.015625 0.015625
0 0.767188 0.153125 0.015625 0.015625
0 0.829688 0.154688 0.015625 0.015625
0 0.909375 0.156250 0.015625 0.015625
0 0.996875 0.160938 0.015625 0.015625
0 0.346875 0.218750 0.015625 0.015625
0 0.432812 0.218750 0.015625 0.015625
0 0.495312 0.218750 0.015625 0.015625
0 0.568750 0.218750 0.015625 0.015625
0 0.648438 0.215625 0.015625 0.015625
0 0.800000 0.221875 0.015625 0.015625
0 0.876563 0.225000 0.015625 0.015625
0 0.954688 0.225000 0.015625 0.015625
0 0.381250 0.287500 0.015625 0.015625
0 0.457813 0.285938 0.015625 0.015625
0 0.542188 0.285938 0.015625 0.015625
0 0.614062 0.287500 0.015625 0.015625
0 0.681250 0.287500 0.015625 0.015625
0 0.765625 0.292187 0.015625 0.015625
0 0.840625 0.293750 0.015625 0.015625
0 0.917188 0.293750 0.015625 0.015625
0 0.981250 0.293750 0.015625 0.015625
0 0.495312 0.614062 0.015625 0.015625
0 0.456250 0.418750 0.015625 0.015625
0 0.532813 0.414062 0.015625 0.015625
0 0.607812 0.420312 0.015625 0.015625
0 0.676562 0.420312 0.015625 0.015625
0 0.829688 0.423438 0.015625 0.015625
0 0.532813 0.550000 0.015625 0.015625
0 0.603125 0.548438 0.015625 0.015625
0 0.685937 0.546875 0.015625 0.015625
0 0.837500 0.554688 0.015625 0.015625
0 0.915625 0.556250 0.015625 0.015625
0 0.985938 0.556250 0.015625 0.015625
0 0.806250 0.356250 0.015625 0.015625
0 0.879687 0.359375 0.015625 0.015625
0 0.948438 0.356250 0.015625 0.015625
0 0.520312 0.676562 0.015625 0.015625
0 0.606250 0.681250 0.015625 0.015625
0 0.684375 0.684375 0.015625 0.015625
0 0.565625 0.615625 0.015625 0.015625
0 0.642188 0.617188 0.015625 0.015625
0 0.720313 0.620313 0.015625 0.015625
0 0.796875 0.615625 0.015625 0.015625
0 0.831250 0.685937 0.015625 0.015625
0 0.870313 0.617188 0.015625 0.015625
0 0.451562 0.943750 0.015625 0.015625
0 0.600000 0.945312 0.015625 0.015625
0 0.642188 0.881250 0.015625 0.015625
0 0.685937 0.946875 0.015625 0.015625
0 0.756250 0.946875 0.015625 0.015625
0 0.790625 0.885938 0.015625 0.015625
0 0.823438 0.950000 0.015625 0.015625
0 0.912500 0.954688 0.015625 0.015625
0 0.984375 0.953125 0.015625 0.015625
0 0.948438 0.625000 0.015625 0.015625
0 0.906250 0.818750 0.015625 0.015625
0 0.989062 0.826562 0.015625 0.015625
0 0.487500 0.746875 0.015625 0.015625
0 0.721875 0.748437 0.015625 0.015625
0 0.792188 0.751563 0.015625 0.015625
0 0.864062 0.751563 0.015625 0.015625
0 0.948438 0.754687 0.015625 0.015625
0 0.578125 0.484375 0.015625 0.015625
0 0.650000 0.481250 0.015625 0.015625
0 0.721875 0.485938 0.015625 0.015625
0 0.796875 0.484375 0.015625 0.015625
0 0.770312 0.546875 0.015625 0.015625
0 0.875000 0.489063 0.015625 0.015625
0 0.954688 0.490625 0.015625 0.015625
0 0.979688 0.689063 0.015625 0.015625
0 0.906250 0.689063 0.015625 0.015625
0 0.946875 0.887500 0.015625 0.015625
0 0.871875 0.890625 0.015625 0.015625
0 0.554688 0.881250 0.015625 0.015625
0 0.710938 0.882812 0.015625 0.015625
0 0.487500 0.878125 0.015625 0.015625
0 0.545312 0.817187 0.015625 0.015625
0 0.606250 0.814063 0.015625 0.015625
0 0.685937 0.814063 0.015625 0.015625
0 0.748437 0.825000 0.015625 0.015625
