0 0.582812 0.006250 0.015625 0.015625
0 0.970313 0.009375 0.015625 0.015625
0 0.657813 0.009375 0.015625 0.015625
0 0.732812 0.010937 0.015625 0.015625
0 0.814063 0.012500 0.015625 0.015625
0 0.889062 0.014063 0.015625 0.015625
0 0.017188 0.057813 0.015625 0.015625
0 0.471875 0.060937 0.015625 0.015625
0 0.626563 0.073438 0.015625 0.015625
0 0.776563 0.081250 0.015625 0.015625
0 0.845313 0.084375 0.015625 0.015625
0 0.917188 0.085938 0.015625 0.015625
0 0.203125 0.131250 0.015625 0.015625
0 0.129688 0.132812 0.015625 0.015625
0 0.662500 0.139063 0.015625 0.015625
0 0.585938 0.140625 0.015625 0.015625
0 0.735938 0.143750 0.015625 0.015625
0 0.959375 0.148438 0.015625 0.015625
0 0.162500 0.198437 0.015625 0.015625
0 0.470313 0.203125 0.015625 0.015625
0 0.623437 0.204687 0.015625 0.015625
0 0.920312 0.206250 0.015625 0.015625
0 0.701562 0.207813 0.015625 0.015625
0 0.773438 0.209375 0.015625 0.015625
0 0.995313 0.212500 0.015625 0.015625
0 0.056250 0.257812 0.015625 0.015625
0 0.129688 0.259375 0.015625 0.015625
0 0.204687 0.260937 0.015625 0.015625
0 0.656250 0.268750 0.015625 0.015625
0 0.429688 0.268750 0.015625 0.015625
0 0.507812 0.268750 0.015625 0.015625
0 0.582812 0.271875 0.015625 0.015625
0 0.885938 0.273438 0.015625 0.015625
0 0.809375 0.275000 0.015625 0.015625
0 0.960938 0.275000 0.015625 0.015625
0 0.012500 0.320312 0.015625 0.015625
0 0.165625 0.321875 0.015625 0.015625
0 0.089063 0.325000 0.015625 0.015625
0 0.312500 0.331250 0.015625 0.015625
0 0.615625 0.337500 0.015625 0.015625
0 0.462500 0.340625 0.015625 0.015625
0 0.845313 0.345313 0.015625 0.015625
0 0.768750 0.346875 0.015625 0.015625
0 0.923438 0.348438 0.015625 0.015625
0 0.123438 0.393750 0.015625 0.015625
0 0.198437 0.395313 0.015625 0.015625
0 0.276562 0.396875 0.015625 0.015625
0 0.723437 0.406250 0.015625 0.015625
0 0.957812 0.410938 0.015625 0.015625
0 0.882812 0.412500 0.015625 0.015625
0 0.009375 0.457813 0.015625 0.015625
0 0.309375 0.460938 0.015625 0.015625
0 0.232813 0.462500 0.015625 0.015625
0 0.612500 0.462500 0.015625 0.015625
0 0.535937 0.465625 0.015625 0.015625
0 0.685937 0.468750 0.015625 0.015625
0 0.910937 0.475000 0.015625 0.015625
0 0.987500 0.476562 0.015625 0.015625
0 0.040625 0.518750 0.015625 0.015625
0 0.270313 0.525000 0.015625 0.015625
0 0.345313 0.528125 0.015625 0.015625
0 0.881250 0.537500 0.015625 0.015625
0 0.954688 0.539062 0.015625 0.015625
0 0.159375 0.581250 0.015625 0.015625
0 0.082812 0.582812 0.015625 0.015625
0 0.004687 0.584375 0.015625 0.015625
0 0.234375 0.585938 0.015625 0.015625
0 0.760938 0.592187 0.015625 0.015625
0 0.306250 0.593750 0.015625 0.015625
0 0.609375 0.595313 0.015625 0.015625
0 0.684375 0.595313 0.015625 0.015625
0 0.385937 0.595313 0.015625 0.015625
0 0.837500 0.596875 0.015625 0.015625
0 0.914062 0.600000 0.015625 0.015625
0 0.987500 0.604688 0.015625 0.015625
0 0.193750 0.648438 0.015625 0.015625
0 0.115625 0.650000 0.015625 0.015625
0 0.039062 0.651563 0.015625 0.015625
0 0.270313 0.651563 0.015625 0.015625
0 0.650000 0.660937 0.015625 0.015625
0 0.723437 0.660937 0.015625 0.015625
0 0.884375 0.662500 0.015625 0.015625
0 0.795312 0.665625 0.015625 0.015625
0 0.003125 0.714063 0.015625 0.015625
0 0.078125 0.717187 0.015625 0.015625
0 0.153125 0.718750 0.015625 0.015625
0 0.229687 0.720313 0.015625 0.015625
0 0.300000 0.721875 0.015625 0.015625
0 0.379688 0.721875 0.015625 0.015625
0 0.682813 0.729688 0.015625 0.015625
0 0.757812 0.731250 0.015625 0.015625
0 0.864062 0.743750 0.015625 0.015625
0 0.035937 0.781250 0.015625 0.015625
0 0.112500 0.784375 0.015625 0.015625
0 0.187500 0.785937 0.015625 0.015625
0 0.264062 0.789062 0.015625 0.015625
0 0.339062 0.789062 0.015625 0.015625
0 0.489063 0.789062 0.015625 0.015625
0 0.415625 0.790625 0.015625 0.015625
0 0.565625 0.793750 0.015625 0.015625
0 0.076563 0.848437 0.015625 0.015625
0 0.157812 0.848437 0.015625 0.015625
0 0.225000 0.854688 0.015625 0.015625
0 0.379688 0.854688 0.015625 0.015625
0 0.309375 0.854688 0.015625 0.015625
0 0.604688 0.857812 0.015625 0.015625
0 0.531250 0.859375 0.015625 0.015625
0 0.909375 0.860938 0.015625 0.015625
0 0.754687 0.865625 0.015625 0.015625
0 0.989062 0.870313 0.015625 0.015625
0 0.039062 0.912500 0.015625 0.015625
0 0.114062 0.914062 0.015625 0.015625
0 0.342187 0.915625 0.015625 0.015625
0 0.490625 0.917188 0.015625 0.015625
0 0.185938 0.917188 0.015625 0.015625
0 0.262500 0.920312 0.015625 0.015625
0 0.643750 0.921875 0.015625 0.015625
0 0.790625 0.928125 0.015625 0.015625
0 0.950000 0.934375 0.015625 0.015625
0 0.067187 0.978125 0.015625 0.015625
0 0.454688 0.979688 0.015625 0.015625
0 0.529687 0.985938 0.015625 0.015625
0 0.606250 0.985938 0.015625 0.015625
0 0.679688 0.987500 0.015625 0.015625
0 0.835938 0.992188 0.015625 0.015625
0 0.906250 0.992188 0.015625 0.015625
0 0.984375 0.996875 0.015625 0.015625
0 0.148438 0.467187 0.015625 0.015625
0 0.073438 0.451562 0.015625 0.015625
0 0.110937 0.523438 0.015625 0.015625
0 0.059375 0.003125 0.015625 0.015625
0 0.093750 0.057813 0.015625 0.015625
0 0.081250 0.185938 0.015625 0.015625
0 0.018750 0.184375 0.015625 0.015625
0 0.242188 0.195312 0.015625 0.015625
0 0.275000 0.117188 0.015625 0.015625
0 0.229687 0.062500 0.015625 0.015625
0 0.162500 0.067187 0.015625 0.015625
0 0.064062 0.129688 0.015625 0.015625
0 0.439063 0.003125 0.015625 0.015625
0 0.540625 0.068750 0.015625 0.015625
0 0.395313 0.075000 0.015625 0.015625
0 0.321875 0.068750 0.015625 0.015625
0 0.368750 0.140625 0.015625 0.015625
0 0.432812 0.134375 0.015625 0.015625
0 0.509375 0.145313 0.015625 0.015625
0 0.545312 0.206250 0.015625 0.015625
0 0.398438 0.207813 0.015625 0.015625
0 0.353125 0.265625 0.015625 0.015625
0 0.279687 0.265625 0.015625 0.015625
0 0.239063 0.334375 0.015625 0.015625
0 0.389062 0.342187 0.015625 0.015625
0 0.432812 0.401562 0.015625 0.015625
0 0.345313 0.406250 0.015625 0.015625
0 0.392188 0.470313 0.015625 0.015625
0 0.467187 0.457813 0.015625 0.015625
0 0.429688 0.531250 0.015625 0.015625
0 0.500000 0.526563 0.015625 0.015625
0 0.512500 0.403125 0.015625 0.015625
0 0.579688 0.400000 0.015625 0.015625
0 0.646875 0.400000 0.015625 0.015625
0 0.887500 0.140625 0.015625 0.015625
0 0.817187 0.153125 0.015625 0.015625
0 0.837500 0.221875 0.015625 0.015625
0 0.739062 0.282813 0.015625 0.015625
0 0.689063 0.345313 0.015625 0.015625
0 0.545312 0.346875 0.015625 0.015625
0 0.807813 0.417187 0.015625 0.015625
0 0.764062 0.470313 0.015625 0.015625
0 0.837500 0.470313 0.015625 0.015625
0 0.793750 0.532813 0.015625 0.015625
0 0.643750 0.539062 0.015625 0.015625
0 0.995313 0.357812 0.015625 0.015625
0 0.881250 0.798438 0.015625 0.015625
0 0.801562 0.789062 0.015625 0.015625
0 0.712500 0.800000 0.015625 0.015625
0 0.878125 0.929688 0.015625 0.015625
0 0.637500 0.782813 0.015625 0.015625
0 0.601562 0.729688 0.015625 0.015625
0 0.564063 0.660937 0.015625 0.015625
0 0.537500 0.589063 0.015625 0.015625
0 0.375000 0.978125 0.015625 0.015625
0 0.296875 0.984375 0.015625 0.015625
0 0.215625 0.978125 0.015625 0.015625
0 0.143750 0.979688 0.015625 0.015625
0 0.420312 0.914062 0.015625 0.015625
0 0.453125 0.853125 0.015625 0.015625
0 0.459375 0.723437 0.015625 0.015625
0 0.535937 0.720313 0.015625 0.015625
0 0.496875 0.662500 0.015625 0.015625
0 0.423438 0.657813 0.015625 0.015625
0 0.348438 0.656250 0.015625 0.015625
0 0.460938 0.596875 0.015625 0.015625
