0 0.481250 0.010937 0.015625 0.015625
0 0.246875 0.025000 0.015625 0.015625
0 0.167187 0.037500 0.015625 0.015625
0 0.996875 0.040625 0.015625 0.015625
0 0.392188 0.050000 0.015625 0.015625
0 0.687500 0.067187 0.015625 0.015625
0 0.773438 0.075000 0.015625 0.015625
0 0.837500 0.076563 0.015625 0.015625
0 0.131250 0.082812 0.015625 0.015625
0 0.204687 0.087500 0.015625 0.015625
0 0.059375 0.089063 0.015625 0.015625
0 0.282813 0.089063 0.015625 0.015625
0 0.882812 0.100000 0.015625 0.015625
0 0.959375 0.104688 0.015625 0.015625
0 0.014063 0.150000 0.015625 0.015625
0 0.171875 0.150000 0.015625 0.015625
0 0.089063 0.156250 0.015625 0.015625
0 0.779687 0.167187 0.015625 0.015625
0 0.843750 0.167187 0.015625 0.015625
0 0.921875 0.170313 0.015625 0.015625
0 0.528125 0.187500 0.015625 0.015625
0 0.623437 0.190625 0.015625 0.015625
0 0.689063 0.192188 0.015625 0.015625
0 0.740625 0.196875 0.015625 0.015625
0 0.054688 0.218750 0.015625 0.015625
0 0.351562 0.223438 0.015625 0.015625
0 0.429688 0.225000 0.015625 0.015625
0 0.885938 0.235937 0.015625 0.015625
0 0.812500 0.237500 0.015625 0.015625
0 0.956250 0.240625 0.015625 0.015625
0 0.014063 0.276562 0.015625 0.015625
0 0.087500 0.282813 0.015625 0.015625
0 0.164062 0.282813 0.015625 0.015625
0 0.387500 0.285938 0.015625 0.015625
0 0.539062 0.289062 0.015625 0.015625
0 0.762500 0.295312 0.015625 0.015625
0 0.614062 0.298438 0.015625 0.015625
0 0.690625 0.300000 0.015625 0.015625
0 0.920312 0.301563 0.015625 0.015625
0 0.845313 0.303125 0.015625 0.015625
0 0.995313 0.306250 0.015625 0.015625
0 0.432812 0.339062 0.015625 0.015625
0 0.359375 0.342187 0.015625 0.015625
0 0.051562 0.350000 0.015625 0.015625
0 0.126562 0.353125 0.015625 0.015625
0 0.579688 0.359375 0.015625 0.015625
0 0.728125 0.364063 0.015625 0.015625
0 0.804688 0.365625 0.015625 0.015625
0 0.954688 0.368750 0.015625 0.015625
0 0.879687 0.368750 0.015625 0.015625
0 0.389062 0.412500 0.015625 0.015625
0 0.539062 0.418750 0.015625 0.015625
0 0.006250 0.418750 0.015625 0.015625
0 0.085938 0.421875 0.015625 0.015625
0 0.609375 0.423438 0.015625 0.015625
0 0.917188 0.434375 0.015625 0.015625
0 0.850000 0.435937 0.015625 0.015625
0 0.990625 0.439063 0.015625 0.015625
0 0.778125 0.465625 0.015625 0.015625
0 0.492188 0.471875 0.015625 0.015625
0 0.570312 0.481250 0.015625 0.015625
0 0.956250 0.501563 0.015625 0.015625
0 0.456250 0.543750 0.015625 0.015625
0 0.307812 0.543750 0.015625 0.015625
0 0.532813 0.545312 0.015625 0.015625
0 0.604688 0.546875 0.015625 0.015625
0 0.681250 0.562500 0.015625 0.015625
0 0.759375 0.565625 0.015625 0.015625
0 0.914062 0.565625 0.015625 0.015625
0 0.992188 0.568750 0.015625 0.015625
0 0.418750 0.614062 0.015625 0.015625
0 0.043750 0.614062 0.015625 0.015625
0 0.273438 0.614062 0.015625 0.015625
0 0.190625 0.617188 0.015625 0.015625
0 0.343750 0.617188 0.015625 0.015625
0 0.567187 0.618750 0.015625 0.015625
0 0.498437 0.623437 0.015625 0.015625
0 0.653125 0.625000 0.015625 0.015625
0 0.729688 0.625000 0.015625 0.015625
0 0.879687 0.629687 0.015625 0.015625
0 0.804688 0.631250 0.015625 0.015625
0 0.954688 0.635938 0.015625 0.015625
0 0.282813 0.659375 0.015625 0.015625
0 0.007812 0.678125 0.015625 0.015625
0 0.232813 0.687500 0.015625 0.015625
0 0.839063 0.690625 0.015625 0.015625
0 0.759375 0.690625 0.015625 0.015625
0 0.987500 0.692187 0.015625 0.015625
0 0.471875 0.714063 0.015625 0.015625
0 0.610938 0.715625 0.015625 0.015625
0 0.539062 0.717187 0.015625 0.015625
0 0.689063 0.717187 0.015625 0.015625
0 0.415625 0.721875 0.015625 0.015625
0 0.057813 0.737500 0.015625 0.015625
0 0.723437 0.756250 0.015625 0.015625
0 0.256250 0.760938 0.015625 0.015625
0 0.878125 0.760938 0.015625 0.015625
0 0.804688 0.762500 0.015625 0.015625
0 0.953125 0.762500 0.015625 0.015625
0 0.653125 0.768750 0.015625 0.015625
0 0.460938 0.771875 0.015625 0.015625
0 0.510938 0.771875 0.015625 0.015625
0 0.087500 0.809375 0.015625 0.015625
0 0.382812 0.812500 0.015625 0.015625
0 0.154688 0.812500 0.015625 0.015625
0 0.910937 0.835938 0.015625 0.015625
0 0.604688 0.840625 0.015625 0.015625
0 0.684375 0.840625 0.015625 0.015625
0 0.842187 0.840625 0.015625 0.015625
0 0.987500 0.843750 0.015625 0.015625
0 0.303125 0.846875 0.015625 0.015625
0 0.037500 0.875000 0.015625 0.015625
0 0.498437 0.882812 0.015625 0.015625
0 0.570312 0.889062 0.015625 0.015625
0 0.728125 0.890625 0.015625 0.015625
0 0.804688 0.892188 0.015625 0.015625
0 0.879687 0.892188 0.015625 0.015625
0 0.942187 0.893750 0.015625 0.015625
0 0.645312 0.898438 0.015625 0.015625
0 0.260937 0.914062 0.015625 0.015625
0 0.078125 0.939063 0.015625 0.015625
0 0.378125 0.951562 0.015625 0.015625
0 0.450000 0.962500 0.015625 0.015625
0 0.759375 0.962500 0.015625 0.015625
0 0.985938 0.964063 0.015625 0.015625
0 0.532813 0.967187 0.015625 0.015625
0 0.225000 0.967187 0.015625 0.015625
0 0.923438 0.968750 0.015625 0.015625
0 0.609375 0.968750 0.015625 0.015625
0 0.034375 0.998437 0.015625 0.015625
