0 0.057813 0.185938 0.015625 0.015625
0 0.017188 0.250000 0.015625 0.015625
0 0.189062 0.312500 0.015625 0.015625
0 0.129688 0.317188 0.015625 0.015625
0 0.051562 0.318750 0.015625 0.015625
0 0.014063 0.379688 0.015625 0.015625
0 0.087500 0.382812 0.015625 0.015625
0 0.167187 0.385937 0.015625 0.015625
0 0.054688 0.448437 0.015625 0.015625
0 0.220312 0.453125 0.015625 0.015625
0 0.164062 0.515625 0.015625 0.015625
0 0.014063 0.517188 0.015625 0.015625
0 0.053125 0.579688 0.015625 0.015625
0 0.129688 0.582812 0.015625 0.015625
0 0.206250 0.584375 0.015625 0.015625
0 0.014063 0.642188 0.015625 0.015625
0 0.239063 0.645312 0.015625 0.015625
0 0.087500 0.646875 0.015625 0.015625
0 0.307812 0.648438 0.015625 0.015625
0 0.165625 0.648438 0.015625 0.015625
0 0.053125 0.714063 0.015625 0.015625
0 0.198437 0.714063 0.015625 0.015625
0 0.123438 0.715625 0.015625 0.015625
0 0.162500 0.773438 0.015625 0.015625
0 0.089063 0.775000 0.015625 0.015625
0 0.270313 0.837500 0.015625 0.015625
0 0.046875 0.842187 0.015625 0.015625
0 0.231250 0.901563 0.015625 0.015625
0 0.010937 0.903125 0.015625 0.015625
0 0.157812 0.904687 0.015625 0.015625
0 0.314063 0.907813 0.015625 0.015625
0 0.081250 0.907813 0.015625 0.015625
0 0.535937 0.912500 0.015625 0.015625
0 0.382812 0.915625 0.015625 0.015625
0 0.193750 0.970313 0.015625 0.015625
0 0.278125 0.971875 0.015625 0.015625
0 0.040625 0.975000 0.015625 0.015625
0 0.417187 0.984375 0.015625 0.015625
0 0.578125 0.992188 0.015625 0.015625
0 0.271875 0.718750 0.015625 0.015625
0 0.279687 0.578125 0.015625 0.015625
0 0.237500 0.520312 0.015625 0.015625
0 0.142187 0.445312 0.015625 0.015625
0 0.131250 0.839063 0.015625 0.015625
0 0.193750 0.839063 0.015625 0.015625
0 0.010937 0.776563 0.015625 0.015625
0 0.307812 0.773438 0.015625 0.015625
0 0.346875 0.729688 0.015625 0.015625
0 0.381250 0.790625 0.015625 0.015625
0 0.426563 0.840625 0.015625 0.015625
0 0.453125 0.910937 0.015625 0.015625
0 0.350000 0.853125 0.015625 0.015625
0 0.343750 0.982812 0.015625 0.015625
0 0.500000 0.987500 0.015625 0.015625
