0 0.904687 0.000000 0.015625 0.015625
0 0.982812 0.001563 0.015625 0.015625
0 0.023438 0.054688 0.015625 0.015625
0 0.065625 0.118750 0.015625 0.015625
0 0.103125 0.054688 0.015625 0.015625
0 0.140625 0.125000 0.015625 0.015625
0 0.179688 0.051562 0.015625 0.015625
0 0.217188 0.128125 0.015625 0.015625
0 0.254688 0.053125 0.015625 0.015625
0 0.301563 0.121875 0.015625 0.015625
0 0.328125 0.056250 0.015625 0.015625
0 0.370312 0.123438 0.015625 0.015625
0 0.415625 0.054688 0.015625 0.015625
0 0.445312 0.125000 0.015625 0.015625
0 0.478125 0.185938 0.015625 0.015625
0 0.520312 0.259375 0.015625 0.015625
0 0.453125 0.248438 0.015625 0.015625
0 0.406250 0.187500 0.015625 0.015625
0 0.371875 0.253125 0.015625 0.015625
0 0.329688 0.184375 0.015625 0.015625
0 0.260937 0.182812 0.015625 0.015625
0 0.295312 0.250000 0.015625 0.015625
0 0.217188 0.248438 0.015625 0.015625
0 0.182812 0.185938 0.015625 0.015625
0 0.109375 0.187500 0.015625 0.015625
0 0.145313 0.253125 0.015625 0.015625
0 0.062500 0.254688 0.015625 0.015625
0 0.029687 0.189062 0.015625 0.015625
0 0.529687 0.125000 0.015625 0.015625
0 0.553125 0.185938 0.015625 0.015625
0 0.601562 0.260937 0.015625 0.015625
0 0.596875 0.137500 0.015625 0.015625
0 0.629687 0.187500 0.015625 0.015625
0 0.673438 0.271875 0.015625 0.015625
0 0.548438 0.059375 0.015625 0.015625
0 0.490625 0.053125 0.015625 0.015625
0 0.637500 0.056250 0.015625 0.015625
0 0.676562 0.131250 0.015625 0.015625
0 0.710938 0.195312 0.015625 0.015625
0 0.756250 0.262500 0.015625 0.015625
0 0.718750 0.067187 0.015625 0.015625
0 0.754687 0.129688 0.015625 0.015625
0 0.793750 0.193750 0.015625 0.015625
0 0.831250 0.260937 0.015625 0.015625
0 0.795312 0.059375 0.015625 0.015625
0 0.834375 0.142187 0.015625 0.015625
0 0.857812 0.192188 0.015625 0.015625
0 0.909375 0.267188 0.015625 0.015625
0 0.873437 0.062500 0.015625 0.015625
0 0.943750 0.065625 0.015625 0.015625
0 0.909375 0.139063 0.015625 0.015625
0 0.975000 0.139063 0.015625 0.015625
0 0.940625 0.201563 0.015625 0.015625
0 0.976562 0.264062 0.015625 0.015625
0 0.028125 0.440625 0.015625 0.015625
0 0.059375 0.512500 0.015625 0.015625
0 0.021875 0.312500 0.015625 0.015625
0 0.065625 0.385937 0.015625 0.015625
0 0.104688 0.450000 0.015625 0.015625
0 0.137500 0.503125 0.015625 0.015625
0 0.109375 0.315625 0.015625 0.015625
0 0.142187 0.385937 0.015625 0.015625
0 0.178125 0.442188 0.015625 0.015625
0 0.218750 0.517188 0.015625 0.015625
0 0.185938 0.315625 0.015625 0.015625
0 0.215625 0.382812 0.015625 0.015625
0 0.245312 0.442188 0.015625 0.015625
0 0.290625 0.518750 0.015625 0.015625
0 0.257812 0.323437 0.015625 0.015625
0 0.296875 0.378125 0.015625 0.015625
0 0.329688 0.450000 0.015625 0.015625
0 0.362500 0.510938 0.015625 0.015625
0 0.328125 0.309375 0.015625 0.015625
0 0.365625 0.382812 0.015625 0.015625
0 0.396875 0.450000 0.015625 0.015625
0 0.446875 0.515625 0.015625 0.015625
0 0.414062 0.325000 0.015625 0.015625
0 0.446875 0.385937 0.015625 0.015625
0 0.478125 0.453125 0.015625 0.015625
0 0.518750 0.512500 0.015625 0.015625
0 0.482812 0.317188 0.015625 0.015625
0 0.518750 0.382812 0.015625 0.015625
0 0.550000 0.459375 0.015625 0.015625
0 0.593750 0.517188 0.015625 0.015625
0 0.553125 0.328125 0.015625 0.015625
0 0.593750 0.389062 0.015625 0.015625
0 0.635938 0.453125 0.015625 0.015625
0 0.673438 0.525000 0.015625 0.015625
0 0.634375 0.329688 0.015625 0.015625
0 0.668750 0.395313 0.015625 0.015625
0 0.714063 0.448437 0.015625 0.015625
0 0.737500 0.517188 0.015625 0.015625
0 0.714063 0.328125 0.015625 0.015625
0 0.745313 0.382812 0.015625 0.015625
0 0.781250 0.453125 0.015625 0.015625
0 0.807813 0.518750 0.015625 0.015625
0 0.784375 0.337500 0.015625 0.015625
0 0.821875 0.384375 0.015625 0.015625
0 0.860938 0.462500 0.015625 0.015625
0 0.909375 0.537500 0.015625 0.015625
0 0.868750 0.328125 0.015625 0.015625
0 0.906250 0.390625 0.015625 0.015625
0 0.937500 0.453125 0.015625 0.015625
0 0.975000 0.521875 0.015625 0.015625
0 0.948438 0.334375 0.015625 0.015625
0 0.979688 0.403125 0.015625 0.015625
0 0.032813 0.576562 0.015625 0.015625
0 0.068750 0.643750 0.015625 0.015625
0 0.106250 0.712500 0.015625 0.015625
0 0.098437 0.576562 0.015625 0.015625
0 0.137500 0.646875 0.015625 0.015625
0 0.173437 0.710938 0.015625 0.015625
0 0.176563 0.590625 0.015625 0.015625
0 0.206250 0.646875 0.015625 0.015625
0 0.248438 0.714063 0.015625 0.015625
0 0.257812 0.575000 0.015625 0.015625
0 0.292187 0.650000 0.015625 0.015625
0 0.321875 0.706250 0.015625 0.015625
0 0.320312 0.587500 0.015625 0.015625
0 0.360938 0.643750 0.015625 0.015625
0 0.404687 0.723437 0.015625 0.015625
0 0.407813 0.581250 0.015625 0.015625
0 0.437500 0.645312 0.015625 0.015625
0 0.484375 0.718750 0.015625 0.015625
0 0.478125 0.584375 0.015625 0.015625
0 0.529687 0.659375 0.015625 0.015625
0 0.551562 0.715625 0.015625 0.015625
0 0.548438 0.584375 0.015625 0.015625
0 0.589063 0.650000 0.015625 0.015625
0 0.623437 0.714063 0.015625 0.015625
0 0.625000 0.582812 0.015625 0.015625
0 0.664062 0.656250 0.015625 0.015625
0 0.704688 0.723437 0.015625 0.015625
0 0.740625 0.785937 0.015625 0.015625
0 0.146875 0.778125 0.015625 0.015625
0 0.192188 0.778125 0.015625 0.015625
0 0.278125 0.775000 0.015625 0.015625
0 0.362500 0.773438 0.015625 0.015625
0 0.437500 0.781250 0.015625 0.015625
0 0.517188 0.776563 0.015625 0.015625
0 0.568750 0.778125 0.015625 0.015625
0 0.651563 0.776563 0.015625 0.015625
0 0.701562 0.585938 0.015625 0.015625
0 0.740625 0.648438 0.015625 0.015625
0 0.782813 0.720313 0.015625 0.015625
0 0.812500 0.793750 0.015625 0.015625
0 0.785937 0.582812 0.015625 0.015625
0 0.834375 0.673438 0.015625 0.015625
0 0.853125 0.725000 0.015625 0.015625
0 0.889062 0.787500 0.015625 0.015625
0 0.862500 0.584375 0.015625 0.015625
0 0.887500 0.656250 0.015625 0.015625
0 0.931250 0.720313 0.015625 0.015625
0 0.973437 0.796875 0.015625 0.015625
0 0.939063 0.592187 0.015625 0.015625
0 0.976562 0.653125 0.015625 0.015625
0 0.248438 0.845313 0.015625 0.015625
0 0.284375 0.903125 0.015625 0.015625
0 0.317188 0.960938 0.015625 0.015625
0 0.325000 0.831250 0.015625 0.015625
0 0.364063 0.923438 0.015625 0.015625
0 0.398438 0.992188 0.015625 0.015625
0 0.395313 0.834375 0.015625 0.015625
0 0.435937 0.918750 0.015625 0.015625
0 0.476562 0.984375 0.015625 0.015625
0 0.482812 0.850000 0.015625 0.015625
0 0.510938 0.914062 0.015625 0.015625
0 0.553125 0.992188 0.015625 0.015625
0 0.556250 0.846875 0.015625 0.015625
0 0.590625 0.918750 0.015625 0.015625
0 0.626563 0.985938 0.015625 0.015625
0 0.635938 0.856250 0.015625 0.015625
0 0.664062 0.910937 0.015625 0.015625
0 0.698438 0.976562 0.015625 0.015625
0 0.757812 0.973437 0.015625 0.015625
0 0.734375 0.910937 0.015625 0.015625
0 0.693750 0.846875 0.015625 0.015625
0 0.773438 0.851562 0.015625 0.015625
0 0.814063 0.931250 0.015625 0.015625
0 0.853125 0.985938 0.015625 0.015625
0 0.921875 0.992188 0.015625 0.015625
0 0.884375 0.921875 0.015625 0.015625
0 0.853125 0.851562 0.015625 0.015625
0 0.929688 0.851562 0.015625 0.015625
0 0.967187 0.914062 0.015625 0.015625
