0 0.037500 0.892188 0.015625 0.015625
0 0.079687 0.964063 0.015625 0.015625
0 0.020313 0.045312 0.015625 0.015625
0 0.100000 0.042188 0.015625 0.015625
0 0.178125 0.057813 0.015625 0.015625
0 0.250000 0.046875 0.015625 0.015625
0 0.328125 0.051562 0.015625 0.015625
0 0.406250 0.057813 0.015625 0.015625
0 0.479687 0.053125 0.015625 0.015625
0 0.553125 0.056250 0.015625 0.015625
0 0.593750 0.001563 0.015625 0.015625
0 0.629687 0.059375 0.015625 0.015625
0 0.703125 0.057813 0.015625 0.015625
0 0.784375 0.051562 0.015625 0.015625
0 0.934375 0.067187 0.015625 0.015625
0 0.860938 0.062500 0.015625 0.015625
0 0.968750 0.000000 0.015625 0.015625
0 0.018750 0.176563 0.015625 0.015625
0 0.059375 0.101562 0.015625 0.015625
0 0.093750 0.175000 0.015625 0.015625
0 0.132812 0.101562 0.015625 0.015625
0 0.165625 0.184375 0.015625 0.015625
0 0.214062 0.103125 0.015625 0.015625
0 0.243750 0.175000 0.015625 0.015625
0 0.295312 0.103125 0.015625 0.015625
0 0.318750 0.184375 0.015625 0.015625
0 0.360938 0.106250 0.015625 0.015625
0 0.401562 0.181250 0.015625 0.015625
0 0.437500 0.107813 0.015625 0.015625
0 0.473438 0.173437 0.015625 0.015625
0 0.514062 0.110937 0.015625 0.015625
0 0.556250 0.173437 0.015625 0.015625
0 0.585938 0.112500 0.015625 0.015625
0 0.620313 0.184375 0.015625 0.015625
0 0.654687 0.109375 0.015625 0.015625
0 0.701562 0.190625 0.015625 0.015625
0 0.751563 0.114062 0.015625 0.015625
0 0.781250 0.189062 0.015625 0.015625
0 0.823438 0.114062 0.015625 0.015625
0 0.857812 0.192188 0.015625 0.015625
0 0.896875 0.121875 0.015625 0.015625
0 0.928125 0.214062 0.015625 0.015625
0 0.967187 0.121875 0.015625 0.015625
0 0.012500 0.309375 0.015625 0.015625
0 0.053125 0.242188 0.015625 0.015625
0 0.095312 0.315625 0.015625 0.015625
0 0.128125 0.253125 0.015625 0.015625
0 0.167187 0.315625 0.015625 0.015625
0 0.203125 0.250000 0.015625 0.015625
0 0.235937 0.315625 0.015625 0.015625
0 0.281250 0.250000 0.015625 0.015625
0 0.320312 0.310937 0.015625 0.015625
0 0.357812 0.248438 0.015625 0.015625
0 0.396875 0.314063 0.015625 0.015625
0 0.432812 0.248438 0.015625 0.015625
0 0.512500 0.246875 0.015625 0.015625
0 0.587500 0.251563 0.015625 0.015625
0 0.664062 0.257812 0.015625 0.015625
0 0.696875 0.326562 0.015625 0.015625
0 0.620313 0.318750 0.015625 0.015625
0 0.807813 0.251563 0.015625 0.015625
0 0.895312 0.251563 0.015625 0.015625
0 0.851562 0.323437 0.015625 0.015625
0 0.903125 0.326562 0.015625 0.015625
0 0.978125 0.328125 0.015625 0.015625
0 0.195312 0.906250 0.015625 0.015625
0 0.232813 0.962500 0.015625 0.015625
0 0.270313 0.903125 0.015625 0.015625
0 0.310937 0.965625 0.015625 0.015625
0 0.339062 0.901563 0.015625 0.015625
0 0.382812 0.971875 0.015625 0.015625
0 0.420312 0.910937 0.015625 0.015625
0 0.459375 0.965625 0.015625 0.015625
0 0.496875 0.904687 0.015625 0.015625
0 0.534375 0.971875 0.015625 0.015625
0 0.568750 0.907813 0.015625 0.015625
0 0.606250 0.979688 0.015625 0.015625
0 0.640625 0.909375 0.015625 0.015625
0 0.642188 0.778125 0.015625 0.015625
0 0.690625 0.712500 0.015625 0.015625
0 0.728125 0.779687 0.015625 0.015625
0 0.757812 0.714063 0.015625 0.015625
0 0.800000 0.781250 0.015625 0.015625
0 0.840625 0.712500 0.015625 0.015625
0 0.878125 0.779687 0.015625 0.015625
0 0.910937 0.720313 0.015625 0.015625
0 0.954688 0.781250 0.015625 0.015625
0 0.993750 0.718750 0.015625 0.015625
0 0.232813 0.831250 0.015625 0.015625
0 0.310937 0.834375 0.015625 0.015625
0 0.384375 0.834375 0.015625 0.015625
0 0.457813 0.839063 0.015625 0.015625
0 0.532813 0.846875 0.015625 0.015625
0 0.606250 0.840625 0.015625 0.015625
0 0.578125 0.782813 0.015625 0.015625
0 0.487500 0.776563 0.015625 0.015625
0 0.720313 0.904687 0.015625 0.015625
0 0.765625 0.842187 0.015625 0.015625
0 0.801562 0.909375 0.015625 0.015625
0 0.832812 0.850000 0.015625 0.015625
0 0.876563 0.909375 0.015625 0.015625
0 0.912500 0.851562 0.015625 0.015625
0 0.956250 0.906250 0.015625 0.015625
0 0.989062 0.843750 0.015625 0.015625
0 0.757812 0.971875 0.015625 0.015625
0 0.832812 0.978125 0.015625 0.015625
0 0.912500 0.975000 0.015625 0.015625
0 0.984375 0.976562 0.015625 0.015625
0 0.057813 0.371875 0.015625 0.015625
0 0.134375 0.373437 0.015625 0.015625
0 0.206250 0.376563 0.015625 0.015625
0 0.164062 0.445312 0.015625 0.015625
0 0.242188 0.443750 0.015625 0.015625
0 0.307812 0.445312 0.015625 0.015625
0 0.392188 0.446875 0.015625 0.015625
0 0.435937 0.368750 0.015625 0.015625
0 0.471875 0.448437 0.015625 0.015625
0 0.357812 0.507812 0.015625 0.015625
0 0.268750 0.514062 0.015625 0.015625
0 0.218750 0.507812 0.015625 0.015625
0 0.198437 0.639062 0.015625 0.015625
0 0.120313 0.637500 0.015625 0.015625
0 0.050000 0.642188 0.015625 0.015625
0 0.012500 0.571875 0.015625 0.015625
0 0.051562 0.506250 0.015625 0.015625
0 0.092188 0.564063 0.015625 0.015625
0 0.126562 0.509375 0.015625 0.015625
0 0.167187 0.573438 0.015625 0.015625
0 0.237500 0.576562 0.015625 0.015625
0 0.312500 0.573438 0.015625 0.015625
0 0.276562 0.634375 0.015625 0.015625
0 0.403125 0.573438 0.015625 0.015625
0 0.432812 0.504687 0.015625 0.015625
0 0.501563 0.512500 0.015625 0.015625
0 0.540625 0.456250 0.015625 0.015625
0 0.576562 0.517188 0.015625 0.015625
0 0.379688 0.707812 0.015625 0.015625
0 0.456250 0.707812 0.015625 0.015625
0 0.492188 0.642188 0.015625 0.015625
0 0.318750 0.706250 0.015625 0.015625
0 0.268750 0.778125 0.015625 0.015625
0 0.345313 0.773438 0.015625 0.015625
0 0.426563 0.767188 0.015625 0.015625
0 0.573438 0.642188 0.015625 0.015625
0 0.615625 0.710938 0.015625 0.015625
0 0.101562 0.771875 0.015625 0.015625
0 0.153125 0.831250 0.015625 0.015625
0 0.087500 0.825000 0.015625 0.015625
0 0.140625 0.900000 0.015625 0.015625
0 0.945312 0.656250 0.015625 0.015625
0 0.925000 0.589063 0.015625 0.015625
0 0.992188 0.585938 0.015625 0.015625
0 0.582812 0.379688 0.015625 0.015625
0 0.670312 0.384375 0.015625 0.015625
0 0.745313 0.384375 0.015625 0.015625
0 0.839063 0.392188 0.015625 0.015625
0 0.689063 0.454688 0.015625 0.015625
0 0.623437 0.454688 0.015625 0.015625
0 0.507812 0.381250 0.015625 0.015625
0 0.356250 0.376563 0.015625 0.015625
0 0.279687 0.378125 0.015625 0.015625
0 0.081250 0.446875 0.015625 0.015625
0 0.001563 0.446875 0.015625 0.015625
0 0.765625 0.328125 0.015625 0.015625
