0 0.067187 0.000000 0.015625 0.015625
0 0.142187 0.004687 0.015625 0.015625
0 0.214062 0.012500 0.015625 0.015625
0 0.365625 0.012500 0.015625 0.015625
0 0.442188 0.015625 0.015625 0.015625
0 0.593750 0.018750 0.015625 0.015625
0 0.521875 0.018750 0.015625 0.015625
0 0.893750 0.031250 0.015625 0.015625
0 0.810937 0.037500 0.015625 0.015625
0 0.028125 0.067187 0.015625 0.015625
0 0.482812 0.075000 0.015625 0.015625
0 0.398438 0.076563 0.015625 0.015625
0 0.323437 0.078125 0.015625 0.015625
0 0.560937 0.081250 0.015625 0.015625
0 0.246875 0.081250 0.015625 0.015625
0 0.626563 0.081250 0.015625 0.015625
0 0.779687 0.085938 0.015625 0.015625
0 0.701562 0.087500 0.015625 0.015625
0 0.937500 0.096875 0.015625 0.015625
0 0.123438 0.115625 0.015625 0.015625
0 0.051562 0.140625 0.015625 0.015625
0 0.442188 0.142187 0.015625 0.015625
0 0.517188 0.142187 0.015625 0.015625
0 0.595313 0.148438 0.015625 0.015625
0 0.667188 0.150000 0.015625 0.015625
0 0.900000 0.151562 0.015625 0.015625
0 0.743750 0.157812 0.015625 0.015625
0 0.818750 0.159375 0.015625 0.015625
0 0.167187 0.200000 0.015625 0.015625
0 0.092188 0.204687 0.015625 0.015625
0 0.245312 0.206250 0.015625 0.015625
0 0.320312 0.210938 0.015625 0.015625
0 0.551562 0.215625 0.015625 0.015625
0 0.784375 0.215625 0.015625 0.015625
0 0.626563 0.215625 0.015625 0.015625
0 0.700000 0.217188 0.015625 0.015625
0 0.939063 0.225000 0.015625 0.015625
0 0.820312 0.276562 0.015625 0.015625
0 0.514062 0.279687 0.015625 0.015625
0 0.740625 0.287500 0.015625 0.015625
0 0.664062 0.289062 0.015625 0.015625
0 0.964063 0.301563 0.015625 0.015625
0 0.395313 0.345313 0.015625 0.015625
0 0.857812 0.351562 0.015625 0.015625
0 0.776563 0.356250 0.015625 0.015625
0 0.926562 0.356250 0.015625 0.015625
0 0.032813 0.401562 0.015625 0.015625
0 0.904687 0.432812 0.015625 0.015625
0 0.998437 0.445312 0.015625 0.015625
0 0.021875 0.473438 0.015625 0.015625
0 0.168750 0.484375 0.015625 0.015625
0 0.045312 0.548438 0.015625 0.015625
0 0.014063 0.598437 0.015625 0.015625
0 0.189062 0.604688 0.015625 0.015625
0 0.343750 0.653125 0.015625 0.015625
0 0.575000 0.675000 0.015625 0.015625
0 0.648438 0.679688 0.015625 0.015625
0 0.087500 0.729688 0.015625 0.015625
0 0.007812 0.731250 0.015625 0.015625
0 0.390625 0.737500 0.015625 0.015625
0 0.239063 0.739062 0.015625 0.015625
0 0.770312 0.745313 0.015625 0.015625
0 0.612500 0.745313 0.015625 0.015625
0 0.689063 0.745313 0.015625 0.015625
0 0.845313 0.746875 0.015625 0.015625
0 0.543750 0.753125 0.015625 0.015625
0 0.273438 0.800000 0.015625 0.015625
0 0.171875 0.837500 0.015625 0.015625
0 0.089063 0.854688 0.015625 0.015625
0 0.239063 0.864062 0.015625 0.015625
0 0.471875 0.865625 0.015625 0.015625
0 0.389062 0.871875 0.015625 0.015625
0 0.542188 0.873437 0.015625 0.015625
0 0.617188 0.878125 0.015625 0.015625
0 0.690625 0.879687 0.015625 0.015625
0 0.768750 0.882812 0.015625 0.015625
0 0.990625 0.885938 0.015625 0.015625
0 0.121875 0.926562 0.015625 0.015625
0 0.045312 0.928125 0.015625 0.015625
0 0.196875 0.928125 0.015625 0.015625
0 0.271875 0.928125 0.015625 0.015625
0 0.348438 0.932813 0.015625 0.015625
0 0.425000 0.934375 0.015625 0.015625
0 0.654687 0.939063 0.015625 0.015625
0 0.504687 0.940625 0.015625 0.015625
0 0.896875 0.940625 0.015625 0.015625
0 0.959375 0.943750 0.015625 0.015625
0 0.804688 0.945312 0.015625 0.015625
0 0.725000 0.945312 0.015625 0.015625
0 0.235937 0.992188 0.015625 0.015625
0 0.156250 0.996875 0.015625 0.015625
0 0.309375 0.996875 0.015625 0.015625
0 0.060937 0.662500 0.015625 0.015625
0 0.139063 0.664062 0.015625 0.015625
0 0.201563 0.668750 0.015625 0.015625
0 0.157812 0.726562 0.015625 0.015625
0 0.439063 0.673438 0.015625 0.015625
0 0.506250 0.678125 0.015625 0.015625
0 0.481250 0.731250 0.015625 0.015625
0 0.517188 0.806250 0.015625 0.015625
0 0.590625 0.806250 0.015625 0.015625
0 0.651563 0.809375 0.015625 0.015625
0 0.728125 0.812500 0.015625 0.015625
0 0.998437 0.223438 0.015625 0.015625
0 0.712500 0.350000 0.015625 0.015625
0 0.728125 0.681250 0.015625 0.015625
0 0.817187 0.681250 0.015625 0.015625
0 0.878125 0.684375 0.015625 0.015625
0 0.946875 0.679688 0.015625 0.015625
0 0.010937 0.990625 0.015625 0.015625
0 0.573438 0.929688 0.015625 0.015625
0 0.307812 0.864062 0.015625 0.015625
0 0.317188 0.953125 0.015625 0.015625
0 0.342187 0.803125 0.015625 0.015625
0 0.271875 0.664062 0.015625 0.015625
0 0.056250 0.795312 0.015625 0.015625
0 0.090625 0.489063 0.015625 0.015625
0 0.960938 0.809375 0.015625 0.015625
0 0.398438 0.214062 0.015625 0.015625
0 0.428125 0.275000 0.015625 0.015625
0 0.481250 0.212500 0.015625 0.015625
0 0.287500 0.010937 0.015625 0.015625
0 0.859375 0.232813 0.015625 0.015625
