0 0.328125 0.000000 0.015625 0.015625
0 0.253125 0.000000 0.015625 0.015625
0 0.101562 0.001563 0.015625 0.015625
0 0.487500 0.003125 0.015625 0.015625
0 0.175000 0.003125 0.015625 0.015625
0 0.406250 0.003125 0.015625 0.015625
0 0.564063 0.004687 0.015625 0.015625
0 0.781250 0.006250 0.015625 0.015625
0 0.859375 0.009375 0.015625 0.015625
0 0.706250 0.009375 0.015625 0.015625
0 0.634375 0.010937 0.015625 0.015625
0 0.939063 0.012500 0.015625 0.015625
0 0.287500 0.070312 0.015625 0.015625
0 0.603125 0.071875 0.015625 0.015625
0 0.059375 0.071875 0.015625 0.015625
0 0.440625 0.071875 0.015625 0.015625
0 0.360938 0.071875 0.015625 0.015625
0 0.134375 0.073438 0.015625 0.015625
0 0.967187 0.076563 0.015625 0.015625
0 0.817187 0.079687 0.015625 0.015625
0 0.739062 0.081250 0.015625 0.015625
0 0.676562 0.085938 0.015625 0.015625
0 0.017188 0.132812 0.015625 0.015625
0 0.093750 0.134375 0.015625 0.015625
0 0.175000 0.135937 0.015625 0.015625
0 0.329688 0.135937 0.015625 0.015625
0 0.250000 0.135937 0.015625 0.015625
0 0.478125 0.137500 0.015625 0.015625
0 0.553125 0.140625 0.015625 0.015625
0 0.632812 0.143750 0.015625 0.015625
0 0.782813 0.143750 0.015625 0.015625
0 0.860938 0.145313 0.015625 0.015625
0 0.707812 0.145313 0.015625 0.015625
0 0.931250 0.146875 0.015625 0.015625
0 0.057813 0.195312 0.015625 0.015625
0 0.365625 0.200000 0.015625 0.015625
0 0.287500 0.201563 0.015625 0.015625
0 0.214062 0.201563 0.015625 0.015625
0 0.135937 0.201563 0.015625 0.015625
0 0.515625 0.204687 0.015625 0.015625
0 0.589063 0.206250 0.015625 0.015625
0 0.665625 0.206250 0.015625 0.015625
0 0.967187 0.217188 0.015625 0.015625
0 0.014063 0.259375 0.015625 0.015625
0 0.089063 0.260937 0.015625 0.015625
0 0.320312 0.267188 0.015625 0.015625
0 0.242188 0.270313 0.015625 0.015625
0 0.701562 0.271875 0.015625 0.015625
0 0.854688 0.275000 0.015625 0.015625
0 0.779687 0.276562 0.015625 0.015625
0 0.928125 0.281250 0.015625 0.015625
0 0.131250 0.329688 0.015625 0.015625
0 0.056250 0.329688 0.015625 0.015625
0 0.204687 0.332813 0.015625 0.015625
0 0.281250 0.334375 0.015625 0.015625
0 0.359375 0.334375 0.015625 0.015625
0 0.432812 0.337500 0.015625 0.015625
0 0.662500 0.337500 0.015625 0.015625
0 0.509375 0.337500 0.015625 0.015625
0 0.737500 0.340625 0.015625 0.015625
0 0.585938 0.340625 0.015625 0.015625
0 0.812500 0.345313 0.015625 0.015625
0 0.892188 0.345313 0.015625 0.015625
0 0.960938 0.346875 0.015625 0.015625
0 0.089063 0.395313 0.015625 0.015625
0 0.468750 0.396875 0.015625 0.015625
0 0.017188 0.398438 0.015625 0.015625
0 0.325000 0.400000 0.015625 0.015625
0 0.623437 0.403125 0.015625 0.015625
0 0.926562 0.406250 0.015625 0.015625
0 0.776563 0.409375 0.015625 0.015625
0 0.053125 0.457813 0.015625 0.015625
0 0.204687 0.460938 0.015625 0.015625
0 0.279687 0.462500 0.015625 0.015625
0 0.432812 0.467187 0.015625 0.015625
0 0.509375 0.468750 0.015625 0.015625
0 0.889062 0.470313 0.015625 0.015625
0 0.584375 0.473438 0.015625 0.015625
0 0.012500 0.525000 0.015625 0.015625
0 0.089063 0.526563 0.015625 0.015625
0 0.235937 0.529687 0.015625 0.015625
0 0.621875 0.531250 0.015625 0.015625
0 0.468750 0.532813 0.015625 0.015625
0 0.390625 0.532813 0.015625 0.015625
0 0.550000 0.534375 0.015625 0.015625
0 0.701562 0.539062 0.015625 0.015625
0 0.778125 0.540625 0.015625 0.015625
0 0.850000 0.540625 0.015625 0.015625
0 0.926562 0.550000 0.015625 0.015625
0 0.050000 0.593750 0.015625 0.015625
0 0.203125 0.593750 0.015625 0.015625
0 0.356250 0.595313 0.015625 0.015625
0 0.429688 0.598437 0.015625 0.015625
0 0.587500 0.598437 0.015625 0.015625
0 0.507812 0.600000 0.015625 0.015625
0 0.660937 0.601562 0.015625 0.015625
0 0.809375 0.609375 0.015625 0.015625
0 0.884375 0.609375 0.015625 0.015625
0 0.960938 0.610938 0.015625 0.015625
0 0.010937 0.660937 0.015625 0.015625
0 0.084375 0.662500 0.015625 0.015625
0 0.312500 0.664062 0.015625 0.015625
0 0.617188 0.668750 0.015625 0.015625
0 0.387500 0.668750 0.015625 0.015625
0 0.692187 0.670312 0.015625 0.015625
0 0.465625 0.671875 0.015625 0.015625
0 0.765625 0.675000 0.015625 0.015625
0 0.918750 0.675000 0.015625 0.015625
0 0.656250 0.732812 0.015625 0.015625
0 0.351562 0.732812 0.015625 0.015625
0 0.584375 0.734375 0.015625 0.015625
0 0.418750 0.734375 0.015625 0.015625
0 0.732812 0.735938 0.015625 0.015625
0 0.806250 0.740625 0.015625 0.015625
0 0.957812 0.742188 0.015625 0.015625
0 0.084375 0.792188 0.015625 0.015625
0 0.009375 0.793750 0.015625 0.015625
0 0.231250 0.795312 0.015625 0.015625
0 0.539062 0.796875 0.015625 0.015625
0 0.385937 0.798438 0.015625 0.015625
0 0.460938 0.798438 0.015625 0.015625
0 0.309375 0.800000 0.015625 0.015625
0 0.614062 0.801562 0.015625 0.015625
0 0.685937 0.803125 0.015625 0.015625
0 0.915625 0.804688 0.015625 0.015625
0 0.767188 0.804688 0.015625 0.015625
0 0.268750 0.856250 0.015625 0.015625
0 0.037500 0.856250 0.015625 0.015625
0 0.418750 0.857812 0.015625 0.015625
0 0.646875 0.865625 0.015625 0.015625
0 0.951562 0.870313 0.015625 0.015625
0 0.878125 0.870313 0.015625 0.015625
0 0.806250 0.871875 0.015625 0.015625
0 0.079687 0.920312 0.015625 0.015625
0 0.004687 0.921875 0.015625 0.015625
0 0.159375 0.923438 0.015625 0.015625
0 0.307812 0.925000 0.015625 0.015625
0 0.231250 0.925000 0.015625 0.015625
0 0.381250 0.926562 0.015625 0.015625
0 0.534375 0.929688 0.015625 0.015625
0 0.612500 0.931250 0.015625 0.015625
0 0.767188 0.934375 0.015625 0.015625
0 0.689063 0.935937 0.015625 0.015625
0 0.840625 0.935937 0.015625 0.015625
0 0.914062 0.939063 0.015625 0.015625
0 0.992188 0.940625 0.015625 0.015625
0 0.043750 0.982812 0.015625 0.015625
0 0.340625 0.989062 0.015625 0.015625
0 0.415625 0.992188 0.015625 0.015625
0 0.648438 0.995313 0.015625 0.015625
0 0.498437 0.995313 0.015625 0.015625
0 0.576562 0.995313 0.015625 0.015625
0 0.728125 0.996875 0.015625 0.015625
0 0.806250 0.998437 0.015625 0.015625
0 0.164062 0.393750 0.015625 0.015625
0 0.243750 0.400000 0.015625 0.015625
0 0.389062 0.403125 0.015625 0.015625
0 0.359375 0.465625 0.015625 0.015625
0 0.314063 0.534375 0.015625 0.015625
0 0.159375 0.528125 0.015625 0.015625
0 0.543750 0.400000 0.015625 0.015625
0 0.709375 0.404687 0.015625 0.015625
0 0.850000 0.415625 0.015625 0.015625
0 0.164062 0.668750 0.015625 0.015625
0 0.162500 0.606250 0.015625 0.015625
0 0.245312 0.657813 0.015625 0.015625
0 0.190625 0.725000 0.015625 0.015625
0 0.260937 0.723437 0.015625 0.015625
0 0.165625 0.793750 0.015625 0.015625
0 0.053125 0.723437 0.015625 0.015625
0 0.170313 0.856250 0.015625 0.015625
0 0.343750 0.856250 0.015625 0.015625
0 0.306250 0.598437 0.015625 0.015625
0 0.407813 0.275000 0.015625 0.015625
0 0.475000 0.268750 0.015625 0.015625
0 0.550000 0.273438 0.015625 0.015625
0 0.629687 0.276562 0.015625 0.015625
0 0.434375 0.204687 0.015625 0.015625
0 0.745313 0.209375 0.015625 0.015625
0 0.825000 0.206250 0.015625 0.015625
0 0.904687 0.207813 0.015625 0.015625
0 0.889062 0.082812 0.015625 0.015625
0 0.514062 0.076563 0.015625 0.015625
0 0.806250 0.475000 0.015625 0.015625
0 0.659375 0.471875 0.015625 0.015625
0 0.839063 0.676562 0.015625 0.015625
0 0.887500 0.745313 0.015625 0.015625
0 0.843750 0.809375 0.015625 0.015625
0 0.500000 0.729688 0.015625 0.015625
0 0.539062 0.664062 0.015625 0.015625
0 0.573438 0.865625 0.015625 0.015625
0 0.496875 0.867188 0.015625 0.015625
0 0.445312 0.943750 0.015625 0.015625
0 0.721875 0.865625 0.015625 0.015625
0 0.260937 0.993750 0.015625 0.015625
0 0.189062 0.996875 0.015625 0.015625
