0 0.040625 0.028125 0.015625 0.015625
0 0.026562 0.820312 0.015625 0.015625
0 0.065625 0.753125 0.015625 0.015625
0 0.103125 0.823438 0.015625 0.015625
0 0.037500 0.423438 0.015625 0.015625
0 0.070312 0.621875 0.015625 0.015625
0 0.101562 0.950000 0.015625 0.015625
0 0.115625 0.028125 0.015625 0.015625
0 0.342187 0.160938 0.015625 0.015625
0 0.176563 0.826562 0.015625 0.015625
0 0.264062 0.300000 0.015625 0.015625
0 0.112500 0.423438 0.015625 0.015625
0 0.298438 0.623437 0.015625 0.015625
0 0.270313 0.035937 0.015625 0.015625
0 0.143750 0.621875 0.015625 0.015625
0 0.343750 0.034375 0.015625 0.015625
0 0.218750 0.489063 0.015625 0.015625
0 0.375000 0.500000 0.015625 0.015625
0 0.217188 0.621875 0.015625 0.015625
0 0.220312 0.365625 0.015625 0.015625
0 0.334375 0.559375 0.015625 0.015625
0 0.340625 0.296875 0.015625 0.015625
0 0.268750 0.164062 0.015625 0.015625
0 0.218750 0.759375 0.015625 0.015625
0 0.190625 0.160938 0.015625 0.015625
0 0.371875 0.625000 0.015625 0.015625
0 0.335938 0.692187 0.015625 0.015625
0 0.328125 0.831250 0.015625 0.015625
0 0.303125 0.495312 0.015625 0.015625
0 0.150000 0.360938 0.015625 0.015625
0 0.114062 0.154688 0.015625 0.015625
0 0.153125 0.225000 0.015625 0.015625
0 0.107813 0.560937 0.015625 0.015625
0 0.334375 0.429688 0.015625 0.015625
0 0.075000 0.229687 0.015625 0.015625
0 0.307812 0.096875 0.015625 0.015625
0 0.367188 0.753125 0.015625 0.015625
0 0.259375 0.690625 0.015625 0.015625
0 0.251563 0.828125 0.015625 0.015625
0 0.025000 0.685937 0.015625 0.015625
0 0.037500 0.556250 0.015625 0.015625
0 0.142187 0.753125 0.015625 0.015625
0 0.262500 0.428125 0.015625 0.015625
0 0.187500 0.431250 0.015625 0.015625
0 0.300000 0.364063 0.015625 0.015625
0 0.229687 0.223438 0.015625 0.015625
0 0.103125 0.682813 0.015625 0.015625
0 0.262500 0.554688 0.015625 0.015625
0 0.037500 0.153125 0.015625 0.015625
0 0.068750 0.489063 0.015625 0.015625
0 0.035937 0.290625 0.015625 0.015625
0 0.418750 0.298438 0.015625 0.015625
0 0.220312 0.892188 0.015625 0.015625
0 0.193750 0.031250 0.015625 0.015625
0 0.068750 0.359375 0.015625 0.015625
0 0.410938 0.565625 0.015625 0.015625
0 0.295312 0.764062 0.015625 0.015625
0 0.289062 0.887500 0.015625 0.015625
0 0.409375 0.693750 0.015625 0.015625
0 0.173437 0.684375 0.015625 0.015625
0 0.378125 0.365625 0.015625 0.015625
0 0.181250 0.287500 0.015625 0.015625
0 0.084375 0.095312 0.015625 0.015625
0 0.139063 0.882812 0.015625 0.015625
0 0.025000 0.943750 0.015625 0.015625
0 0.060937 0.884375 0.015625 0.015625
0 0.182812 0.545312 0.015625 0.015625
0 0.179688 0.957812 0.015625 0.015625
0 0.403125 0.834375 0.015625 0.015625
0 0.306250 0.231250 0.015625 0.015625
0 0.112500 0.287500 0.015625 0.015625
0 0.259375 0.960938 0.015625 0.015625
