0 0.564063 0.739062 0.015625 0.015625
0 0.034375 0.743750 0.015625 0.015625
0 0.184375 0.748437 0.015625 0.015625
0 0.112500 0.750000 0.015625 0.015625
0 0.259375 0.751563 0.015625 0.015625
0 0.335938 0.753125 0.015625 0.015625
0 0.387500 0.839063 0.015625 0.015625
0 0.082812 0.839063 0.015625 0.015625
0 0.157812 0.839063 0.015625 0.015625
0 0.234375 0.840625 0.015625 0.015625
0 0.318750 0.842187 0.015625 0.015625
0 0.010937 0.843750 0.015625 0.015625
0 0.095312 0.923438 0.015625 0.015625
0 0.317188 0.951562 0.015625 0.015625
0 0.239063 0.953125 0.015625 0.015625
0 0.165625 0.956250 0.015625 0.015625
0 0.467187 0.962500 0.015625 0.015625
0 0.385937 0.971875 0.015625 0.015625
0 0.000000 0.657813 0.015625 0.015625
0 0.037500 0.603125 0.015625 0.015625
0 0.075000 0.664062 0.015625 0.015625
0 0.100000 0.607812 0.015625 0.015625
0 0.154688 0.667188 0.015625 0.015625
0 0.185938 0.609375 0.015625 0.015625
0 0.232813 0.665625 0.015625 0.015625
0 0.260937 0.612500 0.015625 0.015625
0 0.304688 0.668750 0.015625 0.015625
0 0.339062 0.601562 0.015625 0.015625
0 0.376563 0.665625 0.015625 0.015625
0 0.489063 0.606250 0.015625 0.015625
0 0.532813 0.679688 0.015625 0.015625
