0 0.896875 0.004687 0.015625 0.015625
0 0.592187 0.006250 0.015625 0.015625
0 0.818750 0.007812 0.015625 0.015625
0 0.285938 0.014063 0.015625 0.015625
0 0.214062 0.017188 0.015625 0.015625
0 0.753125 0.026562 0.015625 0.015625
0 0.653125 0.031250 0.015625 0.015625
0 0.437500 0.031250 0.015625 0.015625
0 0.173437 0.057813 0.015625 0.015625
0 0.042188 0.062500 0.015625 0.015625
0 0.939063 0.062500 0.015625 0.015625
0 0.862500 0.065625 0.015625 0.015625
0 0.396875 0.076563 0.015625 0.015625
0 0.328125 0.078125 0.015625 0.015625
0 0.546875 0.078125 0.015625 0.015625
0 0.254688 0.079687 0.015625 0.015625
0 0.479687 0.079687 0.015625 0.015625
0 0.701562 0.081250 0.015625 0.015625
0 0.784375 0.081250 0.015625 0.015625
0 0.012500 0.128125 0.015625 0.015625
0 0.129688 0.139063 0.015625 0.015625
0 0.290625 0.142187 0.015625 0.015625
0 0.362500 0.146875 0.015625 0.015625
0 0.584375 0.153125 0.015625 0.015625
0 0.660937 0.154688 0.015625 0.015625
0 0.510938 0.154688 0.015625 0.015625
0 0.812500 0.162500 0.015625 0.015625
0 0.432812 0.162500 0.015625 0.015625
0 0.735938 0.164062 0.015625 0.015625
0 0.887500 0.165625 0.015625 0.015625
0 0.104688 0.195312 0.015625 0.015625
0 0.035937 0.200000 0.015625 0.015625
0 0.170313 0.203125 0.015625 0.015625
0 0.328125 0.210938 0.015625 0.015625
0 0.550000 0.212500 0.015625 0.015625
0 0.404687 0.212500 0.015625 0.015625
0 0.478125 0.212500 0.015625 0.015625
0 0.932813 0.212500 0.015625 0.015625
0 0.779687 0.215625 0.015625 0.015625
0 0.621875 0.217188 0.015625 0.015625
0 0.703125 0.221875 0.015625 0.015625
0 0.889062 0.260937 0.015625 0.015625
0 0.059375 0.264062 0.015625 0.015625
0 0.362500 0.273438 0.015625 0.015625
0 0.814063 0.278125 0.015625 0.015625
0 0.589063 0.278125 0.015625 0.015625
0 0.739062 0.281250 0.015625 0.015625
0 0.662500 0.281250 0.015625 0.015625
0 0.879687 0.325000 0.015625 0.015625
0 0.553125 0.325000 0.015625 0.015625
0 0.020313 0.328125 0.015625 0.015625
0 0.092188 0.328125 0.015625 0.015625
0 0.315625 0.337500 0.015625 0.015625
0 0.243750 0.337500 0.015625 0.015625
0 0.473438 0.339062 0.015625 0.015625
0 0.778125 0.340625 0.015625 0.015625
0 0.626563 0.343750 0.015625 0.015625
0 0.703125 0.343750 0.015625 0.015625
0 0.056250 0.393750 0.015625 0.015625
0 0.809375 0.398438 0.015625 0.015625
0 0.287500 0.400000 0.015625 0.015625
0 0.214062 0.400000 0.015625 0.015625
0 0.434375 0.401562 0.015625 0.015625
0 0.509375 0.401562 0.015625 0.015625
0 0.964063 0.403125 0.015625 0.015625
0 0.737500 0.403125 0.015625 0.015625
0 0.582812 0.403125 0.015625 0.015625
0 0.660937 0.404687 0.015625 0.015625
0 0.889062 0.404687 0.015625 0.015625
0 0.307812 0.454688 0.015625 0.015625
0 0.085938 0.456250 0.015625 0.015625
0 0.707812 0.456250 0.015625 0.015625
0 0.017188 0.457813 0.015625 0.015625
0 0.779687 0.460938 0.015625 0.015625
0 0.853125 0.464062 0.015625 0.015625
0 0.931250 0.464062 0.015625 0.015625
0 0.401562 0.464062 0.015625 0.015625
0 0.543750 0.467187 0.015625 0.015625
0 0.468750 0.467187 0.015625 0.015625
0 0.618750 0.470313 0.015625 0.015625
0 0.264062 0.507812 0.015625 0.015625
0 0.131250 0.521875 0.015625 0.015625
0 0.054688 0.528125 0.015625 0.015625
0 0.732812 0.528125 0.015625 0.015625
0 0.507812 0.532813 0.015625 0.015625
0 0.656250 0.532813 0.015625 0.015625
0 0.579688 0.535937 0.015625 0.015625
0 0.918750 0.582812 0.015625 0.015625
0 0.260937 0.587500 0.015625 0.015625
0 0.321875 0.589063 0.015625 0.015625
0 0.012500 0.589063 0.015625 0.015625
0 0.164062 0.590625 0.015625 0.015625
0 0.765625 0.592187 0.015625 0.015625
0 0.468750 0.593750 0.015625 0.015625
0 0.089063 0.593750 0.015625 0.015625
0 0.684375 0.593750 0.015625 0.015625
0 0.392188 0.596875 0.015625 0.015625
0 0.612500 0.596875 0.015625 0.015625
0 0.542188 0.596875 0.015625 0.015625
0 0.421875 0.656250 0.015625 0.015625
0 0.959375 0.656250 0.015625 0.015625
0 0.128125 0.657813 0.015625 0.015625
0 0.051562 0.657813 0.015625 0.015625
0 0.279687 0.659375 0.015625 0.015625
0 0.725000 0.659375 0.015625 0.015625
0 0.356250 0.660937 0.015625 0.015625
0 0.640625 0.662500 0.015625 0.015625
0 0.506250 0.662500 0.015625 0.015625
0 0.889062 0.664062 0.015625 0.015625
0 0.806250 0.665625 0.015625 0.015625
0 0.603125 0.673438 0.015625 0.015625
0 0.159375 0.718750 0.015625 0.015625
0 0.009375 0.720313 0.015625 0.015625
0 0.090625 0.723437 0.015625 0.015625
0 0.237500 0.723437 0.015625 0.015625
0 0.312500 0.723437 0.015625 0.015625
0 0.385937 0.725000 0.015625 0.015625
0 0.454688 0.726562 0.015625 0.015625
0 0.535937 0.726562 0.015625 0.015625
0 0.767188 0.726562 0.015625 0.015625
0 0.684375 0.732812 0.015625 0.015625
0 0.846875 0.737500 0.015625 0.015625
0 0.923438 0.739062 0.015625 0.015625
0 0.276562 0.787500 0.015625 0.015625
0 0.050000 0.787500 0.015625 0.015625
0 0.125000 0.787500 0.015625 0.015625
0 0.578125 0.789062 0.015625 0.015625
0 0.198437 0.789062 0.015625 0.015625
0 0.350000 0.789062 0.015625 0.015625
0 0.426563 0.790625 0.015625 0.015625
0 0.495312 0.793750 0.015625 0.015625
0 0.806250 0.800000 0.015625 0.015625
0 0.728125 0.801562 0.015625 0.015625
0 0.884375 0.803125 0.015625 0.015625
0 0.960938 0.807813 0.015625 0.015625
0 0.314063 0.851562 0.015625 0.015625
0 0.085938 0.853125 0.015625 0.015625
0 0.159375 0.854688 0.015625 0.015625
0 0.010937 0.854688 0.015625 0.015625
0 0.237500 0.856250 0.015625 0.015625
0 0.385937 0.856250 0.015625 0.015625
0 0.459375 0.859375 0.015625 0.015625
0 0.537500 0.859375 0.015625 0.015625
0 0.609375 0.865625 0.015625 0.015625
0 0.760938 0.870313 0.015625 0.015625
0 0.921875 0.870313 0.015625 0.015625
0 0.840625 0.871875 0.015625 0.015625
0 0.998437 0.876563 0.015625 0.015625
0 0.123438 0.915625 0.015625 0.015625
0 0.276562 0.917188 0.015625 0.015625
0 0.196875 0.918750 0.015625 0.015625
0 0.048438 0.920312 0.015625 0.015625
0 0.346875 0.921875 0.015625 0.015625
0 0.417187 0.921875 0.015625 0.015625
0 0.500000 0.929688 0.015625 0.015625
0 0.651563 0.929688 0.015625 0.015625
0 0.725000 0.931250 0.015625 0.015625
0 0.575000 0.934375 0.015625 0.015625
0 0.807813 0.935937 0.015625 0.015625
0 0.298438 0.978125 0.015625 0.015625
0 0.085938 0.979688 0.015625 0.015625
0 0.234375 0.981250 0.015625 0.015625
0 0.025000 0.982812 0.015625 0.015625
0 0.157812 0.982812 0.015625 0.015625
0 0.382812 0.987500 0.015625 0.015625
0 0.459375 0.989062 0.015625 0.015625
0 0.537500 0.992188 0.015625 0.015625
0 0.681250 0.998437 0.015625 0.015625
