0 0.026562 0.004687 0.015625 0.015625
0 0.070312 0.070312 0.015625 0.015625
0 0.106250 0.003125 0.015625 0.015625
0 0.143750 0.073438 0.015625 0.015625
0 0.181250 0.007812 0.015625 0.015625
0 0.212500 0.068750 0.015625 0.015625
0 0.256250 0.006250 0.015625 0.015625
0 0.293750 0.073438 0.015625 0.015625
0 0.331250 0.012500 0.015625 0.015625
0 0.373437 0.078125 0.015625 0.015625
0 0.410938 0.014063 0.015625 0.015625
0 0.445312 0.070312 0.015625 0.015625
0 0.481250 0.014063 0.015625 0.015625
0 0.518750 0.076563 0.015625 0.015625
0 0.556250 0.010937 0.015625 0.015625
0 0.593750 0.081250 0.015625 0.015625
0 0.626563 0.017188 0.015625 0.015625
0 0.668750 0.079687 0.015625 0.015625
0 0.707812 0.020313 0.015625 0.015625
0 0.745313 0.079687 0.015625 0.015625
0 0.784375 0.017188 0.015625 0.015625
0 0.825000 0.081250 0.015625 0.015625
0 0.859375 0.017188 0.015625 0.015625
0 0.900000 0.087500 0.015625 0.015625
0 0.937500 0.010937 0.015625 0.015625
0 0.975000 0.082812 0.015625 0.015625
0 0.026562 0.135937 0.015625 0.015625
0 0.064062 0.193750 0.015625 0.015625
0 0.095312 0.135937 0.015625 0.015625
0 0.139063 0.201563 0.015625 0.015625
0 0.179688 0.143750 0.015625 0.015625
0 0.214062 0.206250 0.015625 0.015625
0 0.248438 0.143750 0.015625 0.015625
0 0.279687 0.206250 0.015625 0.015625
0 0.325000 0.142187 0.015625 0.015625
0 0.362500 0.207813 0.015625 0.015625
0 0.404687 0.143750 0.015625 0.015625
0 0.443750 0.203125 0.015625 0.015625
0 0.476562 0.146875 0.015625 0.015625
0 0.515625 0.209375 0.015625 0.015625
0 0.553125 0.153125 0.015625 0.015625
0 0.596875 0.210938 0.015625 0.015625
0 0.629687 0.151562 0.015625 0.015625
0 0.665625 0.214062 0.015625 0.015625
0 0.704688 0.151562 0.015625 0.015625
0 0.745313 0.209375 0.015625 0.015625
0 0.784375 0.145313 0.015625 0.015625
0 0.820312 0.214062 0.015625 0.015625
0 0.854688 0.154688 0.015625 0.015625
0 0.900000 0.214062 0.015625 0.015625
0 0.934375 0.148438 0.015625 0.015625
0 0.976562 0.218750 0.015625 0.015625
0 0.025000 0.265625 0.015625 0.015625
0 0.093750 0.267188 0.015625 0.015625
0 0.176563 0.271875 0.015625 0.015625
0 0.251563 0.271875 0.015625 0.015625
0 0.321875 0.270313 0.015625 0.015625
0 0.398438 0.276562 0.015625 0.015625
0 0.476562 0.276562 0.015625 0.015625
0 0.546875 0.281250 0.015625 0.015625
0 0.631250 0.278125 0.015625 0.015625
0 0.696875 0.281250 0.015625 0.015625
0 0.784375 0.284375 0.015625 0.015625
0 0.859375 0.284375 0.015625 0.015625
0 0.937500 0.287500 0.015625 0.015625
0 0.028125 0.396875 0.015625 0.015625
0 0.062500 0.326562 0.015625 0.015625
0 0.095312 0.398438 0.015625 0.015625
0 0.132812 0.331250 0.015625 0.015625
0 0.170313 0.396875 0.015625 0.015625
0 0.212500 0.337500 0.015625 0.015625
0 0.254688 0.400000 0.015625 0.015625
0 0.282813 0.337500 0.015625 0.015625
0 0.335938 0.400000 0.015625 0.015625
0 0.367188 0.339062 0.015625 0.015625
0 0.400000 0.404687 0.015625 0.015625
0 0.435937 0.337500 0.015625 0.015625
0 0.473438 0.396875 0.015625 0.015625
0 0.520312 0.339062 0.015625 0.015625
0 0.557813 0.398438 0.015625 0.015625
0 0.596875 0.340625 0.015625 0.015625
0 0.632812 0.404687 0.015625 0.015625
0 0.665625 0.342187 0.015625 0.015625
0 0.707812 0.410938 0.015625 0.015625
0 0.743750 0.346875 0.015625 0.015625
0 0.785937 0.412500 0.015625 0.015625
0 0.820312 0.353125 0.015625 0.015625
0 0.856250 0.409375 0.015625 0.015625
0 0.893750 0.348438 0.015625 0.015625
0 0.931250 0.414062 0.015625 0.015625
0 0.959375 0.353125 0.015625 0.015625
0 0.021875 0.531250 0.015625 0.015625
0 0.053125 0.462500 0.015625 0.015625
0 0.098437 0.531250 0.015625 0.015625
0 0.139063 0.462500 0.015625 0.015625
0 0.178125 0.529687 0.015625 0.015625
0 0.215625 0.462500 0.015625 0.015625
0 0.251563 0.535937 0.015625 0.015625
0 0.285938 0.465625 0.015625 0.015625
0 0.325000 0.532813 0.015625 0.015625
0 0.356250 0.475000 0.015625 0.015625
0 0.396875 0.540625 0.015625 0.015625
0 0.437500 0.475000 0.015625 0.015625
0 0.512500 0.471875 0.015625 0.015625
0 0.587500 0.479687 0.015625 0.015625
0 0.551562 0.540625 0.015625 0.015625
0 0.467187 0.543750 0.015625 0.015625
0 0.623437 0.539062 0.015625 0.015625
0 0.671875 0.475000 0.015625 0.015625
0 0.701562 0.540625 0.015625 0.015625
0 0.742188 0.476562 0.015625 0.015625
0 0.778125 0.546875 0.015625 0.015625
0 0.817187 0.478125 0.015625 0.015625
0 0.850000 0.543750 0.015625 0.015625
0 0.887500 0.479687 0.015625 0.015625
0 0.926562 0.543750 0.015625 0.015625
0 0.960938 0.485938 0.015625 0.015625
0 0.014063 0.662500 0.015625 0.015625
0 0.059375 0.596875 0.015625 0.015625
0 0.092188 0.662500 0.015625 0.015625
0 0.129688 0.603125 0.015625 0.015625
0 0.167187 0.660937 0.015625 0.015625
0 0.207813 0.593750 0.015625 0.015625
0 0.020313 0.792188 0.015625 0.015625
0 0.056250 0.723437 0.015625 0.015625
0 0.095312 0.792188 0.015625 0.015625
0 0.131250 0.725000 0.015625 0.015625
0 0.173437 0.796875 0.015625 0.015625
0 0.204687 0.728125 0.015625 0.015625
0 0.248438 0.798438 0.015625 0.015625
0 0.284375 0.731250 0.015625 0.015625
0 0.250000 0.662500 0.015625 0.015625
0 0.309375 0.667188 0.015625 0.015625
0 0.284375 0.598437 0.015625 0.015625
0 0.356250 0.606250 0.015625 0.015625
0 0.401562 0.660937 0.015625 0.015625
0 0.437500 0.603125 0.015625 0.015625
0 0.473438 0.664062 0.015625 0.015625
0 0.509375 0.607812 0.015625 0.015625
0 0.551562 0.670312 0.015625 0.015625
0 0.585938 0.607812 0.015625 0.015625
0 0.626563 0.670312 0.015625 0.015625
0 0.665625 0.609375 0.015625 0.015625
0 0.704688 0.668750 0.015625 0.015625
0 0.740625 0.606250 0.015625 0.015625
0 0.778125 0.676562 0.015625 0.015625
0 0.812500 0.610938 0.015625 0.015625
0 0.853125 0.676562 0.015625 0.015625
0 0.885938 0.614062 0.015625 0.015625
0 0.926562 0.678125 0.015625 0.015625
0 0.957812 0.612500 0.015625 0.015625
0 0.317188 0.793750 0.015625 0.015625
0 0.354687 0.731250 0.015625 0.015625
0 0.401562 0.800000 0.015625 0.015625
0 0.434375 0.729688 0.015625 0.015625
0 0.476562 0.801562 0.015625 0.015625
0 0.507812 0.734375 0.015625 0.015625
0 0.553125 0.801562 0.015625 0.015625
0 0.585938 0.734375 0.015625 0.015625
0 0.620313 0.800000 0.015625 0.015625
0 0.659375 0.739062 0.015625 0.015625
0 0.696875 0.803125 0.015625 0.015625
0 0.743750 0.740625 0.015625 0.015625
0 0.778125 0.804688 0.015625 0.015625
0 0.810937 0.745313 0.015625 0.015625
0 0.851562 0.810937 0.015625 0.015625
0 0.885938 0.746875 0.015625 0.015625
0 0.932813 0.812500 0.015625 0.015625
0 0.965625 0.746875 0.015625 0.015625
0 0.014063 0.920312 0.015625 0.015625
0 0.048438 0.860938 0.015625 0.015625
0 0.085938 0.923438 0.015625 0.015625
0 0.129688 0.859375 0.015625 0.015625
0 0.162500 0.921875 0.015625 0.015625
0 0.204687 0.857812 0.015625 0.015625
0 0.239063 0.925000 0.015625 0.015625
0 0.279687 0.859375 0.015625 0.015625
0 0.318750 0.923438 0.015625 0.015625
0 0.346875 0.859375 0.015625 0.015625
0 0.392188 0.931250 0.015625 0.015625
0 0.435937 0.857812 0.015625 0.015625
0 0.467187 0.931250 0.015625 0.015625
0 0.503125 0.865625 0.015625 0.015625
0 0.542188 0.931250 0.015625 0.015625
0 0.578125 0.867188 0.015625 0.015625
0 0.617188 0.932813 0.015625 0.015625
0 0.656250 0.870313 0.015625 0.015625
0 0.692187 0.935937 0.015625 0.015625
0 0.735938 0.870313 0.015625 0.015625
0 0.775000 0.926562 0.015625 0.015625
0 0.810937 0.873437 0.015625 0.015625
0 0.848437 0.939063 0.015625 0.015625
0 0.885938 0.875000 0.015625 0.015625
0 0.921875 0.940625 0.015625 0.015625
0 0.959375 0.878125 0.015625 0.015625
0 0.998437 0.948438 0.015625 0.015625
0 0.045312 0.990625 0.015625 0.015625
0 0.125000 0.993750 0.015625 0.015625
0 0.201563 0.996875 0.015625 0.015625
0 0.275000 0.993750 0.015625 0.015625
0 0.350000 0.998437 0.015625 0.015625
0 0.501563 0.993750 0.015625 0.015625
0 0.576562 0.995313 0.015625 0.015625
0 0.815625 0.996875 0.015625 0.015625
