0 0.042188 0.146875 0.015625 0.015625
0 0.025000 0.181250 0.015625 0.015625
0 0.040625 0.081250 0.015625 0.015625
0 0.000000 0.343750 0.015625 0.015625
0 0.003125 0.146875 0.015625 0.015625
0 0.006250 0.081250 0.015625 0.015625
0 0.060937 0.114062 0.015625 0.015625
0 0.054688 0.310937 0.015625 0.015625
0 0.078125 0.146875 0.015625 0.015625
0 0.003125 0.015625 0.015625 0.015625
0 0.025000 0.046875 0.015625 0.015625
0 0.021875 0.245312 0.015625 0.015625
0 0.262500 0.348438 0.015625 0.015625
0 0.135937 0.182812 0.015625 0.015625
0 0.625000 0.321875 0.015625 0.015625
0 0.400000 0.185938 0.015625 0.015625
0 0.153125 0.148438 0.015625 0.015625
0 0.662500 0.323437 0.015625 0.015625
0 0.264062 0.284375 0.015625 0.015625
0 0.378125 0.350000 0.015625 0.015625
0 0.187500 0.282813 0.015625 0.015625
0 0.589063 0.321875 0.015625 0.015625
0 0.301563 0.284375 0.015625 0.015625
0 0.187500 0.346875 0.015625 0.015625
0 0.473438 0.056250 0.015625 0.015625
0 0.153125 0.281250 0.015625 0.015625
0 0.415625 0.350000 0.015625 0.015625
0 0.281250 0.318750 0.015625 0.015625
0 0.514062 0.123438 0.015625 0.015625
0 0.475000 0.185938 0.015625 0.015625
0 0.453125 0.221875 0.015625 0.015625
0 0.626563 0.059375 0.015625 0.015625
0 0.548438 0.320312 0.015625 0.015625
0 0.362500 0.185938 0.015625 0.015625
0 0.287500 0.184375 0.015625 0.015625
0 0.570312 0.025000 0.015625 0.015625
0 0.364063 0.120313 0.015625 0.015625
0 0.401562 0.121875 0.015625 0.015625
0 0.151562 0.345313 0.015625 0.015625
0 0.589063 0.189062 0.015625 0.015625
0 0.606250 0.157812 0.015625 0.015625
0 0.251563 0.051562 0.015625 0.015625
0 0.339062 0.350000 0.015625 0.015625
0 0.078125 0.081250 0.015625 0.015625
0 0.515625 0.056250 0.015625 0.015625
0 0.437500 0.123438 0.015625 0.015625
0 0.473438 0.320312 0.015625 0.015625
0 0.173437 0.184375 0.015625 0.015625
0 0.548438 0.123438 0.015625 0.015625
0 0.512500 0.187500 0.015625 0.015625
0 0.137500 0.050000 0.015625 0.015625
0 0.606250 0.223438 0.015625 0.015625
0 0.565625 0.223438 0.015625 0.015625
0 0.343750 0.021875 0.015625 0.015625
0 0.112500 0.345313 0.015625 0.015625
0 0.226562 0.282813 0.015625 0.015625
0 0.381250 0.021875 0.015625 0.015625
0 0.228125 0.150000 0.015625 0.015625
0 0.079687 0.017188 0.015625 0.015625
0 0.339062 0.285938 0.015625 0.015625
0 0.117188 0.017188 0.015625 0.015625
0 0.245312 0.250000 0.015625 0.015625
0 0.301563 0.350000 0.015625 0.015625
0 0.326562 0.120313 0.015625 0.015625
0 0.214062 0.050000 0.015625 0.015625
0 0.490625 0.287500 0.015625 0.015625
0 0.304688 0.084375 0.015625 0.015625
0 0.267188 0.084375 0.015625 0.015625
0 0.551562 0.187500 0.015625 0.015625
0 0.229687 0.084375 0.015625 0.015625
0 0.115625 0.148438 0.015625 0.015625
0 0.531250 0.025000 0.015625 0.015625
0 0.510938 0.320312 0.015625 0.015625
0 0.589063 0.125000 0.015625 0.015625
0 0.204687 0.248438 0.015625 0.015625
0 0.210938 0.118750 0.015625 0.015625
0 0.643750 0.223438 0.015625 0.015625
0 0.415625 0.154688 0.015625 0.015625
0 0.192188 0.018750 0.015625 0.015625
0 0.473438 0.123438 0.015625 0.015625
0 0.403125 0.053125 0.015625 0.015625
0 0.764062 0.025000 0.015625 0.015625
0 0.664062 0.256250 0.015625 0.015625
0 0.378125 0.285938 0.015625 0.015625
0 0.589063 0.257812 0.015625 0.015625
0 0.628125 0.125000 0.015625 0.015625
0 0.098437 0.048438 0.015625 0.015625
0 0.192188 0.085938 0.015625 0.015625
0 0.453125 0.089063 0.015625 0.015625
0 0.189062 0.218750 0.015625 0.015625
0 0.231250 0.018750 0.015625 0.015625
0 0.304688 0.153125 0.015625 0.015625
0 0.418750 0.085938 0.015625 0.015625
0 0.610938 0.089063 0.015625 0.015625
0 0.685937 0.157812 0.015625 0.015625
0 0.490625 0.350000 0.015625 0.015625
0 0.378125 0.218750 0.015625 0.015625
0 0.437500 0.184375 0.015625 0.015625
0 0.040625 0.017188 0.015625 0.015625
0 0.606250 0.026562 0.015625 0.015625
0 0.490625 0.221875 0.015625 0.015625
0 0.060937 0.048438 0.015625 0.015625
0 0.435937 0.318750 0.015625 0.015625
0 0.775000 0.326562 0.015625 0.015625
0 0.568750 0.092188 0.015625 0.015625
0 0.528125 0.221875 0.015625 0.015625
0 0.493750 0.023438 0.015625 0.015625
0 0.059375 0.373437 0.015625 0.015625
0 0.115625 0.279687 0.015625 0.015625
0 0.090625 0.376563 0.015625 0.015625
0 0.987500 0.096875 0.015625 0.015625
0 0.590625 0.057813 0.015625 0.015625
0 0.948438 0.293750 0.015625 0.015625
0 0.890625 0.259375 0.015625 0.015625
0 0.915625 0.031250 0.015625 0.015625
0 0.928125 0.259375 0.015625 0.015625
0 0.701562 0.256250 0.015625 0.015625
0 0.962500 0.256250 0.015625 0.015625
0 0.676562 0.357812 0.015625 0.015625
0 0.814063 0.325000 0.015625 0.015625
0 0.950000 0.160938 0.015625 0.015625
0 0.951562 0.032813 0.015625 0.015625
0 0.648438 0.026562 0.015625 0.015625
0 0.968750 0.131250 0.015625 0.015625
0 0.640625 0.357812 0.015625 0.015625
0 0.750000 0.360938 0.015625 0.015625
0 0.854688 0.259375 0.015625 0.015625
0 0.626563 0.256250 0.015625 0.015625
0 0.667188 0.126562 0.015625 0.015625
0 0.645312 0.290625 0.015625 0.015625
0 0.650000 0.092188 0.015625 0.015625
0 0.648438 0.157812 0.015625 0.015625
0 0.053125 0.706250 0.015625 0.015625
0 0.000000 0.410938 0.015625 0.015625
0 0.037500 0.410938 0.015625 0.015625
0 0.000000 0.475000 0.015625 0.015625
0 0.037500 0.675000 0.015625 0.015625
0 0.050000 0.837500 0.015625 0.015625
0 0.035937 0.475000 0.015625 0.015625
0 0.056250 0.443750 0.015625 0.015625
0 0.017188 0.443750 0.015625 0.015625
0 0.451562 0.485938 0.015625 0.015625
0 0.489063 0.485938 0.015625 0.015625
0 0.128125 0.707812 0.015625 0.015625
0 0.673438 0.946875 0.015625 0.015625
0 0.560937 0.687500 0.015625 0.015625
0 0.451562 0.685937 0.015625 0.015625
0 0.487500 0.685937 0.015625 0.015625
0 0.414062 0.418750 0.015625 0.015625
0 0.603125 0.487500 0.015625 0.015625
0 0.278125 0.710938 0.015625 0.015625
0 0.635938 0.946875 0.015625 0.015625
0 0.314063 0.710938 0.015625 0.015625
0 0.450000 0.550000 0.015625 0.015625
0 0.179688 0.871875 0.015625 0.015625
0 0.254688 0.809375 0.015625 0.015625
0 0.203125 0.907813 0.015625 0.015625
0 0.218750 0.807813 0.015625 0.015625
0 0.692187 0.584375 0.015625 0.015625
0 0.526563 0.485938 0.015625 0.015625
0 0.090625 0.706250 0.015625 0.015625
0 0.467187 0.646875 0.015625 0.015625
0 0.075000 0.412500 0.015625 0.015625
0 0.748437 0.946875 0.015625 0.015625
0 0.353125 0.710938 0.015625 0.015625
0 0.087500 0.837500 0.015625 0.015625
0 0.112500 0.479687 0.015625 0.015625
0 0.187500 0.479687 0.015625 0.015625
0 0.314063 0.971875 0.015625 0.015625
0 0.104688 0.806250 0.015625 0.015625
0 0.585938 0.387500 0.015625 0.015625
0 0.073438 0.675000 0.015625 0.015625
0 0.710938 0.687500 0.015625 0.015625
0 0.129688 0.446875 0.015625 0.015625
0 0.351562 0.907813 0.015625 0.015625
0 0.465625 0.910937 0.015625 0.015625
0 0.426563 0.909375 0.015625 0.015625
0 0.731250 0.784375 0.015625 0.015625
0 0.112500 0.410938 0.015625 0.015625
0 0.387500 0.973437 0.015625 0.015625
0 0.710938 0.948438 0.015625 0.015625
0 0.221875 0.742188 0.015625 0.015625
0 0.112500 0.675000 0.015625 0.015625
0 0.164062 0.975000 0.015625 0.015625
0 0.350000 0.973437 0.015625 0.015625
0 0.260937 0.679688 0.015625 0.015625
0 0.204687 0.643750 0.015625 0.015625
0 0.528125 0.420312 0.015625 0.015625
0 0.409375 0.876563 0.015625 0.015625
0 0.125000 0.837500 0.015625 0.015625
0 0.546875 0.385937 0.015625 0.015625
0 0.815625 0.384375 0.015625 0.015625
0 0.314063 0.775000 0.015625 0.015625
0 0.604688 0.356250 0.015625 0.015625
0 0.565625 0.421875 0.015625 0.015625
0 0.560937 0.748437 0.015625 0.015625
0 0.351562 0.510938 0.015625 0.015625
0 0.314063 0.907813 0.015625 0.015625
0 0.428125 0.973437 0.015625 0.015625
0 0.579688 0.717187 0.015625 0.015625
0 0.487500 0.614062 0.015625 0.015625
0 0.279687 0.448437 0.015625 0.015625
0 0.365625 0.810937 0.015625 0.015625
0 0.389062 0.907813 0.015625 0.015625
0 0.075000 0.609375 0.015625 0.015625
0 0.334375 0.810937 0.015625 0.015625
0 0.754687 0.423438 0.015625 0.015625
0 0.093750 0.446875 0.015625 0.015625
0 0.167187 0.907813 0.015625 0.015625
0 0.204687 0.446875 0.015625 0.015625
0 0.635938 0.485938 0.015625 0.015625
0 0.242188 0.445312 0.015625 0.015625
0 0.678125 0.687500 0.015625 0.015625
0 0.578125 0.912500 0.015625 0.015625
0 0.729688 0.584375 0.015625 0.015625
0 0.321875 0.446875 0.015625 0.015625
0 0.509375 0.451562 0.015625 0.015625
0 0.298438 0.681250 0.015625 0.015625
0 0.518750 0.748437 0.015625 0.015625
0 0.250000 0.379688 0.015625 0.015625
0 0.153125 0.214062 0.015625 0.015625
0 0.029687 0.804688 0.015625 0.015625
0 0.584375 0.451562 0.015625 0.015625
0 0.181250 0.737500 0.015625 0.015625
0 0.693750 0.784375 0.015625 0.015625
0 0.104688 0.871875 0.015625 0.015625
0 0.073438 0.545312 0.015625 0.015625
0 0.717187 0.423438 0.015625 0.015625
0 0.767188 0.585938 0.015625 0.015625
0 0.414062 0.612500 0.015625 0.015625
0 0.776563 0.456250 0.015625 0.015625
0 0.789062 0.948438 0.015625 0.015625
0 0.015625 0.706250 0.015625 0.015625
0 0.303125 0.412500 0.015625 0.015625
0 0.614062 0.846875 0.015625 0.015625
0 0.134375 0.312500 0.015625 0.015625
0 0.289062 0.248438 0.015625 0.015625
0 0.179688 0.806250 0.015625 0.015625
0 0.059375 0.181250 0.015625 0.015625
0 0.809375 0.848437 0.015625 0.015625
0 0.504687 0.648438 0.015625 0.015625
0 0.162500 0.839063 0.015625 0.015625
0 0.037500 0.279687 0.015625 0.015625
0 0.096875 0.181250 0.015625 0.015625
0 0.326562 0.181250 0.015625 0.015625
0 0.492188 0.420312 0.015625 0.015625
0 0.171875 0.248438 0.015625 0.015625
0 0.143750 0.609375 0.015625 0.015625
0 0.017188 0.376563 0.015625 0.015625
0 0.437500 0.254688 0.015625 0.015625
0 0.750000 0.689063 0.015625 0.015625
0 0.240625 0.643750 0.015625 0.015625
0 0.789062 0.817187 0.015625 0.015625
0 0.751563 0.618750 0.015625 0.015625
0 0.735938 0.456250 0.015625 0.015625
0 0.615625 0.717187 0.015625 0.015625
0 0.810937 0.521875 0.015625 0.015625
0 0.243750 0.315625 0.015625 0.015625
0 0.034375 0.739062 0.015625 0.015625
0 0.018750 0.310937 0.015625 0.015625
0 0.443750 0.943750 0.015625 0.015625
0 0.331250 0.942187 0.015625 0.015625
0 0.398438 0.250000 0.015625 0.015625
0 0.206250 0.315625 0.015625 0.015625
0 0.889062 0.521875 0.015625 0.015625
0 0.860938 0.950000 0.015625 0.015625
0 0.826562 0.948438 0.015625 0.015625
0 0.901563 0.950000 0.015625 0.015625
0 0.851562 0.521875 0.015625 0.015625
0 0.925000 0.587500 0.015625 0.015625
0 0.885938 0.782813 0.015625 0.015625
0 0.978125 0.954688 0.015625 0.015625
0 0.981250 0.685937 0.015625 0.015625
0 0.831250 0.421875 0.015625 0.015625
0 0.921875 0.918750 0.015625 0.015625
0 0.942187 0.687500 0.015625 0.015625
0 0.978125 0.818750 0.015625 0.015625
0 0.596875 0.946875 0.015625 0.015625
0 0.921875 0.784375 0.015625 0.015625
0 0.828125 0.817187 0.015625 0.015625
0 0.903125 0.818750 0.015625 0.015625
0 0.937500 0.950000 0.015625 0.015625
0 0.829688 0.623437 0.015625 0.015625
0 0.889062 0.587500 0.015625 0.015625
0 0.985938 0.426563 0.015625 0.015625
0 0.848437 0.720313 0.015625 0.015625
0 0.865625 0.817187 0.015625 0.015625
0 0.981250 0.356250 0.015625 0.015625
0 0.640625 0.550000 0.015625 0.015625
0 0.868750 0.423438 0.015625 0.015625
0 0.979688 0.750000 0.015625 0.015625
0 0.939063 0.818750 0.015625 0.015625
0 0.226562 0.679688 0.015625 0.015625
0 0.203125 0.707812 0.015625 0.015625
0 0.170313 0.707812 0.015625 0.015625
0 0.239063 0.707812 0.015625 0.015625
0 0.657813 0.651563 0.015625 0.015625
0 0.687500 0.651563 0.015625 0.015625
0 0.735938 0.654687 0.015625 0.015625
0 0.787500 0.692187 0.015625 0.015625
0 0.823438 0.690625 0.015625 0.015625
0 0.868750 0.690625 0.015625 0.015625
0 0.900000 0.690625 0.015625 0.015625
0 0.890625 0.715625 0.015625 0.015625
0 0.921875 0.715625 0.015625 0.015625
0 0.960938 0.717187 0.015625 0.015625
0 0.282813 0.645312 0.015625 0.015625
0 0.321875 0.645312 0.015625 0.015625
0 0.129688 0.510938 0.015625 0.015625
0 0.093750 0.509375 0.015625 0.015625
0 0.000000 0.539062 0.015625 0.015625
0 0.017188 0.573438 0.015625 0.015625
0 0.054688 0.576562 0.015625 0.015625
0 0.356250 0.646875 0.015625 0.015625
0 0.429688 0.646875 0.015625 0.015625
0 0.965625 0.328125 0.015625 0.015625
0 0.929688 0.323437 0.015625 0.015625
0 0.942187 0.354687 0.015625 0.015625
0 0.910937 0.354687 0.015625 0.015625
0 0.889062 0.325000 0.015625 0.015625
0 0.926562 0.390625 0.015625 0.015625
0 0.956250 0.392188 0.015625 0.015625
0 0.943750 0.425000 0.015625 0.015625
0 0.857812 0.000000 0.015625 0.015625
0 0.721875 0.028125 0.015625 0.015625
0 0.960938 0.196875 0.015625 0.015625
0 0.925000 0.196875 0.015625 0.015625
0 0.896875 0.190625 0.015625 0.015625
0 0.871875 0.226562 0.015625 0.015625
0 0.835938 0.231250 0.015625 0.015625
0 0.912500 0.231250 0.015625 0.015625
0 0.950000 0.231250 0.015625 0.015625
0 0.984375 0.228125 0.015625 0.015625
0 0.987500 0.295312 0.015625 0.015625
0 0.776563 0.060937 0.015625 0.015625
0 0.817187 0.060937 0.015625 0.015625
0 0.853125 0.060937 0.015625 0.015625
0 0.896875 0.060937 0.015625 0.015625
0 0.937500 0.062500 0.015625 0.015625
0 0.909375 0.098437 0.015625 0.015625
0 0.873437 0.095312 0.015625 0.015625
0 0.856250 0.128125 0.015625 0.015625
0 0.893750 0.128125 0.015625 0.015625
0 0.809375 0.129688 0.015625 0.015625
0 0.071875 0.739062 0.015625 0.015625
0 0.104688 0.740625 0.015625 0.015625
0 0.031250 0.770312 0.015625 0.015625
0 0.071875 0.803125 0.015625 0.015625
0 0.031250 0.871875 0.015625 0.015625
0 0.070312 0.871875 0.015625 0.015625
0 0.106250 0.940625 0.015625 0.015625
0 0.125000 0.971875 0.015625 0.015625
0 0.257812 0.742188 0.015625 0.015625
0 0.296875 0.745313 0.015625 0.015625
0 0.331250 0.743750 0.015625 0.015625
0 0.078125 0.217188 0.015625 0.015625
0 0.059375 0.245312 0.015625 0.015625
0 0.096875 0.248438 0.015625 0.015625
0 0.134375 0.248438 0.015625 0.015625
0 0.381250 0.153125 0.015625 0.015625
0 0.339062 0.151562 0.015625 0.015625
0 0.267188 0.151562 0.015625 0.015625
0 0.134375 0.381250 0.015625 0.015625
0 0.565625 0.290625 0.015625 0.015625
0 0.528125 0.289062 0.015625 0.015625
0 0.606250 0.289062 0.015625 0.015625
