0 0.028125 0.175000 0.015625 0.015625
0 0.059375 0.110937 0.015625 0.015625
0 0.096875 0.171875 0.015625 0.015625
0 0.134375 0.114062 0.015625 0.015625
0 0.176563 0.179688 0.015625 0.015625
0 0.210938 0.112500 0.015625 0.015625
0 0.257812 0.190625 0.015625 0.015625
0 0.292187 0.120313 0.015625 0.015625
0 0.368750 0.123438 0.015625 0.015625
0 0.442188 0.121875 0.015625 0.015625
0 0.407813 0.189062 0.015625 0.015625
0 0.479687 0.192188 0.015625 0.015625
0 0.056250 0.254688 0.015625 0.015625
0 0.128125 0.254688 0.015625 0.015625
0 0.206250 0.256250 0.015625 0.015625
0 0.284375 0.253125 0.015625 0.015625
0 0.364063 0.256250 0.015625 0.015625
0 0.437500 0.256250 0.015625 0.015625
0 0.504687 0.267188 0.015625 0.015625
0 0.548438 0.206250 0.015625 0.015625
0 0.589063 0.267188 0.015625 0.015625
0 0.028125 0.053125 0.015625 0.015625
0 0.093750 0.054688 0.015625 0.015625
0 0.179688 0.056250 0.015625 0.015625
0 0.259375 0.053125 0.015625 0.015625
0 0.340625 0.057813 0.015625 0.015625
0 0.420312 0.062500 0.015625 0.015625
0 0.012500 0.314063 0.015625 0.015625
0 0.095312 0.314063 0.015625 0.015625
0 0.170313 0.315625 0.015625 0.015625
0 0.321875 0.323437 0.015625 0.015625
0 0.395313 0.323437 0.015625 0.015625
0 0.482812 0.321875 0.015625 0.015625
0 0.554688 0.321875 0.015625 0.015625
0 0.625000 0.329688 0.015625 0.015625
0 0.010937 0.451562 0.015625 0.015625
0 0.095312 0.446875 0.015625 0.015625
0 0.107813 0.387500 0.015625 0.015625
0 0.165625 0.453125 0.015625 0.015625
0 0.279687 0.389062 0.015625 0.015625
0 0.360938 0.389062 0.015625 0.015625
0 0.401562 0.459375 0.015625 0.015625
0 0.476562 0.456250 0.015625 0.015625
0 0.620313 0.457813 0.015625 0.015625
0 0.657813 0.395313 0.015625 0.015625
0 0.701562 0.459375 0.015625 0.015625
0 0.017188 0.576562 0.015625 0.015625
0 0.054688 0.518750 0.015625 0.015625
0 0.104688 0.579688 0.015625 0.015625
0 0.140625 0.517188 0.015625 0.015625
0 0.167187 0.584375 0.015625 0.015625
0 0.207813 0.525000 0.015625 0.015625
0 0.245312 0.585938 0.015625 0.015625
0 0.278125 0.526563 0.015625 0.015625
0 0.320312 0.589063 0.015625 0.015625
0 0.357812 0.532813 0.015625 0.015625
0 0.432812 0.526563 0.015625 0.015625
0 0.475000 0.595313 0.015625 0.015625
0 0.509375 0.531250 0.015625 0.015625
0 0.581250 0.531250 0.015625 0.015625
0 0.664062 0.531250 0.015625 0.015625
0 0.742188 0.532813 0.015625 0.015625
0 0.710938 0.587500 0.015625 0.015625
0 0.012500 0.707812 0.015625 0.015625
0 0.064062 0.651563 0.015625 0.015625
0 0.096875 0.717187 0.015625 0.015625
0 0.129688 0.654687 0.015625 0.015625
0 0.170313 0.709375 0.015625 0.015625
0 0.209375 0.651563 0.015625 0.015625
0 0.251563 0.714063 0.015625 0.015625
0 0.285938 0.656250 0.015625 0.015625
0 0.328125 0.715625 0.015625 0.015625
0 0.367188 0.656250 0.015625 0.015625
0 0.398438 0.726562 0.015625 0.015625
0 0.435937 0.662500 0.015625 0.015625
0 0.476562 0.723437 0.015625 0.015625
0 0.526563 0.662500 0.015625 0.015625
0 0.559375 0.723437 0.015625 0.015625
0 0.587500 0.664062 0.015625 0.015625
0 0.626563 0.728125 0.015625 0.015625
0 0.676562 0.665625 0.015625 0.015625
0 0.715625 0.735938 0.015625 0.015625
0 0.753125 0.673438 0.015625 0.015625
0 0.784375 0.735938 0.015625 0.015625
0 0.823438 0.678125 0.015625 0.015625
0 0.860938 0.737500 0.015625 0.015625
0 0.057813 0.779687 0.015625 0.015625
0 0.090625 0.843750 0.015625 0.015625
0 0.132812 0.782813 0.015625 0.015625
0 0.210938 0.787500 0.015625 0.015625
0 0.254688 0.851562 0.015625 0.015625
0 0.284375 0.789062 0.015625 0.015625
0 0.367188 0.792188 0.015625 0.015625
0 0.434375 0.789062 0.015625 0.015625
0 0.509375 0.789062 0.015625 0.015625
0 0.595313 0.796875 0.015625 0.015625
0 0.821875 0.800000 0.015625 0.015625
0 0.896875 0.800000 0.015625 0.015625
0 0.931250 0.865625 0.015625 0.015625
0 0.851562 0.867188 0.015625 0.015625
0 0.775000 0.870313 0.015625 0.015625
0 0.701562 0.867188 0.015625 0.015625
0 0.015625 0.984375 0.015625 0.015625
0 0.054688 0.912500 0.015625 0.015625
0 0.084375 0.978125 0.015625 0.015625
0 0.125000 0.912500 0.015625 0.015625
0 0.165625 0.981250 0.015625 0.015625
0 0.204687 0.910937 0.015625 0.015625
0 0.242188 0.987500 0.015625 0.015625
0 0.284375 0.917188 0.015625 0.015625
0 0.317188 0.978125 0.015625 0.015625
0 0.475000 0.987500 0.015625 0.015625
0 0.546875 0.989062 0.015625 0.015625
0 0.621875 0.993750 0.015625 0.015625
0 0.693750 0.998437 0.015625 0.015625
0 0.762500 0.996875 0.015625 0.015625
0 0.846875 0.998437 0.015625 0.015625
0 0.731250 0.926562 0.015625 0.015625
0 0.584375 0.929688 0.015625 0.015625
0 0.515625 0.925000 0.015625 0.015625
0 0.662500 0.926562 0.015625 0.015625
0 0.887500 0.929688 0.015625 0.015625
0 0.931250 0.992188 0.015625 0.015625
0 0.970313 0.932813 0.015625 0.015625
0 0.670312 0.796875 0.015625 0.015625
0 0.743750 0.798438 0.015625 0.015625
0 0.465625 0.856250 0.015625 0.015625
0 0.390625 0.856250 0.015625 0.015625
0 0.328125 0.854688 0.015625 0.015625
0 0.554688 0.859375 0.015625 0.015625
0 0.626563 0.862500 0.015625 0.015625
0 0.160938 0.850000 0.015625 0.015625
0 0.584375 0.396875 0.015625 0.015625
0 0.504687 0.393750 0.015625 0.015625
0 0.540625 0.454688 0.015625 0.015625
0 0.440625 0.392188 0.015625 0.015625
0 0.037500 0.384375 0.015625 0.015625
0 0.432812 0.917188 0.015625 0.015625
0 0.364063 0.918750 0.015625 0.015625
0 0.406250 0.985938 0.015625 0.015625
0 0.814063 0.929688 0.015625 0.015625
