0 0.514062 0.270313 0.015625 0.015625
0 0.514062 0.139063 0.015625 0.015625
0 0.670312 0.143750 0.015625 0.015625
0 0.062500 0.134375 0.015625 0.015625
0 0.284375 0.268750 0.015625 0.015625
0 0.593750 0.139063 0.015625 0.015625
0 0.440625 0.139063 0.015625 0.015625
0 0.820312 0.145313 0.015625 0.015625
0 0.670312 0.275000 0.015625 0.015625
0 0.817187 0.276562 0.015625 0.015625
0 0.135937 0.135937 0.015625 0.015625
0 0.743750 0.273438 0.015625 0.015625
0 0.287500 0.137500 0.015625 0.015625
0 0.367188 0.135937 0.015625 0.015625
0 0.595313 0.010937 0.015625 0.015625
0 0.743750 0.143750 0.015625 0.015625
0 0.167187 0.201563 0.015625 0.015625
0 0.932813 0.214062 0.015625 0.015625
0 0.632812 0.075000 0.015625 0.015625
0 0.400000 0.073438 0.015625 0.015625
0 0.434375 0.270313 0.015625 0.015625
0 0.521875 0.009375 0.015625 0.015625
0 0.364063 0.004687 0.015625 0.015625
0 0.895312 0.146875 0.015625 0.015625
0 0.248438 0.201563 0.015625 0.015625
0 0.707812 0.210938 0.015625 0.015625
0 0.360938 0.270313 0.015625 0.015625
0 0.473438 0.337500 0.015625 0.015625
0 0.784375 0.079687 0.015625 0.015625
0 0.931250 0.343750 0.015625 0.015625
0 0.556250 0.071875 0.015625 0.015625
0 0.587500 0.267188 0.015625 0.015625
0 0.776563 0.337500 0.015625 0.015625
0 0.165625 0.339062 0.015625 0.015625
0 0.964063 0.415625 0.015625 0.015625
0 0.895312 0.275000 0.015625 0.015625
0 0.971875 0.284375 0.015625 0.015625
0 0.432812 0.401562 0.015625 0.015625
0 0.317188 0.335938 0.015625 0.015625
0 0.204687 0.265625 0.015625 0.015625
0 0.885938 0.410938 0.015625 0.015625
0 0.632812 0.207813 0.015625 0.015625
0 0.089063 0.332813 0.015625 0.015625
0 0.846875 0.337500 0.015625 0.015625
0 0.400000 0.203125 0.015625 0.015625
0 0.323437 0.204687 0.015625 0.015625
0 0.809375 0.404687 0.015625 0.015625
0 0.060937 0.268750 0.015625 0.015625
0 0.239063 0.337500 0.015625 0.015625
0 0.703125 0.339062 0.015625 0.015625
0 0.859375 0.209375 0.015625 0.015625
0 0.132812 0.267188 0.015625 0.015625
0 0.392188 0.334375 0.015625 0.015625
0 0.092188 0.196875 0.015625 0.015625
0 0.785937 0.212500 0.015625 0.015625
0 0.545312 0.340625 0.015625 0.015625
0 0.201563 0.404687 0.015625 0.015625
0 0.120313 0.412500 0.015625 0.015625
0 0.020313 0.203125 0.015625 0.015625
0 0.620313 0.345313 0.015625 0.015625
0 0.400000 0.465625 0.015625 0.015625
0 0.484375 0.207813 0.015625 0.015625
0 0.353125 0.400000 0.015625 0.015625
0 0.729688 0.396875 0.015625 0.015625
0 0.553125 0.207813 0.015625 0.015625
0 0.512500 0.410938 0.015625 0.015625
0 0.740625 0.464062 0.015625 0.015625
0 0.218750 0.010937 0.015625 0.015625
0 0.292187 0.009375 0.015625 0.015625
0 0.443750 0.009375 0.015625 0.015625
0 0.476562 0.071875 0.015625 0.015625
0 0.328125 0.071875 0.015625 0.015625
0 0.254688 0.071875 0.015625 0.015625
0 0.178125 0.070312 0.015625 0.015625
0 0.093750 0.068750 0.015625 0.015625
0 0.201563 0.142187 0.015625 0.015625
0 0.685937 0.012500 0.015625 0.015625
0 0.751563 0.007812 0.015625 0.015625
0 0.829688 0.010937 0.015625 0.015625
0 0.909375 0.020313 0.015625 0.015625
0 0.931250 0.089063 0.015625 0.015625
0 0.851562 0.084375 0.015625 0.015625
0 0.714063 0.079687 0.015625 0.015625
0 0.585938 0.410938 0.015625 0.015625
0 0.037500 0.390625 0.015625 0.015625
0 0.004687 0.343750 0.015625 0.015625
0 0.978125 0.020313 0.015625 0.015625
0 0.967187 0.153125 0.015625 0.015625
