0 0.156250 0.025000 0.015625 0.015625
0 0.531250 0.028125 0.015625 0.015625
0 0.079687 0.028125 0.015625 0.015625
0 0.585938 0.039062 0.015625 0.015625
0 0.328125 0.040625 0.015625 0.015625
0 0.689063 0.040625 0.015625 0.015625
0 0.762500 0.043750 0.015625 0.015625
0 0.437500 0.045312 0.015625 0.015625
0 0.914062 0.045312 0.015625 0.015625
0 0.260937 0.070312 0.015625 0.015625
0 0.037500 0.081250 0.015625 0.015625
0 0.192188 0.082812 0.015625 0.015625
0 0.495312 0.089063 0.015625 0.015625
0 0.651563 0.089063 0.015625 0.015625
0 0.123438 0.089063 0.015625 0.015625
0 0.570312 0.093750 0.015625 0.015625
0 0.725000 0.093750 0.015625 0.015625
0 0.412500 0.098437 0.015625 0.015625
0 0.003125 0.140625 0.015625 0.015625
0 0.078125 0.140625 0.015625 0.015625
0 0.154688 0.143750 0.015625 0.015625
0 0.229687 0.145313 0.015625 0.015625
0 0.306250 0.145313 0.015625 0.015625
0 0.381250 0.150000 0.015625 0.015625
0 0.610938 0.150000 0.015625 0.015625
0 0.682813 0.151562 0.015625 0.015625
0 0.454688 0.153125 0.015625 0.015625
0 0.532813 0.154688 0.015625 0.015625
0 0.110937 0.196875 0.015625 0.015625
0 0.560937 0.201563 0.015625 0.015625
0 0.639062 0.204687 0.015625 0.015625
0 0.803125 0.206250 0.015625 0.015625
0 0.270313 0.206250 0.015625 0.015625
0 0.484375 0.206250 0.015625 0.015625
0 0.889062 0.207813 0.015625 0.015625
0 0.035937 0.209375 0.015625 0.015625
0 0.342187 0.209375 0.015625 0.015625
0 0.189062 0.209375 0.015625 0.015625
0 0.726562 0.210938 0.015625 0.015625
0 0.415625 0.214062 0.015625 0.015625
0 0.953125 0.225000 0.015625 0.015625
0 0.089063 0.260937 0.015625 0.015625
0 0.607812 0.262500 0.015625 0.015625
0 0.284375 0.262500 0.015625 0.015625
0 0.534375 0.273438 0.015625 0.015625
0 0.154688 0.275000 0.015625 0.015625
0 0.378125 0.287500 0.015625 0.015625
0 0.454688 0.289062 0.015625 0.015625
0 0.984375 0.290625 0.015625 0.015625
0 0.229687 0.301563 0.015625 0.015625
0 0.826562 0.310937 0.015625 0.015625
0 0.907813 0.318750 0.015625 0.015625
0 0.035937 0.334375 0.015625 0.015625
0 0.190625 0.343750 0.015625 0.015625
0 0.262500 0.345313 0.015625 0.015625
0 0.737500 0.348438 0.015625 0.015625
0 0.950000 0.350000 0.015625 0.015625
0 0.339062 0.351562 0.015625 0.015625
0 0.418750 0.353125 0.015625 0.015625
0 0.571875 0.357812 0.015625 0.015625
0 0.645312 0.364063 0.015625 0.015625
0 0.495312 0.364063 0.015625 0.015625
0 0.804688 0.367188 0.015625 0.015625
0 0.153125 0.396875 0.015625 0.015625
0 0.225000 0.409375 0.015625 0.015625
0 0.378125 0.410938 0.015625 0.015625
0 0.300000 0.415625 0.015625 0.015625
0 0.910937 0.423438 0.015625 0.015625
0 0.607812 0.425000 0.015625 0.015625
0 0.835938 0.439063 0.015625 0.015625
0 0.989062 0.451562 0.015625 0.015625
0 0.340625 0.467187 0.015625 0.015625
0 0.260937 0.476562 0.015625 0.015625
0 0.490625 0.481250 0.015625 0.015625
0 0.414062 0.481250 0.015625 0.015625
0 0.570312 0.485938 0.015625 0.015625
0 0.643750 0.485938 0.015625 0.015625
0 0.718750 0.487500 0.015625 0.015625
0 0.456250 0.535937 0.015625 0.015625
0 0.987500 0.535937 0.015625 0.015625
0 0.685937 0.542188 0.015625 0.015625
0 0.381250 0.548438 0.015625 0.015625
0 0.060937 0.562500 0.015625 0.015625
0 0.306250 0.565625 0.015625 0.015625
0 0.607812 0.573438 0.015625 0.015625
0 0.892188 0.582812 0.015625 0.015625
0 0.182812 0.612500 0.015625 0.015625
0 0.410938 0.620313 0.015625 0.015625
0 0.529687 0.637500 0.015625 0.015625
0 0.932813 0.640625 0.015625 0.015625
0 0.740625 0.646875 0.015625 0.015625
0 0.610938 0.646875 0.015625 0.015625
0 0.140625 0.695312 0.015625 0.015625
0 0.460938 0.698438 0.015625 0.015625
0 0.223438 0.698438 0.015625 0.015625
0 0.556250 0.703125 0.015625 0.015625
0 0.331250 0.710938 0.015625 0.015625
0 0.809375 0.710938 0.015625 0.015625
0 0.875000 0.712500 0.015625 0.015625
0 0.718750 0.712500 0.015625 0.015625
0 0.040625 0.737500 0.015625 0.015625
0 0.185938 0.742188 0.015625 0.015625
0 0.107813 0.743750 0.015625 0.015625
0 0.484375 0.770312 0.015625 0.015625
0 0.584375 0.778125 0.015625 0.015625
0 0.809375 0.784375 0.015625 0.015625
0 0.978125 0.810937 0.015625 0.015625
0 0.515625 0.820312 0.015625 0.015625
0 0.062500 0.835938 0.015625 0.015625
0 0.865625 0.842187 0.015625 0.015625
0 0.723437 0.846875 0.015625 0.015625
0 0.182812 0.870313 0.015625 0.015625
0 0.487500 0.873437 0.015625 0.015625
0 0.262500 0.873437 0.015625 0.015625
0 0.567187 0.873437 0.015625 0.015625
0 0.643750 0.875000 0.015625 0.015625
0 0.931250 0.885938 0.015625 0.015625
0 0.692187 0.935937 0.015625 0.015625
0 0.831250 0.942187 0.015625 0.015625
0 0.226562 0.945312 0.015625 0.015625
0 0.531250 0.945312 0.015625 0.015625
0 0.607812 0.946875 0.015625 0.015625
0 0.303125 0.946875 0.015625 0.015625
0 0.903125 0.946875 0.015625 0.015625
0 0.359375 0.967187 0.015625 0.015625
0 0.978125 0.982812 0.015625 0.015625
0 0.682813 0.993750 0.015625 0.015625
