0 0.943750 0.767188 0.015625 0.015625
0 0.943750 0.896875 0.015625 0.015625
0 0.800000 0.764062 0.015625 0.015625
0 0.765625 0.695312 0.015625 0.015625
0 0.989062 0.707812 0.015625 0.015625
0 0.985938 0.829688 0.015625 0.015625
0 0.762500 0.825000 0.015625 0.015625
0 0.879687 0.634375 0.015625 0.015625
0 0.685937 0.825000 0.015625 0.015625
0 0.871875 0.895312 0.015625 0.015625
0 0.643750 0.890625 0.015625 0.015625
0 0.959375 0.632812 0.015625 0.015625
0 0.810937 0.635938 0.015625 0.015625
0 0.871875 0.762500 0.015625 0.015625
0 0.967187 0.118750 0.015625 0.015625
0 0.939063 0.057813 0.015625 0.015625
0 0.850000 0.050000 0.015625 0.015625
0 0.810937 0.123438 0.015625 0.015625
0 0.778125 0.042188 0.015625 0.015625
0 0.737500 0.114062 0.015625 0.015625
0 0.709375 0.046875 0.015625 0.015625
0 0.650000 0.109375 0.015625 0.015625
0 0.628125 0.040625 0.015625 0.015625
0 0.557813 0.043750 0.015625 0.015625
0 0.510938 0.107813 0.015625 0.015625
0 0.470313 0.042188 0.015625 0.015625
0 0.435937 0.109375 0.015625 0.015625
0 0.398438 0.028125 0.015625 0.015625
0 0.335938 0.115625 0.015625 0.015625
0 0.315625 0.035937 0.015625 0.015625
0 0.271875 0.106250 0.015625 0.015625
0 0.243750 0.032813 0.015625 0.015625
0 0.203125 0.100000 0.015625 0.015625
0 0.168750 0.032813 0.015625 0.015625
0 0.121875 0.101562 0.015625 0.015625
0 0.087500 0.028125 0.015625 0.015625
0 0.037500 0.101562 0.015625 0.015625
0 0.014063 0.021875 0.015625 0.015625
0 0.053125 0.229687 0.015625 0.015625
0 0.007812 0.298438 0.015625 0.015625
0 0.123438 0.232813 0.015625 0.015625
0 0.079687 0.309375 0.015625 0.015625
0 0.198437 0.239063 0.015625 0.015625
0 0.159375 0.310937 0.015625 0.015625
0 0.278125 0.240625 0.015625 0.015625
0 0.235937 0.306250 0.015625 0.015625
0 0.353125 0.240625 0.015625 0.015625
0 0.312500 0.307812 0.015625 0.015625
0 0.423438 0.256250 0.015625 0.015625
0 0.393750 0.312500 0.015625 0.015625
0 0.503125 0.242188 0.015625 0.015625
0 0.468750 0.317188 0.015625 0.015625
0 0.593750 0.242188 0.015625 0.015625
0 0.539062 0.314063 0.015625 0.015625
0 0.665625 0.246875 0.015625 0.015625
0 0.592187 0.329688 0.015625 0.015625
0 0.750000 0.246875 0.015625 0.015625
0 0.667188 0.334375 0.015625 0.015625
0 0.828125 0.240625 0.015625 0.015625
0 0.740625 0.325000 0.015625 0.015625
0 0.892188 0.246875 0.015625 0.015625
0 0.821875 0.326562 0.015625 0.015625
0 0.965625 0.254688 0.015625 0.015625
0 0.050000 0.489063 0.015625 0.015625
0 0.001563 0.565625 0.015625 0.015625
0 0.117188 0.489063 0.015625 0.015625
0 0.081250 0.553125 0.015625 0.015625
0 0.192188 0.490625 0.015625 0.015625
0 0.160938 0.557813 0.015625 0.015625
0 0.248438 0.556250 0.015625 0.015625
0 0.273438 0.495312 0.015625 0.015625
0 0.328125 0.557813 0.015625 0.015625
0 0.360938 0.501563 0.015625 0.015625
0 0.431250 0.498437 0.015625 0.015625
0 0.389062 0.562500 0.015625 0.015625
0 0.495312 0.503125 0.015625 0.015625
0 0.464062 0.562500 0.015625 0.015625
0 0.575000 0.501563 0.015625 0.015625
0 0.539062 0.568750 0.015625 0.015625
0 0.657813 0.496875 0.015625 0.015625
0 0.596875 0.589063 0.015625 0.015625
0 0.726562 0.498437 0.015625 0.015625
0 0.690625 0.560937 0.015625 0.015625
0 0.037500 0.620313 0.015625 0.015625
0 0.071875 0.687500 0.015625 0.015625
0 0.053125 0.746875 0.015625 0.015625
0 0.115625 0.745313 0.015625 0.015625
0 0.190625 0.756250 0.015625 0.015625
0 0.107813 0.607812 0.015625 0.015625
0 0.156250 0.682813 0.015625 0.015625
0 0.195312 0.625000 0.015625 0.015625
0 0.232813 0.695312 0.015625 0.015625
0 0.262500 0.760938 0.015625 0.015625
0 0.273438 0.632812 0.015625 0.015625
0 0.318750 0.700000 0.015625 0.015625
0 0.342187 0.779687 0.015625 0.015625
0 0.350000 0.625000 0.015625 0.015625
0 0.390625 0.690625 0.015625 0.015625
0 0.417187 0.764062 0.015625 0.015625
0 0.428125 0.628125 0.015625 0.015625
0 0.456250 0.695312 0.015625 0.015625
0 0.489063 0.757812 0.015625 0.015625
0 0.500000 0.625000 0.015625 0.015625
0 0.515625 0.684375 0.015625 0.015625
0 0.545312 0.746875 0.015625 0.015625
0 0.556250 0.621875 0.015625 0.015625
0 0.570312 0.679688 0.015625 0.015625
0 0.604688 0.629687 0.015625 0.015625
0 0.615625 0.689063 0.015625 0.015625
0 0.003125 0.820312 0.015625 0.015625
0 0.060937 0.817187 0.015625 0.015625
0 0.159375 0.818750 0.015625 0.015625
0 0.234375 0.820312 0.015625 0.015625
0 0.296875 0.826562 0.015625 0.015625
0 0.375000 0.828125 0.015625 0.015625
0 0.445312 0.832812 0.015625 0.015625
0 0.076563 0.945312 0.015625 0.015625
0 0.139063 0.948438 0.015625 0.015625
0 0.217188 0.956250 0.015625 0.015625
0 0.306250 0.951562 0.015625 0.015625
0 0.373437 0.953125 0.015625 0.015625
0 0.540625 0.437500 0.015625 0.015625
0 0.465625 0.437500 0.015625 0.015625
0 0.496875 0.371875 0.015625 0.015625
0 0.584375 0.368750 0.015625 0.015625
0 0.653125 0.368750 0.015625 0.015625
0 0.004687 0.435937 0.015625 0.015625
0 0.048438 0.348438 0.015625 0.015625
0 0.082812 0.429688 0.015625 0.015625
0 0.129688 0.365625 0.015625 0.015625
0 0.162500 0.429688 0.015625 0.015625
0 0.200000 0.368750 0.015625 0.015625
0 0.250000 0.454688 0.015625 0.015625
0 0.279687 0.357812 0.015625 0.015625
0 0.312500 0.439063 0.015625 0.015625
0 0.342187 0.357812 0.015625 0.015625
0 0.384375 0.435937 0.015625 0.015625
0 0.425000 0.367188 0.015625 0.015625
0 0.625000 0.450000 0.015625 0.015625
0 0.673438 0.450000 0.015625 0.015625
0 0.720313 0.373437 0.015625 0.015625
0 0.764062 0.448437 0.015625 0.015625
0 0.801562 0.382812 0.015625 0.015625
0 0.915625 0.698438 0.015625 0.015625
0 0.904687 0.576562 0.015625 0.015625
0 0.675000 0.956250 0.015625 0.015625
0 0.762500 0.959375 0.015625 0.015625
0 0.842187 0.964063 0.015625 0.015625
0 0.915625 0.965625 0.015625 0.015625
0 0.998437 0.968750 0.015625 0.015625
0 0.003125 0.160938 0.015625 0.015625
0 0.085938 0.167187 0.015625 0.015625
0 0.159375 0.171875 0.015625 0.015625
0 0.243750 0.167187 0.015625 0.015625
0 0.320312 0.171875 0.015625 0.015625
0 0.395313 0.176563 0.015625 0.015625
0 0.478125 0.178125 0.015625 0.015625
0 0.545312 0.178125 0.015625 0.015625
0 0.623437 0.178125 0.015625 0.015625
0 0.696875 0.175000 0.015625 0.015625
0 0.775000 0.178125 0.015625 0.015625
0 0.848437 0.182812 0.015625 0.015625
0 0.604688 0.957812 0.015625 0.015625
0 0.725000 0.889062 0.015625 0.015625
0 0.831250 0.825000 0.015625 0.015625
0 0.723437 0.757812 0.015625 0.015625
0 0.926562 0.179688 0.015625 0.015625
0 0.998437 0.181250 0.015625 0.015625
