0 0.334375 0.032813 0.015625 0.015625
0 0.259375 0.032813 0.015625 0.015625
0 0.204687 0.032813 0.015625 0.015625
0 0.131250 0.029687 0.015625 0.015625
0 0.056250 0.029687 0.015625 0.015625
0 0.054688 0.290625 0.015625 0.015625
0 0.134375 0.295312 0.015625 0.015625
0 0.014063 0.359375 0.015625 0.015625
0 0.101562 0.362500 0.015625 0.015625
0 0.021875 0.225000 0.015625 0.015625
0 0.092188 0.225000 0.015625 0.015625
0 0.059375 0.167187 0.015625 0.015625
0 0.148438 0.168750 0.015625 0.015625
0 0.028125 0.103125 0.015625 0.015625
0 0.117188 0.106250 0.015625 0.015625
0 0.189062 0.106250 0.015625 0.015625
0 0.226562 0.164062 0.015625 0.015625
0 0.259375 0.106250 0.015625 0.015625
0 0.295312 0.159375 0.015625 0.015625
0 0.334375 0.110937 0.015625 0.015625
0 0.359375 0.173437 0.015625 0.015625
0 0.179688 0.226562 0.015625 0.015625
0 0.253125 0.231250 0.015625 0.015625
0 0.326562 0.231250 0.015625 0.015625
0 0.407813 0.231250 0.015625 0.015625
0 0.210938 0.295312 0.015625 0.015625
0 0.289062 0.295312 0.015625 0.015625
0 0.364063 0.296875 0.015625 0.015625
0 0.434375 0.298438 0.015625 0.015625
0 0.473438 0.365625 0.015625 0.015625
0 0.395313 0.370312 0.015625 0.015625
0 0.321875 0.367188 0.015625 0.015625
0 0.240625 0.362500 0.015625 0.015625
0 0.162500 0.362500 0.015625 0.015625
0 0.060937 0.428125 0.015625 0.015625
0 0.135937 0.428125 0.015625 0.015625
0 0.206250 0.429688 0.015625 0.015625
0 0.289062 0.429688 0.015625 0.015625
0 0.362500 0.431250 0.015625 0.015625
0 0.435937 0.434375 0.015625 0.015625
0 0.509375 0.434375 0.015625 0.015625
0 0.545312 0.496875 0.015625 0.015625
0 0.465625 0.498437 0.015625 0.015625
0 0.398438 0.493750 0.015625 0.015625
0 0.317188 0.493750 0.015625 0.015625
0 0.098437 0.492188 0.015625 0.015625
0 0.012500 0.492188 0.015625 0.015625
0 0.056250 0.554688 0.015625 0.015625
0 0.129688 0.560937 0.015625 0.015625
0 0.207813 0.560937 0.015625 0.015625
0 0.278125 0.560937 0.015625 0.015625
0 0.356250 0.559375 0.015625 0.015625
0 0.431250 0.565625 0.015625 0.015625
0 0.510938 0.570312 0.015625 0.015625
0 0.584375 0.565625 0.015625 0.015625
0 0.493750 0.964063 0.015625 0.015625
0 0.560937 0.968750 0.015625 0.015625
0 0.628125 0.965625 0.015625 0.015625
0 0.717187 0.965625 0.015625 0.015625
0 0.795312 0.950000 0.015625 0.015625
0 0.837500 0.892188 0.015625 0.015625
0 0.762500 0.889062 0.015625 0.015625
0 0.879687 0.964063 0.015625 0.015625
0 0.726562 0.834375 0.015625 0.015625
0 0.687500 0.898438 0.015625 0.015625
0 0.435937 0.048438 0.015625 0.015625
0 0.510938 0.029687 0.015625 0.015625
0 0.592187 0.040625 0.015625 0.015625
0 0.671875 0.042188 0.015625 0.015625
0 0.740625 0.050000 0.015625 0.015625
0 0.820312 0.045312 0.015625 0.015625
0 0.900000 0.042188 0.015625 0.015625
0 0.978125 0.057813 0.015625 0.015625
0 0.467187 0.082812 0.015625 0.015625
0 0.509375 0.170313 0.015625 0.015625
0 0.559375 0.085938 0.015625 0.015625
0 0.593750 0.165625 0.015625 0.015625
0 0.637500 0.084375 0.015625 0.015625
0 0.664062 0.171875 0.015625 0.015625
0 0.709375 0.096875 0.015625 0.015625
0 0.735938 0.176563 0.015625 0.015625
0 0.787500 0.096875 0.015625 0.015625
0 0.818750 0.176563 0.015625 0.015625
0 0.859375 0.101562 0.015625 0.015625
0 0.893750 0.175000 0.015625 0.015625
0 0.932813 0.101562 0.015625 0.015625
0 0.965625 0.184375 0.015625 0.015625
0 0.551562 0.235937 0.015625 0.015625
0 0.592187 0.306250 0.015625 0.015625
0 0.635938 0.240625 0.015625 0.015625
0 0.664062 0.303125 0.015625 0.015625
0 0.698438 0.240625 0.015625 0.015625
0 0.739062 0.310937 0.015625 0.015625
0 0.776563 0.242188 0.015625 0.015625
0 0.812500 0.309375 0.015625 0.015625
0 0.853125 0.242188 0.015625 0.015625
0 0.895312 0.315625 0.015625 0.015625
0 0.928125 0.253125 0.015625 0.015625
0 0.967187 0.315625 0.015625 0.015625
0 0.995313 0.906250 0.015625 0.015625
0 0.165625 0.623437 0.015625 0.015625
0 0.235937 0.626563 0.015625 0.015625
0 0.739062 0.437500 0.015625 0.015625
0 0.707812 0.370312 0.015625 0.015625
0 0.626563 0.365625 0.015625 0.015625
0 0.778125 0.375000 0.015625 0.015625
0 0.857812 0.371875 0.015625 0.015625
0 0.934375 0.373437 0.015625 0.015625
0 0.964063 0.445312 0.015625 0.015625
0 0.998437 0.639062 0.015625 0.015625
0 0.920312 0.637500 0.015625 0.015625
0 0.850000 0.642188 0.015625 0.015625
0 0.773438 0.632812 0.015625 0.015625
0 0.812500 0.571875 0.015625 0.015625
0 0.740625 0.567187 0.015625 0.015625
0 0.698438 0.504687 0.015625 0.015625
0 0.767188 0.504687 0.015625 0.015625
0 0.851562 0.506250 0.015625 0.015625
0 0.892188 0.564063 0.015625 0.015625
0 0.926562 0.509375 0.015625 0.015625
0 0.967187 0.573438 0.015625 0.015625
0 0.018750 0.757812 0.015625 0.015625
0 0.081250 0.757812 0.015625 0.015625
0 0.160938 0.759375 0.015625 0.015625
0 0.235937 0.759375 0.015625 0.015625
0 0.309375 0.760938 0.015625 0.015625
0 0.385937 0.759375 0.015625 0.015625
0 0.359375 0.689063 0.015625 0.015625
0 0.425000 0.696875 0.015625 0.015625
0 0.390625 0.629687 0.015625 0.015625
0 0.479687 0.631250 0.015625 0.015625
0 0.537500 0.629687 0.015625 0.015625
0 0.510938 0.693750 0.015625 0.015625
0 0.589063 0.700000 0.015625 0.015625
0 0.542188 0.760938 0.015625 0.015625
0 0.481250 0.764062 0.015625 0.015625
0 0.615625 0.765625 0.015625 0.015625
0 0.410938 0.825000 0.015625 0.015625
0 0.342187 0.826562 0.015625 0.015625
0 0.275000 0.829688 0.015625 0.015625
0 0.310937 0.895312 0.015625 0.015625
0 0.232813 0.885938 0.015625 0.015625
0 0.262500 0.954688 0.015625 0.015625
0 0.182812 0.956250 0.015625 0.015625
0 0.101562 0.956250 0.015625 0.015625
0 0.026562 0.954688 0.015625 0.015625
0 0.148438 0.882812 0.015625 0.015625
0 0.070312 0.889062 0.015625 0.015625
0 0.014063 0.870313 0.015625 0.015625
0 0.040625 0.825000 0.015625 0.015625
0 0.195312 0.690625 0.015625 0.015625
0 0.275000 0.685937 0.015625 0.015625
0 0.115625 0.679688 0.015625 0.015625
0 0.037500 0.685937 0.015625 0.015625
0 0.075000 0.623437 0.015625 0.015625
0 0.123438 0.828125 0.015625 0.015625
0 0.198437 0.823438 0.015625 0.015625
0 0.618750 0.629687 0.015625 0.015625
0 0.657813 0.709375 0.015625 0.015625
0 0.690625 0.757812 0.015625 0.015625
0 0.695312 0.631250 0.015625 0.015625
0 0.657813 0.568750 0.015625 0.015625
0 0.621875 0.495312 0.015625 0.015625
0 0.735938 0.703125 0.015625 0.015625
0 0.585938 0.437500 0.015625 0.015625
0 0.545312 0.359375 0.015625 0.015625
0 0.512500 0.304688 0.015625 0.015625
0 0.470313 0.237500 0.015625 0.015625
0 0.407813 0.164062 0.015625 0.015625
0 0.379688 0.107813 0.015625 0.015625
0 0.901563 0.771875 0.015625 0.015625
0 0.953125 0.831250 0.015625 0.015625
0 0.887500 0.825000 0.015625 0.015625
0 0.940625 0.900000 0.015625 0.015625
0 0.881250 0.446875 0.015625 0.015625
0 0.801562 0.446875 0.015625 0.015625
0 0.654687 0.435937 0.015625 0.015625
