0 0.815625 0.007812 0.015625 0.015625
0 0.679688 0.007812 0.015625 0.015625
0 0.770312 0.007812 0.015625 0.015625
0 0.971875 0.020313 0.015625 0.015625
0 0.898438 0.021875 0.015625 0.015625
0 0.029687 0.059375 0.015625 0.015625
0 0.560937 0.075000 0.015625 0.015625
0 0.932813 0.092188 0.015625 0.015625
0 0.217188 0.132812 0.015625 0.015625
0 0.293750 0.135937 0.015625 0.015625
0 0.370312 0.139063 0.015625 0.015625
0 0.445312 0.142187 0.015625 0.015625
0 0.523438 0.143750 0.015625 0.015625
0 0.600000 0.143750 0.015625 0.015625
0 0.023438 0.193750 0.015625 0.015625
0 0.176563 0.195312 0.015625 0.015625
0 0.101562 0.195312 0.015625 0.015625
0 0.256250 0.198437 0.015625 0.015625
0 0.331250 0.201563 0.015625 0.015625
0 0.407813 0.203125 0.015625 0.015625
0 0.562500 0.204687 0.015625 0.015625
0 0.781250 0.204687 0.015625 0.015625
0 0.484375 0.207813 0.015625 0.015625
0 0.864062 0.210938 0.015625 0.015625
0 0.632812 0.210938 0.015625 0.015625
0 0.932813 0.214062 0.015625 0.015625
0 0.057813 0.262500 0.015625 0.015625
0 0.135937 0.264062 0.015625 0.015625
0 0.210938 0.267188 0.015625 0.015625
0 0.289062 0.270313 0.015625 0.015625
0 0.364063 0.273438 0.015625 0.015625
0 0.520312 0.273438 0.015625 0.015625
0 0.440625 0.273438 0.015625 0.015625
0 0.595313 0.275000 0.015625 0.015625
0 0.893750 0.279687 0.015625 0.015625
0 0.017188 0.326562 0.015625 0.015625
0 0.248438 0.334375 0.015625 0.015625
0 0.328125 0.335938 0.015625 0.015625
0 0.632812 0.337500 0.015625 0.015625
0 0.403125 0.339062 0.015625 0.015625
0 0.706250 0.339062 0.015625 0.015625
0 0.559375 0.340625 0.015625 0.015625
0 0.482812 0.340625 0.015625 0.015625
0 0.854688 0.345313 0.015625 0.015625
0 0.932813 0.348438 0.015625 0.015625
0 0.059375 0.389062 0.015625 0.015625
0 0.209375 0.396875 0.015625 0.015625
0 0.285938 0.398438 0.015625 0.015625
0 0.364063 0.401562 0.015625 0.015625
0 0.675000 0.401562 0.015625 0.015625
0 0.523438 0.404687 0.015625 0.015625
0 0.440625 0.406250 0.015625 0.015625
0 0.971875 0.409375 0.015625 0.015625
0 0.165625 0.454688 0.015625 0.015625
0 0.012500 0.456250 0.015625 0.015625
0 0.248438 0.457813 0.015625 0.015625
0 0.398438 0.462500 0.015625 0.015625
0 0.629687 0.467187 0.015625 0.015625
0 0.703125 0.468750 0.015625 0.015625
0 0.779687 0.468750 0.015625 0.015625
0 0.551562 0.471875 0.015625 0.015625
0 0.475000 0.471875 0.015625 0.015625
0 0.053125 0.521875 0.015625 0.015625
0 0.131250 0.521875 0.015625 0.015625
0 0.206250 0.523438 0.015625 0.015625
0 0.282813 0.525000 0.015625 0.015625
0 0.437500 0.532813 0.015625 0.015625
0 0.660937 0.534375 0.015625 0.015625
0 0.587500 0.534375 0.015625 0.015625
0 0.507812 0.534375 0.015625 0.015625
0 0.735938 0.539062 0.015625 0.015625
0 0.810937 0.540625 0.015625 0.015625
0 0.092188 0.585938 0.015625 0.015625
0 0.012500 0.587500 0.015625 0.015625
0 0.243750 0.587500 0.015625 0.015625
0 0.168750 0.589063 0.015625 0.015625
0 0.390625 0.593750 0.015625 0.015625
0 0.543750 0.593750 0.015625 0.015625
0 0.473438 0.595313 0.015625 0.015625
0 0.695312 0.598437 0.015625 0.015625
0 0.621875 0.600000 0.015625 0.015625
0 0.929688 0.601562 0.015625 0.015625
0 0.771875 0.601562 0.015625 0.015625
0 0.853125 0.603125 0.015625 0.015625
0 0.046875 0.653125 0.015625 0.015625
0 0.131250 0.653125 0.015625 0.015625
0 0.523438 0.654687 0.015625 0.015625
0 0.359375 0.656250 0.015625 0.015625
0 0.206250 0.656250 0.015625 0.015625
0 0.284375 0.656250 0.015625 0.015625
0 0.435937 0.657813 0.015625 0.015625
0 0.737500 0.664062 0.015625 0.015625
0 0.660937 0.665625 0.015625 0.015625
0 0.585938 0.667188 0.015625 0.015625
0 0.890625 0.670312 0.015625 0.015625
0 0.090625 0.717187 0.015625 0.015625
0 0.164062 0.717187 0.015625 0.015625
0 0.010937 0.717187 0.015625 0.015625
0 0.242188 0.720313 0.015625 0.015625
0 0.467187 0.725000 0.015625 0.015625
0 0.542188 0.725000 0.015625 0.015625
0 0.317188 0.725000 0.015625 0.015625
0 0.620313 0.732812 0.015625 0.015625
0 0.770312 0.735938 0.015625 0.015625
0 0.846875 0.735938 0.015625 0.015625
0 0.928125 0.735938 0.015625 0.015625
0 0.050000 0.778125 0.015625 0.015625
0 0.125000 0.782813 0.015625 0.015625
0 0.201563 0.784375 0.015625 0.015625
0 0.354687 0.787500 0.015625 0.015625
0 0.276562 0.792188 0.015625 0.015625
0 0.429688 0.792188 0.015625 0.015625
0 0.506250 0.792188 0.015625 0.015625
0 0.582812 0.796875 0.015625 0.015625
0 0.659375 0.800000 0.015625 0.015625
0 0.734375 0.800000 0.015625 0.015625
0 0.885938 0.801562 0.015625 0.015625
0 0.960938 0.804688 0.015625 0.015625
0 0.010937 0.846875 0.015625 0.015625
0 0.082812 0.853125 0.015625 0.015625
0 0.232813 0.856250 0.015625 0.015625
0 0.157812 0.857812 0.015625 0.015625
0 0.618750 0.860938 0.015625 0.015625
0 0.387500 0.860938 0.015625 0.015625
0 0.312500 0.862500 0.015625 0.015625
0 0.539062 0.864062 0.015625 0.015625
0 0.460938 0.867188 0.015625 0.015625
0 0.846875 0.868750 0.015625 0.015625
0 0.767188 0.870313 0.015625 0.015625
0 0.996875 0.870313 0.015625 0.015625
0 0.921875 0.871875 0.015625 0.015625
0 0.040625 0.915625 0.015625 0.015625
0 0.110937 0.915625 0.015625 0.015625
0 0.350000 0.921875 0.015625 0.015625
0 0.195312 0.923438 0.015625 0.015625
0 0.267188 0.923438 0.015625 0.015625
0 0.582812 0.929688 0.015625 0.015625
0 0.653125 0.931250 0.015625 0.015625
0 0.501563 0.932813 0.015625 0.015625
0 0.420312 0.934375 0.015625 0.015625
0 0.729688 0.934375 0.015625 0.015625
0 0.804688 0.934375 0.015625 0.015625
0 0.884375 0.937500 0.015625 0.015625
0 0.960938 0.940625 0.015625 0.015625
0 0.010937 0.976562 0.015625 0.015625
0 0.154688 0.984375 0.015625 0.015625
0 0.232813 0.990625 0.015625 0.015625
0 0.309375 0.992188 0.015625 0.015625
0 0.384375 0.993750 0.015625 0.015625
0 0.839063 0.998437 0.015625 0.015625
0 0.762500 0.998437 0.015625 0.015625
0 0.612500 0.998437 0.015625 0.015625
0 0.460938 0.998437 0.015625 0.015625
0 0.689063 0.998437 0.015625 0.015625
0 0.484375 0.062500 0.015625 0.015625
0 0.459375 0.004687 0.015625 0.015625
0 0.526563 0.006250 0.015625 0.015625
0 0.407813 0.068750 0.015625 0.015625
0 0.256250 0.073438 0.015625 0.015625
0 0.134375 0.126562 0.015625 0.015625
0 0.362500 0.525000 0.015625 0.015625
0 0.768750 0.082812 0.015625 0.015625
