0 0.659375 0.117188 0.015625 0.015625
0 0.548438 0.120313 0.015625 0.015625
0 0.426563 0.810937 0.015625 0.015625
0 0.342187 0.814063 0.015625 0.015625
0 0.260937 0.815625 0.015625 0.015625
0 0.118750 0.810937 0.015625 0.015625
0 0.192188 0.814063 0.015625 0.015625
0 0.582812 0.812500 0.015625 0.015625
0 0.659375 0.810937 0.015625 0.015625
0 0.210938 0.017188 0.015625 0.015625
0 0.289062 0.015625 0.015625 0.015625
0 0.360938 0.026562 0.015625 0.015625
0 0.825000 0.164062 0.015625 0.015625
0 0.903125 0.167187 0.015625 0.015625
0 0.970313 0.167187 0.015625 0.015625
0 0.756250 0.165625 0.015625 0.015625
0 0.653125 0.164062 0.015625 0.015625
0 0.575000 0.157812 0.015625 0.015625
0 0.509375 0.154688 0.015625 0.015625
0 0.548438 0.223438 0.015625 0.015625
0 0.637500 0.229687 0.015625 0.015625
0 0.706250 0.225000 0.015625 0.015625
0 0.779687 0.232813 0.015625 0.015625
0 0.851562 0.232813 0.015625 0.015625
0 0.931250 0.235937 0.015625 0.015625
0 0.951562 0.296875 0.015625 0.015625
0 0.884375 0.295312 0.015625 0.015625
0 0.803125 0.293750 0.015625 0.015625
0 0.723437 0.295312 0.015625 0.015625
0 0.645312 0.293750 0.015625 0.015625
0 0.582812 0.290625 0.015625 0.015625
0 0.512500 0.290625 0.015625 0.015625
0 0.435937 0.284375 0.015625 0.015625
0 0.353125 0.284375 0.015625 0.015625
0 0.276562 0.282813 0.015625 0.015625
0 0.203125 0.278125 0.015625 0.015625
0 0.106250 0.282813 0.015625 0.015625
0 0.037500 0.279687 0.015625 0.015625
0 0.160938 0.481250 0.015625 0.015625
0 0.081250 0.478125 0.015625 0.015625
0 0.054688 0.418750 0.015625 0.015625
0 0.131250 0.414062 0.015625 0.015625
0 0.095312 0.343750 0.015625 0.015625
0 0.170313 0.340625 0.015625 0.015625
0 0.253125 0.342187 0.015625 0.015625
0 0.325000 0.342187 0.015625 0.015625
0 0.385937 0.342187 0.015625 0.015625
0 0.478125 0.345313 0.015625 0.015625
0 0.534375 0.351562 0.015625 0.015625
0 0.609375 0.351562 0.015625 0.015625
0 0.703125 0.353125 0.015625 0.015625
0 0.775000 0.354687 0.015625 0.015625
0 0.851562 0.354687 0.015625 0.015625
0 0.926562 0.357812 0.015625 0.015625
0 0.954688 0.426563 0.015625 0.015625
0 0.873437 0.431250 0.015625 0.015625
0 0.800000 0.428125 0.015625 0.015625
0 0.725000 0.425000 0.015625 0.015625
0 0.650000 0.425000 0.015625 0.015625
0 0.575000 0.420312 0.015625 0.015625
0 0.500000 0.415625 0.015625 0.015625
0 0.425000 0.417187 0.015625 0.015625
0 0.343750 0.420312 0.015625 0.015625
0 0.270313 0.418750 0.015625 0.015625
0 0.190625 0.414062 0.015625 0.015625
0 0.000000 0.110937 0.015625 0.015625
0 0.064062 0.110937 0.015625 0.015625
0 0.117188 0.109375 0.015625 0.015625
0 0.189062 0.107813 0.015625 0.015625
0 0.246875 0.112500 0.015625 0.015625
0 0.439063 0.120313 0.015625 0.015625
0 0.159375 0.214062 0.015625 0.015625
0 0.093750 0.214062 0.015625 0.015625
0 0.014063 0.217188 0.015625 0.015625
0 0.309375 0.220312 0.015625 0.015625
0 0.420312 0.225000 0.015625 0.015625
0 0.464062 0.223438 0.015625 0.015625
0 0.942187 0.557813 0.015625 0.015625
0 0.870313 0.557813 0.015625 0.015625
0 0.809375 0.556250 0.015625 0.015625
0 0.729688 0.554688 0.015625 0.015625
0 0.646875 0.556250 0.015625 0.015625
0 0.573438 0.550000 0.015625 0.015625
0 0.984375 0.626563 0.015625 0.015625
0 0.906250 0.621875 0.015625 0.015625
0 0.837500 0.623437 0.015625 0.015625
0 0.773438 0.625000 0.015625 0.015625
0 0.682813 0.614062 0.015625 0.015625
0 0.626563 0.620313 0.015625 0.015625
0 0.545312 0.612500 0.015625 0.015625
0 0.456250 0.606250 0.015625 0.015625
0 0.096875 0.614062 0.015625 0.015625
0 0.154688 0.615625 0.015625 0.015625
0 0.017188 0.614062 0.015625 0.015625
0 0.126562 0.678125 0.015625 0.015625
0 0.196875 0.671875 0.015625 0.015625
0 0.267188 0.676562 0.015625 0.015625
0 0.362500 0.676562 0.015625 0.015625
0 0.423438 0.679688 0.015625 0.015625
0 0.492188 0.678125 0.015625 0.015625
0 0.406250 0.625000 0.015625 0.015625
0 0.590625 0.681250 0.015625 0.015625
0 0.656250 0.687500 0.015625 0.015625
0 0.806250 0.690625 0.015625 0.015625
0 0.879687 0.687500 0.015625 0.015625
0 0.960938 0.698438 0.015625 0.015625
0 0.073438 0.740625 0.015625 0.015625
0 0.048438 0.673438 0.015625 0.015625
0 0.760938 0.818750 0.015625 0.015625
0 0.810937 0.823438 0.015625 0.015625
0 0.893750 0.815625 0.015625 0.015625
0 0.964063 0.818750 0.015625 0.015625
0 0.996875 0.884375 0.015625 0.015625
0 0.625000 0.875000 0.015625 0.015625
0 0.450000 0.876563 0.015625 0.015625
0 0.381250 0.876563 0.015625 0.015625
0 0.292187 0.870313 0.015625 0.015625
0 0.160938 0.868750 0.015625 0.015625
0 0.095312 0.868750 0.015625 0.015625
0 0.034375 0.867188 0.015625 0.015625
0 0.032813 0.804688 0.015625 0.015625
0 0.489063 0.948438 0.015625 0.015625
0 0.567187 0.942187 0.015625 0.015625
0 0.651563 0.942187 0.015625 0.015625
0 0.725000 0.942187 0.015625 0.015625
0 0.956250 0.951562 0.015625 0.015625
0 0.871875 0.953125 0.015625 0.015625
0 0.917188 0.884375 0.015625 0.015625
0 0.829688 0.878125 0.015625 0.015625
