0 0.543750 0.010937 0.015625 0.015625
0 0.037500 0.017188 0.015625 0.015625
0 0.267188 0.028125 0.015625 0.015625
0 0.187500 0.050000 0.015625 0.015625
0 0.967187 0.059375 0.015625 0.015625
0 0.509375 0.059375 0.015625 0.015625
0 0.075000 0.095312 0.015625 0.015625
0 0.987500 0.096875 0.015625 0.015625
0 0.381250 0.100000 0.015625 0.015625
0 0.234375 0.106250 0.015625 0.015625
0 0.656250 0.148438 0.015625 0.015625
0 0.035937 0.159375 0.015625 0.015625
0 0.560937 0.159375 0.015625 0.015625
0 0.492188 0.159375 0.015625 0.015625
0 0.860938 0.160938 0.015625 0.015625
0 0.110937 0.162500 0.015625 0.015625
0 0.420312 0.162500 0.015625 0.015625
0 0.267188 0.162500 0.015625 0.015625
0 0.190625 0.164062 0.015625 0.015625
0 0.348438 0.165625 0.015625 0.015625
0 0.942187 0.168750 0.015625 0.015625
0 0.076563 0.220312 0.015625 0.015625
0 0.306250 0.221875 0.015625 0.015625
0 0.157812 0.221875 0.015625 0.015625
0 0.531250 0.223438 0.015625 0.015625
0 0.231250 0.223438 0.015625 0.015625
0 0.457813 0.229687 0.015625 0.015625
0 0.384375 0.231250 0.015625 0.015625
0 0.837500 0.232813 0.015625 0.015625
0 0.993750 0.243750 0.015625 0.015625
0 0.267188 0.285938 0.015625 0.015625
0 0.190625 0.289062 0.015625 0.015625
0 0.342187 0.289062 0.015625 0.015625
0 0.418750 0.293750 0.015625 0.015625
0 0.809375 0.295312 0.015625 0.015625
0 0.032813 0.300000 0.015625 0.015625
0 0.109375 0.300000 0.015625 0.015625
0 0.959375 0.323437 0.015625 0.015625
0 0.607812 0.323437 0.015625 0.015625
0 0.001563 0.351562 0.015625 0.015625
0 0.231250 0.354687 0.015625 0.015625
0 0.760938 0.354687 0.015625 0.015625
0 0.306250 0.354687 0.015625 0.015625
0 0.382812 0.356250 0.015625 0.015625
0 0.832812 0.359375 0.015625 0.015625
0 0.156250 0.360938 0.015625 0.015625
0 0.112500 0.410938 0.015625 0.015625
0 0.189062 0.415625 0.015625 0.015625
0 0.039062 0.415625 0.015625 0.015625
0 0.343750 0.415625 0.015625 0.015625
0 0.417187 0.418750 0.015625 0.015625
0 0.870313 0.428125 0.015625 0.015625
0 0.787500 0.429688 0.015625 0.015625
0 0.246875 0.448437 0.015625 0.015625
0 0.479687 0.448437 0.015625 0.015625
0 0.570312 0.448437 0.015625 0.015625
0 0.306250 0.484375 0.015625 0.015625
0 0.154688 0.484375 0.015625 0.015625
0 0.004687 0.484375 0.015625 0.015625
0 0.081250 0.484375 0.015625 0.015625
0 0.835938 0.498437 0.015625 0.015625
0 0.896875 0.520312 0.015625 0.015625
0 0.037500 0.542188 0.015625 0.015625
0 0.265625 0.546875 0.015625 0.015625
0 0.110937 0.546875 0.015625 0.015625
0 0.190625 0.546875 0.015625 0.015625
0 0.789062 0.556250 0.015625 0.015625
0 0.517188 0.610938 0.015625 0.015625
0 0.148438 0.612500 0.015625 0.015625
0 0.592187 0.614062 0.015625 0.015625
0 0.232813 0.614062 0.015625 0.015625
0 0.682813 0.615625 0.015625 0.015625
0 0.979688 0.620313 0.015625 0.015625
0 0.756250 0.621875 0.015625 0.015625
0 0.420312 0.659375 0.015625 0.015625
0 0.934375 0.664062 0.015625 0.015625
0 0.639062 0.690625 0.015625 0.015625
0 0.562500 0.698438 0.015625 0.015625
0 0.720313 0.701562 0.015625 0.015625
0 0.856250 0.704688 0.015625 0.015625
0 0.959375 0.717187 0.015625 0.015625
0 0.442188 0.735938 0.015625 0.015625
0 0.068750 0.739062 0.015625 0.015625
0 0.384375 0.740625 0.015625 0.015625
0 0.279687 0.740625 0.015625 0.015625
0 0.518750 0.745313 0.015625 0.015625
0 0.592187 0.745313 0.015625 0.015625
0 0.676562 0.753125 0.015625 0.015625
0 0.007812 0.795312 0.015625 0.015625
0 0.106250 0.801562 0.015625 0.015625
0 0.337500 0.809375 0.015625 0.015625
0 0.632812 0.810937 0.015625 0.015625
0 0.725000 0.812500 0.015625 0.015625
0 0.184375 0.814063 0.015625 0.015625
0 0.559375 0.817187 0.015625 0.015625
0 0.354687 0.845313 0.015625 0.015625
0 0.790625 0.846875 0.015625 0.015625
0 0.054688 0.864062 0.015625 0.015625
0 0.143750 0.873437 0.015625 0.015625
0 0.601562 0.885938 0.015625 0.015625
0 0.753125 0.887500 0.015625 0.015625
0 0.676562 0.887500 0.015625 0.015625
0 0.978125 0.895312 0.015625 0.015625
0 0.464062 0.907813 0.015625 0.015625
0 0.407813 0.909375 0.015625 0.015625
0 0.029687 0.937500 0.015625 0.015625
0 0.104688 0.945312 0.015625 0.015625
0 0.709375 0.951562 0.015625 0.015625
0 0.790625 0.953125 0.015625 0.015625
0 0.362500 0.993750 0.015625 0.015625
0 0.962500 0.995313 0.015625 0.015625
