0 0.012500 0.309375 0.015625 0.015625
0 0.042188 0.240625 0.015625 0.015625
0 0.093750 0.309375 0.015625 0.015625
0 0.120313 0.245312 0.015625 0.015625
0 0.167187 0.318750 0.015625 0.015625
0 0.200000 0.245312 0.015625 0.015625
0 0.239063 0.320312 0.015625 0.015625
0 0.278125 0.246875 0.015625 0.015625
0 0.315625 0.320312 0.015625 0.015625
0 0.351562 0.251563 0.015625 0.015625
0 0.390625 0.325000 0.015625 0.015625
0 0.442188 0.246875 0.015625 0.015625
0 0.471875 0.323437 0.015625 0.015625
0 0.506250 0.257812 0.015625 0.015625
0 0.535937 0.321875 0.015625 0.015625
0 0.578125 0.254688 0.015625 0.015625
0 0.615625 0.321875 0.015625 0.015625
0 0.653125 0.259375 0.015625 0.015625
0 0.692187 0.329688 0.015625 0.015625
0 0.739062 0.246875 0.015625 0.015625
0 0.775000 0.328125 0.015625 0.015625
0 0.804688 0.267188 0.015625 0.015625
0 0.840625 0.331250 0.015625 0.015625
0 0.882812 0.264062 0.015625 0.015625
0 0.926562 0.331250 0.015625 0.015625
0 0.960938 0.265625 0.015625 0.015625
0 0.010937 0.440625 0.015625 0.015625
0 0.043750 0.381250 0.015625 0.015625
0 0.078125 0.456250 0.015625 0.015625
0 0.120313 0.375000 0.015625 0.015625
0 0.160938 0.442188 0.015625 0.015625
0 0.195312 0.378125 0.015625 0.015625
0 0.231250 0.451562 0.015625 0.015625
0 0.265625 0.385937 0.015625 0.015625
0 0.317188 0.457813 0.015625 0.015625
0 0.350000 0.382812 0.015625 0.015625
0 0.389062 0.457813 0.015625 0.015625
0 0.426563 0.384375 0.015625 0.015625
0 0.467187 0.453125 0.015625 0.015625
0 0.509375 0.381250 0.015625 0.015625
0 0.545312 0.446875 0.015625 0.015625
0 0.571875 0.379688 0.015625 0.015625
0 0.621875 0.450000 0.015625 0.015625
0 0.654687 0.384375 0.015625 0.015625
0 0.698438 0.457813 0.015625 0.015625
0 0.718750 0.401562 0.015625 0.015625
0 0.762500 0.456250 0.015625 0.015625
0 0.801562 0.395313 0.015625 0.015625
0 0.842187 0.462500 0.015625 0.015625
0 0.876563 0.398438 0.015625 0.015625
0 0.910937 0.456250 0.015625 0.015625
0 0.954688 0.400000 0.015625 0.015625
0 0.996875 0.468750 0.015625 0.015625
0 0.012500 0.587500 0.015625 0.015625
0 0.043750 0.509375 0.015625 0.015625
0 0.076563 0.576562 0.015625 0.015625
0 0.114062 0.514062 0.015625 0.015625
0 0.154688 0.584375 0.015625 0.015625
0 0.195312 0.514062 0.015625 0.015625
0 0.239063 0.585938 0.015625 0.015625
0 0.271875 0.517188 0.015625 0.015625
0 0.309375 0.595313 0.015625 0.015625
0 0.350000 0.520312 0.015625 0.015625
0 0.384375 0.582812 0.015625 0.015625
0 0.425000 0.515625 0.015625 0.015625
0 0.465625 0.592187 0.015625 0.015625
0 0.495312 0.523438 0.015625 0.015625
0 0.542188 0.592187 0.015625 0.015625
0 0.576562 0.514062 0.015625 0.015625
0 0.620313 0.575000 0.015625 0.015625
0 0.657813 0.521875 0.015625 0.015625
0 0.693750 0.592187 0.015625 0.015625
0 0.729688 0.526563 0.015625 0.015625
0 0.760938 0.596875 0.015625 0.015625
0 0.800000 0.534375 0.015625 0.015625
0 0.845313 0.612500 0.015625 0.015625
0 0.882812 0.537500 0.015625 0.015625
0 0.910937 0.604688 0.015625 0.015625
0 0.953125 0.534375 0.015625 0.015625
0 0.998437 0.610938 0.015625 0.015625
0 0.012500 0.715625 0.015625 0.015625
0 0.039062 0.643750 0.015625 0.015625
0 0.085938 0.710938 0.015625 0.015625
0 0.123438 0.632812 0.015625 0.015625
0 0.156250 0.725000 0.015625 0.015625
0 0.193750 0.646875 0.015625 0.015625
0 0.231250 0.720313 0.015625 0.015625
0 0.276562 0.643750 0.015625 0.015625
0 0.309375 0.710938 0.015625 0.015625
0 0.346875 0.654687 0.015625 0.015625
0 0.385937 0.718750 0.015625 0.015625
0 0.417187 0.659375 0.015625 0.015625
0 0.445312 0.726562 0.015625 0.015625
0 0.487500 0.656250 0.015625 0.015625
0 0.531250 0.726562 0.015625 0.015625
0 0.575000 0.660937 0.015625 0.015625
0 0.609375 0.718750 0.015625 0.015625
0 0.650000 0.657813 0.015625 0.015625
0 0.687500 0.721875 0.015625 0.015625
0 0.726562 0.660937 0.015625 0.015625
0 0.765625 0.726562 0.015625 0.015625
0 0.801562 0.676562 0.015625 0.015625
0 0.826562 0.729688 0.015625 0.015625
0 0.871875 0.662500 0.015625 0.015625
0 0.910937 0.726562 0.015625 0.015625
0 0.954688 0.671875 0.015625 0.015625
0 0.067187 0.843750 0.015625 0.015625
0 0.125000 0.778125 0.015625 0.015625
0 0.157812 0.845313 0.015625 0.015625
0 0.190625 0.773438 0.015625 0.015625
0 0.235937 0.850000 0.015625 0.015625
0 0.260937 0.782813 0.015625 0.015625
0 0.306250 0.856250 0.015625 0.015625
0 0.335938 0.781250 0.015625 0.015625
0 0.384375 0.845313 0.015625 0.015625
0 0.423438 0.779687 0.015625 0.015625
0 0.459375 0.853125 0.015625 0.015625
0 0.489063 0.792188 0.015625 0.015625
0 0.529687 0.862500 0.015625 0.015625
0 0.565625 0.787500 0.015625 0.015625
0 0.610938 0.854688 0.015625 0.015625
0 0.643750 0.792188 0.015625 0.015625
0 0.689063 0.851562 0.015625 0.015625
0 0.725000 0.790625 0.015625 0.015625
0 0.759375 0.857812 0.015625 0.015625
0 0.798438 0.790625 0.015625 0.015625
0 0.842187 0.867188 0.015625 0.015625
0 0.870313 0.793750 0.015625 0.015625
0 0.915625 0.865625 0.015625 0.015625
0 0.951562 0.800000 0.015625 0.015625
0 0.995313 0.854688 0.015625 0.015625
0 0.065625 0.973437 0.015625 0.015625
0 0.101562 0.912500 0.015625 0.015625
0 0.153125 0.979688 0.015625 0.015625
0 0.190625 0.909375 0.015625 0.015625
0 0.232813 0.967187 0.015625 0.015625
0 0.270313 0.907813 0.015625 0.015625
0 0.301563 0.987500 0.015625 0.015625
0 0.340625 0.914062 0.015625 0.015625
0 0.382812 0.978125 0.015625 0.015625
0 0.417187 0.920312 0.015625 0.015625
0 0.453125 0.981250 0.015625 0.015625
0 0.489063 0.918750 0.015625 0.015625
0 0.539062 0.976562 0.015625 0.015625
0 0.564063 0.923438 0.015625 0.015625
0 0.609375 0.987500 0.015625 0.015625
0 0.642188 0.929688 0.015625 0.015625
0 0.679688 0.992188 0.015625 0.015625
0 0.715625 0.915625 0.015625 0.015625
0 0.759375 0.985938 0.015625 0.015625
0 0.796875 0.935937 0.015625 0.015625
0 0.831250 0.990625 0.015625 0.015625
0 0.875000 0.917188 0.015625 0.015625
0 0.907813 0.989062 0.015625 0.015625
0 0.953125 0.926562 0.015625 0.015625
0 0.993750 0.987500 0.015625 0.015625
0 0.003125 0.140625 0.015625 0.015625
0 0.082812 0.145313 0.015625 0.015625
0 0.156250 0.140625 0.015625 0.015625
0 0.232813 0.139063 0.015625 0.015625
0 0.314063 0.143750 0.015625 0.015625
0 0.389062 0.153125 0.015625 0.015625
0 0.460938 0.153125 0.015625 0.015625
0 0.537500 0.154688 0.015625 0.015625
0 0.603125 0.159375 0.015625 0.015625
0 0.685937 0.162500 0.015625 0.015625
0 0.760938 0.160938 0.015625 0.015625
0 0.835938 0.168750 0.015625 0.015625
0 0.914062 0.170313 0.015625 0.015625
0 0.990625 0.170313 0.015625 0.015625
0 0.032813 0.906250 0.015625 0.015625
