0 0.054688 0.014063 0.015625 0.015625
0 0.278125 0.023438 0.015625 0.015625
0 0.429688 0.023438 0.015625 0.015625
0 0.354687 0.026562 0.015625 0.015625
0 0.506250 0.029687 0.015625 0.015625
0 0.579688 0.032813 0.015625 0.015625
0 0.656250 0.035937 0.015625 0.015625
0 0.731250 0.037500 0.015625 0.015625
0 0.885938 0.040625 0.015625 0.015625
0 0.960938 0.043750 0.015625 0.015625
0 0.089063 0.075000 0.015625 0.015625
0 0.009375 0.081250 0.015625 0.015625
0 0.235937 0.089063 0.015625 0.015625
0 0.309375 0.093750 0.015625 0.015625
0 0.464062 0.095312 0.015625 0.015625
0 0.539062 0.095312 0.015625 0.015625
0 0.762500 0.101562 0.015625 0.015625
0 0.921875 0.107813 0.015625 0.015625
0 0.995313 0.109375 0.015625 0.015625
0 0.273438 0.150000 0.015625 0.015625
0 0.503125 0.159375 0.015625 0.015625
0 0.579688 0.165625 0.015625 0.015625
0 0.721875 0.168750 0.015625 0.015625
0 0.654687 0.170313 0.015625 0.015625
0 0.959375 0.173437 0.015625 0.015625
0 0.378125 0.217188 0.015625 0.015625
0 0.532813 0.223438 0.015625 0.015625
0 0.493750 0.287500 0.015625 0.015625
0 0.570312 0.292187 0.015625 0.015625
0 0.653125 0.295312 0.015625 0.015625
0 0.956250 0.295312 0.015625 0.015625
0 0.879687 0.296875 0.015625 0.015625
0 0.745313 0.342187 0.015625 0.015625
0 0.317188 0.348438 0.015625 0.015625
0 0.381250 0.354687 0.015625 0.015625
0 0.456250 0.356250 0.015625 0.015625
0 0.840625 0.357812 0.015625 0.015625
0 0.534375 0.360938 0.015625 0.015625
0 0.684375 0.364063 0.015625 0.015625
0 0.606250 0.364063 0.015625 0.015625
0 0.914062 0.367188 0.015625 0.015625
0 0.990625 0.367188 0.015625 0.015625
0 0.337500 0.418750 0.015625 0.015625
0 0.415625 0.421875 0.015625 0.015625
0 0.489063 0.425000 0.015625 0.015625
0 0.648438 0.429688 0.015625 0.015625
0 0.721875 0.429688 0.015625 0.015625
0 0.567187 0.429688 0.015625 0.015625
0 0.375000 0.484375 0.015625 0.015625
0 0.301563 0.484375 0.015625 0.015625
0 0.453125 0.485938 0.015625 0.015625
0 0.531250 0.489063 0.015625 0.015625
0 0.609375 0.493750 0.015625 0.015625
0 0.682813 0.493750 0.015625 0.015625
0 0.415625 0.546875 0.015625 0.015625
0 0.489063 0.554688 0.015625 0.015625
0 0.331250 0.556250 0.015625 0.015625
0 0.642188 0.557813 0.015625 0.015625
0 0.564063 0.562500 0.015625 0.015625
0 0.678125 0.620313 0.015625 0.015625
0 0.454688 0.623437 0.015625 0.015625
0 0.601562 0.625000 0.015625 0.015625
0 0.520312 0.626563 0.015625 0.015625
0 0.409375 0.682813 0.015625 0.015625
0 0.562500 0.684375 0.015625 0.015625
0 0.485938 0.685937 0.015625 0.015625
0 0.640625 0.687500 0.015625 0.015625
0 0.712500 0.690625 0.015625 0.015625
0 0.450000 0.748437 0.015625 0.015625
0 0.523438 0.750000 0.015625 0.015625
0 0.601562 0.751563 0.015625 0.015625
0 0.675000 0.751563 0.015625 0.015625
0 0.410938 0.812500 0.015625 0.015625
0 0.565625 0.814063 0.015625 0.015625
0 0.489063 0.815625 0.015625 0.015625
0 0.639062 0.820312 0.015625 0.015625
0 0.714063 0.826562 0.015625 0.015625
0 0.529687 0.881250 0.015625 0.015625
0 0.451562 0.884375 0.015625 0.015625
0 0.678125 0.884375 0.015625 0.015625
0 0.603125 0.884375 0.015625 0.015625
0 0.565625 0.946875 0.015625 0.015625
0 0.712500 0.948438 0.015625 0.015625
0 0.485938 0.948438 0.015625 0.015625
0 0.635938 0.950000 0.015625 0.015625
0 0.918750 0.231250 0.015625 0.015625
0 0.850000 0.223438 0.015625 0.015625
0 0.889062 0.165625 0.015625 0.015625
0 0.845313 0.110937 0.015625 0.015625
0 0.753125 0.229687 0.015625 0.015625
0 0.676562 0.228125 0.015625 0.015625
0 0.612500 0.218750 0.015625 0.015625
0 0.693750 0.104688 0.015625 0.015625
0 0.629687 0.098437 0.015625 0.015625
0 0.454688 0.221875 0.015625 0.015625
0 0.418750 0.285938 0.015625 0.015625
0 0.350000 0.284375 0.015625 0.015625
0 0.312500 0.229687 0.015625 0.015625
0 0.284375 0.271875 0.015625 0.015625
0 0.420312 0.150000 0.015625 0.015625
0 0.368750 0.626563 0.015625 0.015625
