0 0.085938 0.040625 0.015625 0.015625
0 0.237500 0.043750 0.015625 0.015625
0 0.389062 0.043750 0.015625 0.015625
0 0.312500 0.043750 0.015625 0.015625
0 0.160938 0.043750 0.015625 0.015625
0 0.464062 0.045312 0.015625 0.015625
0 0.537500 0.051562 0.015625 0.015625
0 0.770312 0.053125 0.015625 0.015625
0 0.837500 0.056250 0.015625 0.015625
0 0.609375 0.064062 0.015625 0.015625
0 0.275000 0.107813 0.015625 0.015625
0 0.121875 0.107813 0.015625 0.015625
0 0.350000 0.107813 0.015625 0.015625
0 0.195312 0.109375 0.015625 0.015625
0 0.426563 0.110937 0.015625 0.015625
0 0.500000 0.114062 0.015625 0.015625
0 0.575000 0.115625 0.015625 0.015625
0 0.651563 0.117188 0.015625 0.015625
0 0.879687 0.120313 0.015625 0.015625
0 0.732812 0.120313 0.015625 0.015625
0 0.804688 0.121875 0.015625 0.015625
0 0.959375 0.123438 0.015625 0.015625
0 0.159375 0.173437 0.015625 0.015625
0 0.235937 0.175000 0.015625 0.015625
0 0.385937 0.176563 0.015625 0.015625
0 0.309375 0.176563 0.015625 0.015625
0 0.460938 0.179688 0.015625 0.015625
0 0.535937 0.179688 0.015625 0.015625
0 0.690625 0.181250 0.015625 0.015625
0 0.765625 0.181250 0.015625 0.015625
0 0.843750 0.182812 0.015625 0.015625
0 0.201563 0.232813 0.015625 0.015625
0 0.276562 0.237500 0.015625 0.015625
0 0.428125 0.242188 0.015625 0.015625
0 0.351562 0.243750 0.015625 0.015625
0 0.654687 0.245312 0.015625 0.015625
0 0.579688 0.245312 0.015625 0.015625
0 0.729688 0.246875 0.015625 0.015625
0 0.804688 0.248438 0.015625 0.015625
0 0.882812 0.250000 0.015625 0.015625
0 0.156250 0.295312 0.015625 0.015625
0 0.079687 0.296875 0.015625 0.015625
0 0.232813 0.296875 0.015625 0.015625
0 0.309375 0.304688 0.015625 0.015625
0 0.385937 0.309375 0.015625 0.015625
0 0.767188 0.312500 0.015625 0.015625
0 0.840625 0.317188 0.015625 0.015625
0 0.645312 0.353125 0.015625 0.015625
0 0.040625 0.357812 0.015625 0.015625
0 0.570312 0.362500 0.015625 0.015625
0 0.267188 0.367188 0.015625 0.015625
0 0.114062 0.367188 0.015625 0.015625
0 0.190625 0.367188 0.015625 0.015625
0 0.342187 0.373437 0.015625 0.015625
0 0.725000 0.375000 0.015625 0.015625
0 0.421875 0.375000 0.015625 0.015625
0 0.803125 0.378125 0.015625 0.015625
0 0.498437 0.379688 0.015625 0.015625
0 0.878125 0.385937 0.015625 0.015625
0 0.989062 0.448437 0.015625 0.015625
0 0.925000 0.545312 0.015625 0.015625
0 0.990625 0.579688 0.015625 0.015625
0 0.950000 0.645312 0.015625 0.015625
0 0.832812 0.704688 0.015625 0.015625
0 0.984375 0.715625 0.015625 0.015625
0 0.951562 0.776563 0.015625 0.015625
0 0.867188 0.778125 0.015625 0.015625
0 0.831250 0.839063 0.015625 0.015625
0 0.907813 0.846875 0.015625 0.015625
0 0.981250 0.848437 0.015625 0.015625
0 0.792188 0.895312 0.015625 0.015625
0 0.868750 0.904687 0.015625 0.015625
0 0.937500 0.909375 0.015625 0.015625
0 0.834375 0.967187 0.015625 0.015625
0 0.906250 0.973437 0.015625 0.015625
0 0.979688 0.976562 0.015625 0.015625
0 0.970313 0.056250 0.015625 0.015625
0 0.698438 0.050000 0.015625 0.015625
0 0.989062 0.196875 0.015625 0.015625
0 0.957812 0.256250 0.015625 0.015625
0 0.996875 0.320312 0.015625 0.015625
0 0.948438 0.382812 0.015625 0.015625
0 0.948438 0.515625 0.015625 0.015625
0 0.690625 0.306250 0.015625 0.015625
0 0.496875 0.292187 0.015625 0.015625
0 0.490625 0.248438 0.015625 0.015625
0 0.612500 0.181250 0.015625 0.015625
0 0.118750 0.231250 0.015625 0.015625
0 0.050000 0.223438 0.015625 0.015625
0 0.089063 0.165625 0.015625 0.015625
0 0.045312 0.110937 0.015625 0.015625
