0 0.829688 0.000000 0.015625 0.015625
0 0.746875 0.003125 0.015625 0.015625
0 0.982812 0.007812 0.015625 0.015625
0 0.376563 0.009375 0.015625 0.015625
0 0.906250 0.010937 0.015625 0.015625
0 0.103125 0.050000 0.015625 0.015625
0 0.029687 0.053125 0.015625 0.015625
0 0.329688 0.059375 0.015625 0.015625
0 0.559375 0.062500 0.015625 0.015625
0 0.254688 0.064062 0.015625 0.015625
0 0.634375 0.064062 0.015625 0.015625
0 0.787500 0.070312 0.015625 0.015625
0 0.865625 0.075000 0.015625 0.015625
0 0.712500 0.078125 0.015625 0.015625
0 0.942187 0.081250 0.015625 0.015625
0 0.062500 0.117188 0.015625 0.015625
0 0.440625 0.123438 0.015625 0.015625
0 0.210938 0.123438 0.015625 0.015625
0 0.135937 0.123438 0.015625 0.015625
0 0.515625 0.125000 0.015625 0.015625
0 0.290625 0.125000 0.015625 0.015625
0 0.590625 0.129688 0.015625 0.015625
0 0.750000 0.135937 0.015625 0.015625
0 0.656250 0.135937 0.015625 0.015625
0 0.979688 0.135937 0.015625 0.015625
0 0.826562 0.140625 0.015625 0.015625
0 0.898438 0.143750 0.015625 0.015625
0 0.176563 0.185938 0.015625 0.015625
0 0.485938 0.187500 0.015625 0.015625
0 0.309375 0.187500 0.015625 0.015625
0 0.103125 0.189062 0.015625 0.015625
0 0.253125 0.190625 0.015625 0.015625
0 0.554688 0.190625 0.015625 0.015625
0 0.710938 0.212500 0.015625 0.015625
0 0.971875 0.228125 0.015625 0.015625
0 0.517188 0.243750 0.015625 0.015625
0 0.192188 0.257812 0.015625 0.015625
0 0.287500 0.265625 0.015625 0.015625
0 0.692187 0.287500 0.015625 0.015625
0 0.004687 0.317188 0.015625 0.015625
0 0.468750 0.318750 0.015625 0.015625
0 0.556250 0.325000 0.015625 0.015625
0 0.696875 0.340625 0.015625 0.015625
0 0.101562 0.340625 0.015625 0.015625
0 0.056250 0.382812 0.015625 0.015625
0 0.585938 0.387500 0.015625 0.015625
0 0.506250 0.395313 0.015625 0.015625
0 0.750000 0.395313 0.015625 0.015625
0 0.846875 0.400000 0.015625 0.015625
0 0.089063 0.439063 0.015625 0.015625
0 0.020313 0.445312 0.015625 0.015625
0 0.318750 0.446875 0.015625 0.015625
0 0.390625 0.446875 0.015625 0.015625
0 0.534375 0.453125 0.015625 0.015625
0 0.693750 0.457813 0.015625 0.015625
0 0.618750 0.457813 0.015625 0.015625
0 0.881250 0.460938 0.015625 0.015625
0 0.823438 0.465625 0.015625 0.015625
0 0.764062 0.467187 0.015625 0.015625
0 0.570312 0.501563 0.015625 0.015625
0 0.279687 0.509375 0.015625 0.015625
0 0.054688 0.510938 0.015625 0.015625
0 0.357812 0.510938 0.015625 0.015625
0 0.137500 0.512500 0.015625 0.015625
0 0.815625 0.521875 0.015625 0.015625
0 0.970313 0.539062 0.015625 0.015625
0 0.710938 0.546875 0.015625 0.015625
0 0.775000 0.550000 0.015625 0.015625
0 0.634375 0.559375 0.015625 0.015625
0 0.014063 0.573438 0.015625 0.015625
0 0.317188 0.575000 0.015625 0.015625
0 0.090625 0.576562 0.015625 0.015625
0 0.467187 0.579688 0.015625 0.015625
0 0.381250 0.579688 0.015625 0.015625
0 0.848437 0.607812 0.015625 0.015625
0 0.612500 0.617188 0.015625 0.015625
0 0.685937 0.618750 0.015625 0.015625
0 0.753125 0.620313 0.015625 0.015625
0 0.992188 0.625000 0.015625 0.015625
0 0.056250 0.645312 0.015625 0.015625
0 0.518750 0.646875 0.015625 0.015625
0 0.353125 0.646875 0.015625 0.015625
0 0.414062 0.648438 0.015625 0.015625
0 0.918750 0.660937 0.015625 0.015625
0 0.800000 0.664062 0.015625 0.015625
0 0.159375 0.673438 0.015625 0.015625
0 0.853125 0.675000 0.015625 0.015625
0 0.632812 0.692187 0.015625 0.015625
0 0.935937 0.700000 0.015625 0.015625
0 0.687500 0.703125 0.015625 0.015625
0 0.387500 0.706250 0.015625 0.015625
0 0.760938 0.707812 0.015625 0.015625
0 0.015625 0.707812 0.015625 0.015625
0 0.464062 0.714063 0.015625 0.015625
0 0.089063 0.714063 0.015625 0.015625
0 0.546875 0.715625 0.015625 0.015625
0 0.259375 0.720313 0.015625 0.015625
0 0.615625 0.734375 0.015625 0.015625
0 0.850000 0.743750 0.015625 0.015625
0 0.959375 0.759375 0.015625 0.015625
0 0.790625 0.759375 0.015625 0.015625
0 0.132812 0.778125 0.015625 0.015625
0 0.339062 0.778125 0.015625 0.015625
0 0.576562 0.779687 0.015625 0.015625
0 0.725000 0.781250 0.015625 0.015625
0 0.651563 0.784375 0.015625 0.015625
0 0.056250 0.807813 0.015625 0.015625
0 0.810937 0.812500 0.015625 0.015625
0 0.759375 0.812500 0.015625 0.015625
0 0.950000 0.820312 0.015625 0.015625
0 0.109375 0.832812 0.015625 0.015625
0 0.009375 0.835938 0.015625 0.015625
0 0.165625 0.839063 0.015625 0.015625
0 0.537500 0.845313 0.015625 0.015625
0 0.385937 0.845313 0.015625 0.015625
0 0.612500 0.848437 0.015625 0.015625
0 0.460938 0.853125 0.015625 0.015625
0 0.723437 0.862500 0.015625 0.015625
0 0.854688 0.887500 0.015625 0.015625
0 0.206250 0.901563 0.015625 0.015625
0 0.053125 0.904687 0.015625 0.015625
0 0.131250 0.906250 0.015625 0.015625
0 0.948438 0.920312 0.015625 0.015625
0 0.728125 0.920312 0.015625 0.015625
0 0.995313 0.921875 0.015625 0.015625
0 0.846875 0.967187 0.015625 0.015625
0 0.092188 0.967187 0.015625 0.015625
0 0.012500 0.970313 0.015625 0.015625
0 0.764062 0.973437 0.015625 0.015625
0 0.410938 0.975000 0.015625 0.015625
0 0.185938 0.976562 0.015625 0.015625
0 0.465625 0.979688 0.015625 0.015625
0 0.692187 0.981250 0.015625 0.015625
