0 0.067187 0.040625 0.015625 0.015625
0 0.215625 0.042188 0.015625 0.015625
0 0.140625 0.043750 0.015625 0.015625
0 0.817187 0.051562 0.015625 0.015625
0 0.507812 0.051562 0.015625 0.015625
0 0.887500 0.053125 0.015625 0.015625
0 0.968750 0.053125 0.015625 0.015625
0 0.739062 0.056250 0.015625 0.015625
0 0.031250 0.107813 0.015625 0.015625
0 0.176563 0.109375 0.015625 0.015625
0 0.103125 0.109375 0.015625 0.015625
0 0.257812 0.110937 0.015625 0.015625
0 0.631250 0.114062 0.015625 0.015625
0 0.921875 0.121875 0.015625 0.015625
0 0.137500 0.175000 0.015625 0.015625
0 0.215625 0.176563 0.015625 0.015625
0 0.062500 0.176563 0.015625 0.015625
0 0.889062 0.190625 0.015625 0.015625
0 0.812500 0.190625 0.015625 0.015625
0 0.962500 0.193750 0.015625 0.015625
0 0.179688 0.242188 0.015625 0.015625
0 0.100000 0.243750 0.015625 0.015625
0 0.482812 0.245312 0.015625 0.015625
0 0.362500 0.309375 0.015625 0.015625
0 0.435937 0.314063 0.015625 0.015625
0 0.512500 0.317188 0.015625 0.015625
0 0.031250 0.367188 0.015625 0.015625
0 0.253125 0.375000 0.015625 0.015625
0 0.475000 0.384375 0.015625 0.015625
0 0.057813 0.437500 0.015625 0.015625
0 0.135937 0.437500 0.015625 0.015625
0 0.882812 0.445312 0.015625 0.015625
0 0.959375 0.445312 0.015625 0.015625
0 0.014063 0.496875 0.015625 0.015625
0 0.092188 0.500000 0.015625 0.015625
0 0.171875 0.500000 0.015625 0.015625
0 0.768750 0.501563 0.015625 0.015625
0 0.912500 0.517188 0.015625 0.015625
0 0.210938 0.570312 0.015625 0.015625
0 0.057813 0.570312 0.015625 0.015625
0 0.135937 0.570312 0.015625 0.015625
0 0.359375 0.571875 0.015625 0.015625
0 0.579688 0.576562 0.015625 0.015625
0 0.959375 0.578125 0.015625 0.015625
0 0.804688 0.579688 0.015625 0.015625
0 0.092188 0.632812 0.015625 0.015625
0 0.018750 0.632812 0.015625 0.015625
0 0.317188 0.632812 0.015625 0.015625
0 0.917188 0.646875 0.015625 0.015625
0 0.992188 0.650000 0.015625 0.015625
0 0.620313 0.656250 0.015625 0.015625
0 0.362500 0.695312 0.015625 0.015625
0 0.204687 0.700000 0.015625 0.015625
0 0.281250 0.700000 0.015625 0.015625
0 0.128125 0.701562 0.015625 0.015625
0 0.807813 0.703125 0.015625 0.015625
0 0.054688 0.703125 0.015625 0.015625
0 0.954688 0.712500 0.015625 0.015625
0 0.468750 0.760938 0.015625 0.015625
0 0.012500 0.767188 0.015625 0.015625
0 0.242188 0.768750 0.015625 0.015625
0 0.089063 0.768750 0.015625 0.015625
0 0.162500 0.770312 0.015625 0.015625
0 0.329688 0.771875 0.015625 0.015625
0 0.203125 0.831250 0.015625 0.015625
0 0.054688 0.832812 0.015625 0.015625
0 0.276562 0.832812 0.015625 0.015625
0 0.356250 0.832812 0.015625 0.015625
0 0.429688 0.834375 0.015625 0.015625
0 0.645312 0.837500 0.015625 0.015625
0 0.507812 0.842187 0.015625 0.015625
0 0.801562 0.842187 0.015625 0.015625
0 0.960938 0.842187 0.015625 0.015625
0 0.879687 0.842187 0.015625 0.015625
0 0.164062 0.893750 0.015625 0.015625
0 0.010937 0.896875 0.015625 0.015625
0 0.085938 0.896875 0.015625 0.015625
0 0.610938 0.907813 0.015625 0.015625
0 0.684375 0.909375 0.015625 0.015625
0 0.985938 0.912500 0.015625 0.015625
0 0.832812 0.914062 0.015625 0.015625
0 0.434375 0.957812 0.015625 0.015625
0 0.123438 0.965625 0.015625 0.015625
0 0.203125 0.967187 0.015625 0.015625
0 0.503125 0.970313 0.015625 0.015625
0 0.212500 0.445312 0.015625 0.015625
0 0.292187 0.439063 0.015625 0.015625
0 0.357812 0.440625 0.015625 0.015625
0 0.689063 0.775000 0.015625 0.015625
0 0.651563 0.703125 0.015625 0.015625
0 0.726562 0.717187 0.015625 0.015625
0 0.765625 0.771875 0.015625 0.015625
0 0.690625 0.632812 0.015625 0.015625
0 0.657813 0.568750 0.015625 0.015625
0 0.553125 0.371875 0.015625 0.015625
0 0.540625 0.254688 0.015625 0.015625
0 0.576562 0.329688 0.015625 0.015625
0 0.618750 0.325000 0.015625 0.015625
0 0.656250 0.423438 0.015625 0.015625
0 0.520312 0.179688 0.015625 0.015625
0 0.590625 0.182812 0.015625 0.015625
0 0.664062 0.181250 0.015625 0.015625
0 0.479687 0.112500 0.015625 0.015625
0 0.967187 0.317188 0.015625 0.015625
0 0.992188 0.393750 0.015625 0.015625
0 0.914062 0.385937 0.015625 0.015625
0 0.854688 0.385937 0.015625 0.015625
0 0.850000 0.635938 0.015625 0.015625
0 0.889062 0.582812 0.015625 0.015625
0 0.842187 0.517188 0.015625 0.015625
0 0.764062 0.629687 0.015625 0.015625
0 0.734375 0.578125 0.015625 0.015625
0 0.690625 0.507812 0.015625 0.015625
0 0.870313 0.714063 0.015625 0.015625
0 0.914062 0.784375 0.015625 0.015625
0 0.839063 0.784375 0.015625 0.015625
0 0.982812 0.787500 0.015625 0.015625
0 0.851562 0.257812 0.015625 0.015625
0 0.278125 0.970313 0.015625 0.015625
0 0.242188 0.900000 0.015625 0.015625
0 0.329688 0.900000 0.015625 0.015625
0 0.396875 0.898438 0.015625 0.015625
0 0.431250 0.446875 0.015625 0.015625
0 0.285938 0.173437 0.015625 0.015625
0 0.404687 0.250000 0.015625 0.015625
0 0.731250 0.192188 0.015625 0.015625
0 0.982812 0.526563 0.015625 0.015625
0 0.875000 0.978125 0.015625 0.015625
