0 0.925000 0.003125 0.015625 0.015625
0 0.782813 0.009375 0.015625 0.015625
0 0.854688 0.010937 0.015625 0.015625
0 0.131250 0.048438 0.015625 0.015625
0 0.434375 0.051562 0.015625 0.015625
0 0.062500 0.054688 0.015625 0.015625
0 0.362500 0.062500 0.015625 0.015625
0 0.665625 0.073438 0.015625 0.015625
0 0.967187 0.075000 0.015625 0.015625
0 0.264062 0.089063 0.015625 0.015625
0 0.814063 0.092188 0.015625 0.015625
0 0.898438 0.093750 0.015625 0.015625
0 0.535937 0.123438 0.015625 0.015625
0 0.837500 0.134375 0.015625 0.015625
0 0.990625 0.135937 0.015625 0.015625
0 0.928125 0.135937 0.015625 0.015625
0 0.707812 0.137500 0.015625 0.015625
0 0.784375 0.139063 0.015625 0.015625
0 0.626563 0.142187 0.015625 0.015625
0 0.432812 0.181250 0.015625 0.015625
0 0.526563 0.190625 0.015625 0.015625
0 0.585938 0.190625 0.015625 0.015625
0 0.964063 0.198437 0.015625 0.015625
0 0.895312 0.198437 0.015625 0.015625
0 0.817187 0.200000 0.015625 0.015625
0 0.742188 0.212500 0.015625 0.015625
0 0.400000 0.243750 0.015625 0.015625
0 0.982812 0.246875 0.015625 0.015625
0 0.926562 0.248438 0.015625 0.015625
0 0.623437 0.257812 0.015625 0.015625
0 0.698438 0.260937 0.015625 0.015625
0 0.756250 0.264062 0.015625 0.015625
0 0.510938 0.312500 0.015625 0.015625
0 0.437500 0.312500 0.015625 0.015625
0 0.959375 0.317188 0.015625 0.015625
0 0.012500 0.332813 0.015625 0.015625
0 0.807813 0.342187 0.015625 0.015625
0 0.618750 0.357812 0.015625 0.015625
0 0.326562 0.364063 0.015625 0.015625
0 0.392188 0.370312 0.015625 0.015625
0 0.467187 0.373437 0.015625 0.015625
0 0.778125 0.400000 0.015625 0.015625
0 0.864062 0.415625 0.015625 0.015625
0 0.271875 0.425000 0.015625 0.015625
0 0.467187 0.434375 0.015625 0.015625
0 0.187500 0.445312 0.015625 0.015625
0 0.957812 0.454688 0.015625 0.015625
0 0.650000 0.476562 0.015625 0.015625
0 0.318750 0.493750 0.015625 0.015625
0 0.109375 0.503125 0.015625 0.015625
0 0.379688 0.504687 0.015625 0.015625
0 0.443750 0.510938 0.015625 0.015625
0 0.510938 0.518750 0.015625 0.015625
0 0.568750 0.520312 0.015625 0.015625
0 0.707812 0.526563 0.015625 0.015625
0 0.929688 0.535937 0.015625 0.015625
0 0.051562 0.559375 0.015625 0.015625
0 0.157812 0.565625 0.015625 0.015625
0 0.962500 0.595313 0.015625 0.015625
0 0.892188 0.596875 0.015625 0.015625
0 0.329688 0.612500 0.015625 0.015625
0 0.087500 0.646875 0.015625 0.015625
0 0.010937 0.646875 0.015625 0.015625
0 0.165625 0.646875 0.015625 0.015625
0 0.403125 0.646875 0.015625 0.015625
0 0.765625 0.657813 0.015625 0.015625
0 0.529687 0.660937 0.015625 0.015625
0 0.329688 0.670312 0.015625 0.015625
0 0.276562 0.709375 0.015625 0.015625
0 0.132812 0.714063 0.015625 0.015625
0 0.359375 0.717187 0.015625 0.015625
0 0.882812 0.718750 0.015625 0.015625
0 0.806250 0.723437 0.015625 0.015625
0 0.728125 0.731250 0.015625 0.015625
0 0.210938 0.734375 0.015625 0.015625
0 0.443750 0.735938 0.015625 0.015625
0 0.015625 0.742188 0.015625 0.015625
0 0.312500 0.750000 0.015625 0.015625
0 0.545312 0.782813 0.015625 0.015625
0 0.843750 0.793750 0.015625 0.015625
0 0.440625 0.795312 0.015625 0.015625
0 0.689063 0.801562 0.015625 0.015625
0 0.770312 0.809375 0.015625 0.015625
0 0.282813 0.837500 0.015625 0.015625
0 0.475000 0.846875 0.015625 0.015625
0 0.959375 0.851562 0.015625 0.015625
0 0.884375 0.860938 0.015625 0.015625
0 0.087500 0.887500 0.015625 0.015625
0 0.173437 0.893750 0.015625 0.015625
0 0.009375 0.895312 0.015625 0.015625
0 0.318750 0.910937 0.015625 0.015625
0 0.767188 0.917188 0.015625 0.015625
0 0.917188 0.917188 0.015625 0.015625
0 0.609375 0.917188 0.015625 0.015625
0 0.687500 0.920312 0.015625 0.015625
0 0.996875 0.920312 0.015625 0.015625
0 0.123438 0.954688 0.015625 0.015625
0 0.198437 0.968750 0.015625 0.015625
0 0.354687 0.981250 0.015625 0.015625
0 0.314063 0.993750 0.015625 0.015625
0 0.742188 0.998437 0.015625 0.015625
0 0.215625 0.571875 0.015625 0.015625
0 0.254688 0.578125 0.015625 0.015625
0 0.279687 0.587500 0.015625 0.015625
0 0.268750 0.529687 0.015625 0.015625
0 0.328125 0.554688 0.015625 0.015625
0 0.384375 0.584375 0.015625 0.015625
0 0.454688 0.590625 0.015625 0.015625
0 0.506250 0.590625 0.015625 0.015625
0 0.579688 0.595313 0.015625 0.015625
0 0.635938 0.598437 0.015625 0.015625
0 0.706250 0.604688 0.015625 0.015625
0 0.767188 0.592187 0.015625 0.015625
0 0.821875 0.568750 0.015625 0.015625
0 0.867188 0.520312 0.015625 0.015625
0 0.884375 0.471875 0.015625 0.015625
0 0.778125 0.504687 0.015625 0.015625
0 0.823438 0.456250 0.015625 0.015625
0 0.698438 0.389062 0.015625 0.015625
0 0.218750 0.320312 0.015625 0.015625
0 0.275000 0.187500 0.015625 0.015625
0 0.232813 0.248438 0.015625 0.015625
0 0.354687 0.171875 0.015625 0.015625
0 0.129688 0.421875 0.015625 0.015625
0 0.084375 0.378125 0.015625 0.015625
0 0.070312 0.317188 0.015625 0.015625
0 0.254688 0.471875 0.015625 0.015625
0 0.435937 0.706250 0.015625 0.015625
0 0.506250 0.717187 0.015625 0.015625
0 0.918750 0.657813 0.015625 0.015625
0 0.843750 0.635938 0.015625 0.015625
0 0.689063 0.653125 0.015625 0.015625
0 0.615625 0.656250 0.015625 0.015625
0 0.646875 0.726562 0.015625 0.015625
