0 0.032813 0.006250 0.015625 0.015625
0 0.140625 0.023438 0.015625 0.015625
0 0.303125 0.025000 0.015625 0.015625
0 0.229687 0.026562 0.015625 0.015625
0 0.467187 0.048438 0.015625 0.015625
0 0.550000 0.054688 0.015625 0.015625
0 0.792188 0.059375 0.015625 0.015625
0 0.634375 0.060937 0.015625 0.015625
0 0.854688 0.060937 0.015625 0.015625
0 0.926562 0.067187 0.015625 0.015625
0 0.984375 0.071875 0.015625 0.015625
0 0.210938 0.085938 0.015625 0.015625
0 0.373437 0.090625 0.015625 0.015625
0 0.287500 0.096875 0.015625 0.015625
0 0.112500 0.118750 0.015625 0.015625
0 0.582812 0.135937 0.015625 0.015625
0 0.503125 0.139063 0.015625 0.015625
0 0.850000 0.142187 0.015625 0.015625
0 0.360938 0.164062 0.015625 0.015625
0 0.740625 0.178125 0.015625 0.015625
0 0.075000 0.184375 0.015625 0.015625
0 0.171875 0.193750 0.015625 0.015625
0 0.887500 0.201563 0.015625 0.015625
0 0.987500 0.203125 0.015625 0.015625
0 0.254688 0.215625 0.015625 0.015625
0 0.782813 0.245312 0.015625 0.015625
0 0.581250 0.253125 0.015625 0.015625
0 0.682813 0.256250 0.015625 0.015625
0 0.096875 0.278125 0.015625 0.015625
0 0.032813 0.281250 0.015625 0.015625
0 0.212500 0.284375 0.015625 0.015625
0 0.289062 0.290625 0.015625 0.015625
0 0.740625 0.309375 0.015625 0.015625
0 0.885938 0.314063 0.015625 0.015625
0 0.954688 0.317188 0.015625 0.015625
0 0.629687 0.323437 0.015625 0.015625
0 0.806250 0.325000 0.015625 0.015625
0 0.010937 0.342187 0.015625 0.015625
0 0.170313 0.348438 0.015625 0.015625
0 0.250000 0.348438 0.015625 0.015625
0 0.082812 0.348438 0.015625 0.015625
0 0.314063 0.350000 0.015625 0.015625
0 0.407813 0.356250 0.015625 0.015625
0 0.481250 0.362500 0.015625 0.015625
0 0.926562 0.371875 0.015625 0.015625
0 0.856250 0.378125 0.015625 0.015625
0 0.995313 0.379688 0.015625 0.015625
0 0.732812 0.393750 0.015625 0.015625
0 0.578125 0.404687 0.015625 0.015625
0 0.362500 0.423438 0.015625 0.015625
0 0.437500 0.426563 0.015625 0.015625
0 0.082812 0.434375 0.015625 0.015625
0 0.896875 0.434375 0.015625 0.015625
0 0.004687 0.435937 0.015625 0.015625
0 0.975000 0.437500 0.015625 0.015625
0 0.170313 0.442188 0.015625 0.015625
0 0.712500 0.465625 0.015625 0.015625
0 0.776563 0.476562 0.015625 0.015625
0 0.243750 0.479687 0.015625 0.015625
0 0.089063 0.481250 0.015625 0.015625
0 0.856250 0.493750 0.015625 0.015625
0 0.634375 0.495312 0.015625 0.015625
0 0.931250 0.496875 0.015625 0.015625
0 0.412500 0.500000 0.015625 0.015625
0 0.117188 0.539062 0.015625 0.015625
0 0.287500 0.543750 0.015625 0.015625
0 0.207813 0.543750 0.015625 0.015625
0 0.968750 0.556250 0.015625 0.015625
0 0.382812 0.557813 0.015625 0.015625
0 0.825000 0.560937 0.015625 0.015625
0 0.896875 0.562500 0.015625 0.015625
0 0.465625 0.573438 0.015625 0.015625
0 0.762500 0.575000 0.015625 0.015625
0 0.662500 0.587500 0.015625 0.015625
0 0.620313 0.589063 0.015625 0.015625
0 0.070312 0.601562 0.015625 0.015625
0 0.315625 0.610938 0.015625 0.015625
0 0.242188 0.610938 0.015625 0.015625
0 0.467187 0.620313 0.015625 0.015625
0 0.931250 0.623437 0.015625 0.015625
0 0.853125 0.623437 0.015625 0.015625
0 0.189062 0.640625 0.015625 0.015625
0 0.706250 0.656250 0.015625 0.015625
0 0.428125 0.675000 0.015625 0.015625
0 0.965625 0.679688 0.015625 0.015625
0 0.581250 0.681250 0.015625 0.015625
0 0.882812 0.684375 0.015625 0.015625
