0 0.003125 0.350000 0.015625 0.015625
0 0.040625 0.278125 0.015625 0.015625
0 0.092188 0.353125 0.015625 0.015625
0 0.123438 0.275000 0.015625 0.015625
0 0.010937 0.467187 0.015625 0.015625
0 0.040625 0.412500 0.015625 0.015625
0 0.090625 0.475000 0.015625 0.015625
0 0.125000 0.412500 0.015625 0.015625
0 0.170313 0.479687 0.015625 0.015625
0 0.004687 0.739062 0.015625 0.015625
0 0.032813 0.678125 0.015625 0.015625
0 0.076563 0.748437 0.015625 0.015625
0 0.114062 0.679688 0.015625 0.015625
0 0.151562 0.746875 0.015625 0.015625
0 0.192188 0.684375 0.015625 0.015625
0 0.229687 0.745313 0.015625 0.015625
0 0.265625 0.682813 0.015625 0.015625
0 0.300000 0.737500 0.015625 0.015625
0 0.004687 0.606250 0.015625 0.015625
0 0.042188 0.556250 0.015625 0.015625
0 0.079687 0.612500 0.015625 0.015625
0 0.121875 0.546875 0.015625 0.015625
0 0.150000 0.604688 0.015625 0.015625
0 0.184375 0.551562 0.015625 0.015625
0 0.231250 0.614062 0.015625 0.015625
0 0.037500 0.812500 0.015625 0.015625
0 0.075000 0.865625 0.015625 0.015625
0 0.109375 0.809375 0.015625 0.015625
0 0.145313 0.878125 0.015625 0.015625
0 0.189062 0.806250 0.015625 0.015625
0 0.232813 0.867188 0.015625 0.015625
0 0.267188 0.810937 0.015625 0.015625
0 0.300000 0.876563 0.015625 0.015625
0 0.337500 0.818750 0.015625 0.015625
0 0.371875 0.871875 0.015625 0.015625
0 0.031250 0.940625 0.015625 0.015625
0 0.107813 0.935937 0.015625 0.015625
0 0.184375 0.939063 0.015625 0.015625
0 0.259375 0.942187 0.015625 0.015625
0 0.334375 0.939063 0.015625 0.015625
0 0.410938 0.945312 0.015625 0.015625
0 0.207813 0.340625 0.015625 0.015625
0 0.243750 0.414062 0.015625 0.015625
0 0.276562 0.475000 0.015625 0.015625
0 0.314063 0.542188 0.015625 0.015625
0 0.356250 0.615625 0.015625 0.015625
0 0.390625 0.676562 0.015625 0.015625
0 0.426563 0.753125 0.015625 0.015625
0 0.457813 0.818750 0.015625 0.015625
0 0.492188 0.887500 0.015625 0.015625
0 0.525000 0.946875 0.015625 0.015625
0 0.276562 0.281250 0.015625 0.015625
0 0.310937 0.348438 0.015625 0.015625
0 0.342187 0.285938 0.015625 0.015625
0 0.384375 0.350000 0.015625 0.015625
0 0.417187 0.285938 0.015625 0.015625
0 0.460938 0.346875 0.015625 0.015625
0 0.495312 0.300000 0.015625 0.015625
0 0.529687 0.357812 0.015625 0.015625
0 0.575000 0.289062 0.015625 0.015625
0 0.607812 0.346875 0.015625 0.015625
0 0.640625 0.293750 0.015625 0.015625
0 0.690625 0.356250 0.015625 0.015625
0 0.728125 0.290625 0.015625 0.015625
0 0.765625 0.360938 0.015625 0.015625
0 0.800000 0.296875 0.015625 0.015625
0 0.845313 0.357812 0.015625 0.015625
0 0.881250 0.301563 0.015625 0.015625
0 0.920312 0.362500 0.015625 0.015625
0 0.957812 0.304688 0.015625 0.015625
0 0.998437 0.357812 0.015625 0.015625
0 0.378125 0.476562 0.015625 0.015625
0 0.445312 0.476562 0.015625 0.015625
0 0.534375 0.478125 0.015625 0.015625
0 0.612500 0.478125 0.015625 0.015625
0 0.678125 0.492188 0.015625 0.015625
0 0.343750 0.410938 0.015625 0.015625
0 0.490625 0.415625 0.015625 0.015625
0 0.567187 0.415625 0.015625 0.015625
0 0.651563 0.421875 0.015625 0.015625
0 0.426563 0.553125 0.015625 0.015625
0 0.500000 0.550000 0.015625 0.015625
0 0.575000 0.551562 0.015625 0.015625
0 0.639062 0.551562 0.015625 0.015625
0 0.718750 0.551562 0.015625 0.015625
0 0.800000 0.551562 0.015625 0.015625
0 0.875000 0.557813 0.015625 0.015625
0 0.951562 0.557813 0.015625 0.015625
0 0.523438 0.746875 0.015625 0.015625
0 0.564063 0.820312 0.015625 0.015625
0 0.720313 0.820312 0.015625 0.015625
0 0.795312 0.821875 0.015625 0.015625
0 0.757812 0.746875 0.015625 0.015625
0 0.825000 0.759375 0.015625 0.015625
0 0.796875 0.684375 0.015625 0.015625
0 0.876563 0.821875 0.015625 0.015625
0 0.940625 0.823438 0.015625 0.015625
0 0.982812 0.625000 0.015625 0.015625
0 0.637500 0.946875 0.015625 0.015625
0 0.603125 0.885938 0.015625 0.015625
0 0.718750 0.946875 0.015625 0.015625
0 0.793750 0.951562 0.015625 0.015625
0 0.862500 0.951562 0.015625 0.015625
0 0.939063 0.951562 0.015625 0.015625
0 0.800000 0.425000 0.015625 0.015625
0 0.876563 0.425000 0.015625 0.015625
0 0.957812 0.425000 0.015625 0.015625
0 0.765625 0.492188 0.015625 0.015625
0 0.846875 0.490625 0.015625 0.015625
0 0.921875 0.490625 0.015625 0.015625
0 0.987500 0.756250 0.015625 0.015625
0 0.609375 0.620313 0.015625 0.015625
0 0.642188 0.685937 0.015625 0.015625
0 0.870313 0.692187 0.015625 0.015625
0 0.765625 0.618750 0.015625 0.015625
0 0.853125 0.620313 0.015625 0.015625
0 0.000000 0.190625 0.015625 0.015625
0 0.073438 0.192188 0.015625 0.015625
0 0.162500 0.198437 0.015625 0.015625
0 0.229687 0.196875 0.015625 0.015625
0 0.307812 0.196875 0.015625 0.015625
0 0.376563 0.203125 0.015625 0.015625
0 0.457813 0.204687 0.015625 0.015625
0 0.534375 0.210938 0.015625 0.015625
0 0.609375 0.207813 0.015625 0.015625
0 0.684375 0.212500 0.015625 0.015625
0 0.760938 0.214062 0.015625 0.015625
0 0.846875 0.215625 0.015625 0.015625
0 0.909375 0.218750 0.015625 0.015625
0 0.996875 0.214062 0.015625 0.015625
