0 0.560937 0.001563 0.015625 0.015625
0 0.007812 0.018750 0.015625 0.015625
0 0.293750 0.045312 0.015625 0.015625
0 0.521875 0.045312 0.015625 0.015625
0 0.446875 0.046875 0.015625 0.015625
0 0.229687 0.046875 0.015625 0.015625
0 0.375000 0.048438 0.015625 0.015625
0 0.903125 0.050000 0.015625 0.015625
0 0.829688 0.053125 0.015625 0.015625
0 0.485938 0.114062 0.015625 0.015625
0 0.637500 0.114062 0.015625 0.015625
0 0.409375 0.114062 0.015625 0.015625
0 0.334375 0.115625 0.015625 0.015625
0 0.560937 0.117188 0.015625 0.015625
0 0.862500 0.117188 0.015625 0.015625
0 0.189062 0.117188 0.015625 0.015625
0 0.935937 0.123438 0.015625 0.015625
0 0.142187 0.170313 0.015625 0.015625
0 0.518750 0.176563 0.015625 0.015625
0 0.601562 0.179688 0.015625 0.015625
0 0.678125 0.181250 0.015625 0.015625
0 0.976562 0.185938 0.015625 0.015625
0 0.903125 0.189062 0.015625 0.015625
0 0.104688 0.218750 0.015625 0.015625
0 0.179688 0.232813 0.015625 0.015625
0 0.334375 0.239063 0.015625 0.015625
0 0.407813 0.242188 0.015625 0.015625
0 0.482812 0.243750 0.015625 0.015625
0 0.560937 0.245312 0.015625 0.015625
0 0.634375 0.246875 0.015625 0.015625
0 0.709375 0.246875 0.015625 0.015625
0 0.789062 0.248438 0.015625 0.015625
0 0.992188 0.257812 0.015625 0.015625
0 0.220312 0.300000 0.015625 0.015625
0 0.140625 0.300000 0.015625 0.015625
0 0.373437 0.304688 0.015625 0.015625
0 0.515625 0.307812 0.015625 0.015625
0 0.442188 0.307812 0.015625 0.015625
0 0.596875 0.309375 0.015625 0.015625
0 0.670312 0.310937 0.015625 0.015625
0 0.743750 0.312500 0.015625 0.015625
0 0.804688 0.317188 0.015625 0.015625
0 0.901563 0.340625 0.015625 0.015625
0 0.096875 0.342187 0.015625 0.015625
0 0.256250 0.368750 0.015625 0.015625
0 0.485938 0.373437 0.015625 0.015625
0 0.557813 0.373437 0.015625 0.015625
0 0.629687 0.375000 0.015625 0.015625
0 0.707812 0.375000 0.015625 0.015625
0 0.781250 0.375000 0.015625 0.015625
0 0.856250 0.382812 0.015625 0.015625
0 0.139063 0.434375 0.015625 0.015625
0 0.215625 0.434375 0.015625 0.015625
0 0.290625 0.435937 0.015625 0.015625
0 0.371875 0.435937 0.015625 0.015625
0 0.664062 0.437500 0.015625 0.015625
0 0.518750 0.439063 0.015625 0.015625
0 0.592187 0.439063 0.015625 0.015625
0 0.442188 0.439063 0.015625 0.015625
0 0.889062 0.439063 0.015625 0.015625
0 0.740625 0.443750 0.015625 0.015625
0 0.820312 0.445312 0.015625 0.015625
0 0.331250 0.496875 0.015625 0.015625
0 0.020313 0.496875 0.015625 0.015625
0 0.181250 0.498437 0.015625 0.015625
0 0.254688 0.500000 0.015625 0.015625
0 0.479687 0.501563 0.015625 0.015625
0 0.632812 0.504687 0.015625 0.015625
0 0.707812 0.506250 0.015625 0.015625
0 0.778125 0.509375 0.015625 0.015625
0 0.854688 0.510938 0.015625 0.015625
0 0.556250 0.512500 0.015625 0.015625
0 0.937500 0.512500 0.015625 0.015625
0 0.057813 0.562500 0.015625 0.015625
0 0.439063 0.564063 0.015625 0.015625
0 0.360938 0.567187 0.015625 0.015625
0 0.289062 0.568750 0.015625 0.015625
0 0.665625 0.571875 0.015625 0.015625
0 0.740625 0.571875 0.015625 0.015625
0 0.589063 0.571875 0.015625 0.015625
0 0.814063 0.573438 0.015625 0.015625
0 0.890625 0.576562 0.015625 0.015625
0 0.100000 0.625000 0.015625 0.015625
0 0.018750 0.632812 0.015625 0.015625
0 0.626563 0.639062 0.015625 0.015625
0 0.553125 0.639062 0.015625 0.015625
0 0.703125 0.642188 0.015625 0.015625
0 0.778125 0.643750 0.015625 0.015625
0 0.856250 0.645312 0.015625 0.015625
0 0.959375 0.673438 0.015625 0.015625
0 0.289062 0.682813 0.015625 0.015625
0 0.057813 0.690625 0.015625 0.015625
0 0.135937 0.692187 0.015625 0.015625
0 0.359375 0.695312 0.015625 0.015625
0 0.429688 0.701562 0.015625 0.015625
0 0.512500 0.706250 0.015625 0.015625
0 0.582812 0.706250 0.015625 0.015625
0 0.737500 0.707812 0.015625 0.015625
0 0.815625 0.707812 0.015625 0.015625
0 0.659375 0.707812 0.015625 0.015625
0 0.889062 0.714063 0.015625 0.015625
0 0.032813 0.735938 0.015625 0.015625
0 0.175000 0.745313 0.015625 0.015625
0 0.550000 0.768750 0.015625 0.015625
0 0.467187 0.768750 0.015625 0.015625
0 0.625000 0.770312 0.015625 0.015625
0 0.695312 0.771875 0.015625 0.015625
0 0.389062 0.773438 0.015625 0.015625
0 0.773438 0.773438 0.015625 0.015625
0 0.932813 0.778125 0.015625 0.015625
0 0.856250 0.807813 0.015625 0.015625
0 0.057813 0.807813 0.015625 0.015625
0 0.204687 0.821875 0.015625 0.015625
0 0.432812 0.828125 0.015625 0.015625
0 0.909375 0.832812 0.015625 0.015625
0 0.587500 0.832812 0.015625 0.015625
0 0.662500 0.835938 0.015625 0.015625
0 0.809375 0.835938 0.015625 0.015625
0 0.737500 0.837500 0.015625 0.015625
0 0.965625 0.839063 0.015625 0.015625
0 0.514062 0.857812 0.015625 0.015625
0 0.289062 0.860938 0.015625 0.015625
0 0.090625 0.884375 0.015625 0.015625
0 0.164062 0.889062 0.015625 0.015625
0 0.014063 0.889062 0.015625 0.015625
0 0.239063 0.892188 0.015625 0.015625
0 0.471875 0.892188 0.015625 0.015625
0 0.390625 0.895312 0.015625 0.015625
0 0.542188 0.898438 0.015625 0.015625
0 0.626563 0.901563 0.015625 0.015625
0 0.696875 0.903125 0.015625 0.015625
0 0.778125 0.904687 0.015625 0.015625
0 0.853125 0.904687 0.015625 0.015625
0 0.931250 0.906250 0.015625 0.015625
0 0.128125 0.953125 0.015625 0.015625
0 0.054688 0.954688 0.015625 0.015625
0 0.510938 0.956250 0.015625 0.015625
0 0.198437 0.956250 0.015625 0.015625
0 0.434375 0.957812 0.015625 0.015625
0 0.279687 0.959375 0.015625 0.015625
0 0.585938 0.960938 0.015625 0.015625
0 0.356250 0.964063 0.015625 0.015625
0 0.660937 0.964063 0.015625 0.015625
0 0.735938 0.965625 0.015625 0.015625
0 0.892188 0.967187 0.015625 0.015625
0 0.812500 0.970313 0.015625 0.015625
0 0.985938 0.976562 0.015625 0.015625
