0 0.892188 0.064062 0.015625 0.015625
0 0.743750 0.062500 0.015625 0.015625
0 0.817187 0.064062 0.015625 0.015625
0 0.846875 0.518750 0.015625 0.015625
0 0.965625 0.062500 0.015625 0.015625
0 0.621875 0.121875 0.015625 0.015625
0 0.960938 0.590625 0.015625 0.015625
0 0.925000 0.520312 0.015625 0.015625
0 0.920312 0.651563 0.015625 0.015625
0 0.889062 0.589063 0.015625 0.015625
0 0.587500 0.054688 0.015625 0.015625
0 0.664062 0.056250 0.015625 0.015625
0 0.703125 0.123438 0.015625 0.015625
0 0.998437 0.787500 0.015625 0.015625
0 0.857812 0.126562 0.015625 0.015625
0 0.771875 0.126562 0.015625 0.015625
0 0.892188 0.193750 0.015625 0.015625
0 0.959375 0.846875 0.015625 0.015625
0 0.817187 0.192188 0.015625 0.015625
0 0.993750 0.260937 0.015625 0.015625
0 0.546875 0.123438 0.015625 0.015625
0 0.959375 0.717187 0.015625 0.015625
0 0.659375 0.451562 0.015625 0.015625
0 0.848437 0.651563 0.015625 0.015625
0 0.510938 0.060937 0.015625 0.015625
0 0.584375 0.189062 0.015625 0.015625
0 0.660937 0.187500 0.015625 0.015625
0 0.437500 0.050000 0.015625 0.015625
0 0.857812 0.262500 0.015625 0.015625
0 0.739062 0.451562 0.015625 0.015625
0 0.928125 0.128125 0.015625 0.015625
0 0.964063 0.198437 0.015625 0.015625
0 0.807813 0.454688 0.015625 0.015625
0 0.882812 0.457813 0.015625 0.015625
0 0.959375 0.457813 0.015625 0.015625
0 0.965625 0.328125 0.015625 0.015625
0 0.887500 0.323437 0.015625 0.015625
0 0.806250 0.323437 0.015625 0.015625
0 0.732812 0.328125 0.015625 0.015625
0 0.746875 0.195312 0.015625 0.015625
0 0.771875 0.260937 0.015625 0.015625
0 0.704688 0.253125 0.015625 0.015625
0 0.625000 0.251563 0.015625 0.015625
0 0.662500 0.325000 0.015625 0.015625
0 0.998437 0.646875 0.015625 0.015625
0 0.993750 0.925000 0.015625 0.015625
0 0.912500 0.385937 0.015625 0.015625
0 0.834375 0.385937 0.015625 0.015625
