0 0.073438 0.945312 0.015625 0.015625
0 0.132812 0.940625 0.015625 0.015625
0 0.217188 0.945312 0.015625 0.015625
0 0.296875 0.940625 0.015625 0.015625
0 0.364063 0.943750 0.015625 0.015625
0 0.439063 0.946875 0.015625 0.015625
0 0.521875 0.948438 0.015625 0.015625
0 0.589063 0.948438 0.015625 0.015625
0 0.668750 0.951562 0.015625 0.015625
0 0.753125 0.951562 0.015625 0.015625
0 0.823438 0.950000 0.015625 0.015625
0 0.914062 0.953125 0.015625 0.015625
0 0.989062 0.956250 0.015625 0.015625
0 0.039062 0.859375 0.015625 0.015625
0 0.107813 0.859375 0.015625 0.015625
0 0.190625 0.862500 0.015625 0.015625
0 0.271875 0.860938 0.015625 0.015625
0 0.339062 0.862500 0.015625 0.015625
0 0.406250 0.860938 0.015625 0.015625
0 0.485938 0.865625 0.015625 0.015625
0 0.557813 0.867188 0.015625 0.015625
0 0.640625 0.871875 0.015625 0.015625
0 0.718750 0.878125 0.015625 0.015625
0 0.810937 0.873437 0.015625 0.015625
0 0.878125 0.876563 0.015625 0.015625
0 0.971875 0.878125 0.015625 0.015625
