0 0.706250 0.009375 0.015625 0.015625
0 0.785937 0.012500 0.015625 0.015625
0 0.745313 0.076563 0.015625 0.015625
0 0.818750 0.078125 0.015625 0.015625
0 0.784375 0.143750 0.015625 0.015625
0 0.710938 0.145313 0.015625 0.015625
0 0.742188 0.207813 0.015625 0.015625
0 0.817187 0.210938 0.015625 0.015625
0 0.703125 0.270313 0.015625 0.015625
0 0.779687 0.271875 0.015625 0.015625
0 0.212500 0.300000 0.015625 0.015625
0 0.287500 0.307812 0.015625 0.015625
0 0.364063 0.317188 0.015625 0.015625
0 0.740625 0.339062 0.015625 0.015625
0 0.659375 0.343750 0.015625 0.015625
0 0.857812 0.371875 0.015625 0.015625
0 0.175000 0.382812 0.015625 0.015625
0 0.018750 0.385937 0.015625 0.015625
0 0.245312 0.387500 0.015625 0.015625
0 0.093750 0.387500 0.015625 0.015625
0 0.318750 0.390625 0.015625 0.015625
0 0.396875 0.395313 0.015625 0.015625
0 0.475000 0.396875 0.015625 0.015625
0 0.704688 0.400000 0.015625 0.015625
0 0.929688 0.423438 0.015625 0.015625
0 0.209375 0.443750 0.015625 0.015625
0 0.056250 0.448437 0.015625 0.015625
0 0.281250 0.451562 0.015625 0.015625
0 0.359375 0.456250 0.015625 0.015625
0 0.434375 0.459375 0.015625 0.015625
0 0.659375 0.462500 0.015625 0.015625
0 0.732812 0.464062 0.015625 0.015625
0 0.512500 0.464062 0.015625 0.015625
0 0.810937 0.464062 0.015625 0.015625
0 0.239063 0.514062 0.015625 0.015625
0 0.315625 0.518750 0.015625 0.015625
0 0.395313 0.520312 0.015625 0.015625
0 0.468750 0.523438 0.015625 0.015625
0 0.693750 0.526563 0.015625 0.015625
0 0.776563 0.532813 0.015625 0.015625
0 0.845313 0.534375 0.015625 0.015625
0 0.279687 0.590625 0.015625 0.015625
0 0.434375 0.592187 0.015625 0.015625
0 0.356250 0.593750 0.015625 0.015625
0 0.512500 0.593750 0.015625 0.015625
0 0.582812 0.595313 0.015625 0.015625
0 0.932813 0.596875 0.015625 0.015625
0 0.878125 0.596875 0.015625 0.015625
0 0.762500 0.601562 0.015625 0.015625
0 0.659375 0.603125 0.015625 0.015625
0 0.010937 0.632812 0.015625 0.015625
0 0.082812 0.640625 0.015625 0.015625
0 0.159375 0.643750 0.015625 0.015625
0 0.389062 0.656250 0.015625 0.015625
0 0.467187 0.659375 0.015625 0.015625
0 0.534375 0.662500 0.015625 0.015625
0 0.773438 0.671875 0.015625 0.015625
0 0.281250 0.721875 0.015625 0.015625
0 0.584375 0.725000 0.015625 0.015625
0 0.385937 0.765625 0.015625 0.015625
0 0.310937 0.773438 0.015625 0.015625
0 0.465625 0.787500 0.015625 0.015625
0 0.537500 0.792188 0.015625 0.015625
0 0.915625 0.793750 0.015625 0.015625
0 0.712500 0.793750 0.015625 0.015625
0 0.621875 0.795312 0.015625 0.015625
0 0.510938 0.843750 0.015625 0.015625
0 0.281250 0.848437 0.015625 0.015625
0 0.353125 0.848437 0.015625 0.015625
0 0.429688 0.851562 0.015625 0.015625
0 0.990625 0.859375 0.015625 0.015625
0 0.735938 0.860938 0.015625 0.015625
0 0.934375 0.865625 0.015625 0.015625
0 0.657813 0.865625 0.015625 0.015625
0 0.614062 0.895312 0.015625 0.015625
0 0.240625 0.914062 0.015625 0.015625
0 0.315625 0.920312 0.015625 0.015625
0 0.768750 0.925000 0.015625 0.015625
0 0.656250 0.989062 0.015625 0.015625
0 0.907813 0.990625 0.015625 0.015625
0 0.810937 0.990625 0.015625 0.015625
0 0.579688 0.990625 0.015625 0.015625
0 0.739062 0.992188 0.015625 0.015625
