0 0.862500 0.015625 0.015625 0.015625
0 0.682813 0.017188 0.015625 0.015625
0 0.785937 0.018750 0.015625 0.015625
0 0.559375 0.018750 0.015625 0.015625
0 0.129688 0.020313 0.015625 0.015625
0 0.407813 0.025000 0.015625 0.015625
0 0.392188 0.068750 0.015625 0.015625
0 0.032813 0.071875 0.015625 0.015625
0 0.078125 0.084375 0.015625 0.015625
0 0.987500 0.093750 0.015625 0.015625
0 0.890625 0.096875 0.015625 0.015625
0 0.231250 0.101562 0.015625 0.015625
0 0.625000 0.115625 0.015625 0.015625
0 0.781250 0.117188 0.015625 0.015625
0 0.703125 0.117188 0.015625 0.015625
0 0.551562 0.118750 0.015625 0.015625
0 0.737500 0.181250 0.015625 0.015625
0 0.660937 0.182812 0.015625 0.015625
0 0.814063 0.185938 0.015625 0.015625
0 0.579688 0.195312 0.015625 0.015625
0 0.796875 0.281250 0.015625 0.015625
0 0.210938 0.285938 0.015625 0.015625
0 0.889062 0.287500 0.015625 0.015625
0 0.134375 0.298438 0.015625 0.015625
0 0.567187 0.300000 0.015625 0.015625
0 0.278125 0.309375 0.015625 0.015625
0 0.356250 0.309375 0.015625 0.015625
0 0.993750 0.315625 0.015625 0.015625
0 0.879687 0.359375 0.015625 0.015625
0 0.090625 0.364063 0.015625 0.015625
0 0.007812 0.367188 0.015625 0.015625
0 0.356250 0.370312 0.015625 0.015625
0 0.442188 0.370312 0.015625 0.015625
0 0.929688 0.412500 0.015625 0.015625
0 0.214062 0.420312 0.015625 0.015625
0 0.056250 0.432812 0.015625 0.015625
0 0.282813 0.435937 0.015625 0.015625
0 0.434375 0.439063 0.015625 0.015625
0 0.359375 0.439063 0.015625 0.015625
0 0.510938 0.440625 0.015625 0.015625
0 0.987500 0.485938 0.015625 0.015625
0 0.128125 0.487500 0.015625 0.015625
0 0.025000 0.495312 0.015625 0.015625
0 0.907813 0.495312 0.015625 0.015625
0 0.234375 0.496875 0.015625 0.015625
0 0.478125 0.503125 0.015625 0.015625
0 0.321875 0.503125 0.015625 0.015625
0 0.859375 0.515625 0.015625 0.015625
0 0.382812 0.515625 0.015625 0.015625
0 0.587500 0.539062 0.015625 0.015625
0 0.173437 0.564063 0.015625 0.015625
0 0.267188 0.564063 0.015625 0.015625
0 0.085938 0.565625 0.015625 0.015625
0 0.506250 0.567187 0.015625 0.015625
0 0.354687 0.571875 0.015625 0.015625
0 0.960938 0.587500 0.015625 0.015625
0 0.804688 0.589063 0.015625 0.015625
0 0.718750 0.600000 0.015625 0.015625
0 0.432812 0.623437 0.015625 0.015625
0 0.614062 0.635938 0.015625 0.015625
0 0.081250 0.637500 0.015625 0.015625
0 0.540625 0.639062 0.015625 0.015625
0 0.962500 0.667188 0.015625 0.015625
0 0.579688 0.707812 0.015625 0.015625
0 0.185938 0.746875 0.015625 0.015625
0 0.082812 0.760938 0.015625 0.015625
0 0.307812 0.765625 0.015625 0.015625
0 0.387500 0.770312 0.015625 0.015625
0 0.615625 0.770312 0.015625 0.015625
0 0.537500 0.771875 0.015625 0.015625
0 0.839063 0.773438 0.015625 0.015625
0 0.917188 0.779687 0.015625 0.015625
0 0.762500 0.782813 0.015625 0.015625
0 0.185938 0.810937 0.015625 0.015625
0 0.346875 0.828125 0.015625 0.015625
0 0.954688 0.845313 0.015625 0.015625
0 0.062500 0.845313 0.015625 0.015625
0 0.810937 0.850000 0.015625 0.015625
0 0.154688 0.853125 0.015625 0.015625
0 0.239063 0.854688 0.015625 0.015625
0 0.540625 0.864062 0.015625 0.015625
0 0.071875 0.898438 0.015625 0.015625
0 0.381250 0.906250 0.015625 0.015625
0 0.910937 0.914062 0.015625 0.015625
0 0.132812 0.984375 0.015625 0.015625
0 0.054688 0.985938 0.015625 0.015625
0 0.654687 0.996875 0.015625 0.015625
