0 0.659375 0.004687 0.015625 0.015625
0 0.698438 0.006250 0.015625 0.015625
0 0.884375 0.007812 0.015625 0.015625
0 0.921875 0.009375 0.015625 0.015625
0 0.960938 0.010937 0.015625 0.015625
0 0.998437 0.010937 0.015625 0.015625
0 0.835938 0.014063 0.015625 0.015625
0 0.678125 0.037500 0.015625 0.015625
0 0.715625 0.039062 0.015625 0.015625
0 0.810937 0.043750 0.015625 0.015625
0 0.900000 0.043750 0.015625 0.015625
0 0.857812 0.045312 0.015625 0.015625
0 0.698438 0.071875 0.015625 0.015625
0 0.884375 0.071875 0.015625 0.015625
0 0.660937 0.071875 0.015625 0.015625
0 0.831250 0.075000 0.015625 0.015625
0 0.676562 0.103125 0.015625 0.015625
0 0.817187 0.104688 0.015625 0.015625
0 0.859375 0.104688 0.015625 0.015625
0 0.900000 0.104688 0.015625 0.015625
0 0.714063 0.104688 0.015625 0.015625
0 0.982812 0.123438 0.015625 0.015625
0 0.657813 0.134375 0.015625 0.015625
0 0.695312 0.135937 0.015625 0.015625
0 0.821875 0.137500 0.015625 0.015625
0 0.846875 0.137500 0.015625 0.015625
0 0.881250 0.139063 0.015625 0.015625
0 0.918750 0.139063 0.015625 0.015625
0 0.412500 0.150000 0.015625 0.015625
0 0.989062 0.153125 0.015625 0.015625
0 0.450000 0.153125 0.015625 0.015625
0 0.487500 0.157812 0.015625 0.015625
0 0.676562 0.168750 0.015625 0.015625
0 0.825000 0.170313 0.015625 0.015625
0 0.635938 0.171875 0.015625 0.015625
0 0.900000 0.171875 0.015625 0.015625
0 0.937500 0.171875 0.015625 0.015625
0 0.975000 0.171875 0.015625 0.015625
0 0.865625 0.171875 0.015625 0.015625
0 0.734375 0.185938 0.015625 0.015625
0 0.393750 0.190625 0.015625 0.015625
0 0.278125 0.192188 0.015625 0.015625
0 0.315625 0.192188 0.015625 0.015625
0 0.428125 0.193750 0.015625 0.015625
0 0.353125 0.193750 0.015625 0.015625
0 0.465625 0.195312 0.015625 0.015625
0 0.818750 0.196875 0.015625 0.015625
0 0.504687 0.196875 0.015625 0.015625
0 0.543750 0.198437 0.015625 0.015625
0 0.657813 0.200000 0.015625 0.015625
0 0.843750 0.201563 0.015625 0.015625
0 0.882812 0.204687 0.015625 0.015625
0 0.918750 0.204687 0.015625 0.015625
0 0.957812 0.204687 0.015625 0.015625
0 0.996875 0.204687 0.015625 0.015625
0 0.770312 0.210938 0.015625 0.015625
0 0.410938 0.221875 0.015625 0.015625
0 0.296875 0.223438 0.015625 0.015625
0 0.334375 0.223438 0.015625 0.015625
0 0.446875 0.225000 0.015625 0.015625
0 0.485938 0.228125 0.015625 0.015625
0 0.523438 0.229687 0.015625 0.015625
0 0.635938 0.231250 0.015625 0.015625
0 0.671875 0.231250 0.015625 0.015625
0 0.820312 0.231250 0.015625 0.015625
0 0.562500 0.231250 0.015625 0.015625
0 0.710938 0.231250 0.015625 0.015625
0 0.862500 0.235937 0.015625 0.015625
0 0.935937 0.237500 0.015625 0.015625
0 0.901563 0.237500 0.015625 0.015625
0 0.425000 0.256250 0.015625 0.015625
0 0.464062 0.259375 0.015625 0.015625
0 0.503125 0.259375 0.015625 0.015625
0 0.540625 0.260937 0.015625 0.015625
0 0.653125 0.262500 0.015625 0.015625
0 0.693750 0.265625 0.015625 0.015625
0 0.728125 0.267188 0.015625 0.015625
0 0.842187 0.268750 0.015625 0.015625
0 0.920312 0.270313 0.015625 0.015625
0 0.882812 0.270313 0.015625 0.015625
0 0.445312 0.295312 0.015625 0.015625
0 0.523438 0.295312 0.015625 0.015625
0 0.484375 0.296875 0.015625 0.015625
0 0.562500 0.296875 0.015625 0.015625
0 0.596875 0.296875 0.015625 0.015625
0 0.771875 0.298438 0.015625 0.015625
0 0.745313 0.298438 0.015625 0.015625
0 0.895312 0.300000 0.015625 0.015625
0 0.687500 0.300000 0.015625 0.015625
0 0.635938 0.301563 0.015625 0.015625
0 0.842187 0.303125 0.015625 0.015625
0 0.175000 0.303125 0.015625 0.015625
0 0.817187 0.303125 0.015625 0.015625
0 0.310937 0.315625 0.015625 0.015625
0 0.346875 0.320312 0.015625 0.015625
0 0.273438 0.320312 0.015625 0.015625
0 0.385937 0.321875 0.015625 0.015625
0 0.500000 0.328125 0.015625 0.015625
0 0.539062 0.329688 0.015625 0.015625
0 0.573438 0.331250 0.015625 0.015625
0 0.692187 0.335938 0.015625 0.015625
0 0.828125 0.340625 0.015625 0.015625
0 0.210938 0.345313 0.015625 0.015625
0 0.862500 0.345313 0.015625 0.015625
0 0.260937 0.359375 0.015625 0.015625
0 0.446875 0.360938 0.015625 0.015625
0 0.598437 0.362500 0.015625 0.015625
0 0.110937 0.368750 0.015625 0.015625
0 0.162500 0.370312 0.015625 0.015625
0 0.385937 0.371875 0.015625 0.015625
0 0.235937 0.373437 0.015625 0.015625
0 0.809375 0.373437 0.015625 0.015625
0 0.046875 0.373437 0.015625 0.015625
0 0.334375 0.373437 0.015625 0.015625
0 0.273438 0.379688 0.015625 0.015625
0 0.498437 0.382812 0.015625 0.015625
0 0.460938 0.385937 0.015625 0.015625
0 0.539062 0.393750 0.015625 0.015625
0 0.575000 0.395313 0.015625 0.015625
0 0.764062 0.396875 0.015625 0.015625
0 0.662500 0.396875 0.015625 0.015625
0 0.617188 0.396875 0.015625 0.015625
0 0.859375 0.403125 0.015625 0.015625
0 0.917188 0.403125 0.015625 0.015625
0 0.951562 0.404687 0.015625 0.015625
0 0.145313 0.406250 0.015625 0.015625
0 0.210938 0.407813 0.015625 0.015625
0 0.182812 0.409375 0.015625 0.015625
0 0.879687 0.418750 0.015625 0.015625
0 0.560937 0.421875 0.015625 0.015625
0 0.406250 0.421875 0.015625 0.015625
0 0.368750 0.421875 0.015625 0.015625
0 0.332813 0.421875 0.015625 0.015625
0 0.446875 0.423438 0.015625 0.015625
0 0.482812 0.423438 0.015625 0.015625
0 0.520312 0.425000 0.015625 0.015625
0 0.801562 0.429688 0.015625 0.015625
0 0.673438 0.429688 0.015625 0.015625
0 0.773438 0.432812 0.015625 0.015625
0 0.634375 0.432812 0.015625 0.015625
0 0.962500 0.434375 0.015625 0.015625
0 0.612500 0.446875 0.015625 0.015625
0 0.946875 0.451562 0.015625 0.015625
0 0.907813 0.456250 0.015625 0.015625
0 0.387500 0.456250 0.015625 0.015625
0 0.426563 0.456250 0.015625 0.015625
0 0.351562 0.459375 0.015625 0.015625
0 0.464062 0.459375 0.015625 0.015625
0 0.690625 0.462500 0.015625 0.015625
0 0.989062 0.470313 0.015625 0.015625
0 0.371875 0.487500 0.015625 0.015625
0 0.634375 0.493750 0.015625 0.015625
0 0.759375 0.495312 0.015625 0.015625
0 0.710938 0.495312 0.015625 0.015625
0 0.595313 0.495312 0.015625 0.015625
0 0.675000 0.495312 0.015625 0.015625
0 0.825000 0.498437 0.015625 0.015625
0 0.865625 0.498437 0.015625 0.015625
0 0.800000 0.500000 0.015625 0.015625
0 0.082812 0.525000 0.015625 0.015625
0 0.728125 0.526563 0.015625 0.015625
0 0.692187 0.528125 0.015625 0.015625
0 0.762500 0.531250 0.015625 0.015625
0 0.395313 0.535937 0.015625 0.015625
0 0.468750 0.542188 0.015625 0.015625
0 0.248438 0.546875 0.015625 0.015625
0 0.709375 0.557813 0.015625 0.015625
0 0.746875 0.560937 0.015625 0.015625
0 0.959375 0.568750 0.015625 0.015625
0 0.998437 0.570312 0.015625 0.015625
0 0.787500 0.585938 0.015625 0.015625
0 0.690625 0.593750 0.015625 0.015625
0 0.740625 0.595313 0.015625 0.015625
0 0.885938 0.598437 0.015625 0.015625
0 0.976562 0.600000 0.015625 0.015625
0 0.203125 0.604688 0.015625 0.015625
0 0.026562 0.604688 0.015625 0.015625
0 0.243750 0.606250 0.015625 0.015625
0 0.509375 0.610938 0.015625 0.015625
0 0.551562 0.610938 0.015625 0.015625
0 0.446875 0.625000 0.015625 0.015625
0 0.712500 0.626563 0.015625 0.015625
0 0.673438 0.628125 0.015625 0.015625
0 0.846875 0.629687 0.015625 0.015625
0 0.896875 0.631250 0.015625 0.015625
0 0.985938 0.637500 0.015625 0.015625
0 0.767188 0.660937 0.015625 0.015625
0 0.804688 0.662500 0.015625 0.015625
0 0.839063 0.662500 0.015625 0.015625
0 0.870313 0.665625 0.015625 0.015625
0 0.046875 0.665625 0.015625 0.015625
0 0.118750 0.667188 0.015625 0.015625
0 0.085938 0.667188 0.015625 0.015625
0 0.170313 0.668750 0.015625 0.015625
0 0.356250 0.670312 0.015625 0.015625
0 0.243750 0.670312 0.015625 0.015625
0 0.282813 0.670312 0.015625 0.015625
0 0.021875 0.670312 0.015625 0.015625
0 0.550000 0.676562 0.015625 0.015625
0 0.706250 0.676562 0.015625 0.015625
0 0.620313 0.678125 0.015625 0.015625
0 0.325000 0.678125 0.015625 0.015625
0 0.482812 0.681250 0.015625 0.015625
0 0.784375 0.695312 0.015625 0.015625
0 0.745313 0.695312 0.015625 0.015625
0 0.859375 0.695312 0.015625 0.015625
0 0.900000 0.696875 0.015625 0.015625
0 0.823438 0.696875 0.015625 0.015625
0 0.992188 0.701562 0.015625 0.015625
0 0.176563 0.706250 0.015625 0.015625
0 0.151562 0.728125 0.015625 0.015625
0 0.121875 0.729688 0.015625 0.015625
0 0.048438 0.731250 0.015625 0.015625
0 0.271875 0.734375 0.015625 0.015625
0 0.310937 0.737500 0.015625 0.015625
0 0.664062 0.737500 0.015625 0.015625
0 0.350000 0.739062 0.015625 0.015625
0 0.443750 0.740625 0.015625 0.015625
0 0.559375 0.740625 0.015625 0.015625
0 0.589063 0.742188 0.015625 0.015625
0 0.406250 0.743750 0.015625 0.015625
0 0.626563 0.743750 0.015625 0.015625
0 0.718750 0.743750 0.015625 0.015625
0 0.960938 0.781250 0.015625 0.015625
0 0.010937 0.789062 0.015625 0.015625
0 0.076563 0.790625 0.015625 0.015625
0 0.800000 0.790625 0.015625 0.015625
0 0.760938 0.790625 0.015625 0.015625
0 0.876563 0.792188 0.015625 0.015625
0 0.839063 0.793750 0.015625 0.015625
0 0.157812 0.793750 0.015625 0.015625
0 0.539062 0.795312 0.015625 0.015625
0 0.117188 0.795312 0.015625 0.015625
0 0.926562 0.795312 0.015625 0.015625
0 0.646875 0.801562 0.015625 0.015625
0 0.310937 0.803125 0.015625 0.015625
0 0.376563 0.803125 0.015625 0.015625
0 0.462500 0.804688 0.015625 0.015625
0 0.609375 0.804688 0.015625 0.015625
0 0.571875 0.804688 0.015625 0.015625
0 0.414062 0.804688 0.015625 0.015625
0 0.698438 0.806250 0.015625 0.015625
0 0.781250 0.823438 0.015625 0.015625
0 0.820312 0.826562 0.015625 0.015625
0 0.859375 0.828125 0.015625 0.015625
0 0.896875 0.829688 0.015625 0.015625
0 0.998437 0.834375 0.015625 0.015625
0 0.945312 0.843750 0.015625 0.015625
0 0.843750 0.846875 0.015625 0.015625
0 0.571875 0.853125 0.015625 0.015625
0 0.039062 0.854688 0.015625 0.015625
0 0.004687 0.854688 0.015625 0.015625
0 0.460938 0.856250 0.015625 0.015625
0 0.609375 0.856250 0.015625 0.015625
0 0.084375 0.859375 0.015625 0.015625
0 0.493750 0.859375 0.015625 0.015625
0 0.184375 0.859375 0.015625 0.015625
0 0.223438 0.860938 0.015625 0.015625
0 0.132812 0.864062 0.015625 0.015625
0 0.673438 0.868750 0.015625 0.015625
0 0.637500 0.870313 0.015625 0.015625
0 0.712500 0.871875 0.015625 0.015625
0 0.823438 0.873437 0.015625 0.015625
0 0.895312 0.876563 0.015625 0.015625
0 0.746875 0.878125 0.015625 0.015625
0 0.595313 0.881250 0.015625 0.015625
0 0.859375 0.882812 0.015625 0.015625
0 0.929688 0.882812 0.015625 0.015625
0 0.984375 0.890625 0.015625 0.015625
0 0.923438 0.907813 0.015625 0.015625
0 0.073438 0.915625 0.015625 0.015625
0 0.009375 0.917188 0.015625 0.015625
0 0.725000 0.917188 0.015625 0.015625
0 0.232813 0.918750 0.015625 0.015625
0 0.760938 0.920312 0.015625 0.015625
0 0.267188 0.923438 0.015625 0.015625
0 0.798438 0.925000 0.015625 0.015625
0 0.315625 0.925000 0.015625 0.015625
0 0.175000 0.925000 0.015625 0.015625
0 0.837500 0.926562 0.015625 0.015625
0 0.910937 0.926562 0.015625 0.015625
0 0.875000 0.926562 0.015625 0.015625
0 0.421875 0.929688 0.015625 0.015625
0 0.382812 0.929688 0.015625 0.015625
0 0.492188 0.931250 0.015625 0.015625
0 0.525000 0.931250 0.015625 0.015625
0 0.565625 0.931250 0.015625 0.015625
0 0.598437 0.934375 0.015625 0.015625
0 0.634375 0.937500 0.015625 0.015625
0 0.704688 0.953125 0.015625 0.015625
0 0.778125 0.956250 0.015625 0.015625
0 0.817187 0.957812 0.015625 0.015625
0 0.750000 0.957812 0.015625 0.015625
0 0.984375 0.959375 0.015625 0.015625
0 0.892188 0.960938 0.015625 0.015625
0 0.339062 0.982812 0.015625 0.015625
0 0.125000 0.984375 0.015625 0.015625
0 0.160938 0.984375 0.015625 0.015625
0 0.226562 0.984375 0.015625 0.015625
0 0.684375 0.985938 0.015625 0.015625
0 0.759375 0.989062 0.015625 0.015625
0 0.798438 0.990625 0.015625 0.015625
0 0.721875 0.990625 0.015625 0.015625
0 0.835938 0.990625 0.015625 0.015625
0 0.873437 0.990625 0.015625 0.015625
0 0.271875 0.992188 0.015625 0.015625
0 0.420312 0.992188 0.015625 0.015625
0 0.310937 0.993750 0.015625 0.015625
0 0.582812 0.993750 0.015625 0.015625
0 0.523438 0.996875 0.015625 0.015625
0 0.482812 0.996875 0.015625 0.015625
0 0.029687 0.220312 0.015625 0.015625
0 0.067187 0.223438 0.015625 0.015625
0 0.114062 0.218750 0.015625 0.015625
0 0.182812 0.228125 0.015625 0.015625
0 0.220312 0.226562 0.015625 0.015625
0 0.256250 0.225000 0.015625 0.015625
0 0.240625 0.192188 0.015625 0.015625
