0 0.134375 0.067187 0.015625 0.015625
0 0.060937 0.062500 0.015625 0.015625
0 0.168750 0.000000 0.015625 0.015625
0 0.215625 0.065625 0.015625 0.015625
0 0.250000 0.001563 0.015625 0.015625
0 0.293750 0.064062 0.015625 0.015625
0 0.325000 0.001563 0.015625 0.015625
0 0.370312 0.060937 0.015625 0.015625
0 0.400000 0.006250 0.015625 0.015625
0 0.439063 0.068750 0.015625 0.015625
0 0.476562 0.003125 0.015625 0.015625
0 0.506250 0.071875 0.015625 0.015625
0 0.548438 0.004687 0.015625 0.015625
0 0.593750 0.060937 0.015625 0.015625
0 0.623437 0.003125 0.015625 0.015625
0 0.639062 0.071875 0.015625 0.015625
0 0.023438 0.114062 0.015625 0.015625
0 0.057813 0.192188 0.015625 0.015625
0 0.096875 0.121875 0.015625 0.015625
0 0.128125 0.214062 0.015625 0.015625
0 0.167187 0.121875 0.015625 0.015625
0 0.203125 0.187500 0.015625 0.015625
0 0.242188 0.117188 0.015625 0.015625
0 0.285938 0.195312 0.015625 0.015625
0 0.356250 0.201563 0.015625 0.015625
0 0.409375 0.128125 0.015625 0.015625
0 0.423438 0.209375 0.015625 0.015625
0 0.482812 0.140625 0.015625 0.015625
0 0.492188 0.200000 0.015625 0.015625
0 0.542188 0.132812 0.015625 0.015625
0 0.559375 0.203125 0.015625 0.015625
0 0.007812 0.251563 0.015625 0.015625
0 0.095312 0.251563 0.015625 0.015625
0 0.051562 0.323437 0.015625 0.015625
0 0.103125 0.326562 0.015625 0.015625
0 0.178125 0.328125 0.015625 0.015625
0 0.534375 0.268750 0.015625 0.015625
0 0.000000 0.781250 0.015625 0.015625
0 0.040625 0.712500 0.015625 0.015625
0 0.078125 0.779687 0.015625 0.015625
0 0.110937 0.720313 0.015625 0.015625
0 0.154688 0.781250 0.015625 0.015625
0 0.193750 0.718750 0.015625 0.015625
0 0.232813 0.784375 0.015625 0.015625
0 0.264062 0.720313 0.015625 0.015625
0 0.309375 0.778125 0.015625 0.015625
0 0.340625 0.721875 0.015625 0.015625
0 0.385937 0.789062 0.015625 0.015625
0 0.423438 0.726562 0.015625 0.015625
0 0.459375 0.784375 0.015625 0.015625
0 0.495312 0.731250 0.015625 0.015625
0 0.526563 0.792188 0.015625 0.015625
0 0.567187 0.729688 0.015625 0.015625
0 0.615625 0.800000 0.015625 0.015625
0 0.645312 0.729688 0.015625 0.015625
0 0.684375 0.800000 0.015625 0.015625
0 0.723437 0.731250 0.015625 0.015625
0 0.760938 0.798438 0.015625 0.015625
0 0.796875 0.731250 0.015625 0.015625
0 0.837500 0.793750 0.015625 0.015625
0 0.876563 0.731250 0.015625 0.015625
0 0.920312 0.800000 0.015625 0.015625
0 0.954688 0.734375 0.015625 0.015625
0 0.995313 0.798438 0.015625 0.015625
0 0.226562 0.528125 0.015625 0.015625
0 0.307812 0.521875 0.015625 0.015625
0 0.381250 0.529687 0.015625 0.015625
0 0.426563 0.585938 0.015625 0.015625
0 0.457813 0.535937 0.015625 0.015625
0 0.650000 0.601562 0.015625 0.015625
0 0.381250 0.657813 0.015625 0.015625
0 0.456250 0.657813 0.015625 0.015625
0 0.534375 0.659375 0.015625 0.015625
0 0.610938 0.665625 0.015625 0.015625
0 0.685937 0.665625 0.015625 0.015625
0 0.759375 0.667188 0.015625 0.015625
0 0.807813 0.612500 0.015625 0.015625
0 0.837500 0.667188 0.015625 0.015625
0 0.875000 0.600000 0.015625 0.015625
0 0.917188 0.664062 0.015625 0.015625
0 0.950000 0.606250 0.015625 0.015625
0 0.998437 0.662500 0.015625 0.015625
0 0.995313 0.407813 0.015625 0.015625
0 0.925000 0.406250 0.015625 0.015625
0 0.846875 0.407813 0.015625 0.015625
0 0.879687 0.468750 0.015625 0.015625
0 0.807813 0.470313 0.015625 0.015625
0 0.889062 0.342187 0.015625 0.015625
0 0.965625 0.339062 0.015625 0.015625
0 0.001563 0.909375 0.015625 0.015625
0 0.032813 0.850000 0.015625 0.015625
0 0.076563 0.909375 0.015625 0.015625
0 0.112500 0.851562 0.015625 0.015625
0 0.156250 0.906250 0.015625 0.015625
0 0.189062 0.843750 0.015625 0.015625
0 0.260937 0.851562 0.015625 0.015625
0 0.303125 0.910937 0.015625 0.015625
0 0.339062 0.853125 0.015625 0.015625
0 0.390625 0.917188 0.015625 0.015625
0 0.410938 0.854688 0.015625 0.015625
0 0.453125 0.912500 0.015625 0.015625
0 0.490625 0.856250 0.015625 0.015625
0 0.528125 0.920312 0.015625 0.015625
0 0.571875 0.859375 0.015625 0.015625
0 0.607812 0.926562 0.015625 0.015625
0 0.643750 0.859375 0.015625 0.015625
0 0.684375 0.923438 0.015625 0.015625
0 0.720313 0.865625 0.015625 0.015625
0 0.759375 0.925000 0.015625 0.015625
0 0.795312 0.864062 0.015625 0.015625
0 0.834375 0.925000 0.015625 0.015625
0 0.875000 0.870313 0.015625 0.015625
0 0.910937 0.928125 0.015625 0.015625
0 0.953125 0.882812 0.015625 0.015625
0 0.982812 0.932813 0.015625 0.015625
0 0.032813 0.978125 0.015625 0.015625
0 0.112500 0.975000 0.015625 0.015625
0 0.184375 0.976562 0.015625 0.015625
0 0.256250 0.978125 0.015625 0.015625
0 0.335938 0.987500 0.015625 0.015625
0 0.418750 0.978125 0.015625 0.015625
0 0.489063 0.985938 0.015625 0.015625
0 0.565625 0.984375 0.015625 0.015625
0 0.650000 0.990625 0.015625 0.015625
0 0.726562 0.990625 0.015625 0.015625
0 0.798438 0.987500 0.015625 0.015625
0 0.871875 0.996875 0.015625 0.015625
0 0.951562 0.995313 0.015625 0.015625
0 0.890625 0.078125 0.015625 0.015625
0 0.957812 0.210938 0.015625 0.015625
0 0.843750 0.275000 0.015625 0.015625
0 0.768750 0.268750 0.015625 0.015625
0 0.804688 0.212500 0.015625 0.015625
0 0.925000 0.275000 0.015625 0.015625
0 0.998437 0.148438 0.015625 0.015625
0 0.567187 0.490625 0.015625 0.015625
0 0.770312 0.534375 0.015625 0.015625
0 0.840625 0.534375 0.015625 0.015625
0 0.925000 0.528125 0.015625 0.015625
0 0.717187 0.465625 0.015625 0.015625
0 0.764062 0.400000 0.015625 0.015625
0 0.695312 0.404687 0.015625 0.015625
0 0.607812 0.404687 0.015625 0.015625
0 0.651563 0.475000 0.015625 0.015625
0 0.492188 0.598437 0.015625 0.015625
0 0.307812 0.660937 0.015625 0.015625
0 0.221875 0.660937 0.015625 0.015625
0 0.145313 0.656250 0.015625 0.015625
0 0.125000 0.589063 0.015625 0.015625
0 0.192188 0.585938 0.015625 0.015625
0 0.728125 0.604688 0.015625 0.015625
0 0.993750 0.534375 0.015625 0.015625
0 0.854688 0.006250 0.015625 0.015625
0 0.821875 0.070312 0.015625 0.015625
0 0.773438 0.142187 0.015625 0.015625
0 0.921875 0.143750 0.015625 0.015625
0 0.039062 0.392188 0.015625 0.015625
0 0.257812 0.264062 0.015625 0.015625
0 0.315625 0.256250 0.015625 0.015625
0 0.395313 0.262500 0.015625 0.015625
