0 0.065625 0.214062 0.015625 0.015625
0 0.034375 0.279687 0.015625 0.015625
0 0.075000 0.348438 0.015625 0.015625
0 0.014063 0.365625 0.015625 0.015625
0 0.104688 0.403125 0.015625 0.015625
0 0.028125 0.418750 0.015625 0.015625
0 0.151562 0.485938 0.015625 0.015625
0 0.084375 0.498437 0.015625 0.015625
0 0.006250 0.498437 0.015625 0.015625
0 0.245312 0.534375 0.015625 0.015625
0 0.109375 0.543750 0.015625 0.015625
0 0.032813 0.545312 0.015625 0.015625
0 0.190625 0.546875 0.015625 0.015625
0 0.070312 0.603125 0.015625 0.015625
0 0.150000 0.607812 0.015625 0.015625
0 0.220312 0.610938 0.015625 0.015625
0 0.292187 0.612500 0.015625 0.015625
0 0.251563 0.667188 0.015625 0.015625
0 0.104688 0.673438 0.015625 0.015625
0 0.184375 0.678125 0.015625 0.015625
0 0.067187 0.743750 0.015625 0.015625
0 0.225000 0.746875 0.015625 0.015625
0 0.146875 0.750000 0.015625 0.015625
0 0.346875 0.759375 0.015625 0.015625
0 0.029687 0.800000 0.015625 0.015625
0 0.329688 0.806250 0.015625 0.015625
0 0.256250 0.807813 0.015625 0.015625
0 0.182812 0.807813 0.015625 0.015625
0 0.106250 0.810937 0.015625 0.015625
0 0.412500 0.823438 0.015625 0.015625
0 0.065625 0.875000 0.015625 0.015625
0 0.290625 0.875000 0.015625 0.015625
0 0.221875 0.879687 0.015625 0.015625
0 0.142187 0.881250 0.015625 0.015625
0 0.365625 0.890625 0.015625 0.015625
0 0.448437 0.901563 0.015625 0.015625
0 0.179688 0.935937 0.015625 0.015625
0 0.253125 0.939063 0.015625 0.015625
0 0.026562 0.940625 0.015625 0.015625
0 0.396875 0.943750 0.015625 0.015625
0 0.098437 0.943750 0.015625 0.015625
0 0.328125 0.978125 0.015625 0.015625
0 0.242188 0.982812 0.015625 0.015625
