0 0.292187 0.354687 0.015625 0.015625
0 0.367188 0.356250 0.015625 0.015625
0 0.520312 0.356250 0.015625 0.015625
0 0.595313 0.357812 0.015625 0.015625
0 0.442188 0.357812 0.015625 0.015625
0 0.671875 0.357812 0.015625 0.015625
0 0.068750 0.475000 0.015625 0.015625
0 0.214062 0.479687 0.015625 0.015625
0 0.140625 0.481250 0.015625 0.015625
0 0.365625 0.485938 0.015625 0.015625
0 0.290625 0.487500 0.015625 0.015625
0 0.101562 0.535937 0.015625 0.015625
0 0.245312 0.545312 0.015625 0.015625
0 0.175000 0.545312 0.015625 0.015625
0 0.326562 0.551562 0.015625 0.015625
0 0.554688 0.551562 0.015625 0.015625
0 0.785937 0.553125 0.015625 0.015625
0 0.707812 0.554688 0.015625 0.015625
0 0.076563 0.606250 0.015625 0.015625
0 0.210938 0.610938 0.015625 0.015625
0 0.290625 0.612500 0.015625 0.015625
0 0.742188 0.628125 0.015625 0.015625
0 0.173437 0.675000 0.015625 0.015625
0 0.320312 0.676562 0.015625 0.015625
0 0.248438 0.679688 0.015625 0.015625
0 0.782813 0.690625 0.015625 0.015625
0 0.060937 0.734375 0.015625 0.015625
0 0.145313 0.735938 0.015625 0.015625
0 0.443750 0.735938 0.015625 0.015625
0 0.364063 0.740625 0.015625 0.015625
0 0.212500 0.740625 0.015625 0.015625
0 0.290625 0.745313 0.015625 0.015625
0 0.743750 0.748437 0.015625 0.015625
0 0.515625 0.750000 0.015625 0.015625
0 0.662500 0.750000 0.015625 0.015625
0 0.884375 0.751563 0.015625 0.015625
0 0.818750 0.753125 0.015625 0.015625
0 0.012500 0.807813 0.015625 0.015625
0 0.162500 0.810937 0.015625 0.015625
0 0.087500 0.812500 0.015625 0.015625
0 0.245312 0.812500 0.015625 0.015625
0 0.317188 0.815625 0.015625 0.015625
0 0.471875 0.817187 0.015625 0.015625
0 0.393750 0.818750 0.015625 0.015625
0 0.698438 0.823438 0.015625 0.015625
0 0.850000 0.825000 0.015625 0.015625
0 0.921875 0.826562 0.015625 0.015625
0 0.046875 0.873437 0.015625 0.015625
0 0.123438 0.875000 0.015625 0.015625
0 0.201563 0.881250 0.015625 0.015625
0 0.276562 0.881250 0.015625 0.015625
0 0.893750 0.887500 0.015625 0.015625
0 0.429688 0.887500 0.015625 0.015625
0 0.590625 0.887500 0.015625 0.015625
0 0.510938 0.887500 0.015625 0.015625
0 0.739062 0.889062 0.015625 0.015625
0 0.810937 0.892188 0.015625 0.015625
0 0.007812 0.939063 0.015625 0.015625
0 0.239063 0.940625 0.015625 0.015625
0 0.089063 0.940625 0.015625 0.015625
0 0.318750 0.942187 0.015625 0.015625
0 0.160938 0.942187 0.015625 0.015625
0 0.398438 0.945312 0.015625 0.015625
0 0.467187 0.951562 0.015625 0.015625
0 0.548438 0.951562 0.015625 0.015625
0 0.625000 0.951562 0.015625 0.015625
0 0.851562 0.953125 0.015625 0.015625
0 0.926562 0.956250 0.015625 0.015625
0 0.775000 0.959375 0.015625 0.015625
0 0.359375 0.610938 0.015625 0.015625
0 0.404687 0.545312 0.015625 0.015625
0 0.439063 0.609375 0.015625 0.015625
0 0.443750 0.485938 0.015625 0.015625
0 0.484375 0.554688 0.015625 0.015625
0 0.520312 0.612500 0.015625 0.015625
0 0.567187 0.679688 0.015625 0.015625
0 0.632812 0.687500 0.015625 0.015625
0 0.596875 0.734375 0.015625 0.015625
0 0.590625 0.617188 0.015625 0.015625
0 0.634375 0.550000 0.015625 0.015625
0 0.670312 0.631250 0.015625 0.015625
0 0.596875 0.492188 0.015625 0.015625
0 0.498437 0.481250 0.015625 0.015625
0 0.701562 0.682813 0.015625 0.015625
0 0.817187 0.623437 0.015625 0.015625
0 0.857812 0.678125 0.015625 0.015625
0 0.884375 0.623437 0.015625 0.015625
0 0.859375 0.553125 0.015625 0.015625
0 0.946875 0.690625 0.015625 0.015625
0 0.968750 0.750000 0.015625 0.015625
0 0.979688 0.626563 0.015625 0.015625
0 0.979688 0.904687 0.015625 0.015625
0 0.051562 0.607812 0.015625 0.015625
0 0.025000 0.415625 0.015625 0.015625
0 0.095312 0.417187 0.015625 0.015625
0 0.176563 0.420312 0.015625 0.015625
0 0.025000 0.673438 0.015625 0.015625
0 0.109375 0.673438 0.015625 0.015625
0 0.690625 0.481250 0.015625 0.015625
0 0.818750 0.503125 0.015625 0.015625
0 0.975000 0.501563 0.015625 0.015625
0 0.987500 0.559375 0.015625 0.015625
0 0.934375 0.557813 0.015625 0.015625
0 0.339062 0.023438 0.015625 0.015625
0 0.415625 0.025000 0.015625 0.015625
0 0.490625 0.026562 0.015625 0.015625
0 0.565625 0.028125 0.015625 0.015625
0 0.642188 0.029687 0.015625 0.015625
0 0.717187 0.032813 0.015625 0.015625
0 0.792188 0.034375 0.015625 0.015625
0 0.870313 0.035937 0.015625 0.015625
0 0.945312 0.039062 0.015625 0.015625
0 0.303125 0.087500 0.015625 0.015625
0 0.376563 0.089063 0.015625 0.015625
0 0.453125 0.090625 0.015625 0.015625
0 0.528125 0.093750 0.015625 0.015625
0 0.679688 0.096875 0.015625 0.015625
0 0.603125 0.096875 0.015625 0.015625
0 0.756250 0.098437 0.015625 0.015625
0 0.832812 0.101562 0.015625 0.015625
0 0.909375 0.103125 0.015625 0.015625
0 0.985938 0.104688 0.015625 0.015625
0 0.257812 0.151562 0.015625 0.015625
0 0.335938 0.154688 0.015625 0.015625
0 0.412500 0.156250 0.015625 0.015625
0 0.487500 0.159375 0.015625 0.015625
0 0.565625 0.160938 0.015625 0.015625
0 0.639062 0.162500 0.015625 0.015625
0 0.793750 0.165625 0.015625 0.015625
0 0.715625 0.165625 0.015625 0.015625
0 0.867188 0.168750 0.015625 0.015625
0 0.943750 0.170313 0.015625 0.015625
0 0.445312 0.226562 0.015625 0.015625
0 0.520312 0.226562 0.015625 0.015625
0 0.598437 0.226562 0.015625 0.015625
0 0.678125 0.229687 0.015625 0.015625
0 0.753125 0.232813 0.015625 0.015625
0 0.831250 0.234375 0.015625 0.015625
0 0.903125 0.235937 0.015625 0.015625
0 0.984375 0.239063 0.015625 0.015625
0 0.332813 0.284375 0.015625 0.015625
0 0.407813 0.285938 0.015625 0.015625
0 0.256250 0.287500 0.015625 0.015625
0 0.560937 0.290625 0.015625 0.015625
0 0.482812 0.292187 0.015625 0.015625
0 0.635938 0.295312 0.015625 0.015625
0 0.712500 0.296875 0.015625 0.015625
0 0.787500 0.300000 0.015625 0.015625
0 0.864062 0.303125 0.015625 0.015625
0 0.940625 0.304688 0.015625 0.015625
0 0.367188 0.353125 0.015625 0.015625
0 0.520312 0.356250 0.015625 0.015625
0 0.595313 0.356250 0.015625 0.015625
0 0.440625 0.357812 0.015625 0.015625
0 0.671875 0.359375 0.015625 0.015625
0 0.745313 0.364063 0.015625 0.015625
0 0.825000 0.367188 0.015625 0.015625
0 0.900000 0.371875 0.015625 0.015625
0 0.978125 0.373437 0.015625 0.015625
0 0.353125 0.878125 0.015625 0.015625
