0 0.032813 0.051562 0.015625 0.015625
0 0.106250 0.043750 0.015625 0.015625
0 0.187500 0.057813 0.015625 0.015625
0 0.262500 0.054688 0.015625 0.015625
0 0.337500 0.065625 0.015625 0.015625
0 0.417187 0.057813 0.015625 0.015625
0 0.487500 0.067187 0.015625 0.015625
0 0.559375 0.059375 0.015625 0.015625
0 0.600000 0.000000 0.015625 0.015625
0 0.640625 0.067187 0.015625 0.015625
0 0.673438 0.003125 0.015625 0.015625
0 0.720313 0.064062 0.015625 0.015625
0 0.753125 0.001563 0.015625 0.015625
0 0.792188 0.068750 0.015625 0.015625
0 0.826562 0.004687 0.015625 0.015625
0 0.870313 0.070312 0.015625 0.015625
0 0.906250 0.003125 0.015625 0.015625
0 0.943750 0.073438 0.015625 0.015625
0 0.981250 0.007812 0.015625 0.015625
0 0.003125 0.118750 0.015625 0.015625
0 0.068750 0.121875 0.015625 0.015625
0 0.139063 0.125000 0.015625 0.015625
0 0.220312 0.125000 0.015625 0.015625
0 0.289062 0.125000 0.015625 0.015625
0 0.042188 0.190625 0.015625 0.015625
0 0.073438 0.250000 0.015625 0.015625
0 0.103125 0.190625 0.015625 0.015625
0 0.143750 0.254688 0.015625 0.015625
0 0.181250 0.185938 0.015625 0.015625
0 0.218750 0.260937 0.015625 0.015625
0 0.256250 0.189062 0.015625 0.015625
0 0.334375 0.193750 0.015625 0.015625
0 0.376563 0.253125 0.015625 0.015625
0 0.407813 0.195312 0.015625 0.015625
0 0.450000 0.262500 0.015625 0.015625
0 0.485938 0.196875 0.015625 0.015625
0 0.557813 0.200000 0.015625 0.015625
0 0.375000 0.123438 0.015625 0.015625
0 0.451562 0.132812 0.015625 0.015625
0 0.523438 0.128125 0.015625 0.015625
0 0.593750 0.134375 0.015625 0.015625
0 0.681250 0.135937 0.015625 0.015625
0 0.745313 0.135937 0.015625 0.015625
0 0.639062 0.196875 0.015625 0.015625
0 0.707812 0.200000 0.015625 0.015625
0 0.789062 0.201563 0.015625 0.015625
0 0.826562 0.135937 0.015625 0.015625
0 0.864062 0.193750 0.015625 0.015625
0 0.895312 0.135937 0.015625 0.015625
0 0.939063 0.201563 0.015625 0.015625
0 0.979688 0.143750 0.015625 0.015625
0 0.290625 0.257812 0.015625 0.015625
0 0.525000 0.260937 0.015625 0.015625
0 0.598437 0.264062 0.015625 0.015625
0 0.676562 0.267188 0.015625 0.015625
0 0.740625 0.267188 0.015625 0.015625
0 0.825000 0.265625 0.015625 0.015625
0 0.893750 0.267188 0.015625 0.015625
0 0.976562 0.271875 0.015625 0.015625
0 0.106250 0.317188 0.015625 0.015625
0 0.153125 0.387500 0.015625 0.015625
0 0.179688 0.323437 0.015625 0.015625
0 0.215625 0.387500 0.015625 0.015625
0 0.260937 0.317188 0.015625 0.015625
0 0.287500 0.385937 0.015625 0.015625
0 0.331250 0.321875 0.015625 0.015625
0 0.365625 0.392188 0.015625 0.015625
0 0.406250 0.325000 0.015625 0.015625
0 0.432812 0.384375 0.015625 0.015625
0 0.481250 0.328125 0.015625 0.015625
0 0.525000 0.384375 0.015625 0.015625
0 0.556250 0.328125 0.015625 0.015625
0 0.596875 0.393750 0.015625 0.015625
0 0.637500 0.328125 0.015625 0.015625
0 0.712500 0.334375 0.015625 0.015625
0 0.748437 0.396875 0.015625 0.015625
0 0.778125 0.334375 0.015625 0.015625
0 0.828125 0.396875 0.015625 0.015625
0 0.862500 0.326562 0.015625 0.015625
0 0.895312 0.398438 0.015625 0.015625
0 0.932813 0.331250 0.015625 0.015625
0 0.970313 0.396875 0.015625 0.015625
0 0.676562 0.401562 0.015625 0.015625
0 0.190625 0.450000 0.015625 0.015625
0 0.225000 0.514062 0.015625 0.015625
0 0.243750 0.456250 0.015625 0.015625
0 0.289062 0.518750 0.015625 0.015625
0 0.329688 0.456250 0.015625 0.015625
0 0.368750 0.517188 0.015625 0.015625
0 0.407813 0.451562 0.015625 0.015625
0 0.443750 0.514062 0.015625 0.015625
0 0.482812 0.456250 0.015625 0.015625
0 0.520312 0.521875 0.015625 0.015625
0 0.560937 0.456250 0.015625 0.015625
0 0.595313 0.523438 0.015625 0.015625
0 0.631250 0.464062 0.015625 0.015625
0 0.673438 0.528125 0.015625 0.015625
0 0.714063 0.459375 0.015625 0.015625
0 0.743750 0.531250 0.015625 0.015625
0 0.790625 0.464062 0.015625 0.015625
0 0.821875 0.531250 0.015625 0.015625
0 0.853125 0.462500 0.015625 0.015625
0 0.898438 0.531250 0.015625 0.015625
0 0.939063 0.462500 0.015625 0.015625
0 0.978125 0.529687 0.015625 0.015625
0 0.265625 0.590625 0.015625 0.015625
0 0.303125 0.643750 0.015625 0.015625
0 0.325000 0.587500 0.015625 0.015625
0 0.364063 0.650000 0.015625 0.015625
0 0.401562 0.584375 0.015625 0.015625
0 0.435937 0.650000 0.015625 0.015625
0 0.478125 0.578125 0.015625 0.015625
0 0.515625 0.651563 0.015625 0.015625
0 0.556250 0.584375 0.015625 0.015625
0 0.590625 0.654687 0.015625 0.015625
0 0.629687 0.585938 0.015625 0.015625
0 0.665625 0.659375 0.015625 0.015625
0 0.706250 0.595313 0.015625 0.015625
0 0.739062 0.657813 0.015625 0.015625
0 0.775000 0.596875 0.015625 0.015625
0 0.814063 0.662500 0.015625 0.015625
0 0.859375 0.596875 0.015625 0.015625
0 0.892188 0.662500 0.015625 0.015625
0 0.929688 0.603125 0.015625 0.015625
0 0.967187 0.660937 0.015625 0.015625
0 0.340625 0.721875 0.015625 0.015625
0 0.400000 0.718750 0.015625 0.015625
0 0.378125 0.787500 0.015625 0.015625
0 0.450000 0.779687 0.015625 0.015625
0 0.476562 0.718750 0.015625 0.015625
0 0.512500 0.789062 0.015625 0.015625
0 0.556250 0.717187 0.015625 0.015625
0 0.600000 0.792188 0.015625 0.015625
0 0.626563 0.725000 0.015625 0.015625
0 0.660937 0.795312 0.015625 0.015625
0 0.701562 0.723437 0.015625 0.015625
0 0.745313 0.793750 0.015625 0.015625
0 0.781250 0.723437 0.015625 0.015625
0 0.820312 0.792188 0.015625 0.015625
0 0.856250 0.723437 0.015625 0.015625
0 0.895312 0.792188 0.015625 0.015625
0 0.931250 0.725000 0.015625 0.015625
0 0.973437 0.796875 0.015625 0.015625
0 0.409375 0.851562 0.015625 0.015625
0 0.448437 0.909375 0.015625 0.015625
0 0.473438 0.853125 0.015625 0.015625
0 0.517188 0.903125 0.015625 0.015625
0 0.548438 0.854688 0.015625 0.015625
0 0.584375 0.915625 0.015625 0.015625
0 0.625000 0.851562 0.015625 0.015625
0 0.667188 0.917188 0.015625 0.015625
0 0.704688 0.857812 0.015625 0.015625
0 0.737500 0.923438 0.015625 0.015625
0 0.773438 0.854688 0.015625 0.015625
0 0.814063 0.920312 0.015625 0.015625
0 0.848437 0.860938 0.015625 0.015625
0 0.885938 0.923438 0.015625 0.015625
0 0.929688 0.859375 0.015625 0.015625
0 0.962500 0.921875 0.015625 0.015625
0 0.489063 0.981250 0.015625 0.015625
0 0.545312 0.981250 0.015625 0.015625
0 0.623437 0.981250 0.015625 0.015625
0 0.703125 0.981250 0.015625 0.015625
0 0.770312 0.989062 0.015625 0.015625
0 0.845313 0.990625 0.015625 0.015625
0 0.925000 0.993750 0.015625 0.015625
0 0.026562 0.434375 0.015625 0.015625
0 0.067187 0.390625 0.015625 0.015625
0 0.100000 0.448437 0.015625 0.015625
0 0.025000 0.578125 0.015625 0.015625
0 0.059375 0.523438 0.015625 0.015625
0 0.095312 0.578125 0.015625 0.015625
0 0.132812 0.523438 0.015625 0.015625
0 0.159375 0.579688 0.015625 0.015625
0 0.043750 0.653125 0.015625 0.015625
0 0.089063 0.712500 0.015625 0.015625
0 0.137500 0.640625 0.015625 0.015625
0 0.146875 0.725000 0.015625 0.015625
0 0.053125 0.907813 0.015625 0.015625
0 0.203125 0.909375 0.015625 0.015625
0 0.276562 0.909375 0.015625 0.015625
0 0.162500 0.839063 0.015625 0.015625
0 0.204687 0.778125 0.015625 0.015625
0 0.125000 0.906250 0.015625 0.015625
0 0.246875 0.712500 0.015625 0.015625
0 0.237500 0.979688 0.015625 0.015625
0 0.020313 0.709375 0.015625 0.015625
0 0.053125 0.775000 0.015625 0.015625
0 0.310937 0.975000 0.015625 0.015625
0 0.157812 0.973437 0.015625 0.015625
0 0.118750 0.776563 0.015625 0.015625
0 0.018750 0.834375 0.015625 0.015625
0 0.017188 0.978125 0.015625 0.015625
0 0.353125 0.917188 0.015625 0.015625
0 0.384375 0.967187 0.015625 0.015625
0 0.323437 0.843750 0.015625 0.015625
0 0.237500 0.846875 0.015625 0.015625
0 0.275000 0.781250 0.015625 0.015625
0 0.201563 0.646875 0.015625 0.015625
0 0.089063 0.976562 0.015625 0.015625
0 0.090625 0.834375 0.015625 0.015625
