0 0.965625 0.151562 0.015625 0.015625
0 0.820312 0.260937 0.015625 0.015625
0 0.882812 0.270313 0.015625 0.015625
0 0.960938 0.271875 0.015625 0.015625
0 0.837500 0.335938 0.015625 0.015625
0 0.726562 0.400000 0.015625 0.015625
0 0.803125 0.400000 0.015625 0.015625
0 0.923438 0.467187 0.015625 0.015625
0 0.992188 0.470313 0.015625 0.015625
0 0.728125 0.532813 0.015625 0.015625
0 0.882812 0.539062 0.015625 0.015625
0 0.956250 0.543750 0.015625 0.015625
0 0.756250 0.600000 0.015625 0.015625
0 0.832812 0.601562 0.015625 0.015625
0 0.914062 0.601562 0.015625 0.015625
0 0.710938 0.660937 0.015625 0.015625
0 0.945312 0.668750 0.015625 0.015625
0 0.873437 0.670312 0.015625 0.015625
0 0.803125 0.673438 0.015625 0.015625
0 0.607812 0.728125 0.015625 0.015625
0 0.754687 0.731250 0.015625 0.015625
0 0.831250 0.732812 0.015625 0.015625
0 0.907813 0.734375 0.015625 0.015625
0 0.562500 0.792188 0.015625 0.015625
0 0.868750 0.800000 0.015625 0.015625
0 0.785937 0.801562 0.015625 0.015625
0 0.539062 0.850000 0.015625 0.015625
0 0.604688 0.851562 0.015625 0.015625
0 0.903125 0.860938 0.015625 0.015625
0 0.981250 0.864062 0.015625 0.015625
0 0.828125 0.864062 0.015625 0.015625
0 0.568750 0.928125 0.015625 0.015625
0 0.831250 0.998437 0.015625 0.015625
0 0.754687 0.998437 0.015625 0.015625
0 0.907813 0.998437 0.015625 0.015625
0 0.982812 0.735938 0.015625 0.015625
0 0.612500 0.467187 0.015625 0.015625
0 0.689063 0.462500 0.015625 0.015625
0 0.764062 0.468750 0.015625 0.015625
0 0.851562 0.468750 0.015625 0.015625
0 0.679688 0.604688 0.015625 0.015625
0 0.615625 0.610938 0.015625 0.015625
0 0.717187 0.925000 0.015625 0.015625
0 0.667188 0.990625 0.015625 0.015625
0 0.612500 0.993750 0.015625 0.015625
0 0.793750 0.932813 0.015625 0.015625
0 0.867188 0.934375 0.015625 0.015625
0 0.920312 0.934375 0.015625 0.015625
