0 0.057813 0.842187 0.015625 0.015625
0 0.092188 0.910937 0.015625 0.015625
0 0.100000 0.378125 0.015625 0.015625
0 0.018750 0.910937 0.015625 0.015625
0 0.060937 0.314063 0.015625 0.015625
0 0.142187 0.184375 0.015625 0.015625
0 0.018750 0.771875 0.015625 0.015625
0 0.031250 0.115625 0.015625 0.015625
0 0.101562 0.251563 0.015625 0.015625
0 0.026562 0.248438 0.015625 0.015625
0 0.060937 0.443750 0.015625 0.015625
0 0.067187 0.179688 0.015625 0.015625
0 0.139063 0.445312 0.015625 0.015625
0 0.109375 0.114062 0.015625 0.015625
0 0.137500 0.576562 0.015625 0.015625
0 0.368750 0.318750 0.015625 0.015625
0 0.442188 0.323437 0.015625 0.015625
0 0.332813 0.121875 0.015625 0.015625
0 0.293750 0.185938 0.015625 0.015625
0 0.182812 0.117188 0.015625 0.015625
0 0.359375 0.846875 0.015625 0.015625
0 0.281250 0.842187 0.015625 0.015625
0 0.368750 0.189062 0.015625 0.015625
0 0.176563 0.250000 0.015625 0.015625
0 0.367188 0.450000 0.015625 0.015625
0 0.292187 0.443750 0.015625 0.015625
0 0.317188 0.776563 0.015625 0.015625
0 0.406250 0.256250 0.015625 0.015625
0 0.168750 0.645312 0.015625 0.015625
0 0.257812 0.251563 0.015625 0.015625
0 0.317188 0.914062 0.015625 0.015625
0 0.214062 0.445312 0.015625 0.015625
0 0.257812 0.118750 0.015625 0.015625
0 0.218750 0.184375 0.015625 0.015625
0 0.282813 0.714063 0.015625 0.015625
0 0.221875 0.048438 0.015625 0.015625
0 0.409375 0.125000 0.015625 0.015625
0 0.296875 0.315625 0.015625 0.015625
0 0.217188 0.314063 0.015625 0.015625
0 0.335938 0.254688 0.015625 0.015625
0 0.126562 0.842187 0.015625 0.015625
0 0.289062 0.575000 0.015625 0.015625
0 0.357812 0.973437 0.015625 0.015625
0 0.212500 0.576562 0.015625 0.015625
0 0.204687 0.709375 0.015625 0.015625
0 0.326562 0.645312 0.015625 0.015625
0 0.406250 0.520312 0.015625 0.015625
0 0.365625 0.579688 0.015625 0.015625
0 0.139063 0.310937 0.015625 0.015625
0 0.443750 0.190625 0.015625 0.015625
0 0.250000 0.643750 0.015625 0.015625
0 0.293750 0.054688 0.015625 0.015625
0 0.250000 0.778125 0.015625 0.015625
0 0.393750 0.915625 0.015625 0.015625
0 0.090625 0.775000 0.015625 0.015625
0 0.359375 0.714063 0.015625 0.015625
0 0.329688 0.384375 0.015625 0.015625
0 0.400000 0.645312 0.015625 0.015625
0 0.401562 0.387500 0.015625 0.015625
0 0.329688 0.520312 0.015625 0.015625
0 0.017188 0.639062 0.015625 0.015625
0 0.145313 0.046875 0.015625 0.015625
0 0.395313 0.778125 0.015625 0.015625
0 0.026562 0.379688 0.015625 0.015625
0 0.440625 0.450000 0.015625 0.015625
0 0.096875 0.512500 0.015625 0.015625
0 0.179688 0.381250 0.015625 0.015625
0 0.164062 0.910937 0.015625 0.015625
0 0.284375 0.970313 0.015625 0.015625
0 0.093750 0.642188 0.015625 0.015625
0 0.175000 0.510938 0.015625 0.015625
0 0.373437 0.054688 0.015625 0.015625
0 0.051562 0.703125 0.015625 0.015625
0 0.070312 0.048438 0.015625 0.015625
0 0.257812 0.514062 0.015625 0.015625
0 0.057813 0.971875 0.015625 0.015625
