0 0.031250 0.006250 0.015625 0.015625
0 0.832812 0.006250 0.015625 0.015625
0 0.107813 0.007812 0.015625 0.015625
0 0.259375 0.012500 0.015625 0.015625
0 0.184375 0.012500 0.015625 0.015625
0 0.337500 0.014063 0.015625 0.015625
0 0.487500 0.015625 0.015625 0.015625
0 0.414062 0.017188 0.015625 0.015625
0 0.940625 0.023438 0.015625 0.015625
0 0.585938 0.034375 0.015625 0.015625
0 0.068750 0.073438 0.015625 0.015625
0 0.143750 0.075000 0.015625 0.015625
0 0.218750 0.078125 0.015625 0.015625
0 0.370312 0.078125 0.015625 0.015625
0 0.293750 0.078125 0.015625 0.015625
0 0.448437 0.081250 0.015625 0.015625
0 0.603125 0.082812 0.015625 0.015625
0 0.678125 0.084375 0.015625 0.015625
0 0.520312 0.084375 0.015625 0.015625
0 0.912500 0.118750 0.015625 0.015625
0 0.029687 0.135937 0.015625 0.015625
0 0.106250 0.137500 0.015625 0.015625
0 0.332813 0.139063 0.015625 0.015625
0 0.181250 0.140625 0.015625 0.015625
0 0.409375 0.140625 0.015625 0.015625
0 0.257812 0.142187 0.015625 0.015625
0 0.559375 0.143750 0.015625 0.015625
0 0.485938 0.145313 0.015625 0.015625
0 0.634375 0.146875 0.015625 0.015625
0 0.714063 0.148438 0.015625 0.015625
0 0.875000 0.184375 0.015625 0.015625
0 0.971875 0.193750 0.015625 0.015625
0 0.520312 0.204687 0.015625 0.015625
0 0.367188 0.206250 0.015625 0.015625
0 0.292187 0.206250 0.015625 0.015625
0 0.062500 0.207813 0.015625 0.015625
0 0.139063 0.209375 0.015625 0.015625
0 0.445312 0.209375 0.015625 0.015625
0 0.215625 0.209375 0.015625 0.015625
0 0.598437 0.210938 0.015625 0.015625
0 0.673438 0.212500 0.015625 0.015625
0 0.101562 0.270313 0.015625 0.015625
0 0.254688 0.271875 0.015625 0.015625
0 0.407813 0.271875 0.015625 0.015625
0 0.026562 0.273438 0.015625 0.015625
0 0.332813 0.275000 0.015625 0.015625
0 0.173437 0.275000 0.015625 0.015625
0 0.481250 0.276562 0.015625 0.015625
0 0.896875 0.278125 0.015625 0.015625
0 0.557813 0.278125 0.015625 0.015625
0 0.832812 0.281250 0.015625 0.015625
0 0.679688 0.331250 0.015625 0.015625
0 0.771875 0.335938 0.015625 0.015625
0 0.065625 0.335938 0.015625 0.015625
0 0.135937 0.337500 0.015625 0.015625
0 0.212500 0.337500 0.015625 0.015625
0 0.290625 0.339062 0.015625 0.015625
0 0.517188 0.339062 0.015625 0.015625
0 0.440625 0.339062 0.015625 0.015625
0 0.365625 0.339062 0.015625 0.015625
0 0.593750 0.340625 0.015625 0.015625
0 0.810937 0.342187 0.015625 0.015625
0 0.970313 0.348438 0.015625 0.015625
0 0.882812 0.348438 0.015625 0.015625
0 0.175000 0.400000 0.015625 0.015625
0 0.478125 0.400000 0.015625 0.015625
0 0.251563 0.401562 0.015625 0.015625
0 0.100000 0.401562 0.015625 0.015625
0 0.328125 0.403125 0.015625 0.015625
0 0.556250 0.403125 0.015625 0.015625
0 0.404687 0.404687 0.015625 0.015625
0 0.631250 0.404687 0.015625 0.015625
0 0.882812 0.434375 0.015625 0.015625
0 0.804688 0.435937 0.015625 0.015625
0 0.970313 0.442188 0.015625 0.015625
0 0.059375 0.464062 0.015625 0.015625
0 0.212500 0.468750 0.015625 0.015625
0 0.439063 0.468750 0.015625 0.015625
0 0.135937 0.468750 0.015625 0.015625
0 0.514062 0.468750 0.015625 0.015625
0 0.289062 0.468750 0.015625 0.015625
0 0.360938 0.470313 0.015625 0.015625
0 0.590625 0.471875 0.015625 0.015625
0 0.659375 0.478125 0.015625 0.015625
0 0.889062 0.481250 0.015625 0.015625
0 0.170313 0.534375 0.015625 0.015625
0 0.250000 0.535937 0.015625 0.015625
0 0.321875 0.537500 0.015625 0.015625
0 0.553125 0.537500 0.015625 0.015625
0 0.917188 0.539062 0.015625 0.015625
0 0.631250 0.540625 0.015625 0.015625
0 0.520312 0.579688 0.015625 0.015625
0 0.059375 0.593750 0.015625 0.015625
0 0.714063 0.595313 0.015625 0.015625
0 0.132812 0.596875 0.015625 0.015625
0 0.209375 0.600000 0.015625 0.015625
0 0.870313 0.601562 0.015625 0.015625
0 0.282813 0.601562 0.015625 0.015625
0 0.434375 0.603125 0.015625 0.015625
0 0.356250 0.603125 0.015625 0.015625
0 0.587500 0.606250 0.015625 0.015625
0 0.989062 0.640625 0.015625 0.015625
0 0.028125 0.665625 0.015625 0.015625
0 0.256250 0.679688 0.015625 0.015625
0 0.373437 0.679688 0.015625 0.015625
