0 0.007812 0.046875 0.015625 0.015625
0 0.046875 0.112500 0.015625 0.015625
0 0.000000 0.115625 0.015625 0.015625
0 0.090625 0.043750 0.015625 0.015625
0 0.118750 0.109375 0.015625 0.015625
0 0.157812 0.040625 0.015625 0.015625
0 0.195312 0.120313 0.015625 0.015625
0 0.290625 0.115625 0.015625 0.015625
0 0.248438 0.067187 0.015625 0.015625
0 0.318750 0.045312 0.015625 0.015625
0 0.346875 0.112500 0.015625 0.015625
0 0.435937 0.117188 0.015625 0.015625
0 0.396875 0.059375 0.015625 0.015625
0 0.467187 0.048438 0.015625 0.015625
0 0.503125 0.126562 0.015625 0.015625
0 0.593750 0.125000 0.015625 0.015625
0 0.553125 0.060937 0.015625 0.015625
0 0.617188 0.050000 0.015625 0.015625
0 0.640625 0.121875 0.015625 0.015625
0 0.734375 0.118750 0.015625 0.015625
0 0.712500 0.067187 0.015625 0.015625
0 0.759375 0.053125 0.015625 0.015625
0 0.795312 0.126562 0.015625 0.015625
0 0.879687 0.123438 0.015625 0.015625
0 0.846875 0.070312 0.015625 0.015625
0 0.918750 0.056250 0.015625 0.015625
0 0.948438 0.121875 0.015625 0.015625
0 0.993750 0.056250 0.015625 0.015625
0 0.004687 0.303125 0.015625 0.015625
0 0.000000 0.175000 0.015625 0.015625
0 0.039062 0.253125 0.015625 0.015625
0 0.071875 0.309375 0.015625 0.015625
0 0.078125 0.173437 0.015625 0.015625
0 0.112500 0.246875 0.015625 0.015625
0 0.153125 0.317188 0.015625 0.015625
0 0.198437 0.250000 0.015625 0.015625
0 0.228125 0.303125 0.015625 0.015625
0 0.265625 0.248438 0.015625 0.015625
0 0.300000 0.315625 0.015625 0.015625
0 0.339062 0.253125 0.015625 0.015625
0 0.381250 0.318750 0.015625 0.015625
0 0.420312 0.246875 0.015625 0.015625
0 0.451562 0.315625 0.015625 0.015625
0 0.492188 0.253125 0.015625 0.015625
0 0.529687 0.307812 0.015625 0.015625
0 0.568750 0.257812 0.015625 0.015625
0 0.596875 0.306250 0.015625 0.015625
0 0.650000 0.253125 0.015625 0.015625
0 0.671875 0.312500 0.015625 0.015625
0 0.714063 0.259375 0.015625 0.015625
0 0.771875 0.314063 0.015625 0.015625
0 0.803125 0.262500 0.015625 0.015625
0 0.831250 0.325000 0.015625 0.015625
0 0.875000 0.262500 0.015625 0.015625
0 0.903125 0.321875 0.015625 0.015625
0 0.946875 0.246875 0.015625 0.015625
0 0.979688 0.321875 0.015625 0.015625
0 0.000000 0.570312 0.015625 0.015625
0 0.037500 0.375000 0.015625 0.015625
0 0.071875 0.431250 0.015625 0.015625
0 0.115625 0.371875 0.015625 0.015625
0 0.146875 0.442188 0.015625 0.015625
0 0.179688 0.371875 0.015625 0.015625
0 0.217188 0.443750 0.015625 0.015625
0 0.256250 0.390625 0.015625 0.015625
0 0.298438 0.448437 0.015625 0.015625
0 0.343750 0.368750 0.015625 0.015625
0 0.375000 0.443750 0.015625 0.015625
0 0.451562 0.450000 0.015625 0.015625
0 0.412500 0.390625 0.015625 0.015625
0 0.493750 0.379688 0.015625 0.015625
0 0.532813 0.442188 0.015625 0.015625
0 0.621875 0.451562 0.015625 0.015625
0 0.562500 0.390625 0.015625 0.015625
0 0.639062 0.382812 0.015625 0.015625
0 0.681250 0.445312 0.015625 0.015625
0 0.715625 0.389062 0.015625 0.015625
0 0.745313 0.446875 0.015625 0.015625
0 0.821875 0.457813 0.015625 0.015625
0 0.787500 0.385937 0.015625 0.015625
0 0.904687 0.443750 0.015625 0.015625
0 0.868750 0.387500 0.015625 0.015625
0 0.946875 0.384375 0.015625 0.015625
0 0.995313 0.462500 0.015625 0.015625
0 0.153125 0.573438 0.015625 0.015625
0 0.192188 0.498437 0.015625 0.015625
0 0.220312 0.567187 0.015625 0.015625
0 0.260937 0.507812 0.015625 0.015625
0 0.342187 0.523438 0.015625 0.015625
0 0.406250 0.509375 0.015625 0.015625
0 0.437500 0.571875 0.015625 0.015625
0 0.492188 0.509375 0.015625 0.015625
0 0.529687 0.576562 0.015625 0.015625
0 0.573438 0.518750 0.015625 0.015625
0 0.600000 0.571875 0.015625 0.015625
0 0.642188 0.514062 0.015625 0.015625
0 0.670312 0.570312 0.015625 0.015625
0 0.709375 0.514062 0.015625 0.015625
0 0.750000 0.576562 0.015625 0.015625
0 0.784375 0.515625 0.015625 0.015625
0 0.820312 0.596875 0.015625 0.015625
0 0.857812 0.528125 0.015625 0.015625
0 0.893750 0.587500 0.015625 0.015625
0 0.950000 0.512500 0.015625 0.015625
0 0.982812 0.581250 0.015625 0.015625
0 0.003125 0.712500 0.015625 0.015625
0 0.034375 0.629687 0.015625 0.015625
0 0.106250 0.632812 0.015625 0.015625
0 0.135937 0.700000 0.015625 0.015625
0 0.187500 0.642188 0.015625 0.015625
0 0.217188 0.714063 0.015625 0.015625
0 0.257812 0.650000 0.015625 0.015625
0 0.298438 0.695312 0.015625 0.015625
0 0.339062 0.632812 0.015625 0.015625
0 0.365625 0.693750 0.015625 0.015625
0 0.409375 0.640625 0.015625 0.015625
0 0.454688 0.709375 0.015625 0.015625
0 0.478125 0.651563 0.015625 0.015625
0 0.514062 0.701562 0.015625 0.015625
0 0.562500 0.651563 0.015625 0.015625
0 0.592187 0.707812 0.015625 0.015625
0 0.643750 0.648438 0.015625 0.015625
0 0.682813 0.717187 0.015625 0.015625
0 0.712500 0.653125 0.015625 0.015625
0 0.751563 0.725000 0.015625 0.015625
0 0.793750 0.642188 0.015625 0.015625
0 0.828125 0.709375 0.015625 0.015625
0 0.865625 0.654687 0.015625 0.015625
0 0.895312 0.720313 0.015625 0.015625
0 0.937500 0.657813 0.015625 0.015625
0 0.976562 0.714063 0.015625 0.015625
0 0.984375 0.853125 0.015625 0.015625
0 0.948438 0.785937 0.015625 0.015625
0 0.900000 0.873437 0.015625 0.015625
0 0.867188 0.785937 0.015625 0.015625
0 0.815625 0.857812 0.015625 0.015625
0 0.745313 0.850000 0.015625 0.015625
0 0.779687 0.782813 0.015625 0.015625
0 0.715625 0.778125 0.015625 0.015625
0 0.679688 0.839063 0.015625 0.015625
0 0.625000 0.776563 0.015625 0.015625
0 0.596875 0.842187 0.015625 0.015625
0 0.564063 0.773438 0.015625 0.015625
0 0.540625 0.834375 0.015625 0.015625
0 0.478125 0.775000 0.015625 0.015625
0 0.451562 0.835938 0.015625 0.015625
0 0.420312 0.770312 0.015625 0.015625
0 0.370312 0.843750 0.015625 0.015625
0 0.342187 0.765625 0.015625 0.015625
0 0.307812 0.829688 0.015625 0.015625
0 0.259375 0.754687 0.015625 0.015625
0 0.215625 0.832812 0.015625 0.015625
0 0.189062 0.762500 0.015625 0.015625
0 0.146875 0.843750 0.015625 0.015625
0 0.103125 0.764062 0.015625 0.015625
0 0.104688 0.764062 0.015625 0.015625
0 0.090625 0.840625 0.015625 0.015625
0 0.029687 0.757812 0.015625 0.015625
0 0.103125 0.895312 0.015625 0.015625
0 0.053125 0.962500 0.015625 0.015625
0 0.135937 0.965625 0.015625 0.015625
0 0.181250 0.901563 0.015625 0.015625
0 0.215625 0.968750 0.015625 0.015625
0 0.251563 0.904687 0.015625 0.015625
0 0.293750 0.965625 0.015625 0.015625
0 0.321875 0.906250 0.015625 0.015625
0 0.367188 0.968750 0.015625 0.015625
0 0.403125 0.900000 0.015625 0.015625
0 0.445312 0.962500 0.015625 0.015625
0 0.487500 0.912500 0.015625 0.015625
0 0.521875 0.976562 0.015625 0.015625
0 0.562500 0.907813 0.015625 0.015625
0 0.595313 0.973437 0.015625 0.015625
0 0.634375 0.906250 0.015625 0.015625
0 0.679688 0.973437 0.015625 0.015625
0 0.712500 0.909375 0.015625 0.015625
0 0.748437 0.993750 0.015625 0.015625
0 0.790625 0.915625 0.015625 0.015625
0 0.814063 0.976562 0.015625 0.015625
0 0.859375 0.912500 0.015625 0.015625
0 0.910937 0.992188 0.015625 0.015625
0 0.946875 0.917188 0.015625 0.015625
0 0.985938 0.987500 0.015625 0.015625
0 0.298438 0.573438 0.015625 0.015625
0 0.373437 0.576562 0.015625 0.015625
