0 0.362500 0.028125 0.015625 0.015625
0 0.676562 0.032813 0.015625 0.015625
0 0.445312 0.032813 0.015625 0.015625
0 0.290625 0.032813 0.015625 0.015625
0 0.518750 0.034375 0.015625 0.015625
0 0.821875 0.035937 0.015625 0.015625
0 0.751563 0.035937 0.015625 0.015625
0 0.981250 0.042188 0.015625 0.015625
0 0.896875 0.045312 0.015625 0.015625
0 0.560937 0.093750 0.015625 0.015625
0 0.632812 0.095312 0.015625 0.015625
0 0.401562 0.095312 0.015625 0.015625
0 0.178125 0.095312 0.015625 0.015625
0 0.325000 0.096875 0.015625 0.015625
0 0.484375 0.096875 0.015625 0.015625
0 0.710938 0.100000 0.015625 0.015625
0 0.782813 0.101562 0.015625 0.015625
0 0.934375 0.114062 0.015625 0.015625
0 0.859375 0.117188 0.015625 0.015625
0 0.439063 0.160938 0.015625 0.015625
0 0.364063 0.167187 0.015625 0.015625
0 0.292187 0.170313 0.015625 0.015625
0 0.754687 0.170313 0.015625 0.015625
0 0.975000 0.171875 0.015625 0.015625
0 0.889062 0.189062 0.015625 0.015625
0 0.162500 0.195312 0.015625 0.015625
0 0.031250 0.217188 0.015625 0.015625
0 0.103125 0.220312 0.015625 0.015625
0 0.632812 0.228125 0.015625 0.015625
0 0.401562 0.229687 0.015625 0.015625
0 0.781250 0.229687 0.015625 0.015625
0 0.554688 0.232813 0.015625 0.015625
0 0.470313 0.234375 0.015625 0.015625
0 0.840625 0.235937 0.015625 0.015625
0 0.709375 0.237500 0.015625 0.015625
0 0.931250 0.242188 0.015625 0.015625
0 0.165625 0.295312 0.015625 0.015625
0 0.668750 0.304688 0.015625 0.015625
0 0.076563 0.304688 0.015625 0.015625
0 0.001563 0.312500 0.015625 0.015625
0 0.745313 0.321875 0.015625 0.015625
0 0.825000 0.323437 0.015625 0.015625
0 0.935937 0.334375 0.015625 0.015625
0 0.478125 0.359375 0.015625 0.015625
0 0.628125 0.364063 0.015625 0.015625
0 0.706250 0.364063 0.015625 0.015625
0 0.976562 0.406250 0.015625 0.015625
0 0.826562 0.406250 0.015625 0.015625
0 0.510938 0.418750 0.015625 0.015625
0 0.890625 0.429688 0.015625 0.015625
0 0.587500 0.432812 0.015625 0.015625
0 0.179688 0.440625 0.015625 0.015625
0 0.439063 0.451562 0.015625 0.015625
0 0.003125 0.454688 0.015625 0.015625
0 0.850000 0.490625 0.015625 0.015625
0 0.704688 0.492188 0.015625 0.015625
0 0.932813 0.492188 0.015625 0.015625
0 0.775000 0.493750 0.015625 0.015625
0 0.626563 0.493750 0.015625 0.015625
0 0.056250 0.548438 0.015625 0.015625
0 0.210938 0.550000 0.015625 0.015625
0 0.810937 0.567187 0.015625 0.015625
0 0.629687 0.567187 0.015625 0.015625
0 0.965625 0.570312 0.015625 0.015625
0 0.890625 0.570312 0.015625 0.015625
0 0.693750 0.575000 0.015625 0.015625
0 0.175000 0.612500 0.015625 0.015625
0 0.017188 0.615625 0.015625 0.015625
0 0.329688 0.617188 0.015625 0.015625
0 0.253125 0.618750 0.015625 0.015625
0 0.779687 0.634375 0.015625 0.015625
0 0.435937 0.634375 0.015625 0.015625
0 0.860938 0.650000 0.015625 0.015625
0 0.984375 0.653125 0.015625 0.015625
0 0.664062 0.689063 0.015625 0.015625
0 0.367188 0.690625 0.015625 0.015625
0 0.287500 0.701562 0.015625 0.015625
0 0.096875 0.742188 0.015625 0.015625
0 0.175000 0.742188 0.015625 0.015625
0 0.407813 0.745313 0.015625 0.015625
0 0.482812 0.745313 0.015625 0.015625
0 0.253125 0.746875 0.015625 0.015625
0 0.881250 0.748437 0.015625 0.015625
0 0.779687 0.760938 0.015625 0.015625
0 0.368750 0.809375 0.015625 0.015625
0 0.284375 0.815625 0.015625 0.015625
0 0.584375 0.818750 0.015625 0.015625
0 0.815625 0.818750 0.015625 0.015625
0 0.001563 0.820312 0.015625 0.015625
0 0.081250 0.821875 0.015625 0.015625
0 0.743750 0.823438 0.015625 0.015625
0 0.965625 0.823438 0.015625 0.015625
0 0.890625 0.823438 0.015625 0.015625
0 0.162500 0.825000 0.015625 0.015625
0 0.406250 0.871875 0.015625 0.015625
0 0.778125 0.884375 0.015625 0.015625
0 0.854688 0.885938 0.015625 0.015625
0 0.931250 0.889062 0.015625 0.015625
0 0.554688 0.895312 0.015625 0.015625
0 0.337500 0.896875 0.015625 0.015625
0 0.054688 0.901563 0.015625 0.015625
0 0.629687 0.915625 0.015625 0.015625
0 0.435937 0.918750 0.015625 0.015625
0 0.696875 0.918750 0.015625 0.015625
0 0.887500 0.957812 0.015625 0.015625
0 0.292187 0.962500 0.015625 0.015625
0 0.145313 0.964063 0.015625 0.015625
0 0.218750 0.965625 0.015625 0.015625
0 0.345313 0.967187 0.015625 0.015625
0 0.765625 0.970313 0.015625 0.015625
0 0.485938 0.970313 0.015625 0.015625
0 0.082812 0.971875 0.015625 0.015625
0 0.590625 0.975000 0.015625 0.015625
0 0.665625 0.976562 0.015625 0.015625
0 0.540625 0.984375 0.015625 0.015625
