0 0.990625 0.017188 0.015625 0.015625
0 0.768750 0.018750 0.015625 0.015625
0 0.482812 0.045312 0.015625 0.015625
0 0.567187 0.046875 0.015625 0.015625
0 0.343750 0.048438 0.015625 0.015625
0 0.275000 0.053125 0.015625 0.015625
0 0.860938 0.056250 0.015625 0.015625
0 0.739062 0.059375 0.015625 0.015625
0 0.940625 0.064062 0.015625 0.015625
0 0.656250 0.070312 0.015625 0.015625
0 0.832812 0.137500 0.015625 0.015625
0 0.606250 0.139063 0.015625 0.015625
0 0.934375 0.142187 0.015625 0.015625
0 0.407813 0.173437 0.015625 0.015625
0 0.185938 0.175000 0.015625 0.015625
0 0.101562 0.178125 0.015625 0.015625
0 0.242188 0.179688 0.015625 0.015625
0 0.489063 0.181250 0.015625 0.015625
0 0.567187 0.182812 0.015625 0.015625
0 0.712500 0.185938 0.015625 0.015625
0 0.793750 0.187500 0.015625 0.015625
0 0.862500 0.190625 0.015625 0.015625
0 0.942187 0.198437 0.015625 0.015625
0 0.306250 0.198437 0.015625 0.015625
0 0.017188 0.200000 0.015625 0.015625
0 0.984375 0.251563 0.015625 0.015625
0 0.829688 0.256250 0.015625 0.015625
0 0.178125 0.257812 0.015625 0.015625
0 0.065625 0.260937 0.015625 0.015625
0 0.507812 0.265625 0.015625 0.015625
0 0.250000 0.265625 0.015625 0.015625
0 0.579688 0.268750 0.015625 0.015625
0 0.459375 0.268750 0.015625 0.015625
0 0.754687 0.268750 0.015625 0.015625
0 0.387500 0.270313 0.015625 0.015625
0 0.710938 0.271875 0.015625 0.015625
0 0.646875 0.271875 0.015625 0.015625
0 0.860938 0.318750 0.015625 0.015625
0 0.034375 0.340625 0.015625 0.015625
0 0.231250 0.342187 0.015625 0.015625
0 0.589063 0.345313 0.015625 0.015625
0 0.945312 0.346875 0.015625 0.015625
0 0.460938 0.350000 0.015625 0.015625
0 0.659375 0.353125 0.015625 0.015625
0 0.750000 0.359375 0.015625 0.015625
0 0.829688 0.367188 0.015625 0.015625
0 0.062500 0.395313 0.015625 0.015625
0 0.326562 0.401562 0.015625 0.015625
0 0.162500 0.403125 0.015625 0.015625
0 0.539062 0.409375 0.015625 0.015625
0 0.554688 0.443750 0.015625 0.015625
0 0.792188 0.448437 0.015625 0.015625
0 0.021875 0.454688 0.015625 0.015625
0 0.981250 0.465625 0.015625 0.015625
0 0.187500 0.468750 0.015625 0.015625
0 0.737500 0.482812 0.015625 0.015625
0 0.662500 0.485938 0.015625 0.015625
0 0.392188 0.489063 0.015625 0.015625
0 0.334375 0.490625 0.015625 0.015625
0 0.482812 0.495312 0.015625 0.015625
0 0.218750 0.528125 0.015625 0.015625
0 0.417187 0.539062 0.015625 0.015625
0 0.804688 0.542188 0.015625 0.015625
0 0.887500 0.543750 0.015625 0.015625
0 0.959375 0.551562 0.015625 0.015625
0 0.315625 0.590625 0.015625 0.015625
0 0.187500 0.600000 0.015625 0.015625
0 0.778125 0.612500 0.015625 0.015625
0 0.842187 0.615625 0.015625 0.015625
0 0.359375 0.651563 0.015625 0.015625
0 0.031250 0.659375 0.015625 0.015625
0 0.959375 0.667188 0.015625 0.015625
0 0.325000 0.704688 0.015625 0.015625
0 0.789062 0.706250 0.015625 0.015625
0 0.937500 0.706250 0.015625 0.015625
0 0.478125 0.706250 0.015625 0.015625
0 0.715625 0.707812 0.015625 0.015625
0 0.860938 0.710938 0.015625 0.015625
0 0.554688 0.710938 0.015625 0.015625
0 0.412500 0.726562 0.015625 0.015625
0 0.823438 0.770312 0.015625 0.015625
0 0.898438 0.770312 0.015625 0.015625
0 0.754687 0.771875 0.015625 0.015625
0 0.979688 0.773438 0.015625 0.015625
0 0.129688 0.782813 0.015625 0.015625
0 0.257812 0.793750 0.015625 0.015625
0 0.534375 0.795312 0.015625 0.015625
0 0.382812 0.796875 0.015625 0.015625
0 0.606250 0.796875 0.015625 0.015625
0 0.017188 0.796875 0.015625 0.015625
0 0.310937 0.796875 0.015625 0.015625
0 0.476562 0.798438 0.015625 0.015625
0 0.864062 0.834375 0.015625 0.015625
0 0.932813 0.835938 0.015625 0.015625
0 0.789062 0.837500 0.015625 0.015625
0 0.579688 0.870313 0.015625 0.015625
0 0.131250 0.875000 0.015625 0.015625
0 0.470313 0.884375 0.015625 0.015625
0 0.831250 0.889062 0.015625 0.015625
0 0.673438 0.896875 0.015625 0.015625
0 0.978125 0.896875 0.015625 0.015625
0 0.900000 0.900000 0.015625 0.015625
0 0.750000 0.900000 0.015625 0.015625
0 0.067187 0.914062 0.015625 0.015625
0 0.009375 0.918750 0.015625 0.015625
0 0.160938 0.937500 0.015625 0.015625
0 0.453125 0.945312 0.015625 0.015625
0 0.520312 0.946875 0.015625 0.015625
0 0.593750 0.950000 0.015625 0.015625
0 0.384375 0.956250 0.015625 0.015625
0 0.659375 0.965625 0.015625 0.015625
0 0.704688 0.967187 0.015625 0.015625
0 0.785937 0.970313 0.015625 0.015625
0 0.934375 0.971875 0.015625 0.015625
0 0.860938 0.976562 0.015625 0.015625
0 0.057813 0.985938 0.015625 0.015625
