0 0.053125 0.304688 0.015625 0.015625
0 0.128125 0.306250 0.015625 0.015625
0 0.209375 0.309375 0.015625 0.015625
0 0.289062 0.314063 0.015625 0.015625
0 0.365625 0.315625 0.015625 0.015625
0 0.439063 0.321875 0.015625 0.015625
0 0.514062 0.318750 0.015625 0.015625
0 0.590625 0.315625 0.015625 0.015625
0 0.662500 0.318750 0.015625 0.015625
0 0.735938 0.320312 0.015625 0.015625
0 0.820312 0.318750 0.015625 0.015625
0 0.896875 0.321875 0.015625 0.015625
0 0.967187 0.323437 0.015625 0.015625
0 0.023438 0.370312 0.015625 0.015625
0 0.095312 0.373437 0.015625 0.015625
0 0.171875 0.373437 0.015625 0.015625
0 0.257812 0.375000 0.015625 0.015625
0 0.328125 0.375000 0.015625 0.015625
0 0.395313 0.376563 0.015625 0.015625
0 0.468750 0.379688 0.015625 0.015625
0 0.545312 0.379688 0.015625 0.015625
0 0.618750 0.382812 0.015625 0.015625
0 0.703125 0.387500 0.015625 0.015625
0 0.779687 0.385937 0.015625 0.015625
0 0.853125 0.387500 0.015625 0.015625
0 0.925000 0.389062 0.015625 0.015625
0 0.057813 0.429688 0.015625 0.015625
0 0.131250 0.435937 0.015625 0.015625
0 0.207813 0.440625 0.015625 0.015625
0 0.275000 0.437500 0.015625 0.015625
0 0.356250 0.446875 0.015625 0.015625
0 0.435937 0.448437 0.015625 0.015625
0 0.509375 0.450000 0.015625 0.015625
0 0.589063 0.450000 0.015625 0.015625
0 0.660937 0.453125 0.015625 0.015625
0 0.731250 0.450000 0.015625 0.015625
0 0.818750 0.453125 0.015625 0.015625
0 0.884375 0.453125 0.015625 0.015625
0 0.965625 0.457813 0.015625 0.015625
0 0.018750 0.498437 0.015625 0.015625
0 0.103125 0.498437 0.015625 0.015625
0 0.173437 0.503125 0.015625 0.015625
0 0.262500 0.507812 0.015625 0.015625
0 0.409375 0.510938 0.015625 0.015625
0 0.476562 0.509375 0.015625 0.015625
0 0.551562 0.514062 0.015625 0.015625
0 0.635938 0.515625 0.015625 0.015625
0 0.695312 0.515625 0.015625 0.015625
0 0.781250 0.515625 0.015625 0.015625
0 0.856250 0.521875 0.015625 0.015625
0 0.932813 0.521875 0.015625 0.015625
0 0.045312 0.568750 0.015625 0.015625
0 0.090625 0.634375 0.015625 0.015625
0 0.007812 0.632812 0.015625 0.015625
0 0.167187 0.632812 0.015625 0.015625
0 0.235937 0.631250 0.015625 0.015625
0 0.054688 0.696875 0.015625 0.015625
0 0.121875 0.696875 0.015625 0.015625
0 0.195312 0.701562 0.015625 0.015625
0 0.270313 0.706250 0.015625 0.015625
0 0.350000 0.707812 0.015625 0.015625
0 0.429688 0.709375 0.015625 0.015625
0 0.496875 0.709375 0.015625 0.015625
0 0.573438 0.712500 0.015625 0.015625
0 0.648438 0.709375 0.015625 0.015625
0 0.729688 0.709375 0.015625 0.015625
0 0.795312 0.710938 0.015625 0.015625
0 0.884375 0.715625 0.015625 0.015625
0 0.970313 0.717187 0.015625 0.015625
0 0.042188 0.829688 0.015625 0.015625
0 0.121875 0.835938 0.015625 0.015625
0 0.196875 0.840625 0.015625 0.015625
0 0.268750 0.840625 0.015625 0.015625
0 0.345313 0.843750 0.015625 0.015625
0 0.423438 0.840625 0.015625 0.015625
0 0.495312 0.835938 0.015625 0.015625
0 0.581250 0.846875 0.015625 0.015625
0 0.653125 0.850000 0.015625 0.015625
0 0.731250 0.846875 0.015625 0.015625
0 0.807813 0.848437 0.015625 0.015625
0 0.882812 0.851562 0.015625 0.015625
0 0.956250 0.850000 0.015625 0.015625
0 0.029687 0.954688 0.015625 0.015625
0 0.109375 0.956250 0.015625 0.015625
0 0.196875 0.960938 0.015625 0.015625
0 0.267188 0.964063 0.015625 0.015625
0 0.350000 0.965625 0.015625 0.015625
0 0.575000 0.968750 0.015625 0.015625
0 0.659375 0.971875 0.015625 0.015625
0 0.725000 0.979688 0.015625 0.015625
0 0.807813 0.978125 0.015625 0.015625
0 0.954688 0.985938 0.015625 0.015625
0 0.620313 0.643750 0.015625 0.015625
0 0.696875 0.646875 0.015625 0.015625
0 0.759375 0.646875 0.015625 0.015625
0 0.139063 0.567187 0.015625 0.015625
0 0.300000 0.578125 0.015625 0.015625
0 0.501563 0.582812 0.015625 0.015625
0 0.582812 0.578125 0.015625 0.015625
0 0.651563 0.578125 0.015625 0.015625
0 0.731250 0.578125 0.015625 0.015625
0 0.818750 0.582812 0.015625 0.015625
0 0.964063 0.587500 0.015625 0.015625
0 0.017188 0.242188 0.015625 0.015625
0 0.021875 0.106250 0.015625 0.015625
0 0.101562 0.109375 0.015625 0.015625
0 0.068750 0.040625 0.015625 0.015625
0 0.135937 0.042188 0.015625 0.015625
0 0.187500 0.110937 0.015625 0.015625
0 0.220312 0.045312 0.015625 0.015625
0 0.256250 0.103125 0.015625 0.015625
0 0.295312 0.051562 0.015625 0.015625
0 0.332813 0.118750 0.015625 0.015625
0 0.437500 0.053125 0.015625 0.015625
0 0.375000 0.048438 0.015625 0.015625
0 0.518750 0.053125 0.015625 0.015625
0 0.604688 0.050000 0.015625 0.015625
0 0.667188 0.054688 0.015625 0.015625
0 0.745313 0.054688 0.015625 0.015625
0 0.828125 0.053125 0.015625 0.015625
0 0.906250 0.057813 0.015625 0.015625
0 0.973437 0.057813 0.015625 0.015625
0 0.051562 0.175000 0.015625 0.015625
0 0.164062 0.178125 0.015625 0.015625
0 0.171875 0.246875 0.015625 0.015625
0 0.254688 0.243750 0.015625 0.015625
0 0.337500 0.250000 0.015625 0.015625
0 0.400000 0.248438 0.015625 0.015625
0 0.485938 0.254688 0.015625 0.015625
0 0.440625 0.187500 0.015625 0.015625
0 0.373437 0.184375 0.015625 0.015625
0 0.289062 0.181250 0.015625 0.015625
0 0.209375 0.182812 0.015625 0.015625
0 0.523438 0.189062 0.015625 0.015625
0 0.606250 0.190625 0.015625 0.015625
0 0.668750 0.192188 0.015625 0.015625
0 0.560937 0.117188 0.015625 0.015625
0 0.640625 0.125000 0.015625 0.015625
0 0.723437 0.121875 0.015625 0.015625
0 0.784375 0.120313 0.015625 0.015625
0 0.882812 0.128125 0.015625 0.015625
0 0.943750 0.126562 0.015625 0.015625
0 0.976562 0.192188 0.015625 0.015625
0 0.898438 0.192188 0.015625 0.015625
0 0.801562 0.190625 0.015625 0.015625
0 0.745313 0.195312 0.015625 0.015625
0 0.842187 0.912500 0.015625 0.015625
0 0.696875 0.907813 0.015625 0.015625
0 0.614062 0.906250 0.015625 0.015625
0 0.542188 0.906250 0.015625 0.015625
0 0.471875 0.906250 0.015625 0.015625
0 0.395313 0.900000 0.015625 0.015625
0 0.303125 0.898438 0.015625 0.015625
0 0.206250 0.893750 0.015625 0.015625
0 0.003125 0.764062 0.015625 0.015625
0 0.078125 0.764062 0.015625 0.015625
0 0.164062 0.768750 0.015625 0.015625
0 0.242188 0.773438 0.015625 0.015625
0 0.471875 0.640625 0.015625 0.015625
0 0.551562 0.639062 0.015625 0.015625
0 0.923438 0.648438 0.015625 0.015625
0 0.846875 0.648438 0.015625 0.015625
0 0.407813 0.776563 0.015625 0.015625
0 0.470313 0.771875 0.015625 0.015625
0 0.534375 0.770312 0.015625 0.015625
0 0.615625 0.771875 0.015625 0.015625
0 0.698438 0.782813 0.015625 0.015625
0 0.770312 0.789062 0.015625 0.015625
0 0.848437 0.789062 0.015625 0.015625
0 0.921875 0.785937 0.015625 0.015625
0 0.996875 0.785937 0.015625 0.015625
0 0.914062 0.912500 0.015625 0.015625
0 0.996875 0.915625 0.015625 0.015625
