0 0.584375 0.001563 0.015625 0.015625
0 0.759375 0.009375 0.015625 0.015625
0 0.823438 0.010937 0.015625 0.015625
0 0.676562 0.010937 0.015625 0.015625
0 0.970313 0.010937 0.015625 0.015625
0 0.326562 0.025000 0.015625 0.015625
0 0.400000 0.031250 0.015625 0.015625
0 0.215625 0.034375 0.015625 0.015625
0 0.073438 0.034375 0.015625 0.015625
0 0.154688 0.034375 0.015625 0.015625
0 0.462500 0.042188 0.015625 0.015625
0 0.806250 0.060937 0.015625 0.015625
0 0.706250 0.064062 0.015625 0.015625
0 0.935937 0.084375 0.015625 0.015625
0 0.631250 0.098437 0.015625 0.015625
0 0.032813 0.100000 0.015625 0.015625
0 0.859375 0.112500 0.015625 0.015625
0 0.359375 0.115625 0.015625 0.015625
0 0.545312 0.115625 0.015625 0.015625
0 0.482812 0.117188 0.015625 0.015625
0 0.226562 0.117188 0.015625 0.015625
0 0.434375 0.118750 0.015625 0.015625
0 0.685937 0.118750 0.015625 0.015625
0 0.298438 0.120313 0.015625 0.015625
0 0.798438 0.123438 0.015625 0.015625
0 0.956250 0.131250 0.015625 0.015625
0 0.140625 0.159375 0.015625 0.015625
0 0.221875 0.159375 0.015625 0.015625
0 0.526563 0.160938 0.015625 0.015625
0 0.456250 0.162500 0.015625 0.015625
0 0.932813 0.182812 0.015625 0.015625
0 0.884375 0.190625 0.015625 0.015625
0 0.078125 0.195312 0.015625 0.015625
0 0.818750 0.204687 0.015625 0.015625
0 0.325000 0.225000 0.015625 0.015625
0 0.407813 0.234375 0.015625 0.015625
0 0.998437 0.234375 0.015625 0.015625
0 0.484375 0.237500 0.015625 0.015625
0 0.576562 0.260937 0.015625 0.015625
0 0.875000 0.260937 0.015625 0.015625
0 0.732812 0.284375 0.015625 0.015625
0 0.284375 0.293750 0.015625 0.015625
0 0.364063 0.300000 0.015625 0.015625
0 0.448437 0.323437 0.015625 0.015625
0 0.565625 0.329688 0.015625 0.015625
0 0.673438 0.351562 0.015625 0.015625
0 0.101562 0.354687 0.015625 0.015625
0 0.251563 0.357812 0.015625 0.015625
0 0.326562 0.360938 0.015625 0.015625
0 0.010937 0.371875 0.015625 0.015625
0 0.487500 0.390625 0.015625 0.015625
0 0.190625 0.393750 0.015625 0.015625
0 0.806250 0.400000 0.015625 0.015625
0 0.081250 0.409375 0.015625 0.015625
0 0.132812 0.410938 0.015625 0.015625
0 0.281250 0.421875 0.015625 0.015625
0 0.432812 0.421875 0.015625 0.015625
0 0.509375 0.432812 0.015625 0.015625
0 0.859375 0.437500 0.015625 0.015625
0 0.359375 0.446875 0.015625 0.015625
0 0.332813 0.489063 0.015625 0.015625
0 0.406250 0.492188 0.015625 0.015625
0 0.621875 0.492188 0.015625 0.015625
0 0.554688 0.493750 0.015625 0.015625
0 0.478125 0.496875 0.015625 0.015625
0 0.704688 0.498437 0.015625 0.015625
0 0.826562 0.503125 0.015625 0.015625
0 0.778125 0.506250 0.015625 0.015625
0 0.893750 0.507812 0.015625 0.015625
0 0.014063 0.514062 0.015625 0.015625
0 0.515625 0.543750 0.015625 0.015625
0 0.278125 0.551562 0.015625 0.015625
0 0.356250 0.556250 0.015625 0.015625
0 0.435937 0.559375 0.015625 0.015625
0 0.204687 0.559375 0.015625 0.015625
0 0.660937 0.559375 0.015625 0.015625
0 0.582812 0.560937 0.015625 0.015625
0 0.737500 0.564063 0.015625 0.015625
0 0.865625 0.568750 0.015625 0.015625
0 0.932813 0.571875 0.015625 0.015625
0 0.242188 0.621875 0.015625 0.015625
0 0.153125 0.621875 0.015625 0.015625
0 0.317188 0.621875 0.015625 0.015625
0 0.546875 0.623437 0.015625 0.015625
0 0.618750 0.623437 0.015625 0.015625
0 0.470313 0.626563 0.015625 0.015625
0 0.393750 0.626563 0.015625 0.015625
0 0.703125 0.632812 0.015625 0.015625
0 0.935937 0.637500 0.015625 0.015625
0 0.579688 0.690625 0.015625 0.015625
0 0.423438 0.692187 0.015625 0.015625
0 0.509375 0.692187 0.015625 0.015625
0 0.646875 0.692187 0.015625 0.015625
0 0.909375 0.696875 0.015625 0.015625
0 0.276562 0.696875 0.015625 0.015625
0 0.790625 0.717187 0.015625 0.015625
0 0.168750 0.746875 0.015625 0.015625
0 0.232813 0.753125 0.015625 0.015625
0 0.460938 0.754687 0.015625 0.015625
0 0.315625 0.757812 0.015625 0.015625
0 0.557813 0.765625 0.015625 0.015625
0 0.854688 0.784375 0.015625 0.015625
0 0.696875 0.792188 0.015625 0.015625
0 0.964063 0.798438 0.015625 0.015625
0 0.184375 0.809375 0.015625 0.015625
0 0.114062 0.812500 0.015625 0.015625
0 0.800000 0.820312 0.015625 0.015625
0 0.654687 0.825000 0.015625 0.015625
0 0.903125 0.837500 0.015625 0.015625
0 0.006250 0.842187 0.015625 0.015625
0 0.317188 0.854688 0.015625 0.015625
0 0.753125 0.857812 0.015625 0.015625
0 0.459375 0.871875 0.015625 0.015625
0 0.840625 0.875000 0.015625 0.015625
0 0.540625 0.904687 0.015625 0.015625
0 0.132812 0.918750 0.015625 0.015625
0 0.651563 0.921875 0.015625 0.015625
0 0.206250 0.931250 0.015625 0.015625
0 0.487500 0.935937 0.015625 0.015625
0 0.317188 0.943750 0.015625 0.015625
0 0.742188 0.946875 0.015625 0.015625
0 0.429688 0.959375 0.015625 0.015625
0 0.356250 0.960938 0.015625 0.015625
0 0.534375 0.987500 0.015625 0.015625
0 0.104688 0.989062 0.015625 0.015625
0 0.684375 0.992188 0.015625 0.015625
