0 0.248438 0.045312 0.015625 0.015625
0 0.284375 0.103125 0.015625 0.015625
0 0.317188 0.160938 0.015625 0.015625
0 0.343750 0.237500 0.015625 0.015625
0 0.398438 0.306250 0.015625 0.015625
0 0.325000 0.031250 0.015625 0.015625
0 0.364063 0.123438 0.015625 0.015625
0 0.398438 0.192188 0.015625 0.015625
0 0.440625 0.243750 0.015625 0.015625
0 0.475000 0.300000 0.015625 0.015625
0 0.395313 0.034375 0.015625 0.015625
0 0.435937 0.118750 0.015625 0.015625
0 0.476562 0.184375 0.015625 0.015625
0 0.515625 0.239063 0.015625 0.015625
0 0.548438 0.304688 0.015625 0.015625
0 0.482812 0.050000 0.015625 0.015625
0 0.510938 0.114062 0.015625 0.015625
0 0.553125 0.192188 0.015625 0.015625
0 0.587500 0.245312 0.015625 0.015625
0 0.626563 0.307812 0.015625 0.015625
0 0.556250 0.046875 0.015625 0.015625
0 0.590625 0.118750 0.015625 0.015625
0 0.626563 0.185938 0.015625 0.015625
0 0.662500 0.242188 0.015625 0.015625
0 0.695312 0.304688 0.015625 0.015625
0 0.635938 0.056250 0.015625 0.015625
0 0.664062 0.110937 0.015625 0.015625
0 0.698438 0.176563 0.015625 0.015625
0 0.728125 0.237500 0.015625 0.015625
0 0.768750 0.300000 0.015625 0.015625
0 0.845313 0.303125 0.015625 0.015625
0 0.804688 0.257812 0.015625 0.015625
0 0.757812 0.173437 0.015625 0.015625
0 0.734375 0.110937 0.015625 0.015625
0 0.693750 0.046875 0.015625 0.015625
0 0.773438 0.051562 0.015625 0.015625
0 0.814063 0.131250 0.015625 0.015625
0 0.853125 0.185938 0.015625 0.015625
0 0.884375 0.245312 0.015625 0.015625
0 0.929688 0.303125 0.015625 0.015625
0 0.992188 0.318750 0.015625 0.015625
0 0.973437 0.273438 0.015625 0.015625
0 0.921875 0.192188 0.015625 0.015625
0 0.884375 0.121875 0.015625 0.015625
0 0.853125 0.051562 0.015625 0.015625
0 0.929688 0.051562 0.015625 0.015625
0 0.967187 0.114062 0.015625 0.015625
0 0.440625 0.373437 0.015625 0.015625
0 0.476562 0.432812 0.015625 0.015625
0 0.506250 0.514062 0.015625 0.015625
0 0.550000 0.584375 0.015625 0.015625
0 0.570312 0.643750 0.015625 0.015625
0 0.612500 0.721875 0.015625 0.015625
0 0.646875 0.770312 0.015625 0.015625
0 0.729688 0.776563 0.015625 0.015625
0 0.687500 0.721875 0.015625 0.015625
0 0.660937 0.635938 0.015625 0.015625
0 0.623437 0.565625 0.015625 0.015625
0 0.593750 0.507812 0.015625 0.015625
0 0.548438 0.442188 0.015625 0.015625
0 0.626563 0.442188 0.015625 0.015625
0 0.659375 0.521875 0.015625 0.015625
0 0.692187 0.581250 0.015625 0.015625
0 0.732812 0.634375 0.015625 0.015625
0 0.768750 0.696875 0.015625 0.015625
0 0.801562 0.764062 0.015625 0.015625
0 0.878125 0.771875 0.015625 0.015625
0 0.842187 0.707812 0.015625 0.015625
0 0.804688 0.637500 0.015625 0.015625
0 0.764062 0.581250 0.015625 0.015625
0 0.737500 0.517188 0.015625 0.015625
0 0.703125 0.450000 0.015625 0.015625
0 0.662500 0.376563 0.015625 0.015625
0 0.592187 0.365625 0.015625 0.015625
0 0.510938 0.362500 0.015625 0.015625
0 0.737500 0.367188 0.015625 0.015625
0 0.773438 0.440625 0.015625 0.015625
0 0.807813 0.504687 0.015625 0.015625
0 0.843750 0.581250 0.015625 0.015625
0 0.884375 0.640625 0.015625 0.015625
0 0.910937 0.709375 0.015625 0.015625
0 0.946875 0.775000 0.015625 0.015625
0 0.985938 0.707812 0.015625 0.015625
0 0.954688 0.651563 0.015625 0.015625
0 0.917188 0.582812 0.015625 0.015625
0 0.887500 0.512500 0.015625 0.015625
0 0.846875 0.448437 0.015625 0.015625
0 0.818750 0.373437 0.015625 0.015625
0 0.878125 0.370312 0.015625 0.015625
0 0.929688 0.448437 0.015625 0.015625
0 0.954688 0.507812 0.015625 0.015625
0 0.968750 0.385937 0.015625 0.015625
0 0.687500 0.832812 0.015625 0.015625
0 0.721875 0.903125 0.015625 0.015625
0 0.754687 0.968750 0.015625 0.015625
0 0.835938 0.976562 0.015625 0.015625
0 0.801562 0.903125 0.015625 0.015625
0 0.765625 0.839063 0.015625 0.015625
0 0.831250 0.828125 0.015625 0.015625
0 0.873437 0.893750 0.015625 0.015625
0 0.918750 0.975000 0.015625 0.015625
0 0.989062 0.971875 0.015625 0.015625
0 0.953125 0.907813 0.015625 0.015625
0 0.920312 0.835938 0.015625 0.015625
0 0.998437 0.839063 0.015625 0.015625
