0 0.012500 0.018750 0.015625 0.015625
0 0.085938 0.018750 0.015625 0.015625
0 0.253125 0.157812 0.015625 0.015625
0 0.321875 0.157812 0.015625 0.015625
0 0.387500 0.159375 0.015625 0.015625
0 0.540625 0.160938 0.015625 0.015625
0 0.379688 0.095312 0.015625 0.015625
0 0.442188 0.101562 0.015625 0.015625
0 0.512500 0.100000 0.015625 0.015625
0 0.734375 0.101562 0.015625 0.015625
0 0.801562 0.101562 0.015625 0.015625
0 0.884375 0.104688 0.015625 0.015625
0 0.971875 0.104688 0.015625 0.015625
0 0.996875 0.170313 0.015625 0.015625
0 0.846875 0.168750 0.015625 0.015625
0 0.771875 0.168750 0.015625 0.015625
0 0.206250 0.220312 0.015625 0.015625
0 0.278125 0.220312 0.015625 0.015625
0 0.346875 0.221875 0.015625 0.015625
0 0.428125 0.225000 0.015625 0.015625
0 0.501563 0.226562 0.015625 0.015625
0 0.564063 0.228125 0.015625 0.015625
0 0.801562 0.232813 0.015625 0.015625
0 0.890625 0.234375 0.015625 0.015625
0 0.970313 0.237500 0.015625 0.015625
0 0.126562 0.215625 0.015625 0.015625
0 0.092188 0.281250 0.015625 0.015625
0 0.151562 0.284375 0.015625 0.015625
0 0.234375 0.285938 0.015625 0.015625
0 0.312500 0.287500 0.015625 0.015625
0 0.384375 0.290625 0.015625 0.015625
0 0.471875 0.290625 0.015625 0.015625
0 0.543750 0.296875 0.015625 0.015625
0 0.612500 0.293750 0.015625 0.015625
0 0.690625 0.296875 0.015625 0.015625
0 0.737500 0.232813 0.015625 0.015625
0 0.046875 0.351562 0.015625 0.015625
0 0.121875 0.351562 0.015625 0.015625
0 0.193750 0.350000 0.015625 0.015625
0 0.265625 0.350000 0.015625 0.015625
0 0.806250 0.367188 0.015625 0.015625
0 0.956250 0.371875 0.015625 0.015625
0 0.000000 0.404687 0.015625 0.015625
0 0.073438 0.409375 0.015625 0.015625
0 0.150000 0.414062 0.015625 0.015625
0 0.226562 0.414062 0.015625 0.015625
0 0.317188 0.412500 0.015625 0.015625
0 0.387500 0.420312 0.015625 0.015625
0 0.462500 0.426563 0.015625 0.015625
0 0.532813 0.426563 0.015625 0.015625
0 0.607812 0.425000 0.015625 0.015625
0 0.685937 0.425000 0.015625 0.015625
0 0.773438 0.428125 0.015625 0.015625
0 0.835938 0.429688 0.015625 0.015625
0 0.917188 0.431250 0.015625 0.015625
0 0.987500 0.432812 0.015625 0.015625
0 0.004687 0.539062 0.015625 0.015625
0 0.068750 0.539062 0.015625 0.015625
0 0.148438 0.543750 0.015625 0.015625
0 0.192188 0.481250 0.015625 0.015625
0 0.229687 0.548438 0.015625 0.015625
0 0.271875 0.482812 0.015625 0.015625
0 0.310937 0.545312 0.015625 0.015625
0 0.343750 0.481250 0.015625 0.015625
0 0.379688 0.554688 0.015625 0.015625
0 0.459375 0.546875 0.015625 0.015625
0 0.504687 0.495312 0.015625 0.015625
0 0.545312 0.551562 0.015625 0.015625
0 0.570312 0.495312 0.015625 0.015625
0 0.610938 0.557813 0.015625 0.015625
0 0.646875 0.501563 0.015625 0.015625
0 0.690625 0.557813 0.015625 0.015625
0 0.725000 0.496875 0.015625 0.015625
0 0.770312 0.562500 0.015625 0.015625
0 0.810937 0.500000 0.015625 0.015625
0 0.842187 0.557813 0.015625 0.015625
0 0.879687 0.507812 0.015625 0.015625
0 0.918750 0.560937 0.015625 0.015625
0 0.954688 0.500000 0.015625 0.015625
0 0.992188 0.560937 0.015625 0.015625
0 0.006250 0.673438 0.015625 0.015625
0 0.050000 0.612500 0.015625 0.015625
0 0.075000 0.668750 0.015625 0.015625
0 0.114062 0.618750 0.015625 0.015625
0 0.159375 0.689063 0.015625 0.015625
0 0.181250 0.615625 0.015625 0.015625
0 0.239063 0.681250 0.015625 0.015625
0 0.268750 0.621875 0.015625 0.015625
0 0.310937 0.690625 0.015625 0.015625
0 0.335938 0.629687 0.015625 0.015625
0 0.382812 0.690625 0.015625 0.015625
0 0.417187 0.631250 0.015625 0.015625
0 0.453125 0.684375 0.015625 0.015625
0 0.482812 0.628125 0.015625 0.015625
0 0.529687 0.684375 0.015625 0.015625
0 0.578125 0.621875 0.015625 0.015625
0 0.610938 0.690625 0.015625 0.015625
0 0.653125 0.634375 0.015625 0.015625
0 0.692187 0.690625 0.015625 0.015625
0 0.728125 0.631250 0.015625 0.015625
0 0.765625 0.696875 0.015625 0.015625
0 0.840625 0.696875 0.015625 0.015625
0 0.876563 0.634375 0.015625 0.015625
0 0.914062 0.693750 0.015625 0.015625
0 0.996875 0.690625 0.015625 0.015625
0 0.000000 0.809375 0.015625 0.015625
0 0.034375 0.748437 0.015625 0.015625
0 0.076563 0.804688 0.015625 0.015625
0 0.115625 0.754687 0.015625 0.015625
0 0.146875 0.809375 0.015625 0.015625
0 0.189062 0.750000 0.015625 0.015625
0 0.228125 0.812500 0.015625 0.015625
0 0.260937 0.750000 0.015625 0.015625
0 0.345313 0.760938 0.015625 0.015625
0 0.387500 0.818750 0.015625 0.015625
0 0.415625 0.757812 0.015625 0.015625
0 0.456250 0.804688 0.015625 0.015625
0 0.495312 0.757812 0.015625 0.015625
0 0.535937 0.815625 0.015625 0.015625
0 0.565625 0.762500 0.015625 0.015625
0 0.603125 0.818750 0.015625 0.015625
0 0.648438 0.759375 0.015625 0.015625
0 0.682813 0.810937 0.015625 0.015625
0 0.728125 0.759375 0.015625 0.015625
0 0.771875 0.823438 0.015625 0.015625
0 0.801562 0.764062 0.015625 0.015625
0 0.834375 0.818750 0.015625 0.015625
0 0.873437 0.768750 0.015625 0.015625
0 0.909375 0.818750 0.015625 0.015625
0 0.940625 0.767188 0.015625 0.015625
0 0.995313 0.818750 0.015625 0.015625
0 0.039062 0.885938 0.015625 0.015625
0 0.112500 0.879687 0.015625 0.015625
0 0.196875 0.879687 0.015625 0.015625
0 0.267188 0.879687 0.015625 0.015625
0 0.353125 0.879687 0.015625 0.015625
0 0.421875 0.882812 0.015625 0.015625
0 0.489063 0.882812 0.015625 0.015625
0 0.573438 0.892188 0.015625 0.015625
0 0.639062 0.895312 0.015625 0.015625
0 0.735938 0.895312 0.015625 0.015625
0 0.806250 0.895312 0.015625 0.015625
0 0.890625 0.895312 0.015625 0.015625
0 0.965625 0.903125 0.015625 0.015625
0 0.157812 0.937500 0.015625 0.015625
0 0.234375 0.935937 0.015625 0.015625
0 0.304688 0.942187 0.015625 0.015625
0 0.690625 0.948438 0.015625 0.015625
0 0.748437 0.950000 0.015625 0.015625
0 0.826562 0.959375 0.015625 0.015625
0 0.081250 0.085938 0.015625 0.015625
0 0.696875 0.162500 0.015625 0.015625
0 0.657813 0.239063 0.015625 0.015625
0 0.775000 0.303125 0.015625 0.015625
0 0.845313 0.303125 0.015625 0.015625
0 0.918750 0.303125 0.015625 0.015625
0 0.878125 0.371875 0.015625 0.015625
0 0.995313 0.034375 0.015625 0.015625
0 0.846875 0.042188 0.015625 0.015625
0 0.701562 0.029687 0.015625 0.015625
0 0.654687 0.104688 0.015625 0.015625
0 0.576562 0.096875 0.015625 0.015625
0 0.114062 0.473438 0.015625 0.015625
0 0.034375 0.478125 0.015625 0.015625
0 0.200000 0.153125 0.015625 0.015625
0 0.076563 0.939063 0.015625 0.015625
0 0.385937 0.939063 0.015625 0.015625
0 0.468750 0.945312 0.015625 0.015625
0 0.548438 0.943750 0.015625 0.015625
0 0.610938 0.942187 0.015625 0.015625
0 0.970313 0.956250 0.015625 0.015625
0 0.910937 0.959375 0.015625 0.015625
