0 0.100000 0.048438 0.015625 0.015625
0 0.032813 0.092188 0.015625 0.015625
0 0.320312 0.095312 0.015625 0.015625
0 0.110937 0.100000 0.015625 0.015625
0 0.059375 0.137500 0.015625 0.015625
0 0.359375 0.143750 0.015625 0.015625
0 0.431250 0.145313 0.015625 0.015625
0 0.270313 0.154688 0.015625 0.015625
0 0.967187 0.192188 0.015625 0.015625
0 0.107813 0.198437 0.015625 0.015625
0 0.026562 0.203125 0.015625 0.015625
0 0.470313 0.212500 0.015625 0.015625
0 0.323437 0.215625 0.015625 0.015625
0 0.395313 0.217188 0.015625 0.015625
0 0.690625 0.218750 0.015625 0.015625
0 0.542188 0.223438 0.015625 0.015625
0 0.618750 0.229687 0.015625 0.015625
0 0.057813 0.234375 0.015625 0.015625
0 0.923438 0.245312 0.015625 0.015625
0 0.131250 0.270313 0.015625 0.015625
0 0.206250 0.271875 0.015625 0.015625
0 0.739062 0.276562 0.015625 0.015625
0 0.051562 0.276562 0.015625 0.015625
0 0.507812 0.276562 0.015625 0.015625
0 0.432812 0.278125 0.015625 0.015625
0 0.582812 0.281250 0.015625 0.015625
0 0.659375 0.282813 0.015625 0.015625
0 0.826562 0.287500 0.015625 0.015625
0 0.965625 0.296875 0.015625 0.015625
0 0.326562 0.303125 0.015625 0.015625
0 0.162500 0.318750 0.015625 0.015625
0 0.393750 0.337500 0.015625 0.015625
0 0.092188 0.337500 0.015625 0.015625
0 0.018750 0.339062 0.015625 0.015625
0 0.240625 0.342187 0.015625 0.015625
0 0.626563 0.342187 0.015625 0.015625
0 0.543750 0.350000 0.015625 0.015625
0 0.465625 0.350000 0.015625 0.015625
0 0.704688 0.359375 0.015625 0.015625
0 0.795312 0.367188 0.015625 0.015625
0 0.885938 0.385937 0.015625 0.015625
0 0.056250 0.401562 0.015625 0.015625
0 0.128125 0.401562 0.015625 0.015625
0 0.326562 0.404687 0.015625 0.015625
0 0.204687 0.404687 0.015625 0.015625
0 0.279687 0.407813 0.015625 0.015625
0 0.429688 0.407813 0.015625 0.015625
0 0.657813 0.410938 0.015625 0.015625
0 0.584375 0.410938 0.015625 0.015625
0 0.507812 0.414062 0.015625 0.015625
0 0.734375 0.420312 0.015625 0.015625
0 0.628125 0.460938 0.015625 0.015625
0 0.007812 0.464062 0.015625 0.015625
0 0.167187 0.465625 0.015625 0.015625
0 0.239063 0.467187 0.015625 0.015625
0 0.079687 0.490625 0.015625 0.015625
0 0.690625 0.495312 0.015625 0.015625
0 0.571875 0.500000 0.015625 0.015625
0 0.295312 0.504687 0.015625 0.015625
0 0.209375 0.506250 0.015625 0.015625
0 0.129688 0.507812 0.015625 0.015625
0 0.795312 0.507812 0.015625 0.015625
0 0.492188 0.510938 0.015625 0.015625
0 0.923438 0.526563 0.015625 0.015625
0 0.656250 0.543750 0.015625 0.015625
0 0.132812 0.546875 0.015625 0.015625
0 0.828125 0.548438 0.015625 0.015625
0 0.732812 0.551562 0.015625 0.015625
0 0.512500 0.565625 0.015625 0.015625
0 0.240625 0.565625 0.015625 0.015625
0 0.310937 0.576562 0.015625 0.015625
0 0.400000 0.581250 0.015625 0.015625
0 0.006250 0.584375 0.015625 0.015625
0 0.817187 0.596875 0.015625 0.015625
0 0.778125 0.626563 0.015625 0.015625
0 0.718750 0.626563 0.015625 0.015625
0 0.093750 0.629687 0.015625 0.015625
0 0.203125 0.634375 0.015625 0.015625
0 0.006250 0.634375 0.015625 0.015625
0 0.601562 0.634375 0.015625 0.015625
0 0.156250 0.634375 0.015625 0.015625
0 0.292187 0.635938 0.015625 0.015625
0 0.381250 0.637500 0.015625 0.015625
0 0.439063 0.660937 0.015625 0.015625
0 0.804688 0.681250 0.015625 0.015625
0 0.081250 0.704688 0.015625 0.015625
0 0.243750 0.707812 0.015625 0.015625
0 0.610938 0.714063 0.015625 0.015625
0 0.942187 0.715625 0.015625 0.015625
0 0.164062 0.720313 0.015625 0.015625
0 0.390625 0.726562 0.015625 0.015625
0 0.312500 0.729688 0.015625 0.015625
0 0.473438 0.737500 0.015625 0.015625
