0 0.350000 0.164062 0.015625 0.015625
0 0.382812 0.051562 0.015625 0.015625
0 0.456250 0.060937 0.015625 0.015625
0 0.534375 0.057813 0.015625 0.015625
0 0.595313 0.054688 0.015625 0.015625
0 0.690625 0.054688 0.015625 0.015625
0 0.864062 0.046875 0.015625 0.015625
0 0.914062 0.059375 0.015625 0.015625
0 0.996875 0.057813 0.015625 0.015625
0 0.382812 0.176563 0.015625 0.015625
0 0.421875 0.243750 0.015625 0.015625
0 0.350000 0.239063 0.015625 0.015625
0 0.526563 0.181250 0.015625 0.015625
0 0.551562 0.267188 0.015625 0.015625
0 0.604688 0.176563 0.015625 0.015625
0 0.646875 0.245312 0.015625 0.015625
0 0.682813 0.187500 0.015625 0.015625
0 0.715625 0.256250 0.015625 0.015625
0 0.757812 0.185938 0.015625 0.015625
0 0.800000 0.246875 0.015625 0.015625
0 0.829688 0.185938 0.015625 0.015625
0 0.457813 0.182812 0.015625 0.015625
