0 0.829688 0.021875 0.015625 0.015625
0 0.848437 0.051562 0.015625 0.015625
0 0.864062 0.079687 0.015625 0.015625
0 0.878125 0.118750 0.015625 0.015625
0 0.904687 0.153125 0.015625 0.015625
0 0.868750 0.015625 0.015625 0.015625
0 0.887500 0.060937 0.015625 0.015625
0 0.904687 0.095312 0.015625 0.015625
0 0.926562 0.121875 0.015625 0.015625
0 0.943750 0.150000 0.015625 0.015625
0 0.903125 0.017188 0.015625 0.015625
0 0.923438 0.059375 0.015625 0.015625
0 0.943750 0.092188 0.015625 0.015625
0 0.964063 0.118750 0.015625 0.015625
0 0.979688 0.151562 0.015625 0.015625
0 0.946875 0.025000 0.015625 0.015625
0 0.960938 0.056250 0.015625 0.015625
0 0.982812 0.095312 0.015625 0.015625
0 0.984375 0.023438 0.015625 0.015625
0 0.926562 0.185938 0.015625 0.015625
0 0.943750 0.215625 0.015625 0.015625
0 0.959375 0.256250 0.015625 0.015625
0 0.981250 0.292187 0.015625 0.015625
0 0.990625 0.321875 0.015625 0.015625
0 0.979688 0.220312 0.015625 0.015625
0 0.960938 0.181250 0.015625 0.015625
