0 0.212500 0.621875 0.015625 0.015625
0 0.245312 0.690625 0.015625 0.015625
0 0.564063 0.300000 0.015625 0.015625
0 0.034375 0.160938 0.015625 0.015625
0 0.064062 0.487500 0.015625 0.015625
0 0.143750 0.348438 0.015625 0.015625
0 0.600000 0.367188 0.015625 0.015625
0 0.173437 0.689063 0.015625 0.015625
0 0.823438 0.371875 0.015625 0.015625
0 0.257812 0.426563 0.015625 0.015625
0 0.743750 0.500000 0.015625 0.015625
0 0.139063 0.225000 0.015625 0.015625
0 0.067187 0.225000 0.015625 0.015625
0 0.218750 0.495312 0.015625 0.015625
0 0.593750 0.496875 0.015625 0.015625
0 0.817187 0.629687 0.015625 0.015625
0 0.134375 0.618750 0.015625 0.015625
0 0.667188 0.637500 0.015625 0.015625
0 0.217188 0.226562 0.015625 0.015625
0 0.473438 0.692187 0.015625 0.015625
0 0.700000 0.700000 0.015625 0.015625
0 0.287500 0.621875 0.015625 0.015625
0 0.065625 0.351562 0.015625 0.015625
0 0.292187 0.495312 0.015625 0.015625
0 0.639062 0.301563 0.015625 0.015625
0 0.550000 0.696875 0.015625 0.015625
0 0.443750 0.490625 0.015625 0.015625
0 0.517188 0.625000 0.015625 0.015625
0 0.142187 0.095312 0.015625 0.015625
0 0.192188 0.028125 0.015625 0.015625
0 0.107813 0.160938 0.015625 0.015625
0 0.184375 0.425000 0.015625 0.015625
0 0.103125 0.420312 0.015625 0.015625
0 0.634375 0.565625 0.015625 0.015625
0 0.025000 0.421875 0.015625 0.015625
0 0.782813 0.700000 0.015625 0.015625
0 0.670312 0.501563 0.015625 0.015625
0 0.182812 0.160938 0.015625 0.015625
0 0.034375 0.023438 0.015625 0.015625
0 0.742188 0.637500 0.015625 0.015625
0 0.704688 0.432812 0.015625 0.015625
0 0.171875 0.553125 0.015625 0.015625
0 0.096875 0.553125 0.015625 0.015625
0 0.331250 0.431250 0.015625 0.015625
0 0.262500 0.028125 0.015625 0.015625
0 0.398438 0.690625 0.015625 0.015625
0 0.135937 0.489063 0.015625 0.015625
0 0.670312 0.364063 0.015625 0.015625
0 0.784375 0.434375 0.015625 0.015625
0 0.745313 0.367188 0.015625 0.015625
0 0.593750 0.634375 0.015625 0.015625
0 0.368750 0.493750 0.015625 0.015625
0 0.632812 0.435937 0.015625 0.015625
0 0.065625 0.093750 0.015625 0.015625
0 0.896875 0.371875 0.015625 0.015625
0 0.896875 0.503125 0.015625 0.015625
0 0.975000 0.373437 0.015625 0.015625
0 0.856250 0.698438 0.015625 0.015625
0 0.979688 0.506250 0.015625 0.015625
0 0.940625 0.303125 0.015625 0.015625
0 0.937500 0.571875 0.015625 0.015625
0 0.893750 0.634375 0.015625 0.015625
0 0.864062 0.437500 0.015625 0.015625
0 0.865625 0.039062 0.015625 0.015625
0 0.971875 0.632812 0.015625 0.015625
0 0.935937 0.435937 0.015625 0.015625
0 0.867188 0.303125 0.015625 0.015625
0 0.485938 0.560937 0.015625 0.015625
0 0.557813 0.559375 0.015625 0.015625
0 0.521875 0.365625 0.015625 0.015625
0 0.560937 0.431250 0.015625 0.015625
0 0.790625 0.306250 0.015625 0.015625
0 0.018750 0.818750 0.015625 0.015625
0 0.209375 0.750000 0.015625 0.015625
0 0.362500 0.751563 0.015625 0.015625
0 0.662500 0.893750 0.015625 0.015625
0 0.546875 0.823438 0.015625 0.015625
0 0.815625 0.764062 0.015625 0.015625
0 0.392188 0.953125 0.015625 0.015625
0 0.017188 0.948438 0.015625 0.015625
0 0.510938 0.892188 0.015625 0.015625
0 0.093750 0.946875 0.015625 0.015625
0 0.320312 0.820312 0.015625 0.015625
0 0.815625 0.895312 0.015625 0.015625
0 0.395313 0.823438 0.015625 0.015625
0 0.543750 0.957812 0.015625 0.015625
0 0.515625 0.760938 0.015625 0.015625
0 0.740625 0.893750 0.015625 0.015625
0 0.468750 0.953125 0.015625 0.015625
0 0.439063 0.753125 0.015625 0.015625
0 0.890625 0.896875 0.015625 0.015625
0 0.968750 0.896875 0.015625 0.015625
0 0.970313 0.767188 0.015625 0.015625
0 0.365625 0.889062 0.015625 0.015625
0 0.931250 0.829688 0.015625 0.015625
0 0.893750 0.764062 0.015625 0.015625
0 0.473438 0.823438 0.015625 0.015625
0 0.587500 0.890625 0.015625 0.015625
0 0.017188 0.682813 0.015625 0.015625
0 0.056250 0.751563 0.015625 0.015625
0 0.098437 0.689063 0.015625 0.015625
0 0.098437 0.817187 0.015625 0.015625
0 0.129688 0.885938 0.015625 0.015625
0 0.168750 0.826562 0.015625 0.015625
0 0.243750 0.950000 0.015625 0.015625
0 0.698438 0.821875 0.015625 0.015625
0 0.778125 0.835938 0.015625 0.015625
0 0.773438 0.957812 0.015625 0.015625
0 0.701562 0.954688 0.015625 0.015625
0 0.609375 0.968750 0.015625 0.015625
0 0.857812 0.964063 0.015625 0.015625
0 0.928125 0.960938 0.015625 0.015625
0 0.745313 0.235937 0.015625 0.015625
0 0.828125 0.245312 0.015625 0.015625
0 0.034375 0.290625 0.015625 0.015625
0 0.107813 0.295312 0.015625 0.015625
0 0.175000 0.292187 0.015625 0.015625
0 0.248438 0.295312 0.015625 0.015625
0 0.275000 0.229687 0.015625 0.015625
0 0.262500 0.165625 0.015625 0.015625
0 0.339062 0.164062 0.015625 0.015625
0 0.376563 0.101562 0.015625 0.015625
0 0.412500 0.162500 0.015625 0.015625
0 0.376563 0.229687 0.015625 0.015625
0 0.332813 0.290625 0.015625 0.015625
0 0.226562 0.351562 0.015625 0.015625
0 0.368750 0.351562 0.015625 0.015625
0 0.404687 0.301563 0.015625 0.015625
0 0.056250 0.600000 0.015625 0.015625
0 0.254688 0.564063 0.015625 0.015625
0 0.128125 0.751563 0.015625 0.015625
0 0.320312 0.693750 0.015625 0.015625
0 0.289062 0.751563 0.015625 0.015625
0 0.278125 0.896875 0.015625 0.015625
0 0.312500 0.953125 0.015625 0.015625
0 0.603125 0.234375 0.015625 0.015625
0 0.534375 0.234375 0.015625 0.015625
0 0.485938 0.309375 0.015625 0.015625
0 0.454688 0.368750 0.015625 0.015625
0 0.401562 0.431250 0.015625 0.015625
0 0.482812 0.434375 0.015625 0.015625
0 0.518750 0.496875 0.015625 0.015625
0 0.442188 0.612500 0.015625 0.015625
0 0.417187 0.570312 0.015625 0.015625
0 0.365625 0.625000 0.015625 0.015625
0 0.976562 0.240625 0.015625 0.015625
0 0.104688 0.023438 0.015625 0.015625
0 0.312500 0.042188 0.015625 0.015625
0 0.226562 0.101562 0.015625 0.015625
0 0.031250 0.554688 0.015625 0.015625
0 0.204687 0.884375 0.015625 0.015625
0 0.626563 0.820312 0.015625 0.015625
0 0.662500 0.759375 0.015625 0.015625
0 0.739062 0.759375 0.015625 0.015625
0 0.859375 0.828125 0.015625 0.015625
0 0.925000 0.701562 0.015625 0.015625
0 0.948438 0.170313 0.015625 0.015625
0 0.600000 0.104688 0.015625 0.015625
0 0.535937 0.101562 0.015625 0.015625
0 0.635938 0.037500 0.015625 0.015625
0 0.717187 0.037500 0.015625 0.015625
0 0.528125 0.043750 0.015625 0.015625
0 0.939063 0.039062 0.015625 0.015625
0 0.785937 0.035937 0.015625 0.015625
0 0.575000 0.039062 0.015625 0.015625
0 0.468750 0.031250 0.015625 0.015625
