0 0.560937 0.109375 0.015625 0.015625
0 0.631250 0.101562 0.015625 0.015625
0 0.717187 0.106250 0.015625 0.015625
0 0.790625 0.106250 0.015625 0.015625
0 0.873437 0.109375 0.015625 0.015625
0 0.950000 0.109375 0.015625 0.015625
0 0.681250 0.179688 0.015625 0.015625
0 0.715625 0.234375 0.015625 0.015625
0 0.826562 0.175000 0.015625 0.015625
0 0.860938 0.225000 0.015625 0.015625
0 0.909375 0.178125 0.015625 0.015625
0 0.954688 0.243750 0.015625 0.015625
0 0.979688 0.179688 0.015625 0.015625
0 0.828125 0.304688 0.015625 0.015625
0 0.901563 0.304688 0.015625 0.015625
0 0.979688 0.306250 0.015625 0.015625
0 0.715625 0.365625 0.015625 0.015625
0 0.790625 0.365625 0.015625 0.015625
0 0.870313 0.368750 0.015625 0.015625
0 0.934375 0.492188 0.015625 0.015625
0 0.971875 0.570312 0.015625 0.015625
0 0.895312 0.565625 0.015625 0.015625
0 0.828125 0.565625 0.015625 0.015625
0 0.928125 0.629687 0.015625 0.015625
0 0.889062 0.698438 0.015625 0.015625
0 0.973437 0.698438 0.015625 0.015625
0 0.848437 0.759375 0.015625 0.015625
0 0.948438 0.762500 0.015625 0.015625
0 0.900000 0.848437 0.015625 0.015625
0 0.968750 0.837500 0.015625 0.015625
0 0.964063 0.960938 0.015625 0.015625
0 0.442188 0.564063 0.015625 0.015625
0 0.442188 0.693750 0.015625 0.015625
0 0.410938 0.496875 0.015625 0.015625
0 0.515625 0.953125 0.015625 0.015625
0 0.360938 0.820312 0.015625 0.015625
0 0.592187 0.696875 0.015625 0.015625
0 0.520312 0.695312 0.015625 0.015625
0 0.360938 0.951562 0.015625 0.015625
0 0.442188 0.437500 0.015625 0.015625
0 0.217188 0.690625 0.015625 0.015625
0 0.368750 0.692187 0.015625 0.015625
0 0.335938 0.360938 0.015625 0.015625
0 0.478125 0.370312 0.015625 0.015625
0 0.070312 0.292187 0.015625 0.015625
0 0.287500 0.950000 0.015625 0.015625
0 0.368750 0.562500 0.015625 0.015625
0 0.295312 0.434375 0.015625 0.015625
0 0.060937 0.946875 0.015625 0.015625
0 0.437500 0.951562 0.015625 0.015625
0 0.068750 0.426563 0.015625 0.015625
0 0.396875 0.887500 0.015625 0.015625
0 0.292187 0.687500 0.015625 0.015625
0 0.407813 0.234375 0.015625 0.015625
0 0.592187 0.959375 0.015625 0.015625
0 0.321875 0.887500 0.015625 0.015625
0 0.031250 0.490625 0.015625 0.015625
0 0.370312 0.434375 0.015625 0.015625
0 0.060937 0.818750 0.015625 0.015625
0 0.740625 0.965625 0.015625 0.015625
0 0.668750 0.698438 0.015625 0.015625
0 0.698438 0.898438 0.015625 0.015625
0 0.139063 0.159375 0.015625 0.015625
0 0.023438 0.887500 0.015625 0.015625
0 0.098437 0.884375 0.015625 0.015625
0 0.167187 0.884375 0.015625 0.015625
0 0.132812 0.937500 0.015625 0.015625
0 0.206250 0.953125 0.015625 0.015625
0 0.253125 0.759375 0.015625 0.015625
0 0.328125 0.757812 0.015625 0.015625
0 0.404687 0.765625 0.015625 0.015625
0 0.089063 0.751563 0.015625 0.015625
0 0.015625 0.751563 0.015625 0.015625
0 0.437500 0.828125 0.015625 0.015625
0 0.479687 0.895312 0.015625 0.015625
0 0.546875 0.895312 0.015625 0.015625
0 0.639062 0.890625 0.015625 0.015625
0 0.212500 0.817187 0.015625 0.015625
0 0.279687 0.818750 0.015625 0.015625
0 0.253125 0.889062 0.015625 0.015625
0 0.671875 0.967187 0.015625 0.015625
0 0.814063 0.964063 0.015625 0.015625
0 0.776563 0.898438 0.015625 0.015625
0 0.689063 0.764062 0.015625 0.015625
0 0.617188 0.756250 0.015625 0.015625
0 0.548438 0.759375 0.015625 0.015625
0 0.478125 0.757812 0.015625 0.015625
0 0.515625 0.820312 0.015625 0.015625
0 0.167187 0.757812 0.015625 0.015625
0 0.204687 0.621875 0.015625 0.015625
0 0.262500 0.626563 0.015625 0.015625
0 0.326562 0.628125 0.015625 0.015625
0 0.415625 0.631250 0.015625 0.015625
0 0.479687 0.631250 0.015625 0.015625
0 0.295312 0.556250 0.015625 0.015625
0 0.331250 0.496875 0.015625 0.015625
0 0.559375 0.631250 0.015625 0.015625
0 0.628125 0.628125 0.015625 0.015625
0 0.592187 0.575000 0.015625 0.015625
0 0.478125 0.492188 0.015625 0.015625
0 0.673438 0.825000 0.015625 0.015625
0 0.589063 0.831250 0.015625 0.015625
0 0.721875 0.815625 0.015625 0.015625
0 0.784375 0.632812 0.015625 0.015625
0 0.867188 0.631250 0.015625 0.015625
0 0.820312 0.701562 0.015625 0.015625
0 0.785937 0.487500 0.015625 0.015625
0 0.709375 0.492188 0.015625 0.015625
0 0.750000 0.429688 0.015625 0.015625
0 0.832812 0.432812 0.015625 0.015625
0 0.906250 0.432812 0.015625 0.015625
0 0.978125 0.437500 0.015625 0.015625
0 0.943750 0.371875 0.015625 0.015625
0 0.856250 0.489063 0.015625 0.015625
0 0.740625 0.560937 0.015625 0.015625
0 0.928125 0.896875 0.015625 0.015625
