0 0.070312 0.000000 0.015625 0.015625
0 0.109375 0.001563 0.015625 0.015625
0 0.034375 0.003125 0.015625 0.015625
0 0.725000 0.003125 0.015625 0.015625
0 0.260937 0.004687 0.015625 0.015625
0 0.334375 0.004687 0.015625 0.015625
0 0.145313 0.004687 0.015625 0.015625
0 0.221875 0.004687 0.015625 0.015625
0 0.192188 0.006250 0.015625 0.015625
0 0.300000 0.006250 0.015625 0.015625
0 0.410938 0.006250 0.015625 0.015625
0 0.489063 0.006250 0.015625 0.015625
0 0.600000 0.009375 0.015625 0.015625
0 0.829688 0.012500 0.015625 0.015625
0 0.637500 0.014063 0.015625 0.015625
0 0.907813 0.014063 0.015625 0.015625
0 0.862500 0.015625 0.015625 0.015625
0 0.679688 0.015625 0.015625 0.015625
0 0.942187 0.015625 0.015625 0.015625
0 0.975000 0.017188 0.015625 0.015625
0 0.559375 0.025000 0.015625 0.015625
0 0.128125 0.028125 0.015625 0.015625
0 0.159375 0.029687 0.015625 0.015625
0 0.010937 0.031250 0.015625 0.015625
0 0.471875 0.037500 0.015625 0.015625
