0 0.879687 0.003125 0.015625 0.015625
0 0.810937 0.007812 0.015625 0.015625
0 0.145313 0.021875 0.015625 0.015625
0 0.301563 0.025000 0.015625 0.015625
0 0.223438 0.025000 0.015625 0.015625
0 0.378125 0.026562 0.015625 0.015625
0 0.604688 0.035937 0.015625 0.015625
0 0.984375 0.037500 0.015625 0.015625
0 0.679688 0.040625 0.015625 0.015625
0 0.035937 0.064062 0.015625 0.015625
0 0.284375 0.064062 0.015625 0.015625
0 0.906250 0.065625 0.015625 0.015625
0 0.839063 0.068750 0.015625 0.015625
0 0.109375 0.089063 0.015625 0.015625
0 0.559375 0.093750 0.015625 0.015625
0 0.334375 0.093750 0.015625 0.015625
0 0.257812 0.095312 0.015625 0.015625
0 0.410938 0.096875 0.015625 0.015625
0 0.184375 0.096875 0.015625 0.015625
0 0.639062 0.098437 0.015625 0.015625
0 0.715625 0.101562 0.015625 0.015625
0 0.865625 0.104688 0.015625 0.015625
0 0.940625 0.107813 0.015625 0.015625
0 0.789062 0.107813 0.015625 0.015625
0 0.217188 0.150000 0.015625 0.015625
0 0.153125 0.150000 0.015625 0.015625
0 0.379688 0.157812 0.015625 0.015625
0 0.523438 0.159375 0.015625 0.015625
0 0.910937 0.167187 0.015625 0.015625
0 0.979688 0.170313 0.015625 0.015625
0 0.457813 0.170313 0.015625 0.015625
0 0.818750 0.173437 0.015625 0.015625
0 0.309375 0.182812 0.015625 0.015625
0 0.004687 0.182812 0.015625 0.015625
0 0.612500 0.187500 0.015625 0.015625
0 0.089063 0.190625 0.015625 0.015625
0 0.173437 0.192188 0.015625 0.015625
0 0.359375 0.195312 0.015625 0.015625
0 0.240625 0.200000 0.015625 0.015625
0 0.406250 0.201563 0.015625 0.015625
0 0.557813 0.210938 0.015625 0.015625
0 0.956250 0.212500 0.015625 0.015625
0 0.912500 0.218750 0.015625 0.015625
0 0.028125 0.223438 0.015625 0.015625
0 0.785937 0.234375 0.015625 0.015625
0 0.515625 0.262500 0.015625 0.015625
0 0.928125 0.265625 0.015625 0.015625
0 0.432812 0.268750 0.015625 0.015625
0 0.587500 0.270313 0.015625 0.015625
0 0.218750 0.289062 0.015625 0.015625
0 0.053125 0.289062 0.015625 0.015625
0 0.529687 0.317188 0.015625 0.015625
0 0.667188 0.318750 0.015625 0.015625
0 0.468750 0.320312 0.015625 0.015625
0 0.407813 0.320312 0.015625 0.015625
0 0.895312 0.325000 0.015625 0.015625
0 0.953125 0.332813 0.015625 0.015625
0 0.110937 0.340625 0.015625 0.015625
0 0.260937 0.351562 0.015625 0.015625
0 0.331250 0.357812 0.015625 0.015625
0 0.837500 0.384375 0.015625 0.015625
0 0.504687 0.387500 0.015625 0.015625
0 0.931250 0.387500 0.015625 0.015625
0 0.076563 0.389062 0.015625 0.015625
0 0.879687 0.392188 0.015625 0.015625
0 0.212500 0.404687 0.015625 0.015625
0 0.903125 0.434375 0.015625 0.015625
0 0.981250 0.440625 0.015625 0.015625
0 0.134375 0.440625 0.015625 0.015625
0 0.479687 0.479687 0.015625 0.015625
0 0.406250 0.481250 0.015625 0.015625
0 0.559375 0.481250 0.015625 0.015625
0 0.109375 0.482812 0.015625 0.015625
0 0.179688 0.482812 0.015625 0.015625
0 0.021875 0.484375 0.015625 0.015625
0 0.254688 0.485938 0.015625 0.015625
0 0.331250 0.485938 0.015625 0.015625
0 0.862500 0.490625 0.015625 0.015625
0 0.787500 0.492188 0.015625 0.015625
0 0.637500 0.493750 0.015625 0.015625
0 0.710938 0.493750 0.015625 0.015625
0 0.679688 0.556250 0.015625 0.015625
0 0.828125 0.559375 0.015625 0.015625
0 0.903125 0.560937 0.015625 0.015625
0 0.137500 0.562500 0.015625 0.015625
0 0.525000 0.564063 0.015625 0.015625
0 0.057813 0.565625 0.015625 0.015625
0 0.981250 0.565625 0.015625 0.015625
0 0.593750 0.567187 0.015625 0.015625
0 0.203125 0.578125 0.015625 0.015625
0 0.764062 0.593750 0.015625 0.015625
0 0.407813 0.615625 0.015625 0.015625
0 0.106250 0.615625 0.015625 0.015625
0 0.035937 0.620313 0.015625 0.015625
0 0.557813 0.620313 0.015625 0.015625
0 0.859375 0.632812 0.015625 0.015625
0 0.789062 0.637500 0.015625 0.015625
0 0.204687 0.650000 0.015625 0.015625
0 0.276562 0.656250 0.015625 0.015625
0 0.356250 0.662500 0.015625 0.015625
0 0.065625 0.670312 0.015625 0.015625
0 0.140625 0.675000 0.015625 0.015625
0 0.451562 0.675000 0.015625 0.015625
0 0.664062 0.684375 0.015625 0.015625
0 0.893750 0.687500 0.015625 0.015625
0 0.826562 0.690625 0.015625 0.015625
0 0.750000 0.695312 0.015625 0.015625
0 0.504687 0.720313 0.015625 0.015625
0 0.087500 0.740625 0.015625 0.015625
0 0.632812 0.742188 0.015625 0.015625
0 0.018750 0.743750 0.015625 0.015625
0 0.178125 0.751563 0.015625 0.015625
0 0.253125 0.753125 0.015625 0.015625
0 0.328125 0.753125 0.015625 0.015625
0 0.707812 0.754687 0.015625 0.015625
0 0.404687 0.754687 0.015625 0.015625
0 0.935937 0.756250 0.015625 0.015625
0 0.481250 0.759375 0.015625 0.015625
0 0.860938 0.759375 0.015625 0.015625
0 0.784375 0.759375 0.015625 0.015625
0 0.589063 0.806250 0.015625 0.015625
0 0.062500 0.807813 0.015625 0.015625
0 0.210938 0.814063 0.015625 0.015625
0 0.365625 0.823438 0.015625 0.015625
0 0.287500 0.825000 0.015625 0.015625
0 0.434375 0.825000 0.015625 0.015625
0 0.967187 0.837500 0.015625 0.015625
0 0.023438 0.865625 0.015625 0.015625
0 0.098437 0.875000 0.015625 0.015625
0 0.931250 0.882812 0.015625 0.015625
0 0.553125 0.882812 0.015625 0.015625
0 0.167187 0.882812 0.015625 0.015625
0 0.478125 0.882812 0.015625 0.015625
0 0.629687 0.884375 0.015625 0.015625
0 0.704688 0.884375 0.015625 0.015625
0 0.242188 0.885938 0.015625 0.015625
0 0.323437 0.885938 0.015625 0.015625
0 0.778125 0.887500 0.015625 0.015625
0 0.859375 0.889062 0.015625 0.015625
0 0.404687 0.896875 0.015625 0.015625
0 0.057813 0.943750 0.015625 0.015625
0 0.665625 0.945312 0.015625 0.015625
0 0.590625 0.946875 0.015625 0.015625
0 0.514062 0.946875 0.015625 0.015625
0 0.287500 0.948438 0.015625 0.015625
0 0.740625 0.948438 0.015625 0.015625
0 0.814063 0.950000 0.015625 0.015625
0 0.971875 0.950000 0.015625 0.015625
0 0.123438 0.953125 0.015625 0.015625
0 0.889062 0.956250 0.015625 0.015625
0 0.362500 0.967187 0.015625 0.015625
0 0.376563 0.420312 0.015625 0.015625
0 0.445312 0.418750 0.015625 0.015625
0 0.517188 0.421875 0.015625 0.015625
0 0.601562 0.425000 0.015625 0.015625
0 0.670312 0.425000 0.015625 0.015625
0 0.456250 0.023438 0.015625 0.015625
0 0.528125 0.035937 0.015625 0.015625
0 0.490625 0.101562 0.015625 0.015625
0 0.609375 0.160938 0.015625 0.015625
0 0.665625 0.162500 0.015625 0.015625
0 0.757812 0.168750 0.015625 0.015625
0 0.306250 0.289062 0.015625 0.015625
0 0.379688 0.289062 0.015625 0.015625
0 0.260937 0.226562 0.015625 0.015625
0 0.115625 0.223438 0.015625 0.015625
0 0.145313 0.284375 0.015625 0.015625
