0 0.045312 0.060937 0.015625 0.015625
0 0.048438 0.193750 0.015625 0.015625
0 0.009375 0.260937 0.015625 0.015625
0 0.075000 0.259375 0.015625 0.015625
0 0.042188 0.329688 0.015625 0.015625
0 0.107813 0.339062 0.015625 0.015625
0 0.035937 0.587500 0.015625 0.015625
0 0.107813 0.589063 0.015625 0.015625
0 0.192188 0.590625 0.015625 0.015625
0 0.262500 0.595313 0.015625 0.015625
0 0.082812 0.531250 0.015625 0.015625
0 0.029687 0.718750 0.015625 0.015625
0 0.112500 0.714063 0.015625 0.015625
0 0.073438 0.653125 0.015625 0.015625
0 0.000000 0.650000 0.015625 0.015625
0 0.151562 0.653125 0.015625 0.015625
0 0.187500 0.717187 0.015625 0.015625
0 0.229687 0.653125 0.015625 0.015625
0 0.273438 0.709375 0.015625 0.015625
0 0.301563 0.657813 0.015625 0.015625
0 0.337500 0.721875 0.015625 0.015625
0 0.381250 0.654687 0.015625 0.015625
0 0.420312 0.731250 0.015625 0.015625
0 0.028125 0.975000 0.015625 0.015625
0 0.059375 0.910937 0.015625 0.015625
0 0.096875 0.971875 0.015625 0.015625
0 0.134375 0.914062 0.015625 0.015625
0 0.176563 0.979688 0.015625 0.015625
0 0.210938 0.912500 0.015625 0.015625
0 0.257812 0.990625 0.015625 0.015625
0 0.292187 0.920312 0.015625 0.015625
0 0.368750 0.923438 0.015625 0.015625
0 0.442188 0.921875 0.015625 0.015625
0 0.407813 0.989062 0.015625 0.015625
0 0.479687 0.992188 0.015625 0.015625
0 0.028125 0.853125 0.015625 0.015625
0 0.093750 0.854688 0.015625 0.015625
0 0.179688 0.856250 0.015625 0.015625
0 0.259375 0.853125 0.015625 0.015625
0 0.340625 0.857812 0.015625 0.015625
0 0.420312 0.862500 0.015625 0.015625
0 0.067187 0.787500 0.015625 0.015625
0 0.142187 0.790625 0.015625 0.015625
0 0.301563 0.792188 0.015625 0.015625
0 0.381250 0.784375 0.015625 0.015625
0 0.087500 0.001563 0.015625 0.015625
0 0.118750 0.057813 0.015625 0.015625
0 0.159375 0.009375 0.015625 0.015625
0 0.189062 0.064062 0.015625 0.015625
0 0.229687 0.004687 0.015625 0.015625
0 0.278125 0.065625 0.015625 0.015625
0 0.309375 0.007812 0.015625 0.015625
0 0.346875 0.064062 0.015625 0.015625
0 0.385937 0.007812 0.015625 0.015625
0 0.420312 0.070312 0.015625 0.015625
0 0.456250 0.007812 0.015625 0.015625
0 0.503125 0.070312 0.015625 0.015625
0 0.531250 0.017188 0.015625 0.015625
0 0.578125 0.070312 0.015625 0.015625
0 0.612500 0.012500 0.015625 0.015625
0 0.300000 0.131250 0.015625 0.015625
0 0.268750 0.201563 0.015625 0.015625
0 0.340625 0.203125 0.015625 0.015625
0 0.412500 0.203125 0.015625 0.015625
0 0.456250 0.148438 0.015625 0.015625
0 0.498437 0.214062 0.015625 0.015625
0 0.540625 0.150000 0.015625 0.015625
0 0.571875 0.214062 0.015625 0.015625
0 0.610938 0.148438 0.015625 0.015625
0 0.318750 0.275000 0.015625 0.015625
0 0.345313 0.335938 0.015625 0.015625
0 0.378125 0.275000 0.015625 0.015625
0 0.414062 0.334375 0.015625 0.015625
0 0.451562 0.271875 0.015625 0.015625
0 0.489063 0.337500 0.015625 0.015625
0 0.532813 0.278125 0.015625 0.015625
0 0.575000 0.339062 0.015625 0.015625
0 0.607812 0.273438 0.015625 0.015625
0 0.648438 0.343750 0.015625 0.015625
0 0.378125 0.139063 0.015625 0.015625
0 0.226562 0.126562 0.015625 0.015625
0 0.184375 0.196875 0.015625 0.015625
0 0.150000 0.118750 0.015625 0.015625
0 0.454688 0.409375 0.015625 0.015625
0 0.521875 0.412500 0.015625 0.015625
0 0.604688 0.410938 0.015625 0.015625
0 0.007812 0.003125 0.015625 0.015625
0 0.007812 0.129688 0.015625 0.015625
0 0.121875 0.195312 0.015625 0.015625
0 0.157812 0.260937 0.015625 0.015625
0 0.196875 0.329688 0.015625 0.015625
0 0.157812 0.393750 0.015625 0.015625
0 0.193750 0.460938 0.015625 0.015625
0 0.267188 0.464062 0.015625 0.015625
0 0.232813 0.392188 0.015625 0.015625
0 0.114062 0.451562 0.015625 0.015625
0 0.035937 0.456250 0.015625 0.015625
0 0.000000 0.387500 0.015625 0.015625
0 0.078125 0.393750 0.015625 0.015625
0 0.235937 0.523438 0.015625 0.015625
0 0.300000 0.532813 0.015625 0.015625
0 0.342187 0.593750 0.015625 0.015625
0 0.232813 0.784375 0.015625 0.015625
