0 0.018750 0.751563 0.015625 0.015625
0 0.078125 0.934375 0.015625 0.015625
0 0.154688 0.956250 0.015625 0.015625
0 0.054688 0.987500 0.015625 0.015625
0 0.000000 0.160938 0.015625 0.015625
0 0.064062 0.167187 0.015625 0.015625
0 0.068750 0.426563 0.015625 0.015625
0 0.037500 0.492188 0.015625 0.015625
0 0.106250 0.492188 0.015625 0.015625
0 0.060937 0.564063 0.015625 0.015625
0 0.142187 0.557813 0.015625 0.015625
0 0.148438 0.435937 0.015625 0.015625
0 0.204687 0.432812 0.015625 0.015625
0 0.031250 0.367188 0.015625 0.015625
0 0.104688 0.364063 0.015625 0.015625
0 0.143750 0.306250 0.015625 0.015625
0 0.120313 0.234375 0.015625 0.015625
0 0.179688 0.232813 0.015625 0.015625
0 0.254688 0.232813 0.015625 0.015625
0 0.100000 0.096875 0.015625 0.015625
0 0.062500 0.090625 0.015625 0.015625
0 0.181250 0.095312 0.015625 0.015625
0 0.253125 0.098437 0.015625 0.015625
0 0.325000 0.106250 0.015625 0.015625
0 0.304688 0.168750 0.015625 0.015625
0 0.326562 0.235937 0.015625 0.015625
0 0.326562 0.365625 0.015625 0.015625
0 0.245312 0.364063 0.015625 0.015625
0 0.215625 0.303125 0.015625 0.015625
0 0.210938 0.387500 0.015625 0.015625
0 0.281250 0.439063 0.015625 0.015625
0 0.317188 0.443750 0.015625 0.015625
0 0.273438 0.503125 0.015625 0.015625
0 0.226562 0.510938 0.015625 0.015625
0 0.221875 0.559375 0.015625 0.015625
0 0.262500 0.570312 0.015625 0.015625
0 0.175000 0.615625 0.015625 0.015625
0 0.143750 0.692187 0.015625 0.015625
0 0.228125 0.692187 0.015625 0.015625
0 0.287500 0.696875 0.015625 0.015625
0 0.321875 0.760938 0.015625 0.015625
0 0.234375 0.753125 0.015625 0.015625
0 0.154688 0.757812 0.015625 0.015625
0 0.104688 0.759375 0.015625 0.015625
0 0.134375 0.826562 0.015625 0.015625
0 0.210938 0.825000 0.015625 0.015625
0 0.273438 0.825000 0.015625 0.015625
0 0.504687 0.762500 0.015625 0.015625
0 0.576562 0.767188 0.015625 0.015625
0 0.625000 0.767188 0.015625 0.015625
0 0.701562 0.768750 0.015625 0.015625
0 0.781250 0.768750 0.015625 0.015625
0 0.859375 0.771875 0.015625 0.015625
0 0.070312 0.026562 0.015625 0.015625
0 0.029687 0.620313 0.015625 0.015625
0 0.098437 0.628125 0.015625 0.015625
0 0.062500 0.689063 0.015625 0.015625
