0 0.529687 0.000000 0.015625 0.015625
0 0.673438 0.001563 0.015625 0.015625
0 0.604688 0.001563 0.015625 0.015625
0 0.762500 0.001563 0.015625 0.015625
0 0.907813 0.010937 0.015625 0.015625
0 0.982812 0.014063 0.015625 0.015625
0 0.726562 0.067187 0.015625 0.015625
0 0.067187 0.115625 0.015625 0.015625
0 0.525000 0.120313 0.015625 0.015625
0 0.378125 0.125000 0.015625 0.015625
0 0.456250 0.125000 0.015625 0.015625
0 0.606250 0.129688 0.015625 0.015625
0 0.759375 0.131250 0.015625 0.015625
0 0.682813 0.132812 0.015625 0.015625
0 0.982812 0.135937 0.015625 0.015625
0 0.837500 0.142187 0.015625 0.015625
0 0.412500 0.176563 0.015625 0.015625
0 0.029687 0.182812 0.015625 0.015625
0 0.106250 0.187500 0.015625 0.015625
0 0.182812 0.189062 0.015625 0.015625
0 0.715625 0.198437 0.015625 0.015625
0 0.940625 0.207813 0.015625 0.015625
0 0.562500 0.207813 0.015625 0.015625
0 0.864062 0.214062 0.015625 0.015625
0 0.634375 0.218750 0.015625 0.015625
0 0.221875 0.253125 0.015625 0.015625
0 0.375000 0.256250 0.015625 0.015625
0 0.295312 0.257812 0.015625 0.015625
0 0.453125 0.260937 0.015625 0.015625
0 0.604688 0.262500 0.015625 0.015625
0 0.531250 0.264062 0.015625 0.015625
0 0.756250 0.267188 0.015625 0.015625
0 0.906250 0.273438 0.015625 0.015625
0 0.034375 0.414062 0.015625 0.015625
0 0.478125 0.445312 0.015625 0.015625
0 0.328125 0.448437 0.015625 0.015625
0 0.706250 0.459375 0.015625 0.015625
0 0.214062 0.506250 0.015625 0.015625
0 0.289062 0.507812 0.015625 0.015625
0 0.367188 0.510938 0.015625 0.015625
0 0.139063 0.510938 0.015625 0.015625
0 0.062500 0.512500 0.015625 0.015625
0 0.442188 0.515625 0.015625 0.015625
0 0.515625 0.518750 0.015625 0.015625
0 0.823438 0.520312 0.015625 0.015625
0 0.745313 0.521875 0.015625 0.015625
0 0.590625 0.525000 0.015625 0.015625
0 0.664062 0.525000 0.015625 0.015625
0 0.254688 0.576562 0.015625 0.015625
0 0.329688 0.581250 0.015625 0.015625
0 0.479687 0.584375 0.015625 0.015625
0 0.556250 0.584375 0.015625 0.015625
0 0.631250 0.585938 0.015625 0.015625
0 0.785937 0.587500 0.015625 0.015625
0 0.707812 0.589063 0.015625 0.015625
0 0.064062 0.637500 0.015625 0.015625
0 0.140625 0.639062 0.015625 0.015625
0 0.439063 0.640625 0.015625 0.015625
0 0.214062 0.642188 0.015625 0.015625
0 0.289062 0.643750 0.015625 0.015625
0 0.590625 0.645312 0.015625 0.015625
0 0.517188 0.645312 0.015625 0.015625
0 0.364063 0.646875 0.015625 0.015625
0 0.667188 0.648438 0.015625 0.015625
0 0.821875 0.651563 0.015625 0.015625
0 0.970313 0.653125 0.015625 0.015625
0 0.740625 0.659375 0.015625 0.015625
0 0.896875 0.659375 0.015625 0.015625
0 0.023438 0.701562 0.015625 0.015625
0 0.328125 0.707812 0.015625 0.015625
0 0.245312 0.709375 0.015625 0.015625
0 0.404687 0.710938 0.015625 0.015625
0 0.479687 0.710938 0.015625 0.015625
0 0.629687 0.714063 0.015625 0.015625
0 0.553125 0.714063 0.015625 0.015625
0 0.932813 0.718750 0.015625 0.015625
0 0.856250 0.720313 0.015625 0.015625
0 0.706250 0.721875 0.015625 0.015625
0 0.782813 0.721875 0.015625 0.015625
0 0.060937 0.768750 0.015625 0.015625
0 0.137500 0.770312 0.015625 0.015625
0 0.214062 0.770312 0.015625 0.015625
0 0.364063 0.773438 0.015625 0.015625
0 0.289062 0.773438 0.015625 0.015625
0 0.515625 0.779687 0.015625 0.015625
0 0.587500 0.781250 0.015625 0.015625
0 0.440625 0.782813 0.015625 0.015625
0 0.893750 0.782813 0.015625 0.015625
0 0.968750 0.784375 0.015625 0.015625
0 0.817187 0.784375 0.015625 0.015625
0 0.665625 0.785937 0.015625 0.015625
0 0.740625 0.785937 0.015625 0.015625
0 0.092188 0.834375 0.015625 0.015625
0 0.171875 0.835938 0.015625 0.015625
0 0.018750 0.835938 0.015625 0.015625
0 0.245312 0.837500 0.015625 0.015625
0 0.326562 0.839063 0.015625 0.015625
0 0.479687 0.840625 0.015625 0.015625
0 0.403125 0.840625 0.015625 0.015625
0 0.553125 0.843750 0.015625 0.015625
0 0.931250 0.846875 0.015625 0.015625
0 0.854688 0.846875 0.015625 0.015625
0 0.781250 0.848437 0.015625 0.015625
0 0.631250 0.848437 0.015625 0.015625
0 0.700000 0.865625 0.015625 0.015625
0 0.134375 0.895312 0.015625 0.015625
0 0.057813 0.898438 0.015625 0.015625
0 0.207813 0.903125 0.015625 0.015625
0 0.510938 0.906250 0.015625 0.015625
0 0.435937 0.906250 0.015625 0.015625
0 0.589063 0.909375 0.015625 0.015625
0 0.889062 0.912500 0.015625 0.015625
0 0.665625 0.914062 0.015625 0.015625
0 0.814063 0.914062 0.015625 0.015625
0 0.965625 0.914062 0.015625 0.015625
0 0.017188 0.964063 0.015625 0.015625
0 0.093750 0.965625 0.015625 0.015625
0 0.626563 0.967187 0.015625 0.015625
0 0.243750 0.967187 0.015625 0.015625
0 0.168750 0.967187 0.015625 0.015625
0 0.317188 0.967187 0.015625 0.015625
0 0.393750 0.968750 0.015625 0.015625
0 0.548438 0.968750 0.015625 0.015625
0 0.470313 0.970313 0.015625 0.015625
0 0.931250 0.970313 0.015625 0.015625
0 0.854688 0.973437 0.015625 0.015625
0 0.779687 0.973437 0.015625 0.015625
0 0.065625 0.253125 0.015625 0.015625
0 0.143750 0.254688 0.015625 0.015625
0 0.601562 0.389062 0.015625 0.015625
0 0.521875 0.385937 0.015625 0.015625
0 0.437500 0.382812 0.015625 0.015625
0 0.559375 0.451562 0.015625 0.015625
0 0.631250 0.456250 0.015625 0.015625
0 0.751563 0.393750 0.015625 0.015625
0 0.826562 0.392188 0.015625 0.015625
0 0.667188 0.395313 0.015625 0.015625
0 0.785937 0.456250 0.015625 0.015625
0 0.025000 0.443750 0.015625 0.015625
0 0.098437 0.442188 0.015625 0.015625
0 0.175000 0.443750 0.015625 0.015625
0 0.251563 0.450000 0.015625 0.015625
0 0.285938 0.900000 0.015625 0.015625
0 0.034375 0.056250 0.015625 0.015625
0 0.120313 0.059375 0.015625 0.015625
0 0.196875 0.059375 0.015625 0.015625
0 0.265625 0.057813 0.015625 0.015625
0 0.343750 0.057813 0.015625 0.015625
0 0.295312 0.126562 0.015625 0.015625
0 0.212500 0.125000 0.015625 0.015625
0 0.145313 0.123438 0.015625 0.015625
0 0.414062 0.062500 0.015625 0.015625
0 0.489063 0.062500 0.015625 0.015625
0 0.659375 0.065625 0.015625 0.015625
0 0.789062 0.068750 0.015625 0.015625
0 0.867188 0.071875 0.015625 0.015625
0 0.940625 0.065625 0.015625 0.015625
0 0.914062 0.129688 0.015625 0.015625
0 0.992188 0.273438 0.015625 0.015625
0 0.975000 0.331250 0.015625 0.015625
0 0.982812 0.396875 0.015625 0.015625
0 0.914062 0.396875 0.015625 0.015625
0 0.940625 0.462500 0.015625 0.015625
0 0.398438 0.448437 0.015625 0.015625
0 0.062500 0.373437 0.015625 0.015625
0 0.679688 0.262500 0.015625 0.015625
0 0.720313 0.325000 0.015625 0.015625
0 0.564063 0.068750 0.015625 0.015625
0 0.253125 0.193750 0.015625 0.015625
0 0.021875 0.312500 0.015625 0.015625
0 0.109375 0.310937 0.015625 0.015625
0 0.140625 0.373437 0.015625 0.015625
0 0.182812 0.323437 0.015625 0.015625
0 0.215625 0.370312 0.015625 0.015625
0 0.256250 0.320312 0.015625 0.015625
0 0.292187 0.373437 0.015625 0.015625
0 0.325000 0.317188 0.015625 0.015625
0 0.365625 0.376563 0.015625 0.015625
0 0.406250 0.318750 0.015625 0.015625
0 0.492188 0.318750 0.015625 0.015625
0 0.559375 0.325000 0.015625 0.015625
0 0.629687 0.326562 0.015625 0.015625
0 0.093750 0.706250 0.015625 0.015625
0 0.179688 0.703125 0.015625 0.015625
0 0.740625 0.912500 0.015625 0.015625
0 0.381250 0.910937 0.015625 0.015625
