0 0.954688 0.000000 0.015625 0.015625
0 0.876563 0.000000 0.015625 0.015625
0 0.723437 0.000000 0.015625 0.015625
0 0.801562 0.001563 0.015625 0.015625
0 0.006250 0.034375 0.015625 0.015625
0 0.082812 0.037500 0.015625 0.015625
0 0.229687 0.045312 0.015625 0.015625
0 0.382812 0.046875 0.015625 0.015625
0 0.460938 0.048438 0.015625 0.015625
0 0.535937 0.048438 0.015625 0.015625
0 0.303125 0.048438 0.015625 0.015625
0 0.618750 0.048438 0.015625 0.015625
0 0.168750 0.051562 0.015625 0.015625
0 0.689063 0.060937 0.015625 0.015625
0 0.762500 0.064062 0.015625 0.015625
0 0.837500 0.064062 0.015625 0.015625
0 0.989062 0.068750 0.015625 0.015625
0 0.917188 0.070312 0.015625 0.015625
0 0.560937 0.107813 0.015625 0.015625
0 0.039062 0.109375 0.015625 0.015625
0 0.339062 0.112500 0.015625 0.015625
0 0.112500 0.112500 0.015625 0.015625
0 0.192188 0.114062 0.015625 0.015625
0 0.267188 0.115625 0.015625 0.015625
0 0.487500 0.115625 0.015625 0.015625
0 0.725000 0.131250 0.015625 0.015625
0 0.795312 0.132812 0.015625 0.015625
0 0.951562 0.134375 0.015625 0.015625
0 0.003125 0.171875 0.015625 0.015625
0 0.079687 0.173437 0.015625 0.015625
0 0.232813 0.175000 0.015625 0.015625
0 0.379688 0.175000 0.015625 0.015625
0 0.153125 0.175000 0.015625 0.015625
0 0.531250 0.175000 0.015625 0.015625
0 0.609375 0.187500 0.015625 0.015625
0 0.757812 0.190625 0.015625 0.015625
0 0.684375 0.190625 0.015625 0.015625
0 0.834375 0.192188 0.015625 0.015625
0 0.907813 0.195312 0.015625 0.015625
0 0.990625 0.196875 0.015625 0.015625
0 0.037500 0.239063 0.015625 0.015625
0 0.190625 0.243750 0.015625 0.015625
0 0.110937 0.245312 0.015625 0.015625
0 0.267188 0.245312 0.015625 0.015625
0 0.339062 0.245312 0.015625 0.015625
0 0.640625 0.248438 0.015625 0.015625
0 0.564063 0.251563 0.015625 0.015625
0 0.868750 0.256250 0.015625 0.015625
0 0.945312 0.260937 0.015625 0.015625
0 0.075000 0.301563 0.015625 0.015625
0 0.379688 0.306250 0.015625 0.015625
0 0.304688 0.310937 0.015625 0.015625
0 0.223438 0.314063 0.015625 0.015625
0 0.606250 0.314063 0.015625 0.015625
0 0.682813 0.314063 0.015625 0.015625
0 0.756250 0.315625 0.015625 0.015625
0 0.989062 0.320312 0.015625 0.015625
0 0.834375 0.323437 0.015625 0.015625
0 0.910937 0.323437 0.015625 0.015625
0 0.034375 0.370312 0.015625 0.015625
0 0.114062 0.371875 0.015625 0.015625
0 0.414062 0.379688 0.015625 0.015625
0 0.334375 0.382812 0.015625 0.015625
0 0.564063 0.382812 0.015625 0.015625
0 0.790625 0.389062 0.015625 0.015625
0 0.714063 0.389062 0.015625 0.015625
0 0.639062 0.395313 0.015625 0.015625
0 0.207813 0.401562 0.015625 0.015625
0 0.871875 0.410938 0.015625 0.015625
0 0.957812 0.410938 0.015625 0.015625
0 0.151562 0.434375 0.015625 0.015625
0 0.300000 0.440625 0.015625 0.015625
0 0.375000 0.443750 0.015625 0.015625
0 0.450000 0.445312 0.015625 0.015625
0 0.015625 0.446875 0.015625 0.015625
0 0.535937 0.453125 0.015625 0.015625
0 0.679688 0.487500 0.015625 0.015625
0 0.609375 0.496875 0.015625 0.015625
0 0.181250 0.496875 0.015625 0.015625
0 0.260937 0.507812 0.015625 0.015625
0 0.487500 0.510938 0.015625 0.015625
0 0.335938 0.512500 0.015625 0.015625
0 0.409375 0.512500 0.015625 0.015625
0 0.868750 0.520312 0.015625 0.015625
0 0.120313 0.564063 0.015625 0.015625
0 0.514062 0.567187 0.015625 0.015625
0 0.378125 0.575000 0.015625 0.015625
0 0.603125 0.584375 0.015625 0.015625
0 0.681250 0.584375 0.015625 0.015625
0 0.754687 0.585938 0.015625 0.015625
0 0.831250 0.587500 0.015625 0.015625
0 0.906250 0.590625 0.015625 0.015625
0 0.982812 0.592187 0.015625 0.015625
0 0.487500 0.640625 0.015625 0.015625
0 0.106250 0.640625 0.015625 0.015625
0 0.029687 0.640625 0.015625 0.015625
0 0.182812 0.642188 0.015625 0.015625
0 0.410938 0.648438 0.015625 0.015625
0 0.559375 0.648438 0.015625 0.015625
0 0.715625 0.651563 0.015625 0.015625
0 0.639062 0.651563 0.015625 0.015625
0 0.867188 0.654687 0.015625 0.015625
0 0.792188 0.656250 0.015625 0.015625
0 0.940625 0.657813 0.015625 0.015625
0 0.068750 0.696875 0.015625 0.015625
0 0.142187 0.698438 0.015625 0.015625
0 0.228125 0.706250 0.015625 0.015625
0 0.300000 0.707812 0.015625 0.015625
0 0.370312 0.707812 0.015625 0.015625
0 0.453125 0.710938 0.015625 0.015625
0 0.525000 0.710938 0.015625 0.015625
0 0.678125 0.717187 0.015625 0.015625
0 0.600000 0.717187 0.015625 0.015625
0 0.754687 0.720313 0.015625 0.015625
0 0.831250 0.721875 0.015625 0.015625
0 0.906250 0.723437 0.015625 0.015625
0 0.981250 0.723437 0.015625 0.015625
0 0.107813 0.765625 0.015625 0.015625
0 0.032813 0.767188 0.015625 0.015625
0 0.335938 0.773438 0.015625 0.015625
0 0.262500 0.773438 0.015625 0.015625
0 0.412500 0.773438 0.015625 0.015625
0 0.490625 0.776563 0.015625 0.015625
0 0.564063 0.779687 0.015625 0.015625
0 0.640625 0.782813 0.015625 0.015625
0 0.718750 0.785937 0.015625 0.015625
0 0.867188 0.785937 0.015625 0.015625
0 0.795312 0.787500 0.015625 0.015625
0 0.946875 0.790625 0.015625 0.015625
0 0.218750 0.834375 0.015625 0.015625
0 0.140625 0.834375 0.015625 0.015625
0 0.065625 0.835938 0.015625 0.015625
0 0.635938 0.887500 0.015625 0.015625
0 0.404687 0.896875 0.015625 0.015625
0 0.021875 0.898438 0.015625 0.015625
0 0.259375 0.900000 0.015625 0.015625
0 0.179688 0.900000 0.015625 0.015625
0 0.098437 0.901563 0.015625 0.015625
0 0.504687 0.950000 0.015625 0.015625
0 0.064062 0.964063 0.015625 0.015625
0 0.365625 0.965625 0.015625 0.015625
0 0.135937 0.968750 0.015625 0.015625
0 0.214062 0.968750 0.015625 0.015625
0 0.290625 0.970313 0.015625 0.015625
0 0.359375 0.843750 0.015625 0.015625
0 0.453125 0.845313 0.015625 0.015625
0 0.542188 0.845313 0.015625 0.015625
0 0.600000 0.843750 0.015625 0.015625
0 0.556250 0.912500 0.015625 0.015625
0 0.476562 0.898438 0.015625 0.015625
0 0.076563 0.568750 0.015625 0.015625
0 0.287500 0.840625 0.015625 0.015625
