0 0.010937 0.006250 0.015625 0.015625
0 0.085938 0.009375 0.015625 0.015625
0 0.309375 0.015625 0.015625 0.015625
0 0.232813 0.015625 0.015625 0.015625
0 0.390625 0.020313 0.015625 0.015625
0 0.460938 0.021875 0.015625 0.015625
0 0.614062 0.023438 0.015625 0.015625
0 0.689063 0.026562 0.015625 0.015625
0 0.764062 0.028125 0.015625 0.015625
0 0.046875 0.073438 0.015625 0.015625
0 0.129688 0.076563 0.015625 0.015625
0 0.425000 0.085938 0.015625 0.015625
0 0.495312 0.087500 0.015625 0.015625
0 0.657813 0.087500 0.015625 0.015625
0 0.731250 0.090625 0.015625 0.015625
0 0.882812 0.095312 0.015625 0.015625
0 0.809375 0.098437 0.015625 0.015625
0 0.957812 0.098437 0.015625 0.015625
0 0.006250 0.140625 0.015625 0.015625
0 0.159375 0.142187 0.015625 0.015625
0 0.085938 0.143750 0.015625 0.015625
0 0.460938 0.146875 0.015625 0.015625
0 0.534375 0.148438 0.015625 0.015625
0 0.609375 0.154688 0.015625 0.015625
0 0.689063 0.156250 0.015625 0.015625
0 0.768750 0.157812 0.015625 0.015625
0 0.912500 0.159375 0.015625 0.015625
0 0.992188 0.160938 0.015625 0.015625
0 0.842187 0.160938 0.015625 0.015625
0 0.118750 0.204687 0.015625 0.015625
0 0.043750 0.204687 0.015625 0.015625
0 0.192188 0.207813 0.015625 0.015625
0 0.731250 0.218750 0.015625 0.015625
0 0.804688 0.223438 0.015625 0.015625
0 0.653125 0.225000 0.015625 0.015625
0 0.004687 0.267188 0.015625 0.015625
0 0.156250 0.271875 0.015625 0.015625
0 0.081250 0.271875 0.015625 0.015625
0 0.231250 0.273438 0.015625 0.015625
0 0.610938 0.284375 0.015625 0.015625
0 0.760938 0.287500 0.015625 0.015625
0 0.684375 0.289062 0.015625 0.015625
0 0.839063 0.290625 0.015625 0.015625
0 0.920312 0.295312 0.015625 0.015625
0 0.040625 0.334375 0.015625 0.015625
0 0.112500 0.334375 0.015625 0.015625
0 0.190625 0.335938 0.015625 0.015625
0 0.265625 0.337500 0.015625 0.015625
0 0.721875 0.356250 0.015625 0.015625
0 0.879687 0.356250 0.015625 0.015625
0 0.801562 0.357812 0.015625 0.015625
0 0.956250 0.362500 0.015625 0.015625
0 0.078125 0.398438 0.015625 0.015625
0 0.003125 0.398438 0.015625 0.015625
0 0.229687 0.401562 0.015625 0.015625
0 0.151562 0.404687 0.015625 0.015625
0 0.459375 0.409375 0.015625 0.015625
0 0.264062 0.468750 0.015625 0.015625
0 0.189062 0.470313 0.015625 0.015625
0 0.112500 0.471875 0.015625 0.015625
0 0.504687 0.473438 0.015625 0.015625
0 0.228125 0.534375 0.015625 0.015625
0 0.309375 0.542188 0.015625 0.015625
0 0.914062 0.545312 0.015625 0.015625
0 0.604688 0.548438 0.015625 0.015625
0 0.829688 0.550000 0.015625 0.015625
0 0.982812 0.556250 0.015625 0.015625
0 0.079687 0.559375 0.015625 0.015625
0 0.262500 0.603125 0.015625 0.015625
0 0.715625 0.604688 0.015625 0.015625
0 0.635938 0.607812 0.015625 0.015625
0 0.406250 0.615625 0.015625 0.015625
0 0.789062 0.618750 0.015625 0.015625
0 0.867188 0.620313 0.015625 0.015625
0 0.942187 0.621875 0.015625 0.015625
0 0.000000 0.668750 0.015625 0.015625
0 0.378125 0.668750 0.015625 0.015625
0 0.685937 0.687500 0.015625 0.015625
0 0.979688 0.690625 0.015625 0.015625
0 0.409375 0.743750 0.015625 0.015625
0 0.487500 0.746875 0.015625 0.015625
0 0.567187 0.753125 0.015625 0.015625
0 0.932813 0.757812 0.015625 0.015625
0 0.815625 0.807813 0.015625 0.015625
0 0.679688 0.807813 0.015625 0.015625
0 0.770312 0.807813 0.015625 0.015625
0 0.971875 0.820312 0.015625 0.015625
0 0.898438 0.821875 0.015625 0.015625
0 0.029687 0.859375 0.015625 0.015625
0 0.560937 0.875000 0.015625 0.015625
0 0.932813 0.892188 0.015625 0.015625
0 0.217188 0.932813 0.015625 0.015625
0 0.293750 0.935937 0.015625 0.015625
0 0.370312 0.939063 0.015625 0.015625
0 0.445312 0.942187 0.015625 0.015625
0 0.523438 0.943750 0.015625 0.015625
0 0.600000 0.943750 0.015625 0.015625
0 0.023438 0.993750 0.015625 0.015625
0 0.176563 0.995313 0.015625 0.015625
0 0.101562 0.995313 0.015625 0.015625
0 0.256250 0.998437 0.015625 0.015625
0 0.203125 0.076563 0.015625 0.015625
0 0.265625 0.081250 0.015625 0.015625
0 0.339062 0.082812 0.015625 0.015625
0 0.307812 0.400000 0.015625 0.015625
0 0.335938 0.457813 0.015625 0.015625
0 0.314063 0.270313 0.015625 0.015625
0 0.473438 0.259375 0.015625 0.015625
0 0.421875 0.345313 0.015625 0.015625
0 0.345313 0.351562 0.015625 0.015625
0 0.379688 0.401562 0.015625 0.015625
0 0.023438 0.495312 0.015625 0.015625
0 0.160938 0.570312 0.015625 0.015625
0 0.306250 0.673438 0.015625 0.015625
0 0.457813 0.675000 0.015625 0.015625
0 0.484375 0.862500 0.015625 0.015625
0 0.459375 0.804688 0.015625 0.015625
0 0.526563 0.806250 0.015625 0.015625
0 0.407813 0.868750 0.015625 0.015625
0 0.256250 0.873437 0.015625 0.015625
0 0.134375 0.926562 0.015625 0.015625
0 0.496875 0.339062 0.015625 0.015625
0 0.543750 0.292187 0.015625 0.015625
0 0.587500 0.348438 0.015625 0.015625
0 0.645312 0.350000 0.015625 0.015625
0 0.573438 0.485938 0.015625 0.015625
0 0.648438 0.482812 0.015625 0.015625
0 0.721875 0.487500 0.015625 0.015625
0 0.632812 0.393750 0.015625 0.015625
0 0.760938 0.423438 0.015625 0.015625
0 0.840625 0.426563 0.015625 0.015625
0 0.920312 0.423438 0.015625 0.015625
0 0.993750 0.425000 0.015625 0.015625
0 0.950000 0.490625 0.015625 0.015625
0 0.879687 0.490625 0.015625 0.015625
0 0.792188 0.490625 0.015625 0.015625
0 0.756250 0.548438 0.015625 0.015625
0 0.543750 0.529687 0.015625 0.015625
0 0.417187 0.476562 0.015625 0.015625
0 0.492188 0.614062 0.015625 0.015625
0 0.532813 0.676562 0.015625 0.015625
0 0.754687 0.684375 0.015625 0.015625
0 0.826562 0.682813 0.015625 0.015625
0 0.900000 0.687500 0.015625 0.015625
0 0.240625 0.150000 0.015625 0.015625
0 0.857812 0.028125 0.015625 0.015625
0 0.925000 0.028125 0.015625 0.015625
0 0.995313 0.037500 0.015625 0.015625
0 0.567187 0.093750 0.015625 0.015625
0 0.535937 0.025000 0.015625 0.015625
0 0.768750 0.882812 0.015625 0.015625
