0 0.067187 0.223438 0.015625 0.015625
0 0.215625 0.226562 0.015625 0.015625
0 0.142187 0.228125 0.015625 0.015625
0 0.178125 0.228125 0.015625 0.015625
0 0.253125 0.228125 0.015625 0.015625
0 0.293750 0.229687 0.015625 0.015625
0 0.048438 0.257812 0.015625 0.015625
0 0.159375 0.259375 0.015625 0.015625
0 0.123438 0.259375 0.015625 0.015625
0 0.198437 0.260937 0.015625 0.015625
0 0.014063 0.262500 0.015625 0.015625
0 0.234375 0.264062 0.015625 0.015625
0 0.806250 0.265625 0.015625 0.015625
0 0.087500 0.265625 0.015625 0.015625
0 0.271875 0.265625 0.015625 0.015625
0 0.498437 0.265625 0.015625 0.015625
0 0.460938 0.267188 0.015625 0.015625
0 0.348438 0.267188 0.015625 0.015625
0 0.309375 0.268750 0.015625 0.015625
0 0.843750 0.270313 0.015625 0.015625
0 0.770312 0.270313 0.015625 0.015625
0 0.920312 0.271875 0.015625 0.015625
0 0.881250 0.271875 0.015625 0.015625
0 0.957812 0.273438 0.015625 0.015625
0 0.995313 0.275000 0.015625 0.015625
0 0.178125 0.290625 0.015625 0.015625
0 0.139063 0.293750 0.015625 0.015625
0 0.100000 0.295312 0.015625 0.015625
0 0.396875 0.296875 0.015625 0.015625
0 0.593750 0.300000 0.015625 0.015625
0 0.212500 0.300000 0.015625 0.015625
0 0.479687 0.301563 0.015625 0.015625
0 0.251563 0.301563 0.015625 0.015625
0 0.442188 0.301563 0.015625 0.015625
0 0.670312 0.303125 0.015625 0.015625
0 0.784375 0.303125 0.015625 0.015625
0 0.517188 0.303125 0.015625 0.015625
0 0.287500 0.303125 0.015625 0.015625
0 0.823438 0.303125 0.015625 0.015625
0 0.326562 0.304688 0.015625 0.015625
0 0.746875 0.304688 0.015625 0.015625
0 0.551562 0.304688 0.015625 0.015625
0 0.707812 0.306250 0.015625 0.015625
0 0.860938 0.306250 0.015625 0.015625
0 0.973437 0.309375 0.015625 0.015625
0 0.007812 0.320312 0.015625 0.015625
0 0.048438 0.323437 0.015625 0.015625
0 0.117188 0.325000 0.015625 0.015625
0 0.159375 0.326562 0.015625 0.015625
0 0.362500 0.332813 0.015625 0.015625
0 0.573438 0.334375 0.015625 0.015625
0 0.460938 0.334375 0.015625 0.015625
0 0.612500 0.334375 0.015625 0.015625
0 0.534375 0.334375 0.015625 0.015625
0 0.500000 0.335938 0.015625 0.015625
0 0.648438 0.335938 0.015625 0.015625
0 0.762500 0.337500 0.015625 0.015625
0 0.687500 0.337500 0.015625 0.015625
0 0.800000 0.337500 0.015625 0.015625
0 0.725000 0.339062 0.015625 0.015625
0 0.839063 0.340625 0.015625 0.015625
0 0.956250 0.343750 0.015625 0.015625
0 0.989062 0.343750 0.015625 0.015625
0 0.440625 0.348438 0.015625 0.015625
0 0.084375 0.350000 0.015625 0.015625
0 0.015625 0.351562 0.015625 0.015625
0 0.292187 0.351562 0.015625 0.015625
0 0.214062 0.354687 0.015625 0.015625
0 0.823438 0.356250 0.015625 0.015625
0 0.332813 0.357812 0.015625 0.015625
0 0.401562 0.359375 0.015625 0.015625
0 0.523438 0.362500 0.015625 0.015625
0 0.557813 0.362500 0.015625 0.015625
0 0.595313 0.364063 0.015625 0.015625
0 0.896875 0.367188 0.015625 0.015625
0 0.634375 0.368750 0.015625 0.015625
0 0.709375 0.368750 0.015625 0.015625
0 0.751563 0.368750 0.015625 0.015625
0 0.784375 0.368750 0.015625 0.015625
0 0.675000 0.368750 0.015625 0.015625
0 0.235937 0.385937 0.015625 0.015625
0 0.273438 0.385937 0.015625 0.015625
0 0.310937 0.392188 0.015625 0.015625
0 0.348438 0.392188 0.015625 0.015625
0 0.421875 0.393750 0.015625 0.015625
0 0.539062 0.396875 0.015625 0.015625
0 0.173437 0.396875 0.015625 0.015625
0 0.653125 0.398438 0.015625 0.015625
0 0.881250 0.398438 0.015625 0.015625
0 0.615625 0.398438 0.015625 0.015625
0 0.578125 0.398438 0.015625 0.015625
0 0.726562 0.400000 0.015625 0.015625
0 0.689063 0.401562 0.015625 0.015625
0 0.835938 0.403125 0.015625 0.015625
0 0.762500 0.403125 0.015625 0.015625
0 0.504687 0.404687 0.015625 0.015625
0 0.995313 0.404687 0.015625 0.015625
0 0.962500 0.410938 0.015625 0.015625
0 0.064062 0.415625 0.015625 0.015625
0 0.296875 0.420312 0.015625 0.015625
0 0.365625 0.423438 0.015625 0.015625
0 0.404687 0.423438 0.015625 0.015625
0 0.331250 0.425000 0.015625 0.015625
0 0.445312 0.426563 0.015625 0.015625
0 0.635938 0.429688 0.015625 0.015625
0 0.743750 0.429688 0.015625 0.015625
0 0.595313 0.431250 0.015625 0.015625
0 0.557813 0.431250 0.015625 0.015625
0 0.782813 0.431250 0.015625 0.015625
0 0.935937 0.431250 0.015625 0.015625
0 0.670312 0.432812 0.015625 0.015625
0 0.707812 0.432812 0.015625 0.015625
0 0.860938 0.432812 0.015625 0.015625
0 0.898438 0.432812 0.015625 0.015625
0 0.523438 0.434375 0.015625 0.015625
0 0.821875 0.434375 0.015625 0.015625
0 0.973437 0.435937 0.015625 0.015625
0 0.189062 0.443750 0.015625 0.015625
0 0.073438 0.450000 0.015625 0.015625
0 0.273438 0.451562 0.015625 0.015625
0 0.346875 0.454688 0.015625 0.015625
0 0.387500 0.457813 0.015625 0.015625
0 0.762500 0.460938 0.015625 0.015625
0 0.462500 0.462500 0.015625 0.015625
0 0.579688 0.462500 0.015625 0.015625
0 0.920312 0.464062 0.015625 0.015625
0 0.956250 0.467187 0.015625 0.015625
0 0.995313 0.467187 0.015625 0.015625
0 0.610938 0.470313 0.015625 0.015625
0 0.539062 0.471875 0.015625 0.015625
0 0.648438 0.473438 0.015625 0.015625
0 0.689063 0.473438 0.015625 0.015625
0 0.232813 0.473438 0.015625 0.015625
0 0.562500 0.475000 0.015625 0.015625
0 0.273438 0.478125 0.015625 0.015625
0 0.367188 0.487500 0.015625 0.015625
0 0.404687 0.490625 0.015625 0.015625
0 0.745313 0.495312 0.015625 0.015625
0 0.631250 0.496875 0.015625 0.015625
0 0.821875 0.496875 0.015625 0.015625
0 0.862500 0.498437 0.015625 0.015625
0 0.595313 0.498437 0.015625 0.015625
0 0.784375 0.498437 0.015625 0.015625
0 0.975000 0.500000 0.015625 0.015625
0 0.168750 0.504687 0.015625 0.015625
0 0.557813 0.504687 0.015625 0.015625
0 0.475000 0.507812 0.015625 0.015625
0 0.195312 0.507812 0.015625 0.015625
0 0.121875 0.514062 0.015625 0.015625
0 0.275000 0.520312 0.015625 0.015625
0 0.385937 0.520312 0.015625 0.015625
0 0.423438 0.520312 0.015625 0.015625
0 0.614062 0.525000 0.015625 0.015625
0 0.650000 0.526563 0.015625 0.015625
0 0.764062 0.528125 0.015625 0.015625
0 0.840625 0.529687 0.015625 0.015625
0 0.918750 0.529687 0.015625 0.015625
0 0.956250 0.529687 0.015625 0.015625
0 0.576562 0.531250 0.015625 0.015625
0 0.995313 0.531250 0.015625 0.015625
0 0.148438 0.534375 0.015625 0.015625
0 0.321875 0.537500 0.015625 0.015625
0 0.175000 0.545312 0.015625 0.015625
0 0.406250 0.550000 0.015625 0.015625
0 0.443750 0.553125 0.015625 0.015625
0 0.484375 0.553125 0.015625 0.015625
0 0.784375 0.559375 0.015625 0.015625
0 0.671875 0.559375 0.015625 0.015625
0 0.632812 0.560937 0.015625 0.015625
0 0.973437 0.567187 0.015625 0.015625
0 0.860938 0.570312 0.015625 0.015625
0 0.235937 0.579688 0.015625 0.015625
0 0.423438 0.585938 0.015625 0.015625
0 0.500000 0.587500 0.015625 0.015625
0 0.460938 0.590625 0.015625 0.015625
0 0.653125 0.590625 0.015625 0.015625
0 0.354687 0.592187 0.015625 0.015625
0 0.840625 0.592187 0.015625 0.015625
0 0.992188 0.598437 0.015625 0.015625
0 0.528125 0.601562 0.015625 0.015625
0 0.614062 0.607812 0.015625 0.015625
0 0.254688 0.612500 0.015625 0.015625
0 0.707812 0.618750 0.015625 0.015625
0 0.435937 0.620313 0.015625 0.015625
0 0.479687 0.620313 0.015625 0.015625
0 0.784375 0.621875 0.015625 0.015625
0 0.400000 0.623437 0.015625 0.015625
0 0.821875 0.623437 0.015625 0.015625
0 0.860938 0.625000 0.015625 0.015625
0 0.671875 0.626563 0.015625 0.015625
0 0.634375 0.626563 0.015625 0.015625
0 0.746875 0.628125 0.015625 0.015625
0 0.898438 0.629687 0.015625 0.015625
0 0.971875 0.629687 0.015625 0.015625
0 0.345313 0.631250 0.015625 0.015625
0 0.543750 0.643750 0.015625 0.015625
0 0.500000 0.643750 0.015625 0.015625
0 0.278125 0.651563 0.015625 0.015625
0 0.460938 0.654687 0.015625 0.015625
0 0.881250 0.656250 0.015625 0.015625
0 0.687500 0.656250 0.015625 0.015625
0 0.651563 0.656250 0.015625 0.015625
0 0.725000 0.656250 0.015625 0.015625
0 0.801562 0.657813 0.015625 0.015625
0 0.762500 0.659375 0.015625 0.015625
0 0.845313 0.660937 0.015625 0.015625
0 0.995313 0.662500 0.015625 0.015625
0 0.565625 0.668750 0.015625 0.015625
0 0.367188 0.673438 0.015625 0.015625
0 0.620313 0.673438 0.015625 0.015625
0 0.289062 0.679688 0.015625 0.015625
0 0.670312 0.682813 0.015625 0.015625
0 0.328125 0.682813 0.015625 0.015625
0 0.479687 0.687500 0.015625 0.015625
0 0.784375 0.690625 0.015625 0.015625
0 0.595313 0.692187 0.015625 0.015625
0 0.709375 0.692187 0.015625 0.015625
0 0.821875 0.692187 0.015625 0.015625
0 0.862500 0.695312 0.015625 0.015625
0 0.898438 0.695312 0.015625 0.015625
0 0.962500 0.701562 0.015625 0.015625
0 0.348438 0.715625 0.015625 0.015625
0 0.468750 0.717187 0.015625 0.015625
0 0.729688 0.718750 0.015625 0.015625
0 0.687500 0.720313 0.015625 0.015625
0 0.801562 0.723437 0.015625 0.015625
0 0.762500 0.723437 0.015625 0.015625
0 0.918750 0.726562 0.015625 0.015625
0 0.839063 0.728125 0.015625 0.015625
0 0.881250 0.729688 0.015625 0.015625
0 0.600000 0.735938 0.015625 0.015625
0 0.670312 0.740625 0.015625 0.015625
0 0.328125 0.746875 0.015625 0.015625
0 0.364063 0.748437 0.015625 0.015625
0 0.515625 0.751563 0.015625 0.015625
0 0.785937 0.753125 0.015625 0.015625
0 0.745313 0.754687 0.015625 0.015625
0 0.553125 0.756250 0.015625 0.015625
0 0.937500 0.760938 0.015625 0.015625
0 0.860938 0.760938 0.015625 0.015625
0 0.900000 0.760938 0.015625 0.015625
0 0.434375 0.770312 0.015625 0.015625
0 0.984375 0.773438 0.015625 0.015625
0 0.614062 0.779687 0.015625 0.015625
0 0.385937 0.781250 0.015625 0.015625
0 0.346875 0.784375 0.015625 0.015625
0 0.573438 0.784375 0.015625 0.015625
0 0.648438 0.787500 0.015625 0.015625
0 0.839063 0.792188 0.015625 0.015625
0 0.878125 0.792188 0.015625 0.015625
0 0.917188 0.793750 0.015625 0.015625
0 0.398438 0.804688 0.015625 0.015625
0 0.600000 0.817187 0.015625 0.015625
0 0.554688 0.817187 0.015625 0.015625
0 0.501563 0.821875 0.015625 0.015625
0 0.898438 0.826562 0.015625 0.015625
0 0.939063 0.826562 0.015625 0.015625
0 0.859375 0.826562 0.015625 0.015625
0 0.773438 0.845313 0.015625 0.015625
0 0.420312 0.845313 0.015625 0.015625
0 0.571875 0.850000 0.015625 0.015625
0 0.801562 0.856250 0.015625 0.015625
0 0.950000 0.856250 0.015625 0.015625
0 0.837500 0.857812 0.015625 0.015625
0 0.878125 0.859375 0.015625 0.015625
0 0.915625 0.860938 0.015625 0.015625
0 0.514062 0.865625 0.015625 0.015625
0 0.439063 0.868750 0.015625 0.015625
0 0.634375 0.873437 0.015625 0.015625
0 0.737500 0.876563 0.015625 0.015625
0 0.673438 0.879687 0.015625 0.015625
0 0.595313 0.881250 0.015625 0.015625
0 0.859375 0.890625 0.015625 0.015625
0 0.821875 0.890625 0.015625 0.015625
0 0.896875 0.892188 0.015625 0.015625
0 0.423438 0.914062 0.015625 0.015625
0 0.876563 0.920312 0.015625 0.015625
0 0.912500 0.921875 0.015625 0.015625
0 0.839063 0.921875 0.015625 0.015625
0 0.759375 0.925000 0.015625 0.015625
0 0.800000 0.925000 0.015625 0.015625
0 0.976562 0.929688 0.015625 0.015625
0 0.623437 0.934375 0.015625 0.015625
0 0.700000 0.935937 0.015625 0.015625
0 0.482812 0.939063 0.015625 0.015625
0 0.889062 0.946875 0.015625 0.015625
0 0.660937 0.946875 0.015625 0.015625
0 0.589063 0.948438 0.015625 0.015625
0 0.857812 0.954688 0.015625 0.015625
0 0.971875 0.960938 0.015625 0.015625
0 0.707812 0.968750 0.015625 0.015625
0 0.740625 0.973437 0.015625 0.015625
0 0.837500 0.984375 0.015625 0.015625
0 0.871875 0.985938 0.015625 0.015625
0 0.489063 0.985938 0.015625 0.015625
0 0.509375 0.996875 0.015625 0.015625
0 0.326562 0.229687 0.015625 0.015625
0 0.543750 0.267188 0.015625 0.015625
0 0.576562 0.264062 0.015625 0.015625
0 0.620313 0.267188 0.015625 0.015625
0 0.650000 0.268750 0.015625 0.015625
0 0.693750 0.264062 0.015625 0.015625
