0 0.765625 0.001563 0.015625 0.015625
0 0.046875 0.040625 0.015625 0.015625
0 0.115625 0.042188 0.015625 0.015625
0 0.200000 0.045312 0.015625 0.015625
0 0.279687 0.048438 0.015625 0.015625
0 0.579688 0.051562 0.015625 0.015625
0 0.042188 0.171875 0.015625 0.015625
0 0.010937 0.104688 0.015625 0.015625
0 0.096875 0.110937 0.015625 0.015625
0 0.159375 0.109375 0.015625 0.015625
0 0.234375 0.110937 0.015625 0.015625
0 0.310937 0.110937 0.015625 0.015625
0 0.271875 0.176563 0.015625 0.015625
0 0.340625 0.173437 0.015625 0.015625
0 0.384375 0.110937 0.015625 0.015625
0 0.454688 0.115625 0.015625 0.015625
0 0.420312 0.171875 0.015625 0.015625
0 0.531250 0.115625 0.015625 0.015625
0 0.496875 0.176563 0.015625 0.015625
0 0.576562 0.182812 0.015625 0.015625
0 0.610938 0.117188 0.015625 0.015625
0 0.687500 0.123438 0.015625 0.015625
0 0.735938 0.117188 0.015625 0.015625
0 0.801562 0.062500 0.015625 0.015625
0 0.553125 0.967187 0.015625 0.015625
0 0.629687 0.971875 0.015625 0.015625
0 0.704688 0.971875 0.015625 0.015625
0 0.782813 0.971875 0.015625 0.015625
0 0.585938 0.900000 0.015625 0.015625
0 0.667188 0.903125 0.015625 0.015625
0 0.746875 0.900000 0.015625 0.015625
0 0.821875 0.906250 0.015625 0.015625
0 0.901563 0.909375 0.015625 0.015625
0 0.868750 0.840625 0.015625 0.015625
0 0.935937 0.842187 0.015625 0.015625
0 0.987500 0.910937 0.015625 0.015625
0 0.887500 0.185938 0.015625 0.015625
0 0.967187 0.185938 0.015625 0.015625
0 0.015625 0.242188 0.015625 0.015625
0 0.095312 0.240625 0.015625 0.015625
0 0.154688 0.240625 0.015625 0.015625
0 0.237500 0.243750 0.015625 0.015625
0 0.298438 0.243750 0.015625 0.015625
0 0.120313 0.182812 0.015625 0.015625
0 0.189062 0.181250 0.015625 0.015625
0 0.462500 0.245312 0.015625 0.015625
0 0.526563 0.246875 0.015625 0.015625
0 0.596875 0.248438 0.015625 0.015625
0 0.573438 0.304688 0.015625 0.015625
0 0.481250 0.310937 0.015625 0.015625
0 0.420312 0.312500 0.015625 0.015625
0 0.325000 0.310937 0.015625 0.015625
0 0.262500 0.315625 0.015625 0.015625
0 0.179688 0.306250 0.015625 0.015625
0 0.106250 0.306250 0.015625 0.015625
0 0.032813 0.304688 0.015625 0.015625
0 0.012500 0.365625 0.015625 0.015625
0 0.081250 0.370312 0.015625 0.015625
0 0.162500 0.370312 0.015625 0.015625
0 0.234375 0.368750 0.015625 0.015625
0 0.462500 0.373437 0.015625 0.015625
0 0.510938 0.376563 0.015625 0.015625
0 0.003125 0.490625 0.015625 0.015625
0 0.029687 0.439063 0.015625 0.015625
0 0.073438 0.492188 0.015625 0.015625
0 0.103125 0.446875 0.015625 0.015625
0 0.145313 0.507812 0.015625 0.015625
0 0.182812 0.443750 0.015625 0.015625
0 0.273438 0.432812 0.015625 0.015625
0 0.028125 0.692187 0.015625 0.015625
0 0.068750 0.626563 0.015625 0.015625
0 0.106250 0.695312 0.015625 0.015625
0 0.071875 0.748437 0.015625 0.015625
0 0.143750 0.759375 0.015625 0.015625
0 0.232813 0.759375 0.015625 0.015625
0 0.303125 0.767188 0.015625 0.015625
0 0.371875 0.767188 0.015625 0.015625
0 0.443750 0.764062 0.015625 0.015625
0 0.520312 0.765625 0.015625 0.015625
0 0.598437 0.765625 0.015625 0.015625
0 0.678125 0.767188 0.015625 0.015625
0 0.760938 0.771875 0.015625 0.015625
0 0.635938 0.837500 0.015625 0.015625
0 0.559375 0.837500 0.015625 0.015625
0 0.482812 0.832812 0.015625 0.015625
0 0.407813 0.832812 0.015625 0.015625
0 0.318750 0.834375 0.015625 0.015625
0 0.251563 0.831250 0.015625 0.015625
0 0.176563 0.829688 0.015625 0.015625
0 0.095312 0.832812 0.015625 0.015625
0 0.026562 0.828125 0.015625 0.015625
0 0.068750 0.892188 0.015625 0.015625
0 0.018750 0.962500 0.015625 0.015625
0 0.096875 0.965625 0.015625 0.015625
0 0.207813 0.892188 0.015625 0.015625
0 0.298438 0.892188 0.015625 0.015625
0 0.367188 0.893750 0.015625 0.015625
0 0.165625 0.959375 0.015625 0.015625
0 0.826562 0.770312 0.015625 0.015625
0 0.950000 0.709375 0.015625 0.015625
0 0.479687 0.954688 0.015625 0.015625
0 0.851562 0.975000 0.015625 0.015625
0 0.964063 0.978125 0.015625 0.015625
