0 0.106250 0.001563 0.015625 0.015625
0 0.337500 0.009375 0.015625 0.015625
0 0.632812 0.010937 0.015625 0.015625
0 0.725000 0.012500 0.015625 0.015625
0 0.184375 0.014063 0.015625 0.015625
0 0.559375 0.017188 0.015625 0.015625
0 0.354687 0.045312 0.015625 0.015625
0 0.790625 0.046875 0.015625 0.015625
0 0.054688 0.064062 0.015625 0.015625
0 0.143750 0.073438 0.015625 0.015625
0 0.601562 0.085938 0.015625 0.015625
0 0.753125 0.087500 0.015625 0.015625
0 0.676562 0.087500 0.015625 0.015625
0 0.978125 0.095312 0.015625 0.015625
0 0.464062 0.107813 0.015625 0.015625
0 0.407813 0.109375 0.015625 0.015625
0 0.029687 0.137500 0.015625 0.015625
0 0.104688 0.145313 0.015625 0.015625
0 0.709375 0.151562 0.015625 0.015625
0 0.790625 0.153125 0.015625 0.015625
0 0.362500 0.193750 0.015625 0.015625
0 0.962500 0.195312 0.015625 0.015625
0 0.067187 0.201563 0.015625 0.015625
0 0.143750 0.206250 0.015625 0.015625
0 0.450000 0.212500 0.015625 0.015625
0 0.831250 0.217188 0.015625 0.015625
0 0.903125 0.220312 0.015625 0.015625
0 0.760938 0.262500 0.015625 0.015625
0 0.029687 0.267188 0.015625 0.015625
0 0.482812 0.268750 0.015625 0.015625
0 0.106250 0.271875 0.015625 0.015625
0 0.184375 0.273438 0.015625 0.015625
0 0.559375 0.276562 0.015625 0.015625
0 0.382812 0.293750 0.015625 0.015625
0 0.965625 0.295312 0.015625 0.015625
0 0.876563 0.304688 0.015625 0.015625
0 0.801562 0.312500 0.015625 0.015625
0 0.214062 0.340625 0.015625 0.015625
0 0.446875 0.340625 0.015625 0.015625
0 0.068750 0.401562 0.015625 0.015625
0 0.562500 0.409375 0.015625 0.015625
0 0.485938 0.415625 0.015625 0.015625
0 0.404687 0.415625 0.015625 0.015625
0 0.215625 0.425000 0.015625 0.015625
0 0.145313 0.426563 0.015625 0.015625
0 0.979688 0.440625 0.015625 0.015625
0 0.803125 0.454688 0.015625 0.015625
0 0.526563 0.467187 0.015625 0.015625
0 0.670312 0.467187 0.015625 0.015625
0 0.598437 0.468750 0.015625 0.015625
0 0.056250 0.473438 0.015625 0.015625
0 0.435937 0.485938 0.015625 0.015625
0 0.562500 0.535937 0.015625 0.015625
0 0.634375 0.539062 0.015625 0.015625
0 0.856250 0.548438 0.015625 0.015625
0 0.379688 0.603125 0.015625 0.015625
0 0.523438 0.603125 0.015625 0.015625
0 0.175000 0.604688 0.015625 0.015625
0 0.975000 0.612500 0.015625 0.015625
0 0.675000 0.612500 0.015625 0.015625
0 0.745313 0.612500 0.015625 0.015625
0 0.817187 0.615625 0.015625 0.015625
0 0.234375 0.637500 0.015625 0.015625
0 0.006250 0.646875 0.015625 0.015625
0 0.081250 0.670312 0.015625 0.015625
0 0.784375 0.689063 0.015625 0.015625
0 0.537500 0.690625 0.015625 0.015625
0 0.626563 0.690625 0.015625 0.015625
0 0.701562 0.693750 0.015625 0.015625
0 0.334375 0.695312 0.015625 0.015625
0 0.268750 0.700000 0.015625 0.015625
0 0.193750 0.703125 0.015625 0.015625
0 0.004687 0.704688 0.015625 0.015625
0 0.896875 0.742188 0.015625 0.015625
0 0.975000 0.742188 0.015625 0.015625
0 0.750000 0.768750 0.015625 0.015625
0 0.409375 0.784375 0.015625 0.015625
0 0.089063 0.795312 0.015625 0.015625
0 0.632812 0.815625 0.015625 0.015625
0 0.801562 0.820312 0.015625 0.015625
0 0.881250 0.821875 0.015625 0.015625
0 0.692187 0.821875 0.015625 0.015625
0 0.962500 0.825000 0.015625 0.015625
0 0.471875 0.845313 0.015625 0.015625
0 0.117188 0.857812 0.015625 0.015625
0 0.053125 0.860938 0.015625 0.015625
0 0.742188 0.870313 0.015625 0.015625
0 0.854688 0.901563 0.015625 0.015625
0 0.635938 0.931250 0.015625 0.015625
0 0.320312 0.935937 0.015625 0.015625
0 0.115625 0.945312 0.015625 0.015625
0 0.523438 0.953125 0.015625 0.015625
0 0.446875 0.953125 0.015625 0.015625
0 0.787500 0.960938 0.015625 0.015625
0 0.710938 0.962500 0.015625 0.015625
0 0.945312 0.964063 0.015625 0.015625
0 0.882812 0.971875 0.015625 0.015625
0 0.214062 0.992188 0.015625 0.015625
0 0.289062 0.990625 0.015625 0.015625
0 0.359375 0.993750 0.015625 0.015625
0 0.431250 0.993750 0.015625 0.015625
0 0.504687 0.992188 0.015625 0.015625
