0 0.746875 0.085938 0.015625 0.015625
0 0.878125 0.134375 0.015625 0.015625
0 0.696875 0.151562 0.015625 0.015625
0 0.954688 0.156250 0.015625 0.015625
0 0.854688 0.187500 0.015625 0.015625
0 0.767188 0.192188 0.015625 0.015625
0 0.589063 0.221875 0.015625 0.015625
0 0.890625 0.226562 0.015625 0.015625
0 0.964063 0.226562 0.015625 0.015625
0 0.675000 0.246875 0.015625 0.015625
0 0.537500 0.268750 0.015625 0.015625
0 0.768750 0.276562 0.015625 0.015625
0 0.848437 0.285938 0.015625 0.015625
0 0.926562 0.290625 0.015625 0.015625
0 0.734375 0.328125 0.015625 0.015625
0 0.123438 0.334375 0.015625 0.015625
0 0.576562 0.337500 0.015625 0.015625
0 0.657813 0.337500 0.015625 0.015625
0 0.815625 0.348438 0.015625 0.015625
0 0.965625 0.350000 0.015625 0.015625
0 0.887500 0.353125 0.015625 0.015625
0 0.021875 0.384375 0.015625 0.015625
0 0.171875 0.401562 0.015625 0.015625
0 0.621875 0.403125 0.015625 0.015625
0 0.314063 0.406250 0.015625 0.015625
0 0.096875 0.407813 0.015625 0.015625
0 0.696875 0.414062 0.015625 0.015625
0 0.775000 0.417187 0.015625 0.015625
0 0.921875 0.421875 0.015625 0.015625
0 0.843750 0.423438 0.015625 0.015625
0 0.442188 0.450000 0.015625 0.015625
0 0.210938 0.464062 0.015625 0.015625
0 0.139063 0.467187 0.015625 0.015625
0 0.579688 0.471875 0.015625 0.015625
0 0.510938 0.475000 0.015625 0.015625
0 0.739062 0.481250 0.015625 0.015625
0 0.887500 0.484375 0.015625 0.015625
0 0.081250 0.535937 0.015625 0.015625
0 0.464062 0.539062 0.015625 0.015625
0 0.389062 0.540625 0.015625 0.015625
0 0.615625 0.545312 0.015625 0.015625
0 0.693750 0.546875 0.015625 0.015625
0 0.314063 0.548438 0.015625 0.015625
0 0.167187 0.548438 0.015625 0.015625
0 0.845313 0.551562 0.015625 0.015625
0 0.242188 0.551562 0.015625 0.015625
0 0.925000 0.553125 0.015625 0.015625
0 0.053125 0.587500 0.015625 0.015625
0 0.348438 0.592187 0.015625 0.015625
0 0.120313 0.601562 0.015625 0.015625
0 0.423438 0.601562 0.015625 0.015625
0 0.896875 0.607812 0.015625 0.015625
0 0.653125 0.617188 0.015625 0.015625
0 0.470313 0.629687 0.015625 0.015625
0 0.553125 0.635938 0.015625 0.015625
0 0.295312 0.640625 0.015625 0.015625
0 0.220312 0.643750 0.015625 0.015625
0 0.854688 0.659375 0.015625 0.015625
0 0.070312 0.662500 0.015625 0.015625
0 0.693750 0.678125 0.015625 0.015625
0 0.918750 0.679688 0.015625 0.015625
0 0.995313 0.685937 0.015625 0.015625
0 0.410938 0.696875 0.015625 0.015625
0 0.275000 0.725000 0.015625 0.015625
0 0.045312 0.728125 0.015625 0.015625
0 0.115625 0.732812 0.015625 0.015625
0 0.500000 0.734375 0.015625 0.015625
0 0.885938 0.735938 0.015625 0.015625
0 0.578125 0.737500 0.015625 0.015625
0 0.729688 0.742188 0.015625 0.015625
0 0.798438 0.745313 0.015625 0.015625
0 0.218750 0.778125 0.015625 0.015625
0 0.150000 0.785937 0.015625 0.015625
0 0.303125 0.790625 0.015625 0.015625
0 0.390625 0.793750 0.015625 0.015625
0 0.695312 0.803125 0.015625 0.015625
0 0.615625 0.806250 0.015625 0.015625
0 0.460938 0.806250 0.015625 0.015625
0 0.535937 0.807813 0.015625 0.015625
0 0.920312 0.809375 0.015625 0.015625
0 0.768750 0.814063 0.015625 0.015625
0 0.843750 0.814063 0.015625 0.015625
0 0.992188 0.817187 0.015625 0.015625
0 0.037500 0.839063 0.015625 0.015625
0 0.420312 0.871875 0.015625 0.015625
0 0.498437 0.873437 0.015625 0.015625
0 0.803125 0.876563 0.015625 0.015625
0 0.878125 0.876563 0.015625 0.015625
0 0.648438 0.878125 0.015625 0.015625
0 0.571875 0.878125 0.015625 0.015625
0 0.951562 0.879687 0.015625 0.015625
0 0.226562 0.932813 0.015625 0.015625
0 0.462500 0.935937 0.015625 0.015625
0 0.381250 0.937500 0.015625 0.015625
0 0.762500 0.937500 0.015625 0.015625
0 0.537500 0.939063 0.015625 0.015625
0 0.612500 0.939063 0.015625 0.015625
0 0.839063 0.940625 0.015625 0.015625
0 0.915625 0.943750 0.015625 0.015625
0 0.098437 0.945312 0.015625 0.015625
0 0.990625 0.945312 0.015625 0.015625
0 0.121875 0.995313 0.015625 0.015625
0 0.271875 0.996875 0.015625 0.015625
0 0.203125 0.996875 0.015625 0.015625
0 0.934375 0.026562 0.015625 0.015625
0 0.810937 0.485938 0.015625 0.015625
0 0.764062 0.553125 0.015625 0.015625
0 0.729688 0.615625 0.015625 0.015625
0 0.996875 0.554688 0.015625 0.015625
0 0.957812 0.621875 0.015625 0.015625
0 0.354687 0.734375 0.015625 0.015625
0 0.193750 0.726562 0.015625 0.015625
0 0.156250 0.676562 0.015625 0.015625
0 0.073438 0.798438 0.015625 0.015625
0 0.121875 0.865625 0.015625 0.015625
0 0.192188 0.864062 0.015625 0.015625
0 0.271875 0.867188 0.015625 0.015625
0 0.340625 0.865625 0.015625 0.015625
0 0.309375 0.929688 0.015625 0.015625
0 0.154688 0.931250 0.015625 0.015625
0 0.043750 0.065625 0.015625 0.015625
0 0.018750 0.139063 0.015625 0.015625
0 0.021875 0.260937 0.015625 0.015625
0 0.087500 0.256250 0.015625 0.015625
0 0.060937 0.198437 0.015625 0.015625
0 0.128125 0.201563 0.015625 0.015625
0 0.096875 0.137500 0.015625 0.015625
0 0.170313 0.135937 0.015625 0.015625
0 0.131250 0.067187 0.015625 0.015625
0 0.287500 0.071875 0.015625 0.015625
0 0.248438 0.135937 0.015625 0.015625
0 0.318750 0.137500 0.015625 0.015625
0 0.364063 0.070312 0.015625 0.015625
0 0.404687 0.139063 0.015625 0.015625
0 0.476562 0.142187 0.015625 0.015625
0 0.514062 0.203125 0.015625 0.015625
0 0.431250 0.207813 0.015625 0.015625
0 0.382812 0.267188 0.015625 0.015625
0 0.457813 0.264062 0.015625 0.015625
0 0.312500 0.271875 0.015625 0.015625
0 0.359375 0.340625 0.015625 0.015625
0 0.426563 0.335938 0.015625 0.015625
0 0.623437 0.276562 0.015625 0.015625
0 0.698438 0.275000 0.015625 0.015625
