0 0.984375 0.000000 0.015625 0.015625
0 0.331250 0.003125 0.015625 0.015625
0 0.851562 0.025000 0.015625 0.015625
0 0.031250 0.057813 0.015625 0.015625
0 0.410938 0.064062 0.015625 0.015625
0 0.115625 0.064062 0.015625 0.015625
0 0.714063 0.087500 0.015625 0.015625
0 0.614062 0.092188 0.015625 0.015625
0 0.543750 0.092188 0.015625 0.015625
0 0.007812 0.093750 0.015625 0.015625
0 0.940625 0.096875 0.015625 0.015625
0 0.454688 0.121875 0.015625 0.015625
0 0.843750 0.123438 0.015625 0.015625
0 0.378125 0.125000 0.015625 0.015625
0 0.606250 0.132812 0.015625 0.015625
0 0.681250 0.135937 0.015625 0.015625
0 0.532813 0.139063 0.015625 0.015625
0 0.765625 0.140625 0.015625 0.015625
0 0.985938 0.145313 0.015625 0.015625
0 0.910937 0.145313 0.015625 0.015625
0 0.256250 0.190625 0.015625 0.015625
0 0.487500 0.192188 0.015625 0.015625
0 0.410938 0.193750 0.015625 0.015625
0 0.334375 0.193750 0.015625 0.015625
0 0.640625 0.196875 0.015625 0.015625
0 0.570312 0.196875 0.015625 0.015625
0 0.865625 0.204687 0.015625 0.015625
0 0.945312 0.207813 0.015625 0.015625
0 0.035937 0.215625 0.015625 0.015625
0 0.134375 0.225000 0.015625 0.015625
0 0.810937 0.242188 0.015625 0.015625
0 0.210938 0.253125 0.015625 0.015625
0 0.670312 0.270313 0.015625 0.015625
0 0.901563 0.271875 0.015625 0.015625
0 0.978125 0.281250 0.015625 0.015625
0 0.437500 0.282813 0.015625 0.015625
0 0.818750 0.289062 0.015625 0.015625
0 0.514062 0.290625 0.015625 0.015625
0 0.862500 0.340625 0.015625 0.015625
0 0.225000 0.350000 0.015625 0.015625
0 0.553125 0.353125 0.015625 0.015625
0 0.101562 0.357812 0.015625 0.015625
0 0.360938 0.362500 0.015625 0.015625
0 0.006250 0.368750 0.015625 0.015625
0 0.789062 0.370312 0.015625 0.015625
0 0.940625 0.371875 0.015625 0.015625
0 0.885938 0.376563 0.015625 0.015625
0 0.512500 0.492188 0.015625 0.015625
0 0.568750 0.495312 0.015625 0.015625
0 0.351562 0.496875 0.015625 0.015625
0 0.665625 0.501563 0.015625 0.015625
0 0.935937 0.510938 0.015625 0.015625
0 0.839063 0.517188 0.015625 0.015625
0 0.907813 0.543750 0.015625 0.015625
0 0.979688 0.559375 0.015625 0.015625
0 0.240625 0.564063 0.015625 0.015625
0 0.532813 0.565625 0.015625 0.015625
0 0.776563 0.604688 0.015625 0.015625
0 0.707812 0.617188 0.015625 0.015625
0 0.406250 0.618750 0.015625 0.015625
0 0.457813 0.620313 0.015625 0.015625
0 0.246875 0.620313 0.015625 0.015625
0 0.195312 0.623437 0.015625 0.015625
0 0.112500 0.626563 0.015625 0.015625
0 0.670312 0.626563 0.015625 0.015625
0 0.504687 0.628125 0.015625 0.015625
0 0.887500 0.631250 0.015625 0.015625
0 0.434375 0.659375 0.015625 0.015625
0 0.807813 0.673438 0.015625 0.015625
0 0.628125 0.684375 0.015625 0.015625
0 0.971875 0.695312 0.015625 0.015625
0 0.851562 0.721875 0.015625 0.015625
0 0.403125 0.740625 0.015625 0.015625
0 0.485938 0.743750 0.015625 0.015625
0 0.223438 0.743750 0.015625 0.015625
0 0.328125 0.745313 0.015625 0.015625
0 0.567187 0.748437 0.015625 0.015625
0 0.714063 0.751563 0.015625 0.015625
0 0.782813 0.754687 0.015625 0.015625
0 0.948438 0.759375 0.015625 0.015625
0 0.887500 0.760938 0.015625 0.015625
0 0.071875 0.853125 0.015625 0.015625
0 0.553125 0.878125 0.015625 0.015625
0 0.309375 0.885938 0.015625 0.015625
0 0.609375 0.889062 0.015625 0.015625
0 0.376563 0.890625 0.015625 0.015625
0 0.887500 0.892188 0.015625 0.015625
0 0.090625 0.912500 0.015625 0.015625
0 0.731250 0.925000 0.015625 0.015625
0 0.435937 0.934375 0.015625 0.015625
0 0.631250 0.942187 0.015625 0.015625
0 0.057813 0.976562 0.015625 0.015625
0 0.775000 0.987500 0.015625 0.015625
