0 0.087500 0.090625 0.015625 0.015625
0 0.010937 0.090625 0.015625 0.015625
0 0.129688 0.153125 0.015625 0.015625
0 0.048438 0.154688 0.015625 0.015625
0 0.162500 0.215625 0.015625 0.015625
0 0.084375 0.218750 0.015625 0.015625
0 0.243750 0.232813 0.015625 0.015625
0 0.042188 0.284375 0.015625 0.015625
0 0.123438 0.287500 0.015625 0.015625
0 0.207813 0.292187 0.015625 0.015625
0 0.003125 0.343750 0.015625 0.015625
0 0.082812 0.359375 0.015625 0.015625
0 0.160938 0.359375 0.015625 0.015625
0 0.260937 0.389062 0.015625 0.015625
0 0.062500 0.390625 0.015625 0.015625
0 0.340625 0.415625 0.015625 0.015625
0 0.004687 0.475000 0.015625 0.015625
0 0.310937 0.485938 0.015625 0.015625
0 0.232813 0.489063 0.015625 0.015625
0 0.179688 0.492188 0.015625 0.015625
0 0.114062 0.537500 0.015625 0.015625
0 0.039062 0.543750 0.015625 0.015625
0 0.195312 0.548438 0.015625 0.015625
0 0.421875 0.554688 0.015625 0.015625
0 0.353125 0.557813 0.015625 0.015625
0 0.079687 0.610938 0.015625 0.015625
0 0.232813 0.612500 0.015625 0.015625
0 0.003125 0.617188 0.015625 0.015625
0 0.156250 0.617188 0.015625 0.015625
0 0.457813 0.625000 0.015625 0.015625
0 0.037500 0.671875 0.015625 0.015625
0 0.115625 0.676562 0.015625 0.015625
0 0.267188 0.679688 0.015625 0.015625
0 0.190625 0.682813 0.015625 0.015625
0 0.414062 0.685937 0.015625 0.015625
0 0.568750 0.689063 0.015625 0.015625
0 0.342187 0.690625 0.015625 0.015625
0 0.500000 0.692187 0.015625 0.015625
0 0.079687 0.746875 0.015625 0.015625
0 0.000000 0.748437 0.015625 0.015625
0 0.232813 0.750000 0.015625 0.015625
0 0.457813 0.750000 0.015625 0.015625
0 0.306250 0.750000 0.015625 0.015625
0 0.156250 0.751563 0.015625 0.015625
0 0.382812 0.751563 0.015625 0.015625
0 0.534375 0.753125 0.015625 0.015625
0 0.612500 0.754687 0.015625 0.015625
0 0.273438 0.804688 0.015625 0.015625
0 0.342187 0.807813 0.015625 0.015625
0 0.110937 0.815625 0.015625 0.015625
0 0.185938 0.815625 0.015625 0.015625
0 0.035937 0.817187 0.015625 0.015625
0 0.489063 0.818750 0.015625 0.015625
0 0.414062 0.818750 0.015625 0.015625
0 0.568750 0.821875 0.015625 0.015625
0 0.657813 0.837500 0.015625 0.015625
0 0.229687 0.881250 0.015625 0.015625
0 0.151562 0.882812 0.015625 0.015625
0 0.381250 0.882812 0.015625 0.015625
0 0.304688 0.884375 0.015625 0.015625
0 0.457813 0.885938 0.015625 0.015625
0 0.529687 0.885938 0.015625 0.015625
0 0.073438 0.887500 0.015625 0.015625
0 0.615625 0.900000 0.015625 0.015625
0 0.690625 0.909375 0.015625 0.015625
0 0.257812 0.943750 0.015625 0.015625
0 0.417187 0.946875 0.015625 0.015625
0 0.493750 0.950000 0.015625 0.015625
0 0.564063 0.957812 0.015625 0.015625
0 0.768750 0.998437 0.015625 0.015625
