0 0.240625 0.868750 0.015625 0.015625
0 0.167187 0.737500 0.015625 0.015625
0 0.284375 0.804688 0.015625 0.015625
0 0.165625 0.870313 0.015625 0.015625
0 0.206250 0.803125 0.015625 0.015625
0 0.090625 0.737500 0.015625 0.015625
0 0.689063 0.871875 0.015625 0.015625
0 0.693750 0.745313 0.015625 0.015625
0 0.467187 0.871875 0.015625 0.015625
0 0.614062 0.870313 0.015625 0.015625
0 0.770312 0.746875 0.015625 0.015625
0 0.845313 0.748437 0.015625 0.015625
0 0.582812 0.804688 0.015625 0.015625
0 0.540625 0.870313 0.015625 0.015625
0 0.770312 0.873437 0.015625 0.015625
0 0.732812 0.942187 0.015625 0.015625
0 0.500000 0.937500 0.015625 0.015625
0 0.573438 0.935937 0.015625 0.015625
0 0.390625 0.868750 0.015625 0.015625
0 0.957812 0.946875 0.015625 0.015625
0 0.648438 0.943750 0.015625 0.015625
0 0.810937 0.814063 0.015625 0.015625
0 0.392188 0.743750 0.015625 0.015625
0 0.425000 0.935937 0.015625 0.015625
0 0.885938 0.689063 0.015625 0.015625
0 0.273438 0.932813 0.015625 0.015625
0 0.879687 0.942187 0.015625 0.015625
0 0.473438 0.750000 0.015625 0.015625
0 0.346875 0.932813 0.015625 0.015625
0 0.657813 0.806250 0.015625 0.015625
0 0.735938 0.810937 0.015625 0.015625
0 0.431250 0.804688 0.015625 0.015625
0 0.620313 0.742188 0.015625 0.015625
0 0.040625 0.803125 0.015625 0.015625
0 0.085938 0.865625 0.015625 0.015625
0 0.120313 0.934375 0.015625 0.015625
0 0.051562 0.934375 0.015625 0.015625
0 0.160938 0.993750 0.015625 0.015625
0 0.057813 0.664062 0.015625 0.015625
0 0.121875 0.665625 0.015625 0.015625
0 0.281250 0.676562 0.015625 0.015625
0 0.345313 0.679688 0.015625 0.015625
0 0.418750 0.676562 0.015625 0.015625
0 0.501563 0.675000 0.015625 0.015625
0 0.576562 0.675000 0.015625 0.015625
0 0.660937 0.678125 0.015625 0.015625
0 0.729688 0.681250 0.015625 0.015625
0 0.810937 0.681250 0.015625 0.015625
0 0.915625 0.745313 0.015625 0.015625
0 0.546875 0.745313 0.015625 0.015625
0 0.320312 0.743750 0.015625 0.015625
0 0.237500 0.739062 0.015625 0.015625
0 0.918750 0.876563 0.015625 0.015625
0 0.800000 0.953125 0.015625 0.015625
0 0.195312 0.934375 0.015625 0.015625
0 0.006250 0.735938 0.015625 0.015625
0 0.121875 0.803125 0.015625 0.015625
0 0.203125 0.671875 0.015625 0.015625
0 0.010937 0.865625 0.015625 0.015625
0 0.354687 0.806250 0.015625 0.015625
0 0.970313 0.810937 0.015625 0.015625
