0 0.595313 0.000000 0.015625 0.015625
0 0.442188 0.001563 0.015625 0.015625
0 0.753125 0.001563 0.015625 0.015625
0 0.150000 0.003125 0.015625 0.015625
0 0.670312 0.004687 0.015625 0.015625
0 0.292187 0.007812 0.015625 0.015625
0 0.107813 0.057813 0.015625 0.015625
0 0.256250 0.059375 0.015625 0.015625
0 0.179688 0.060937 0.015625 0.015625
0 0.032813 0.062500 0.015625 0.015625
0 0.335938 0.064062 0.015625 0.015625
0 0.710938 0.064062 0.015625 0.015625
0 0.635938 0.067187 0.015625 0.015625
0 0.865625 0.070312 0.015625 0.015625
0 0.412500 0.070312 0.015625 0.015625
0 0.790625 0.071875 0.015625 0.015625
0 0.143750 0.125000 0.015625 0.015625
0 0.220312 0.125000 0.015625 0.015625
0 0.067187 0.126562 0.015625 0.015625
0 0.293750 0.126562 0.015625 0.015625
0 0.373437 0.131250 0.015625 0.015625
0 0.517188 0.131250 0.015625 0.015625
0 0.971875 0.134375 0.015625 0.015625
0 0.893750 0.134375 0.015625 0.015625
0 0.743750 0.135937 0.015625 0.015625
0 0.593750 0.137500 0.015625 0.015625
0 0.670312 0.137500 0.015625 0.015625
0 0.446875 0.139063 0.015625 0.015625
0 0.815625 0.143750 0.015625 0.015625
0 0.553125 0.195312 0.015625 0.015625
0 0.640625 0.200000 0.015625 0.015625
0 0.710938 0.203125 0.015625 0.015625
0 0.867188 0.210938 0.015625 0.015625
0 0.940625 0.210938 0.015625 0.015625
0 0.032813 0.189062 0.015625 0.015625
0 0.104688 0.189062 0.015625 0.015625
0 0.175000 0.200000 0.015625 0.015625
0 0.137500 0.265625 0.015625 0.015625
0 0.090625 0.260937 0.015625 0.015625
0 0.040625 0.260937 0.015625 0.015625
0 0.262500 0.192188 0.015625 0.015625
0 0.218750 0.267188 0.015625 0.015625
0 0.331250 0.203125 0.015625 0.015625
0 0.295312 0.265625 0.015625 0.015625
0 0.403125 0.204687 0.015625 0.015625
0 0.381250 0.264062 0.015625 0.015625
0 0.454688 0.265625 0.015625 0.015625
0 0.482812 0.200000 0.015625 0.015625
0 0.523438 0.271875 0.015625 0.015625
0 0.562500 0.229687 0.015625 0.015625
0 0.600000 0.270313 0.015625 0.015625
0 0.681250 0.273438 0.015625 0.015625
0 0.787500 0.209375 0.015625 0.015625
0 0.746875 0.276562 0.015625 0.015625
0 0.821875 0.268750 0.015625 0.015625
0 0.968750 0.284375 0.015625 0.015625
0 0.901563 0.278125 0.015625 0.015625
0 0.987500 0.009375 0.015625 0.015625
0 0.939063 0.070312 0.015625 0.015625
0 0.904687 0.003125 0.015625 0.015625
0 0.828125 0.006250 0.015625 0.015625
