0 0.073438 0.001563 0.015625 0.015625
0 0.145313 0.003125 0.015625 0.015625
0 0.109375 0.003125 0.015625 0.015625
0 0.185938 0.004687 0.015625 0.015625
0 0.259375 0.006250 0.015625 0.015625
0 0.296875 0.007812 0.015625 0.015625
0 0.414062 0.007812 0.015625 0.015625
0 0.450000 0.007812 0.015625 0.015625
0 0.375000 0.009375 0.015625 0.015625
0 0.335938 0.009375 0.015625 0.015625
0 0.473438 0.017188 0.015625 0.015625
0 0.137500 0.023438 0.015625 0.015625
0 0.050000 0.031250 0.015625 0.015625
0 0.237500 0.031250 0.015625 0.015625
0 0.010937 0.032813 0.015625 0.015625
0 0.087500 0.034375 0.015625 0.015625
0 0.321875 0.034375 0.015625 0.015625
0 0.278125 0.037500 0.015625 0.015625
0 0.395313 0.039062 0.015625 0.015625
0 0.162500 0.040625 0.015625 0.015625
0 0.203125 0.040625 0.015625 0.015625
0 0.356250 0.040625 0.015625 0.015625
0 0.432812 0.040625 0.015625 0.015625
0 0.470313 0.042188 0.015625 0.015625
0 0.135937 0.059375 0.015625 0.015625
0 0.070312 0.059375 0.015625 0.015625
0 0.220312 0.062500 0.015625 0.015625
0 0.184375 0.067187 0.015625 0.015625
0 0.298438 0.067187 0.015625 0.015625
0 0.259375 0.071875 0.015625 0.015625
0 0.335938 0.071875 0.015625 0.015625
0 0.412500 0.073438 0.015625 0.015625
0 0.373437 0.075000 0.015625 0.015625
0 0.451562 0.076563 0.015625 0.015625
0 0.489063 0.079687 0.015625 0.015625
0 0.523438 0.079687 0.015625 0.015625
0 0.179688 0.084375 0.015625 0.015625
0 0.220312 0.092188 0.015625 0.015625
0 0.200000 0.093750 0.015625 0.015625
0 0.087500 0.096875 0.015625 0.015625
0 0.165625 0.100000 0.015625 0.015625
0 0.320312 0.101562 0.015625 0.015625
0 0.278125 0.101562 0.015625 0.015625
0 0.235937 0.103125 0.015625 0.015625
0 0.542188 0.104688 0.015625 0.015625
0 0.468750 0.106250 0.015625 0.015625
0 0.393750 0.106250 0.015625 0.015625
0 0.429688 0.107813 0.015625 0.015625
0 0.009375 0.109375 0.015625 0.015625
0 0.504687 0.109375 0.015625 0.015625
0 0.218750 0.123438 0.015625 0.015625
0 0.059375 0.128125 0.015625 0.015625
0 0.548438 0.128125 0.015625 0.015625
0 0.246875 0.129688 0.015625 0.015625
0 0.171875 0.131250 0.015625 0.015625
0 0.339062 0.132812 0.015625 0.015625
0 0.289062 0.132812 0.015625 0.015625
0 0.485938 0.134375 0.015625 0.015625
0 0.520312 0.135937 0.015625 0.015625
0 0.410938 0.140625 0.015625 0.015625
0 0.373437 0.140625 0.015625 0.015625
0 0.448437 0.142187 0.015625 0.015625
0 0.223438 0.146875 0.015625 0.015625
0 0.259375 0.146875 0.015625 0.015625
0 0.562500 0.146875 0.015625 0.015625
0 0.298438 0.157812 0.015625 0.015625
0 0.179688 0.159375 0.015625 0.015625
0 0.040625 0.159375 0.015625 0.015625
0 0.148438 0.162500 0.015625 0.015625
0 0.429688 0.168750 0.015625 0.015625
0 0.317188 0.171875 0.015625 0.015625
0 0.201563 0.171875 0.015625 0.015625
0 0.501563 0.171875 0.015625 0.015625
0 0.354687 0.173437 0.015625 0.015625
0 0.240625 0.173437 0.015625 0.015625
0 0.464062 0.173437 0.015625 0.015625
0 0.281250 0.173437 0.015625 0.015625
0 0.393750 0.175000 0.015625 0.015625
0 0.000000 0.185938 0.015625 0.015625
0 0.100000 0.193750 0.015625 0.015625
0 0.575000 0.195312 0.015625 0.015625
0 0.501563 0.196875 0.015625 0.015625
0 0.537500 0.196875 0.015625 0.015625
0 0.143750 0.200000 0.015625 0.015625
0 0.332813 0.203125 0.015625 0.015625
0 0.368750 0.204687 0.015625 0.015625
0 0.454688 0.204687 0.015625 0.015625
0 0.221875 0.204687 0.015625 0.015625
0 0.259375 0.204687 0.015625 0.015625
0 0.181250 0.204687 0.015625 0.015625
0 0.298438 0.206250 0.015625 0.015625
0 0.407813 0.209375 0.015625 0.015625
0 0.485938 0.217188 0.015625 0.015625
0 0.607812 0.223438 0.015625 0.015625
0 0.565625 0.229687 0.015625 0.015625
0 0.121875 0.231250 0.015625 0.015625
0 0.084375 0.234375 0.015625 0.015625
0 0.201563 0.234375 0.015625 0.015625
0 0.162500 0.235937 0.015625 0.015625
0 0.239063 0.235937 0.015625 0.015625
0 0.353125 0.237500 0.015625 0.015625
0 0.390625 0.237500 0.015625 0.015625
0 0.317188 0.239063 0.015625 0.015625
0 0.276562 0.240625 0.015625 0.015625
0 0.429688 0.242188 0.015625 0.015625
0 0.465625 0.243750 0.015625 0.015625
0 0.539062 0.243750 0.015625 0.015625
0 0.503125 0.245312 0.015625 0.015625
0 0.100000 0.257812 0.015625 0.015625
0 0.134375 0.259375 0.015625 0.015625
0 0.329688 0.267188 0.015625 0.015625
0 0.559375 0.270313 0.015625 0.015625
0 0.371875 0.270313 0.015625 0.015625
0 0.220312 0.270313 0.015625 0.015625
0 0.296875 0.270313 0.015625 0.015625
0 0.407813 0.271875 0.015625 0.015625
0 0.181250 0.271875 0.015625 0.015625
0 0.596875 0.275000 0.015625 0.015625
0 0.635938 0.276562 0.015625 0.015625
0 0.445312 0.278125 0.015625 0.015625
0 0.114062 0.279687 0.015625 0.015625
0 0.489063 0.289062 0.015625 0.015625
0 0.012500 0.296875 0.015625 0.015625
0 0.048438 0.307812 0.015625 0.015625
0 0.162500 0.307812 0.015625 0.015625
0 0.201563 0.307812 0.015625 0.015625
0 0.357812 0.312500 0.015625 0.015625
0 0.125000 0.312500 0.015625 0.015625
0 0.237500 0.317188 0.015625 0.015625
0 0.284375 0.317188 0.015625 0.015625
0 0.460938 0.318750 0.015625 0.015625
0 0.075000 0.318750 0.015625 0.015625
0 0.426563 0.318750 0.015625 0.015625
0 0.662500 0.318750 0.015625 0.015625
0 0.535937 0.318750 0.015625 0.015625
0 0.573438 0.320312 0.015625 0.015625
0 0.398438 0.320312 0.015625 0.015625
0 0.500000 0.321875 0.015625 0.015625
0 0.623437 0.321875 0.015625 0.015625
0 0.596875 0.329688 0.015625 0.015625
0 0.476562 0.340625 0.015625 0.015625
0 0.557813 0.342187 0.015625 0.015625
0 0.445312 0.343750 0.015625 0.015625
0 0.410938 0.345313 0.015625 0.015625
0 0.325000 0.345313 0.015625 0.015625
0 0.067187 0.345313 0.015625 0.015625
0 0.215625 0.348438 0.015625 0.015625
0 0.168750 0.353125 0.015625 0.015625
0 0.237500 0.368750 0.015625 0.015625
0 0.314063 0.371875 0.015625 0.015625
0 0.276562 0.371875 0.015625 0.015625
0 0.351562 0.371875 0.015625 0.015625
0 0.198437 0.373437 0.015625 0.015625
0 0.462500 0.375000 0.015625 0.015625
0 0.426563 0.375000 0.015625 0.015625
0 0.389062 0.375000 0.015625 0.015625
0 0.575000 0.375000 0.015625 0.015625
0 0.535937 0.376563 0.015625 0.015625
0 0.498437 0.376563 0.015625 0.015625
0 0.651563 0.378125 0.015625 0.015625
0 0.610938 0.379688 0.015625 0.015625
0 0.692187 0.382812 0.015625 0.015625
0 0.118750 0.387500 0.015625 0.015625
0 0.259375 0.393750 0.015625 0.015625
0 0.332813 0.396875 0.015625 0.015625
0 0.296875 0.401562 0.015625 0.015625
0 0.139063 0.404687 0.015625 0.015625
0 0.368750 0.404687 0.015625 0.015625
0 0.176563 0.404687 0.015625 0.015625
0 0.409375 0.406250 0.015625 0.015625
0 0.484375 0.407813 0.015625 0.015625
0 0.592187 0.409375 0.015625 0.015625
0 0.451562 0.409375 0.015625 0.015625
0 0.221875 0.410938 0.015625 0.015625
0 0.520312 0.410938 0.015625 0.015625
0 0.557813 0.412500 0.015625 0.015625
0 0.632812 0.414062 0.015625 0.015625
0 0.671875 0.415625 0.015625 0.015625
0 0.720313 0.421875 0.015625 0.015625
0 0.012500 0.431250 0.015625 0.015625
0 0.160938 0.432812 0.015625 0.015625
0 0.085938 0.432812 0.015625 0.015625
0 0.048438 0.432812 0.015625 0.015625
0 0.234375 0.434375 0.015625 0.015625
0 0.312500 0.434375 0.015625 0.015625
0 0.200000 0.435937 0.015625 0.015625
0 0.387500 0.435937 0.015625 0.015625
0 0.275000 0.435937 0.015625 0.015625
0 0.123438 0.435937 0.015625 0.015625
0 0.350000 0.437500 0.015625 0.015625
0 0.500000 0.437500 0.015625 0.015625
0 0.462500 0.439063 0.015625 0.015625
0 0.426563 0.439063 0.015625 0.015625
0 0.578125 0.440625 0.015625 0.015625
0 0.535937 0.442188 0.015625 0.015625
0 0.648438 0.443750 0.015625 0.015625
0 0.612500 0.443750 0.015625 0.015625
0 0.729688 0.445312 0.015625 0.015625
0 0.687500 0.445312 0.015625 0.015625
0 0.248438 0.457813 0.015625 0.015625
0 0.142187 0.459375 0.015625 0.015625
0 0.178125 0.464062 0.015625 0.015625
0 0.446875 0.465625 0.015625 0.015625
0 0.028125 0.465625 0.015625 0.015625
0 0.065625 0.465625 0.015625 0.015625
0 0.485938 0.467187 0.015625 0.015625
0 0.217188 0.467187 0.015625 0.015625
0 0.295312 0.467187 0.015625 0.015625
0 0.332813 0.467187 0.015625 0.015625
0 0.100000 0.468750 0.015625 0.015625
0 0.707812 0.470313 0.015625 0.015625
0 0.370312 0.470313 0.015625 0.015625
0 0.748437 0.471875 0.015625 0.015625
0 0.518750 0.471875 0.015625 0.015625
0 0.668750 0.473438 0.015625 0.015625
0 0.593750 0.473438 0.015625 0.015625
0 0.554688 0.475000 0.015625 0.015625
0 0.200000 0.495312 0.015625 0.015625
0 0.045312 0.495312 0.015625 0.015625
0 0.160938 0.496875 0.015625 0.015625
0 0.007812 0.496875 0.015625 0.015625
0 0.348438 0.498437 0.015625 0.015625
0 0.462500 0.501563 0.015625 0.015625
0 0.121875 0.503125 0.015625 0.015625
0 0.385937 0.504687 0.015625 0.015625
0 0.500000 0.504687 0.015625 0.015625
0 0.535937 0.506250 0.015625 0.015625
0 0.421875 0.506250 0.015625 0.015625
0 0.573438 0.507812 0.015625 0.015625
0 0.612500 0.507812 0.015625 0.015625
0 0.648438 0.507812 0.015625 0.015625
0 0.687500 0.509375 0.015625 0.015625
0 0.726562 0.509375 0.015625 0.015625
0 0.073438 0.514062 0.015625 0.015625
0 0.101562 0.518750 0.015625 0.015625
0 0.296875 0.525000 0.015625 0.015625
0 0.329688 0.525000 0.015625 0.015625
0 0.225000 0.525000 0.015625 0.015625
0 0.025000 0.526563 0.015625 0.015625
0 0.793750 0.528125 0.015625 0.015625
0 0.182812 0.528125 0.015625 0.015625
0 0.371875 0.529687 0.015625 0.015625
0 0.550000 0.531250 0.015625 0.015625
0 0.590625 0.531250 0.015625 0.015625
0 0.626563 0.531250 0.015625 0.015625
0 0.475000 0.531250 0.015625 0.015625
0 0.517188 0.531250 0.015625 0.015625
0 0.443750 0.532813 0.015625 0.015625
0 0.406250 0.534375 0.015625 0.015625
0 0.142187 0.537500 0.015625 0.015625
0 0.667188 0.539062 0.015625 0.015625
0 0.846875 0.543750 0.015625 0.015625
0 0.707812 0.543750 0.015625 0.015625
0 0.745313 0.545312 0.015625 0.015625
0 0.342187 0.550000 0.015625 0.015625
0 0.810937 0.559375 0.015625 0.015625
0 0.646875 0.567187 0.015625 0.015625
0 0.421875 0.570312 0.015625 0.015625
0 0.498437 0.570312 0.015625 0.015625
0 0.350000 0.571875 0.015625 0.015625
0 0.460938 0.571875 0.015625 0.015625
0 0.684375 0.571875 0.015625 0.015625
0 0.384375 0.571875 0.015625 0.015625
0 0.575000 0.571875 0.015625 0.015625
0 0.610938 0.571875 0.015625 0.015625
0 0.535937 0.573438 0.015625 0.015625
0 0.725000 0.573438 0.015625 0.015625
0 0.764062 0.576562 0.015625 0.015625
0 0.135937 0.582812 0.015625 0.015625
0 0.114062 0.584375 0.015625 0.015625
0 0.089063 0.585938 0.015625 0.015625
0 0.225000 0.587500 0.015625 0.015625
0 0.329688 0.590625 0.015625 0.015625
0 0.185938 0.592187 0.015625 0.015625
0 0.406250 0.592187 0.015625 0.015625
0 0.446875 0.595313 0.015625 0.015625
0 0.479687 0.595313 0.015625 0.015625
0 0.290625 0.601562 0.015625 0.015625
0 0.706250 0.603125 0.015625 0.015625
0 0.142187 0.603125 0.015625 0.015625
0 0.634375 0.603125 0.015625 0.015625
0 0.556250 0.604688 0.015625 0.015625
0 0.517188 0.606250 0.015625 0.015625
0 0.670312 0.607812 0.015625 0.015625
0 0.100000 0.607812 0.015625 0.015625
0 0.365625 0.609375 0.015625 0.015625
0 0.745313 0.610938 0.015625 0.015625
0 0.779687 0.612500 0.015625 0.015625
0 0.445312 0.618750 0.015625 0.015625
0 0.270313 0.632812 0.015625 0.015625
0 0.160938 0.632812 0.015625 0.015625
0 0.235937 0.634375 0.015625 0.015625
0 0.198437 0.635938 0.015625 0.015625
0 0.346875 0.639062 0.015625 0.015625
0 0.498437 0.639062 0.015625 0.015625
0 0.648438 0.642188 0.015625 0.015625
0 0.762500 0.643750 0.015625 0.015625
0 0.804688 0.643750 0.015625 0.015625
0 0.023438 0.646875 0.015625 0.015625
0 0.148438 0.646875 0.015625 0.015625
0 0.425000 0.646875 0.015625 0.015625
0 0.595313 0.648438 0.015625 0.015625
0 0.465625 0.651563 0.015625 0.015625
0 0.710938 0.654687 0.015625 0.015625
0 0.670312 0.660937 0.015625 0.015625
0 0.314063 0.662500 0.015625 0.015625
0 0.101562 0.667188 0.015625 0.015625
0 0.626563 0.668750 0.015625 0.015625
0 0.514062 0.668750 0.015625 0.015625
0 0.820312 0.670312 0.015625 0.015625
0 0.137500 0.670312 0.015625 0.015625
0 0.176563 0.671875 0.015625 0.015625
0 0.360938 0.671875 0.015625 0.015625
0 0.478125 0.671875 0.015625 0.015625
0 0.284375 0.671875 0.015625 0.015625
0 0.400000 0.673438 0.015625 0.015625
0 0.209375 0.684375 0.015625 0.015625
0 0.003125 0.693750 0.015625 0.015625
0 0.078125 0.696875 0.015625 0.015625
0 0.382812 0.700000 0.015625 0.015625
0 0.532813 0.701562 0.015625 0.015625
0 0.195312 0.701562 0.015625 0.015625
0 0.685937 0.701562 0.015625 0.015625
0 0.418750 0.703125 0.015625 0.015625
0 0.159375 0.706250 0.015625 0.015625
0 0.612500 0.706250 0.015625 0.015625
0 0.651563 0.707812 0.015625 0.015625
0 0.298438 0.717187 0.015625 0.015625
0 0.214062 0.718750 0.015625 0.015625
0 0.098437 0.720313 0.015625 0.015625
0 0.254688 0.720313 0.015625 0.015625
0 0.335938 0.721875 0.015625 0.015625
0 0.521875 0.723437 0.015625 0.015625
0 0.025000 0.725000 0.015625 0.015625
0 0.171875 0.731250 0.015625 0.015625
0 0.432812 0.732812 0.015625 0.015625
0 0.400000 0.734375 0.015625 0.015625
0 0.278125 0.746875 0.015625 0.015625
0 0.675000 0.751563 0.015625 0.015625
0 0.493750 0.754687 0.015625 0.015625
0 0.637500 0.754687 0.015625 0.015625
0 0.004687 0.756250 0.015625 0.015625
0 0.603125 0.759375 0.015625 0.015625
0 0.157812 0.760938 0.015625 0.015625
0 0.234375 0.762500 0.015625 0.015625
0 0.384375 0.765625 0.015625 0.015625
0 0.192188 0.778125 0.015625 0.015625
0 0.251563 0.779687 0.015625 0.015625
0 0.285938 0.784375 0.015625 0.015625
0 0.146875 0.785937 0.015625 0.015625
0 0.487500 0.793750 0.015625 0.015625
0 0.360938 0.793750 0.015625 0.015625
0 0.173437 0.793750 0.015625 0.015625
0 0.443750 0.796875 0.015625 0.015625
0 0.325000 0.798438 0.015625 0.015625
0 0.618750 0.800000 0.015625 0.015625
0 0.578125 0.801562 0.015625 0.015625
0 0.217188 0.812500 0.015625 0.015625
0 0.296875 0.817187 0.015625 0.015625
0 0.471875 0.817187 0.015625 0.015625
0 0.040625 0.823438 0.015625 0.015625
0 0.345313 0.829688 0.015625 0.015625
0 0.123438 0.843750 0.015625 0.015625
0 0.271875 0.845313 0.015625 0.015625
0 0.307812 0.845313 0.015625 0.015625
0 0.614062 0.848437 0.015625 0.015625
0 0.023438 0.856250 0.015625 0.015625
0 0.175000 0.856250 0.015625 0.015625
0 0.062500 0.859375 0.015625 0.015625
0 0.404687 0.864062 0.015625 0.015625
0 0.367188 0.864062 0.015625 0.015625
0 0.443750 0.865625 0.015625 0.015625
0 0.287500 0.867188 0.015625 0.015625
0 0.325000 0.867188 0.015625 0.015625
0 0.240625 0.868750 0.015625 0.015625
0 0.526563 0.885938 0.015625 0.015625
0 0.225000 0.890625 0.015625 0.015625
0 0.462500 0.890625 0.015625 0.015625
0 0.001563 0.892188 0.015625 0.015625
0 0.157812 0.895312 0.015625 0.015625
0 0.307812 0.901563 0.015625 0.015625
0 0.345313 0.903125 0.015625 0.015625
0 0.271875 0.903125 0.015625 0.015625
0 0.398438 0.909375 0.015625 0.015625
0 0.056250 0.909375 0.015625 0.015625
0 0.175000 0.909375 0.015625 0.015625
0 0.125000 0.910937 0.015625 0.015625
0 0.201563 0.910937 0.015625 0.015625
0 0.234375 0.910937 0.015625 0.015625
0 0.426563 0.912500 0.015625 0.015625
0 0.256250 0.915625 0.015625 0.015625
0 0.020313 0.923438 0.015625 0.015625
0 0.137500 0.929688 0.015625 0.015625
0 0.212500 0.931250 0.015625 0.015625
0 0.415625 0.932813 0.015625 0.015625
0 0.290625 0.932813 0.015625 0.015625
0 0.540625 0.932813 0.015625 0.015625
0 0.176563 0.934375 0.015625 0.015625
0 0.360938 0.934375 0.015625 0.015625
0 0.323437 0.935937 0.015625 0.015625
0 0.473438 0.940625 0.015625 0.015625
0 0.257812 0.943750 0.015625 0.015625
0 0.667188 0.948438 0.015625 0.015625
0 0.000000 0.950000 0.015625 0.015625
0 0.037500 0.953125 0.015625 0.015625
0 0.623437 0.956250 0.015625 0.015625
0 0.192188 0.959375 0.015625 0.015625
0 0.226562 0.959375 0.015625 0.015625
0 0.159375 0.970313 0.015625 0.015625
0 0.498437 0.973437 0.015625 0.015625
0 0.542188 0.973437 0.015625 0.015625
0 0.573438 0.975000 0.015625 0.015625
0 0.459375 0.975000 0.015625 0.015625
0 0.203125 0.978125 0.015625 0.015625
0 0.343750 0.978125 0.015625 0.015625
0 0.375000 0.979688 0.015625 0.015625
0 0.232813 0.979688 0.015625 0.015625
0 0.062500 0.981250 0.015625 0.015625
0 0.425000 0.981250 0.015625 0.015625
0 0.023438 0.984375 0.015625 0.015625
0 0.173437 0.992188 0.015625 0.015625
0 0.287500 0.995313 0.015625 0.015625
0 0.246875 0.996875 0.015625 0.015625
0 0.212500 0.998437 0.015625 0.015625
