0 0.864062 0.034375 0.015625 0.015625
0 0.932813 0.035937 0.015625 0.015625
0 0.789062 0.037500 0.015625 0.015625
0 0.579688 0.070312 0.015625 0.015625
0 0.131250 0.075000 0.015625 0.015625
0 0.470313 0.084375 0.015625 0.015625
0 0.831250 0.089063 0.015625 0.015625
0 0.673438 0.096875 0.015625 0.015625
0 0.978125 0.096875 0.015625 0.015625
0 0.900000 0.100000 0.015625 0.015625
0 0.750000 0.100000 0.015625 0.015625
0 0.067187 0.114062 0.015625 0.015625
0 0.009375 0.118750 0.015625 0.015625
0 0.160938 0.137500 0.015625 0.015625
0 0.453125 0.145313 0.015625 0.015625
0 0.520312 0.146875 0.015625 0.015625
0 0.593750 0.150000 0.015625 0.015625
0 0.384375 0.156250 0.015625 0.015625
0 0.659375 0.165625 0.015625 0.015625
0 0.704688 0.167187 0.015625 0.015625
0 0.785937 0.170313 0.015625 0.015625
0 0.934375 0.171875 0.015625 0.015625
0 0.860938 0.176563 0.015625 0.015625
0 0.057813 0.185938 0.015625 0.015625
0 0.204687 0.209375 0.015625 0.015625
0 0.560937 0.210938 0.015625 0.015625
0 0.132812 0.214062 0.015625 0.015625
0 0.751563 0.237500 0.015625 0.015625
0 0.967187 0.239063 0.015625 0.015625
0 0.837500 0.248438 0.015625 0.015625
0 0.023438 0.253125 0.015625 0.015625
0 0.409375 0.254688 0.015625 0.015625
0 0.278125 0.254688 0.015625 0.015625
0 0.103125 0.254688 0.015625 0.015625
0 0.495312 0.256250 0.015625 0.015625
0 0.237500 0.259375 0.015625 0.015625
0 0.167187 0.259375 0.015625 0.015625
0 0.907813 0.260937 0.015625 0.015625
0 0.707812 0.298438 0.015625 0.015625
0 0.787500 0.306250 0.015625 0.015625
0 0.857812 0.307812 0.015625 0.015625
0 0.545312 0.318750 0.015625 0.015625
0 0.615625 0.334375 0.015625 0.015625
0 0.209375 0.342187 0.015625 0.015625
0 0.967187 0.357812 0.015625 0.015625
0 0.823438 0.364063 0.015625 0.015625
0 0.898438 0.368750 0.015625 0.015625
0 0.740625 0.370312 0.015625 0.015625
0 0.020313 0.389062 0.015625 0.015625
0 0.501563 0.396875 0.015625 0.015625
0 0.564063 0.398438 0.015625 0.015625
0 0.090625 0.410938 0.015625 0.015625
0 0.404687 0.425000 0.015625 0.015625
0 0.159375 0.432812 0.015625 0.015625
0 0.859375 0.437500 0.015625 0.015625
0 0.784375 0.437500 0.015625 0.015625
0 0.706250 0.437500 0.015625 0.015625
0 0.935937 0.439063 0.015625 0.015625
0 0.392188 0.526563 0.015625 0.015625
0 0.615625 0.559375 0.015625 0.015625
0 0.856250 0.564063 0.015625 0.015625
0 0.776563 0.567187 0.015625 0.015625
0 0.339062 0.589063 0.015625 0.015625
0 0.968750 0.590625 0.015625 0.015625
0 0.420312 0.595313 0.015625 0.015625
0 0.820312 0.634375 0.015625 0.015625
0 0.745313 0.634375 0.015625 0.015625
0 0.015625 0.640625 0.015625 0.015625
0 0.187500 0.645312 0.015625 0.015625
0 0.095312 0.648438 0.015625 0.015625
0 0.235937 0.654687 0.015625 0.015625
0 0.664062 0.657813 0.015625 0.015625
0 0.310937 0.662500 0.015625 0.015625
0 0.860938 0.685937 0.015625 0.015625
0 0.709375 0.695312 0.015625 0.015625
0 0.784375 0.700000 0.015625 0.015625
0 0.039062 0.720313 0.015625 0.015625
0 0.193750 0.743750 0.015625 0.015625
0 0.354687 0.746875 0.015625 0.015625
0 0.429688 0.748437 0.015625 0.015625
0 0.885938 0.754687 0.015625 0.015625
0 0.665625 0.759375 0.015625 0.015625
0 0.579688 0.759375 0.015625 0.015625
0 0.740625 0.762500 0.015625 0.015625
0 0.815625 0.762500 0.015625 0.015625
0 0.079687 0.782813 0.015625 0.015625
0 0.226562 0.785937 0.015625 0.015625
0 0.307812 0.789062 0.015625 0.015625
0 0.404687 0.796875 0.015625 0.015625
0 0.471875 0.812500 0.015625 0.015625
0 0.621875 0.825000 0.015625 0.015625
0 0.775000 0.829688 0.015625 0.015625
0 0.053125 0.873437 0.015625 0.015625
0 0.129688 0.878125 0.015625 0.015625
0 0.434375 0.884375 0.015625 0.015625
0 0.285938 0.884375 0.015625 0.015625
0 0.590625 0.889062 0.015625 0.015625
0 0.207813 0.892188 0.015625 0.015625
0 0.660937 0.893750 0.015625 0.015625
0 0.910937 0.893750 0.015625 0.015625
0 0.515625 0.895312 0.015625 0.015625
0 0.814063 0.898438 0.015625 0.015625
0 0.984375 0.920312 0.015625 0.015625
0 0.007812 0.942187 0.015625 0.015625
0 0.243750 0.946875 0.015625 0.015625
0 0.693750 0.957812 0.015625 0.015625
0 0.139063 0.971875 0.015625 0.015625
0 0.435937 0.996875 0.015625 0.015625
