0 0.635938 0.034375 0.015625 0.015625
0 0.023438 0.021875 0.015625 0.015625
0 0.789062 0.039062 0.015625 0.015625
0 0.098437 0.023438 0.015625 0.015625
0 0.934375 0.039062 0.015625 0.015625
0 0.482812 0.026562 0.015625 0.015625
0 0.714063 0.035937 0.015625 0.015625
0 0.443750 0.093750 0.015625 0.015625
0 0.393750 0.820312 0.015625 0.015625
0 0.768750 0.695312 0.015625 0.015625
0 0.771875 0.564063 0.015625 0.015625
0 0.467187 0.820312 0.015625 0.015625
0 0.092188 0.417187 0.015625 0.015625
0 0.062500 0.087500 0.015625 0.015625
0 0.845313 0.696875 0.015625 0.015625
0 0.162500 0.948438 0.015625 0.015625
0 0.562500 0.026562 0.015625 0.015625
0 0.817187 0.368750 0.015625 0.015625
0 0.395313 0.295312 0.015625 0.015625
0 0.746875 0.101562 0.015625 0.015625
0 0.960938 0.895312 0.015625 0.015625
0 0.739062 0.498437 0.015625 0.015625
0 0.618750 0.823438 0.015625 0.015625
0 0.239063 0.815625 0.015625 0.015625
0 0.540625 0.951562 0.015625 0.015625
0 0.014063 0.687500 0.015625 0.015625
0 0.773438 0.171875 0.015625 0.015625
0 0.365625 0.223438 0.015625 0.015625
0 0.587500 0.367188 0.015625 0.015625
0 0.737500 0.239063 0.015625 0.015625
0 0.821875 0.100000 0.015625 0.015625
0 0.920312 0.696875 0.015625 0.015625
0 0.289062 0.089063 0.015625 0.015625
0 0.768750 0.957812 0.015625 0.015625
0 0.318750 0.421875 0.015625 0.015625
0 0.468750 0.293750 0.015625 0.015625
0 0.250000 0.021875 0.015625 0.015625
0 0.015625 0.550000 0.015625 0.015625
0 0.392188 0.950000 0.015625 0.015625
0 0.357812 0.885938 0.015625 0.015625
0 0.693750 0.826562 0.015625 0.015625
0 0.967187 0.240625 0.015625 0.015625
0 0.245312 0.421875 0.015625 0.015625
0 0.693750 0.692187 0.015625 0.015625
0 0.737500 0.628125 0.015625 0.015625
0 0.671875 0.098437 0.015625 0.015625
0 0.742188 0.370312 0.015625 0.015625
0 0.370312 0.092188 0.015625 0.015625
0 0.206250 0.620313 0.015625 0.015625
0 0.843750 0.826562 0.015625 0.015625
0 0.884375 0.895312 0.015625 0.015625
0 0.659375 0.628125 0.015625 0.015625
0 0.582812 0.759375 0.015625 0.015625
0 0.137500 0.087500 0.015625 0.015625
0 0.884375 0.237500 0.015625 0.015625
0 0.843750 0.562500 0.015625 0.015625
0 0.439063 0.226562 0.015625 0.015625
0 0.543750 0.823438 0.015625 0.015625
0 0.210938 0.354687 0.015625 0.015625
0 0.326562 0.021875 0.015625 0.015625
0 0.053125 0.350000 0.015625 0.015625
0 0.353125 0.751563 0.015625 0.015625
0 0.129688 0.350000 0.015625 0.015625
0 0.995313 0.831250 0.015625 0.015625
0 0.315625 0.690625 0.015625 0.015625
0 0.315625 0.817187 0.015625 0.015625
0 0.242188 0.553125 0.015625 0.015625
0 0.664062 0.371875 0.015625 0.015625
0 0.698438 0.562500 0.015625 0.015625
0 0.351562 0.625000 0.015625 0.015625
0 0.021875 0.153125 0.015625 0.015625
0 0.500000 0.625000 0.015625 0.015625
0 0.767188 0.828125 0.015625 0.015625
0 0.017188 0.417187 0.015625 0.015625
0 0.582812 0.890625 0.015625 0.015625
0 0.620313 0.296875 0.015625 0.015625
0 0.512500 0.364063 0.015625 0.015625
0 0.590625 0.493750 0.015625 0.015625
0 0.123438 0.745313 0.015625 0.015625
0 0.315625 0.946875 0.015625 0.015625
0 0.615625 0.692187 0.015625 0.015625
0 0.698438 0.301563 0.015625 0.015625
0 0.434375 0.887500 0.015625 0.015625
0 0.090625 0.550000 0.015625 0.015625
0 0.432812 0.621875 0.015625 0.015625
0 0.734375 0.760938 0.015625 0.015625
0 0.967187 0.104688 0.015625 0.015625
0 0.287500 0.225000 0.015625 0.015625
0 0.085938 0.812500 0.015625 0.015625
0 0.434375 0.364063 0.015625 0.015625
0 0.220312 0.090625 0.015625 0.015625
0 0.387500 0.423438 0.015625 0.015625
0 0.959375 0.634375 0.015625 0.015625
0 0.242188 0.948438 0.015625 0.015625
0 0.962500 0.495312 0.015625 0.015625
0 0.659375 0.892188 0.015625 0.015625
0 0.692187 0.960938 0.015625 0.015625
0 0.860938 0.035937 0.015625 0.015625
0 0.882812 0.762500 0.015625 0.015625
0 0.701562 0.170313 0.015625 0.015625
0 0.015625 0.926562 0.015625 0.015625
0 0.882812 0.109375 0.015625 0.015625
0 0.764062 0.303125 0.015625 0.015625
0 0.851562 0.303125 0.015625 0.015625
0 0.931250 0.303125 0.015625 0.015625
0 0.851562 0.175000 0.015625 0.015625
0 0.910937 0.181250 0.015625 0.015625
0 0.807813 0.239063 0.015625 0.015625
0 0.650000 0.239063 0.015625 0.015625
0 0.582812 0.235937 0.015625 0.015625
0 0.542188 0.304688 0.015625 0.015625
0 0.512500 0.089063 0.015625 0.015625
0 0.604688 0.104688 0.015625 0.015625
0 0.323437 0.162500 0.015625 0.015625
0 0.393750 0.160938 0.015625 0.015625
0 0.175000 0.020313 0.015625 0.015625
0 0.095312 0.151562 0.015625 0.015625
0 0.115625 0.223438 0.015625 0.015625
0 0.062500 0.218750 0.015625 0.015625
0 0.021875 0.287500 0.015625 0.015625
0 0.093750 0.292187 0.015625 0.015625
0 0.173437 0.290625 0.015625 0.015625
0 0.254688 0.293750 0.015625 0.015625
0 0.325000 0.285938 0.015625 0.015625
0 0.275000 0.364063 0.015625 0.015625
0 0.356250 0.364063 0.015625 0.015625
0 0.050000 0.482812 0.015625 0.015625
0 0.165625 0.567187 0.015625 0.015625
0 0.201563 0.496875 0.015625 0.015625
0 0.276562 0.489063 0.015625 0.015625
0 0.354687 0.495312 0.015625 0.015625
0 0.418750 0.490625 0.015625 0.015625
0 0.395313 0.559375 0.015625 0.015625
0 0.504687 0.493750 0.015625 0.015625
0 0.473438 0.432812 0.015625 0.015625
0 0.546875 0.431250 0.015625 0.015625
0 0.612500 0.426563 0.015625 0.015625
0 0.648438 0.492188 0.015625 0.015625
0 0.470313 0.692187 0.015625 0.015625
0 0.390625 0.685937 0.015625 0.015625
0 0.243750 0.682813 0.015625 0.015625
0 0.162500 0.689063 0.015625 0.015625
0 0.104688 0.684375 0.015625 0.015625
0 0.048438 0.746875 0.015625 0.015625
0 0.017188 0.815625 0.015625 0.015625
0 0.148438 0.814063 0.015625 0.015625
0 0.206250 0.745313 0.015625 0.015625
0 0.282813 0.756250 0.015625 0.015625
0 0.200000 0.884375 0.015625 0.015625
0 0.117188 0.879687 0.015625 0.015625
0 0.050000 0.879687 0.015625 0.015625
0 0.098437 0.945312 0.015625 0.015625
0 0.273438 0.890625 0.015625 0.015625
0 0.465625 0.946875 0.015625 0.015625
0 0.506250 0.889062 0.015625 0.015625
0 0.610938 0.948438 0.015625 0.015625
0 0.725000 0.892188 0.015625 0.015625
0 0.807813 0.887500 0.015625 0.015625
0 0.850000 0.954688 0.015625 0.015625
0 0.923438 0.964063 0.015625 0.015625
0 0.984375 0.435937 0.015625 0.015625
0 0.932813 0.434375 0.015625 0.015625
0 0.839063 0.434375 0.015625 0.015625
0 0.764062 0.428125 0.015625 0.015625
0 0.896875 0.378125 0.015625 0.015625
0 0.957812 0.371875 0.015625 0.015625
0 0.059375 0.617188 0.015625 0.015625
0 0.150000 0.620313 0.015625 0.015625
0 0.284375 0.625000 0.015625 0.015625
0 0.573438 0.631250 0.015625 0.015625
0 0.660937 0.762500 0.015625 0.015625
0 0.515625 0.753125 0.015625 0.015625
0 0.434375 0.753125 0.015625 0.015625
0 0.895312 0.643750 0.015625 0.015625
0 0.914062 0.560937 0.015625 0.015625
0 0.406250 0.026562 0.015625 0.015625
0 0.167187 0.425000 0.015625 0.015625
0 0.175000 0.348438 0.015625 0.015625
0 0.123438 0.489063 0.015625 0.015625
0 0.920312 0.832812 0.015625 0.015625
0 0.804688 0.768750 0.015625 0.015625
0 0.806250 0.628125 0.015625 0.015625
0 0.898438 0.500000 0.015625 0.015625
0 0.790625 0.501563 0.015625 0.015625
0 0.607812 0.560937 0.015625 0.015625
0 0.545312 0.562500 0.015625 0.015625
0 0.481250 0.557813 0.015625 0.015625
0 0.315625 0.559375 0.015625 0.015625
0 0.626563 0.167187 0.015625 0.015625
