0 0.828125 0.003125 0.015625 0.015625
0 0.907813 0.007812 0.015625 0.015625
0 0.679688 0.009375 0.015625 0.015625
0 0.982812 0.010937 0.015625 0.015625
0 0.637500 0.070312 0.015625 0.015625
0 0.490625 0.071875 0.015625 0.015625
0 0.562500 0.071875 0.015625 0.015625
0 0.787500 0.073438 0.015625 0.015625
0 0.678125 0.134375 0.015625 0.015625
0 0.601562 0.135937 0.015625 0.015625
0 0.751563 0.137500 0.015625 0.015625
0 0.826562 0.140625 0.015625 0.015625
0 0.901563 0.140625 0.015625 0.015625
0 0.979688 0.143750 0.015625 0.015625
0 0.639062 0.200000 0.015625 0.015625
0 0.720313 0.201563 0.015625 0.015625
0 0.937500 0.209375 0.015625 0.015625
0 0.862500 0.210938 0.015625 0.015625
0 0.442188 0.262500 0.015625 0.015625
0 0.893750 0.271875 0.015625 0.015625
0 0.973437 0.275000 0.015625 0.015625
0 0.942187 0.335938 0.015625 0.015625
0 0.853125 0.335938 0.015625 0.015625
0 0.782813 0.335938 0.015625 0.015625
0 0.439063 0.390625 0.015625 0.015625
0 0.590625 0.393750 0.015625 0.015625
0 0.512500 0.396875 0.015625 0.015625
0 0.820312 0.398438 0.015625 0.015625
0 0.895312 0.398438 0.015625 0.015625
0 0.970313 0.398438 0.015625 0.015625
0 0.628125 0.462500 0.015625 0.015625
0 0.554688 0.462500 0.015625 0.015625
0 0.857812 0.464062 0.015625 0.015625
0 0.782813 0.464062 0.015625 0.015625
0 0.932813 0.467187 0.015625 0.015625
0 0.457813 0.520312 0.015625 0.015625
0 0.831250 0.523438 0.015625 0.015625
0 0.528125 0.525000 0.015625 0.015625
0 0.401562 0.592187 0.015625 0.015625
0 0.478125 0.593750 0.015625 0.015625
0 0.853125 0.598437 0.015625 0.015625
0 0.923438 0.600000 0.015625 0.015625
0 0.587500 0.657813 0.015625 0.015625
0 0.734375 0.657813 0.015625 0.015625
0 0.510938 0.659375 0.015625 0.015625
0 0.812500 0.660937 0.015625 0.015625
0 0.887500 0.660937 0.015625 0.015625
0 0.960938 0.667188 0.015625 0.015625
0 0.476562 0.720313 0.015625 0.015625
0 0.550000 0.723437 0.015625 0.015625
0 0.626563 0.725000 0.015625 0.015625
0 0.776563 0.729688 0.015625 0.015625
0 0.696875 0.731250 0.015625 0.015625
0 0.853125 0.734375 0.015625 0.015625
0 0.926562 0.734375 0.015625 0.015625
0 0.584375 0.784375 0.015625 0.015625
0 0.510938 0.784375 0.015625 0.015625
0 0.434375 0.785937 0.015625 0.015625
0 0.887500 0.793750 0.015625 0.015625
0 0.659375 0.793750 0.015625 0.015625
0 0.815625 0.796875 0.015625 0.015625
0 0.473438 0.851562 0.015625 0.015625
0 0.550000 0.851562 0.015625 0.015625
0 0.620313 0.853125 0.015625 0.015625
0 0.385937 0.854688 0.015625 0.015625
0 0.926562 0.854688 0.015625 0.015625
0 0.767188 0.859375 0.015625 0.015625
0 0.851562 0.859375 0.015625 0.015625
0 0.581250 0.918750 0.015625 0.015625
0 0.659375 0.920312 0.015625 0.015625
0 0.510938 0.920312 0.015625 0.015625
0 0.437500 0.921875 0.015625 0.015625
0 0.890625 0.921875 0.015625 0.015625
0 0.967187 0.923438 0.015625 0.015625
0 0.737500 0.923438 0.015625 0.015625
0 0.810937 0.931250 0.015625 0.015625
0 0.695312 0.987500 0.015625 0.015625
0 0.618750 0.989062 0.015625 0.015625
0 0.926562 0.990625 0.015625 0.015625
0 0.848437 0.992188 0.015625 0.015625
0 0.746875 0.007812 0.015625 0.015625
0 0.712500 0.078125 0.015625 0.015625
0 0.868750 0.073438 0.015625 0.015625
0 0.939063 0.085938 0.015625 0.015625
0 0.748437 0.267188 0.015625 0.015625
0 0.787500 0.206250 0.015625 0.015625
0 0.821875 0.265625 0.015625 0.015625
0 0.714063 0.325000 0.015625 0.015625
0 0.676562 0.265625 0.015625 0.015625
0 0.601562 0.265625 0.015625 0.015625
0 0.551562 0.326562 0.015625 0.015625
0 0.562500 0.196875 0.015625 0.015625
0 0.478125 0.323437 0.015625 0.015625
0 0.404687 0.190625 0.015625 0.015625
0 0.445312 0.129688 0.015625 0.015625
0 0.521875 0.128125 0.015625 0.015625
0 0.415625 0.070312 0.015625 0.015625
0 0.770312 0.518750 0.015625 0.015625
0 0.673438 0.526563 0.015625 0.015625
0 0.695312 0.593750 0.015625 0.015625
0 0.626563 0.592187 0.015625 0.015625
0 0.546875 0.595313 0.015625 0.015625
0 0.673438 0.656250 0.015625 0.015625
0 0.920312 0.534375 0.015625 0.015625
0 0.973437 0.532813 0.015625 0.015625
0 0.764062 0.989062 0.015625 0.015625
0 0.540625 0.982812 0.015625 0.015625
0 0.471875 0.979688 0.015625 0.015625
0 0.671875 0.400000 0.015625 0.015625
0 0.740625 0.403125 0.015625 0.015625
0 0.707812 0.459375 0.015625 0.015625
0 0.440625 0.650000 0.015625 0.015625
0 0.729688 0.793750 0.015625 0.015625
