0 0.060937 0.064062 0.015625 0.015625
0 0.021875 0.064062 0.015625 0.015625
0 0.096875 0.067187 0.015625 0.015625
0 0.135937 0.067187 0.015625 0.015625
0 0.175000 0.067187 0.015625 0.015625
0 0.214062 0.068750 0.015625 0.015625
0 0.401562 0.070312 0.015625 0.015625
0 0.285938 0.070312 0.015625 0.015625
0 0.248438 0.070312 0.015625 0.015625
0 0.365625 0.071875 0.015625 0.015625
0 0.440625 0.071875 0.015625 0.015625
0 0.632812 0.071875 0.015625 0.015625
0 0.590625 0.073438 0.015625 0.015625
0 0.476562 0.073438 0.015625 0.015625
0 0.510938 0.075000 0.015625 0.015625
0 0.670312 0.075000 0.015625 0.015625
0 0.550000 0.075000 0.015625 0.015625
0 0.001563 0.096875 0.015625 0.015625
0 0.082812 0.096875 0.015625 0.015625
0 0.042188 0.096875 0.015625 0.015625
0 0.120313 0.098437 0.015625 0.015625
0 0.157812 0.098437 0.015625 0.015625
0 0.192188 0.098437 0.015625 0.015625
0 0.767188 0.100000 0.015625 0.015625
0 0.270313 0.100000 0.015625 0.015625
0 0.232813 0.100000 0.015625 0.015625
0 0.384375 0.101562 0.015625 0.015625
0 0.309375 0.101562 0.015625 0.015625
0 0.421875 0.103125 0.015625 0.015625
0 0.726562 0.103125 0.015625 0.015625
0 0.345313 0.103125 0.015625 0.015625
0 0.459375 0.104688 0.015625 0.015625
0 0.495312 0.107813 0.015625 0.015625
0 0.685937 0.107813 0.015625 0.015625
0 0.520312 0.109375 0.015625 0.015625
0 0.601562 0.110937 0.015625 0.015625
0 0.637500 0.110937 0.015625 0.015625
0 0.059375 0.129688 0.015625 0.015625
0 0.023438 0.129688 0.015625 0.015625
0 0.100000 0.131250 0.015625 0.015625
0 0.137500 0.131250 0.015625 0.015625
0 0.250000 0.134375 0.015625 0.015625
0 0.212500 0.134375 0.015625 0.015625
0 0.173437 0.135937 0.015625 0.015625
0 0.289062 0.135937 0.015625 0.015625
0 0.325000 0.135937 0.015625 0.015625
0 0.364063 0.135937 0.015625 0.015625
0 0.401562 0.137500 0.015625 0.015625
0 0.440625 0.137500 0.015625 0.015625
0 0.706250 0.142187 0.015625 0.015625
0 0.745313 0.142187 0.015625 0.015625
0 0.782813 0.143750 0.015625 0.015625
0 0.821875 0.145313 0.015625 0.015625
0 0.859375 0.146875 0.015625 0.015625
0 0.075000 0.157812 0.015625 0.015625
0 0.150000 0.165625 0.015625 0.015625
0 0.231250 0.165625 0.015625 0.015625
0 0.190625 0.165625 0.015625 0.015625
0 0.309375 0.167187 0.015625 0.015625
0 0.267188 0.168750 0.015625 0.015625
0 0.343750 0.168750 0.015625 0.015625
0 0.384375 0.168750 0.015625 0.015625
0 0.875000 0.168750 0.015625 0.015625
0 0.039062 0.170313 0.015625 0.015625
0 0.837500 0.175000 0.015625 0.015625
0 0.759375 0.178125 0.015625 0.015625
0 0.796875 0.178125 0.015625 0.015625
0 0.948438 0.198437 0.015625 0.015625
0 0.909375 0.200000 0.015625 0.015625
0 0.171875 0.200000 0.015625 0.015625
0 0.364063 0.200000 0.015625 0.015625
0 0.209375 0.201563 0.015625 0.015625
0 0.868750 0.201563 0.015625 0.015625
0 0.282813 0.201563 0.015625 0.015625
0 0.246875 0.203125 0.015625 0.015625
0 0.325000 0.203125 0.015625 0.015625
0 0.829688 0.204687 0.015625 0.015625
0 0.134375 0.206250 0.015625 0.015625
0 0.960938 0.231250 0.015625 0.015625
0 0.889062 0.232813 0.015625 0.015625
0 0.925000 0.232813 0.015625 0.015625
0 0.846875 0.234375 0.015625 0.015625
0 0.226562 0.234375 0.015625 0.015625
0 0.187500 0.234375 0.015625 0.015625
0 0.264062 0.235937 0.015625 0.015625
0 0.906250 0.264062 0.015625 0.015625
0 0.937500 0.268750 0.015625 0.015625
0 0.979688 0.268750 0.015625 0.015625
0 0.859375 0.270313 0.015625 0.015625
0 0.995313 0.300000 0.015625 0.015625
0 0.954688 0.303125 0.015625 0.015625
0 0.018750 0.457813 0.015625 0.015625
0 0.057813 0.460938 0.015625 0.015625
0 0.114062 0.493750 0.015625 0.015625
0 0.037500 0.493750 0.015625 0.015625
0 0.076563 0.495312 0.015625 0.015625
0 0.010937 0.525000 0.015625 0.015625
0 0.114062 0.548438 0.015625 0.015625
0 0.075000 0.554688 0.015625 0.015625
0 0.034375 0.554688 0.015625 0.015625
0 0.135937 0.584375 0.015625 0.015625
0 0.014063 0.589063 0.015625 0.015625
0 0.053125 0.590625 0.015625 0.015625
0 0.095312 0.592187 0.015625 0.015625
0 0.035937 0.623437 0.015625 0.015625
0 0.148438 0.625000 0.015625 0.015625
0 0.075000 0.625000 0.015625 0.015625
0 0.112500 0.625000 0.015625 0.015625
0 0.215625 0.653125 0.015625 0.015625
0 0.053125 0.656250 0.015625 0.015625
0 0.014063 0.657813 0.015625 0.015625
0 0.087500 0.657813 0.015625 0.015625
0 0.131250 0.657813 0.015625 0.015625
0 0.170313 0.659375 0.015625 0.015625
0 0.035937 0.687500 0.015625 0.015625
0 0.110937 0.689063 0.015625 0.015625
0 0.075000 0.690625 0.015625 0.015625
0 0.185938 0.692187 0.015625 0.015625
0 0.225000 0.692187 0.015625 0.015625
0 0.146875 0.693750 0.015625 0.015625
0 0.014063 0.721875 0.015625 0.015625
0 0.053125 0.723437 0.015625 0.015625
0 0.093750 0.723437 0.015625 0.015625
0 0.206250 0.725000 0.015625 0.015625
0 0.168750 0.725000 0.015625 0.015625
0 0.128125 0.726562 0.015625 0.015625
0 0.035937 0.756250 0.015625 0.015625
0 0.075000 0.757812 0.015625 0.015625
0 0.110937 0.759375 0.015625 0.015625
0 0.148438 0.759375 0.015625 0.015625
0 0.185938 0.759375 0.015625 0.015625
0 0.262500 0.760938 0.015625 0.015625
0 0.223438 0.760938 0.015625 0.015625
0 0.053125 0.789062 0.015625 0.015625
0 0.014063 0.789062 0.015625 0.015625
0 0.093750 0.790625 0.015625 0.015625
0 0.168750 0.793750 0.015625 0.015625
0 0.128125 0.793750 0.015625 0.015625
0 0.204687 0.793750 0.015625 0.015625
0 0.242188 0.793750 0.015625 0.015625
0 0.034375 0.823438 0.015625 0.015625
0 0.110937 0.823438 0.015625 0.015625
0 0.073438 0.823438 0.015625 0.015625
0 0.298438 0.823438 0.015625 0.015625
0 0.185938 0.825000 0.015625 0.015625
0 0.148438 0.825000 0.015625 0.015625
0 0.223438 0.825000 0.015625 0.015625
0 0.260937 0.825000 0.015625 0.015625
0 0.012500 0.856250 0.015625 0.015625
0 0.089063 0.856250 0.015625 0.015625
0 0.051562 0.856250 0.015625 0.015625
0 0.128125 0.857812 0.015625 0.015625
0 0.167187 0.857812 0.015625 0.015625
0 0.242188 0.859375 0.015625 0.015625
0 0.203125 0.859375 0.015625 0.015625
0 0.282813 0.859375 0.015625 0.015625
0 0.071875 0.889062 0.015625 0.015625
0 0.031250 0.889062 0.015625 0.015625
0 0.109375 0.889062 0.015625 0.015625
0 0.185938 0.889062 0.015625 0.015625
0 0.146875 0.890625 0.015625 0.015625
0 0.223438 0.890625 0.015625 0.015625
0 0.260937 0.890625 0.015625 0.015625
0 0.296875 0.892188 0.015625 0.015625
0 0.334375 0.892188 0.015625 0.015625
0 0.050000 0.921875 0.015625 0.015625
0 0.089063 0.921875 0.015625 0.015625
0 0.164062 0.923438 0.015625 0.015625
0 0.126562 0.923438 0.015625 0.015625
0 0.201563 0.923438 0.015625 0.015625
0 0.010937 0.923438 0.015625 0.015625
0 0.240625 0.923438 0.015625 0.015625
0 0.278125 0.923438 0.015625 0.015625
0 0.314063 0.925000 0.015625 0.015625
0 0.028125 0.953125 0.015625 0.015625
0 0.107813 0.953125 0.015625 0.015625
0 0.068750 0.953125 0.015625 0.015625
0 0.221875 0.954688 0.015625 0.015625
0 0.145313 0.954688 0.015625 0.015625
0 0.182812 0.954688 0.015625 0.015625
0 0.259375 0.956250 0.015625 0.015625
0 0.400000 0.956250 0.015625 0.015625
0 0.295312 0.957812 0.015625 0.015625
0 0.370312 0.957812 0.015625 0.015625
0 0.331250 0.959375 0.015625 0.015625
0 0.009375 0.984375 0.015625 0.015625
0 0.235937 0.985938 0.015625 0.015625
0 0.164062 0.985938 0.015625 0.015625
0 0.123438 0.985938 0.015625 0.015625
0 0.048438 0.985938 0.015625 0.015625
0 0.087500 0.985938 0.015625 0.015625
0 0.200000 0.987500 0.015625 0.015625
0 0.279687 0.987500 0.015625 0.015625
0 0.312500 0.989062 0.015625 0.015625
0 0.350000 0.990625 0.015625 0.015625
0 0.389062 0.992188 0.015625 0.015625
0 0.329688 0.071875 0.015625 0.015625
0 0.314063 0.031250 0.015625 0.015625
0 0.275000 0.034375 0.015625 0.015625
0 0.350000 0.032813 0.015625 0.015625
0 0.390625 0.032813 0.015625 0.015625
0 0.426563 0.034375 0.015625 0.015625
0 0.465625 0.034375 0.015625 0.015625
0 0.498437 0.035937 0.015625 0.015625
0 0.229687 0.031250 0.015625 0.015625
0 0.195312 0.032813 0.015625 0.015625
0 0.159375 0.029687 0.015625 0.015625
0 0.120313 0.031250 0.015625 0.015625
0 0.079687 0.028125 0.015625 0.015625
0 0.001563 0.225000 0.015625 0.015625
0 0.025000 0.260937 0.015625 0.015625
0 0.003125 0.290625 0.015625 0.015625
0 0.018750 0.393750 0.015625 0.015625
