0 0.589063 0.006250 0.015625 0.015625
0 0.062500 0.007812 0.015625 0.015625
0 0.210938 0.014063 0.015625 0.015625
0 0.365625 0.023438 0.015625 0.015625
0 0.287500 0.025000 0.015625 0.015625
0 0.434375 0.025000 0.015625 0.015625
0 0.967187 0.037500 0.015625 0.015625
0 0.023438 0.065625 0.015625 0.015625
0 0.098437 0.075000 0.015625 0.015625
0 0.931250 0.082812 0.015625 0.015625
0 0.553125 0.082812 0.015625 0.015625
0 0.167187 0.082812 0.015625 0.015625
0 0.478125 0.082812 0.015625 0.015625
0 0.629687 0.084375 0.015625 0.015625
0 0.704688 0.084375 0.015625 0.015625
0 0.242188 0.085938 0.015625 0.015625
0 0.323437 0.085938 0.015625 0.015625
0 0.778125 0.087500 0.015625 0.015625
0 0.859375 0.089063 0.015625 0.015625
0 0.404687 0.096875 0.015625 0.015625
0 0.057813 0.143750 0.015625 0.015625
0 0.665625 0.145313 0.015625 0.015625
0 0.590625 0.146875 0.015625 0.015625
0 0.514062 0.146875 0.015625 0.015625
0 0.287500 0.148438 0.015625 0.015625
0 0.740625 0.148438 0.015625 0.015625
0 0.814063 0.150000 0.015625 0.015625
0 0.971875 0.150000 0.015625 0.015625
0 0.123438 0.153125 0.015625 0.015625
0 0.889062 0.156250 0.015625 0.015625
0 0.362500 0.167187 0.015625 0.015625
0 0.628125 0.209375 0.015625 0.015625
0 0.556250 0.212500 0.015625 0.015625
0 0.021875 0.212500 0.015625 0.015625
0 0.478125 0.212500 0.015625 0.015625
0 0.176563 0.214062 0.015625 0.015625
0 0.092188 0.215625 0.015625 0.015625
0 0.704688 0.215625 0.015625 0.015625
0 0.317188 0.215625 0.015625 0.015625
0 0.854688 0.218750 0.015625 0.015625
0 0.781250 0.218750 0.015625 0.015625
0 0.662500 0.273438 0.015625 0.015625
0 0.437500 0.273438 0.015625 0.015625
0 0.284375 0.275000 0.015625 0.015625
0 0.814063 0.276562 0.015625 0.015625
0 0.585938 0.276562 0.015625 0.015625
0 0.509375 0.282813 0.015625 0.015625
0 0.887500 0.282813 0.015625 0.015625
0 0.964063 0.282813 0.015625 0.015625
0 0.740625 0.285938 0.015625 0.015625
0 0.057813 0.290625 0.015625 0.015625
0 0.187500 0.309375 0.015625 0.015625
0 0.098437 0.331250 0.015625 0.015625
0 0.326562 0.342187 0.015625 0.015625
0 0.403125 0.343750 0.015625 0.015625
0 0.703125 0.348438 0.015625 0.015625
0 0.781250 0.348438 0.015625 0.015625
0 0.623437 0.348438 0.015625 0.015625
0 0.851562 0.350000 0.015625 0.015625
0 0.542188 0.351562 0.015625 0.015625
0 0.471875 0.351562 0.015625 0.015625
0 0.926562 0.353125 0.015625 0.015625
0 0.029687 0.390625 0.015625 0.015625
0 0.362500 0.400000 0.015625 0.015625
0 0.126562 0.401562 0.015625 0.015625
0 0.735938 0.412500 0.015625 0.015625
0 0.429688 0.412500 0.015625 0.015625
0 0.206250 0.417187 0.015625 0.015625
0 0.582812 0.417187 0.015625 0.015625
0 0.657813 0.418750 0.015625 0.015625
0 0.806250 0.418750 0.015625 0.015625
0 0.885938 0.421875 0.015625 0.015625
0 0.084375 0.465625 0.015625 0.015625
0 0.312500 0.470313 0.015625 0.015625
0 0.160938 0.471875 0.015625 0.015625
0 0.237500 0.471875 0.015625 0.015625
0 0.543750 0.475000 0.015625 0.015625
0 0.390625 0.476562 0.015625 0.015625
0 0.612500 0.479687 0.015625 0.015625
0 0.465625 0.479687 0.015625 0.015625
0 0.701562 0.487500 0.015625 0.015625
0 0.767188 0.490625 0.015625 0.015625
0 0.018750 0.493750 0.015625 0.015625
0 0.510938 0.539062 0.015625 0.015625
0 0.407813 0.539062 0.015625 0.015625
0 0.581250 0.540625 0.015625 0.015625
0 0.656250 0.548438 0.015625 0.015625
0 0.220312 0.554688 0.015625 0.015625
0 0.003125 0.564063 0.015625 0.015625
0 0.073438 0.567187 0.015625 0.015625
0 0.464062 0.596875 0.015625 0.015625
0 0.171875 0.600000 0.015625 0.015625
0 0.618750 0.604688 0.015625 0.015625
0 0.540625 0.604688 0.015625 0.015625
0 0.692187 0.610938 0.015625 0.015625
0 0.771875 0.612500 0.015625 0.015625
0 0.843750 0.614062 0.015625 0.015625
0 0.990625 0.617188 0.015625 0.015625
0 0.428125 0.670312 0.015625 0.015625
0 0.501563 0.670312 0.015625 0.015625
0 0.581250 0.671875 0.015625 0.015625
0 0.654687 0.675000 0.015625 0.015625
0 0.728125 0.676562 0.015625 0.015625
0 0.807813 0.678125 0.015625 0.015625
0 0.315625 0.700000 0.015625 0.015625
0 0.070312 0.707812 0.015625 0.015625
0 0.857812 0.737500 0.015625 0.015625
0 0.537500 0.739062 0.015625 0.015625
0 0.618750 0.739062 0.015625 0.015625
0 0.765625 0.742188 0.015625 0.015625
0 0.265625 0.762500 0.015625 0.015625
0 0.039062 0.792188 0.015625 0.015625
0 0.129688 0.798438 0.015625 0.015625
0 0.792188 0.807813 0.015625 0.015625
0 0.887500 0.809375 0.015625 0.015625
0 0.954688 0.812500 0.015625 0.015625
0 0.557813 0.817187 0.015625 0.015625
0 0.457813 0.837500 0.015625 0.015625
0 0.365625 0.843750 0.015625 0.015625
0 0.609375 0.870313 0.015625 0.015625
0 0.756250 0.871875 0.015625 0.015625
0 0.837500 0.875000 0.015625 0.015625
0 0.323437 0.901563 0.015625 0.015625
0 0.465625 0.914062 0.015625 0.015625
0 0.710938 0.934375 0.015625 0.015625
0 0.795312 0.937500 0.015625 0.015625
0 0.878125 0.939063 0.015625 0.015625
0 0.112500 0.953125 0.015625 0.015625
0 0.359375 0.956250 0.015625 0.015625
0 0.178125 0.956250 0.015625 0.015625
0 0.000000 0.962500 0.015625 0.015625
0 0.070312 0.976562 0.015625 0.015625
0 0.834375 0.998437 0.015625 0.015625
