0 0.937500 0.001563 0.015625 0.015625
0 0.151562 0.048438 0.015625 0.015625
0 0.229687 0.054688 0.015625 0.015625
0 0.307812 0.056250 0.015625 0.015625
0 0.381250 0.059375 0.015625 0.015625
0 0.737500 0.062500 0.015625 0.015625
0 0.584375 0.070312 0.015625 0.015625
0 0.979688 0.073438 0.015625 0.015625
0 0.664062 0.073438 0.015625 0.015625
0 0.479687 0.089063 0.015625 0.015625
0 0.275000 0.093750 0.015625 0.015625
0 0.776563 0.121875 0.015625 0.015625
0 0.706250 0.131250 0.015625 0.015625
0 0.842187 0.131250 0.015625 0.015625
0 0.937500 0.139063 0.015625 0.015625
0 0.014063 0.145313 0.015625 0.015625
0 0.234375 0.148438 0.015625 0.015625
0 0.379688 0.153125 0.015625 0.015625
0 0.082812 0.157812 0.015625 0.015625
0 0.307812 0.165625 0.015625 0.015625
0 0.446875 0.167187 0.015625 0.015625
0 0.735938 0.181250 0.015625 0.015625
0 0.556250 0.182812 0.015625 0.015625
0 0.629687 0.184375 0.015625 0.015625
0 0.965625 0.203125 0.015625 0.015625
0 0.860938 0.214062 0.015625 0.015625
0 0.435937 0.217188 0.015625 0.015625
0 0.037500 0.235937 0.015625 0.015625
0 0.110937 0.242188 0.015625 0.015625
0 0.184375 0.250000 0.015625 0.015625
0 0.681250 0.251563 0.015625 0.015625
0 0.262500 0.254688 0.015625 0.015625
0 0.410938 0.254688 0.015625 0.015625
0 0.728125 0.254688 0.015625 0.015625
0 0.337500 0.254688 0.015625 0.015625
0 0.785937 0.267188 0.015625 0.015625
0 0.940625 0.268750 0.015625 0.015625
0 0.864062 0.270313 0.015625 0.015625
0 0.143750 0.314063 0.015625 0.015625
0 0.223438 0.315625 0.015625 0.015625
0 0.087500 0.315625 0.015625 0.015625
0 0.556250 0.320312 0.015625 0.015625
0 0.371875 0.321875 0.015625 0.015625
0 0.664062 0.326562 0.015625 0.015625
0 0.750000 0.331250 0.015625 0.015625
0 0.843750 0.342187 0.015625 0.015625
0 0.940625 0.348438 0.015625 0.015625
0 0.637500 0.354687 0.015625 0.015625
0 0.107813 0.379688 0.015625 0.015625
0 0.184375 0.381250 0.015625 0.015625
0 0.032813 0.381250 0.015625 0.015625
0 0.259375 0.382812 0.015625 0.015625
0 0.335938 0.382812 0.015625 0.015625
0 0.714063 0.390625 0.015625 0.015625
0 0.790625 0.393750 0.015625 0.015625
0 0.357812 0.421875 0.015625 0.015625
0 0.140625 0.443750 0.015625 0.015625
0 0.065625 0.445312 0.015625 0.015625
0 0.479687 0.448437 0.015625 0.015625
0 0.226562 0.450000 0.015625 0.015625
0 0.678125 0.456250 0.015625 0.015625
0 0.745313 0.459375 0.015625 0.015625
0 0.867188 0.493750 0.015625 0.015625
0 0.028125 0.509375 0.015625 0.015625
0 0.107813 0.510938 0.015625 0.015625
0 0.184375 0.512500 0.015625 0.015625
0 0.464062 0.512500 0.015625 0.015625
0 0.339062 0.514062 0.015625 0.015625
0 0.259375 0.515625 0.015625 0.015625
0 0.557813 0.515625 0.015625 0.015625
0 0.712500 0.518750 0.015625 0.015625
0 0.635938 0.520312 0.015625 0.015625
0 0.984375 0.559375 0.015625 0.015625
0 0.146875 0.573438 0.015625 0.015625
0 0.220312 0.575000 0.015625 0.015625
0 0.293750 0.575000 0.015625 0.015625
0 0.073438 0.581250 0.015625 0.015625
0 0.523438 0.585938 0.015625 0.015625
0 0.589063 0.589063 0.015625 0.015625
0 0.673438 0.589063 0.015625 0.015625
0 0.256250 0.642188 0.015625 0.015625
0 0.331250 0.642188 0.015625 0.015625
0 0.178125 0.646875 0.015625 0.015625
0 0.062500 0.662500 0.015625 0.015625
0 0.290625 0.707812 0.015625 0.015625
0 0.217188 0.709375 0.015625 0.015625
0 0.673438 0.718750 0.015625 0.015625
0 0.589063 0.720313 0.015625 0.015625
0 0.742188 0.720313 0.015625 0.015625
0 0.818750 0.723437 0.015625 0.015625
0 0.440625 0.762500 0.015625 0.015625
0 0.915625 0.767188 0.015625 0.015625
0 0.282813 0.776563 0.015625 0.015625
0 0.212500 0.787500 0.015625 0.015625
0 0.862500 0.815625 0.015625 0.015625
0 0.682813 0.817187 0.015625 0.015625
0 0.785937 0.818750 0.015625 0.015625
0 0.559375 0.818750 0.015625 0.015625
0 0.129688 0.820312 0.015625 0.015625
0 0.407813 0.825000 0.015625 0.015625
0 0.392188 0.868750 0.015625 0.015625
0 0.032813 0.871875 0.015625 0.015625
0 0.078125 0.884375 0.015625 0.015625
0 0.987500 0.893750 0.015625 0.015625
0 0.890625 0.896875 0.015625 0.015625
0 0.231250 0.901563 0.015625 0.015625
0 0.625000 0.915625 0.015625 0.015625
0 0.781250 0.917188 0.015625 0.015625
0 0.703125 0.917188 0.015625 0.015625
0 0.551562 0.918750 0.015625 0.015625
0 0.737500 0.981250 0.015625 0.015625
0 0.660937 0.982812 0.015625 0.015625
0 0.814063 0.985938 0.015625 0.015625
0 0.579688 0.995313 0.015625 0.015625
