0 0.037500 0.012500 0.015625 0.015625
0 0.075000 0.065625 0.015625 0.015625
0 0.109375 0.009375 0.015625 0.015625
0 0.145313 0.078125 0.015625 0.015625
0 0.189062 0.006250 0.015625 0.015625
0 0.232813 0.067187 0.015625 0.015625
0 0.267188 0.010937 0.015625 0.015625
0 0.300000 0.076563 0.015625 0.015625
0 0.337500 0.018750 0.015625 0.015625
0 0.371875 0.071875 0.015625 0.015625
0 0.031250 0.140625 0.015625 0.015625
0 0.075000 0.203125 0.015625 0.015625
0 0.107813 0.135937 0.015625 0.015625
0 0.145313 0.204687 0.015625 0.015625
0 0.184375 0.139063 0.015625 0.015625
0 0.221875 0.201563 0.015625 0.015625
0 0.259375 0.142187 0.015625 0.015625
0 0.298438 0.201563 0.015625 0.015625
0 0.334375 0.139063 0.015625 0.015625
0 0.376563 0.206250 0.015625 0.015625
0 0.410938 0.145313 0.015625 0.015625
0 0.450000 0.212500 0.015625 0.015625
0 0.457813 0.018750 0.015625 0.015625
0 0.492188 0.087500 0.015625 0.015625
0 0.525000 0.146875 0.015625 0.015625
0 0.529687 0.210938 0.015625 0.015625
0 0.039062 0.265625 0.015625 0.015625
0 0.070312 0.339062 0.015625 0.015625
0 0.112500 0.279687 0.015625 0.015625
0 0.157812 0.340625 0.015625 0.015625
0 0.190625 0.278125 0.015625 0.015625
0 0.220312 0.335938 0.015625 0.015625
0 0.264062 0.279687 0.015625 0.015625
0 0.307812 0.332813 0.015625 0.015625
0 0.335938 0.273438 0.015625 0.015625
0 0.409375 0.268750 0.015625 0.015625
0 0.487500 0.276562 0.015625 0.015625
0 0.520312 0.337500 0.015625 0.015625
0 0.026562 0.404687 0.015625 0.015625
0 0.059375 0.465625 0.015625 0.015625
0 0.104688 0.410938 0.015625 0.015625
0 0.146875 0.464062 0.015625 0.015625
0 0.168750 0.412500 0.015625 0.015625
0 0.217188 0.464062 0.015625 0.015625
0 0.254688 0.406250 0.015625 0.015625
0 0.290625 0.454688 0.015625 0.015625
0 0.334375 0.400000 0.015625 0.015625
0 0.368750 0.473438 0.015625 0.015625
0 0.407813 0.401562 0.015625 0.015625
0 0.440625 0.473438 0.015625 0.015625
0 0.479687 0.409375 0.015625 0.015625
0 0.523438 0.475000 0.015625 0.015625
0 0.556250 0.409375 0.015625 0.015625
0 0.606250 0.485938 0.015625 0.015625
0 0.567187 0.278125 0.015625 0.015625
0 0.634375 0.350000 0.015625 0.015625
0 0.662500 0.412500 0.015625 0.015625
0 0.018750 0.537500 0.015625 0.015625
0 0.068750 0.585938 0.015625 0.015625
0 0.090625 0.532813 0.015625 0.015625
0 0.139063 0.595313 0.015625 0.015625
0 0.176563 0.535937 0.015625 0.015625
0 0.215625 0.609375 0.015625 0.015625
0 0.254688 0.539062 0.015625 0.015625
0 0.290625 0.596875 0.015625 0.015625
0 0.318750 0.539062 0.015625 0.015625
0 0.359375 0.596875 0.015625 0.015625
0 0.406250 0.546875 0.015625 0.015625
0 0.437500 0.596875 0.015625 0.015625
0 0.481250 0.534375 0.015625 0.015625
0 0.517188 0.593750 0.015625 0.015625
0 0.551562 0.528125 0.015625 0.015625
0 0.604688 0.600000 0.015625 0.015625
0 0.628125 0.542188 0.015625 0.015625
0 0.018750 0.659375 0.015625 0.015625
0 0.057813 0.731250 0.015625 0.015625
0 0.093750 0.665625 0.015625 0.015625
0 0.132812 0.734375 0.015625 0.015625
0 0.160938 0.665625 0.015625 0.015625
0 0.206250 0.726562 0.015625 0.015625
0 0.242188 0.668750 0.015625 0.015625
0 0.281250 0.728125 0.015625 0.015625
0 0.320312 0.656250 0.015625 0.015625
0 0.360938 0.734375 0.015625 0.015625
0 0.393750 0.667188 0.015625 0.015625
0 0.432812 0.731250 0.015625 0.015625
0 0.481250 0.664062 0.015625 0.015625
0 0.517188 0.734375 0.015625 0.015625
0 0.553125 0.667188 0.015625 0.015625
0 0.587500 0.729688 0.015625 0.015625
0 0.632812 0.676562 0.015625 0.015625
0 0.020313 0.798438 0.015625 0.015625
0 0.093750 0.798438 0.015625 0.015625
0 0.134375 0.867188 0.015625 0.015625
0 0.060937 0.862500 0.015625 0.015625
0 0.168750 0.800000 0.015625 0.015625
0 0.215625 0.865625 0.015625 0.015625
0 0.250000 0.801562 0.015625 0.015625
0 0.293750 0.864062 0.015625 0.015625
0 0.325000 0.801562 0.015625 0.015625
0 0.370312 0.860938 0.015625 0.015625
0 0.400000 0.806250 0.015625 0.015625
0 0.439063 0.868750 0.015625 0.015625
0 0.476562 0.803125 0.015625 0.015625
0 0.506250 0.871875 0.015625 0.015625
0 0.548438 0.804688 0.015625 0.015625
0 0.593750 0.860938 0.015625 0.015625
0 0.623437 0.803125 0.015625 0.015625
0 0.639062 0.871875 0.015625 0.015625
0 0.684375 0.609375 0.015625 0.015625
0 0.659375 0.739062 0.015625 0.015625
0 0.023438 0.914062 0.015625 0.015625
0 0.057813 0.992188 0.015625 0.015625
0 0.096875 0.921875 0.015625 0.015625
0 0.167187 0.921875 0.015625 0.015625
0 0.203125 0.987500 0.015625 0.015625
0 0.242188 0.917188 0.015625 0.015625
0 0.285938 0.995313 0.015625 0.015625
0 0.409375 0.928125 0.015625 0.015625
0 0.482812 0.940625 0.015625 0.015625
0 0.542188 0.932813 0.015625 0.015625
0 0.564063 0.020313 0.015625 0.015625
0 0.720313 0.020313 0.015625 0.015625
0 0.795312 0.021875 0.015625 0.015625
0 0.876563 0.021875 0.015625 0.015625
0 0.940625 0.023438 0.015625 0.015625
0 0.637500 0.146875 0.015625 0.015625
0 0.603125 0.085938 0.015625 0.015625
0 0.718750 0.146875 0.015625 0.015625
0 0.793750 0.151562 0.015625 0.015625
0 0.862500 0.151562 0.015625 0.015625
0 0.678125 0.217188 0.015625 0.015625
0 0.760938 0.217188 0.015625 0.015625
0 0.825000 0.217188 0.015625 0.015625
0 0.898438 0.220312 0.015625 0.015625
0 0.939063 0.151562 0.015625 0.015625
0 0.982812 0.225000 0.015625 0.015625
0 0.935937 0.296875 0.015625 0.015625
0 0.848437 0.296875 0.015625 0.015625
0 0.776563 0.290625 0.015625 0.015625
0 0.818750 0.351562 0.015625 0.015625
0 0.940625 0.409375 0.015625 0.015625
0 0.896875 0.359375 0.015625 0.015625
0 0.985938 0.357812 0.015625 0.015625
0 0.890625 0.878125 0.015625 0.015625
0 0.998437 0.948438 0.015625 0.015625
0 0.967187 0.745313 0.015625 0.015625
0 0.932813 0.685937 0.015625 0.015625
0 0.895312 0.607812 0.015625 0.015625
0 0.964063 0.628125 0.015625 0.015625
0 0.854688 0.806250 0.015625 0.015625
0 0.821875 0.870313 0.015625 0.015625
0 0.773438 0.942187 0.015625 0.015625
0 0.921875 0.943750 0.015625 0.015625
