0 0.001563 0.090625 0.015625 0.015625
0 0.056250 0.057813 0.015625 0.015625
0 0.264062 0.095312 0.015625 0.015625
0 0.626563 0.068750 0.015625 0.015625
0 0.664062 0.070312 0.015625 0.015625
0 0.265625 0.031250 0.015625 0.015625
0 0.379688 0.096875 0.015625 0.015625
0 0.189062 0.029687 0.015625 0.015625
0 0.590625 0.068750 0.015625 0.015625
0 0.303125 0.031250 0.015625 0.015625
0 0.189062 0.093750 0.015625 0.015625
0 0.154688 0.028125 0.015625 0.015625
0 0.417187 0.096875 0.015625 0.015625
0 0.282813 0.065625 0.015625 0.015625
0 0.550000 0.067187 0.015625 0.015625
0 0.153125 0.092188 0.015625 0.015625
0 0.340625 0.096875 0.015625 0.015625
0 0.475000 0.067187 0.015625 0.015625
0 0.114062 0.092188 0.015625 0.015625
0 0.228125 0.029687 0.015625 0.015625
0 0.340625 0.032813 0.015625 0.015625
0 0.303125 0.096875 0.015625 0.015625
0 0.492188 0.034375 0.015625 0.015625
0 0.512500 0.067187 0.015625 0.015625
0 0.665625 0.003125 0.015625 0.015625
0 0.379688 0.032813 0.015625 0.015625
0 0.590625 0.004687 0.015625 0.015625
0 0.492188 0.096875 0.015625 0.015625
0 0.437500 0.065625 0.015625 0.015625
0 0.776563 0.073438 0.015625 0.015625
0 0.060937 0.120313 0.015625 0.015625
0 0.117188 0.026562 0.015625 0.015625
0 0.092188 0.123438 0.015625 0.015625
0 0.950000 0.040625 0.015625 0.015625
0 0.892188 0.006250 0.015625 0.015625
0 0.929688 0.006250 0.015625 0.015625
0 0.703125 0.003125 0.015625 0.015625
0 0.964063 0.003125 0.015625 0.015625
0 0.678125 0.104688 0.015625 0.015625
0 0.815625 0.071875 0.015625 0.015625
0 0.642188 0.104688 0.015625 0.015625
0 0.751563 0.107813 0.015625 0.015625
0 0.856250 0.006250 0.015625 0.015625
0 0.628125 0.003125 0.015625 0.015625
0 0.646875 0.037500 0.015625 0.015625
0 0.054688 0.453125 0.015625 0.015625
0 0.001563 0.157812 0.015625 0.015625
0 0.039062 0.157812 0.015625 0.015625
0 0.001563 0.221875 0.015625 0.015625
0 0.039062 0.421875 0.015625 0.015625
0 0.051562 0.584375 0.015625 0.015625
0 0.000000 0.354687 0.015625 0.015625
0 0.037500 0.221875 0.015625 0.015625
0 0.057813 0.190625 0.015625 0.015625
0 0.018750 0.190625 0.015625 0.015625
0 0.453125 0.232813 0.015625 0.015625
0 0.490625 0.232813 0.015625 0.015625
0 0.129688 0.454688 0.015625 0.015625
0 0.675000 0.693750 0.015625 0.015625
0 0.562500 0.434375 0.015625 0.015625
0 0.453125 0.432812 0.015625 0.015625
0 0.489063 0.432812 0.015625 0.015625
0 0.415625 0.165625 0.015625 0.015625
0 0.604688 0.234375 0.015625 0.015625
0 0.279687 0.457813 0.015625 0.015625
0 0.637500 0.693750 0.015625 0.015625
0 0.315625 0.457813 0.015625 0.015625
0 0.451562 0.296875 0.015625 0.015625
0 0.181250 0.618750 0.015625 0.015625
0 0.256250 0.556250 0.015625 0.015625
0 0.204687 0.654687 0.015625 0.015625
0 0.220312 0.554688 0.015625 0.015625
0 0.693750 0.331250 0.015625 0.015625
0 0.528125 0.232813 0.015625 0.015625
0 0.092188 0.453125 0.015625 0.015625
0 0.468750 0.393750 0.015625 0.015625
0 0.076563 0.159375 0.015625 0.015625
0 0.750000 0.693750 0.015625 0.015625
0 0.354687 0.457813 0.015625 0.015625
0 0.089063 0.584375 0.015625 0.015625
0 0.114062 0.226562 0.015625 0.015625
0 0.189062 0.226562 0.015625 0.015625
0 0.315625 0.718750 0.015625 0.015625
0 0.329688 0.817187 0.015625 0.015625
0 0.106250 0.553125 0.015625 0.015625
0 0.587500 0.134375 0.015625 0.015625
0 0.075000 0.421875 0.015625 0.015625
0 0.712500 0.434375 0.015625 0.015625
0 0.692187 0.790625 0.015625 0.015625
0 0.131250 0.193750 0.015625 0.015625
0 0.353125 0.654687 0.015625 0.015625
0 0.467187 0.657813 0.015625 0.015625
0 0.428125 0.656250 0.015625 0.015625
0 0.732812 0.531250 0.015625 0.015625
0 0.114062 0.157812 0.015625 0.015625
0 0.389062 0.720313 0.015625 0.015625
0 0.675000 0.826562 0.015625 0.015625
0 0.712500 0.695312 0.015625 0.015625
0 0.223438 0.489063 0.015625 0.015625
0 0.114062 0.421875 0.015625 0.015625
0 0.165625 0.721875 0.015625 0.015625
0 0.404687 0.817187 0.015625 0.015625
0 0.351562 0.720313 0.015625 0.015625
0 0.262500 0.426563 0.015625 0.015625
0 0.206250 0.390625 0.015625 0.015625
0 0.235937 0.848437 0.015625 0.015625
0 0.529687 0.167187 0.015625 0.015625
0 0.410938 0.623437 0.015625 0.015625
0 0.126562 0.584375 0.015625 0.015625
0 0.179688 0.814063 0.015625 0.015625
0 0.548438 0.132812 0.015625 0.015625
0 0.817187 0.131250 0.015625 0.015625
0 0.179688 0.751563 0.015625 0.015625
0 0.315625 0.521875 0.015625 0.015625
0 0.606250 0.103125 0.015625 0.015625
0 0.567187 0.168750 0.015625 0.015625
0 0.217188 0.814063 0.015625 0.015625
0 0.562500 0.495312 0.015625 0.015625
0 0.353125 0.257812 0.015625 0.015625
0 0.315625 0.654687 0.015625 0.015625
0 0.429688 0.720313 0.015625 0.015625
0 0.581250 0.464062 0.015625 0.015625
0 0.237500 0.781250 0.015625 0.015625
0 0.314063 0.785937 0.015625 0.015625
0 0.368750 0.753125 0.015625 0.015625
0 0.489063 0.360938 0.015625 0.015625
0 0.281250 0.195312 0.015625 0.015625
0 0.367188 0.557813 0.015625 0.015625
0 0.390625 0.654687 0.015625 0.015625
0 0.387500 0.851562 0.015625 0.015625
0 0.076563 0.356250 0.015625 0.015625
0 0.335938 0.557813 0.015625 0.015625
0 0.756250 0.170313 0.015625 0.015625
0 0.095312 0.193750 0.015625 0.015625
0 0.367188 0.817187 0.015625 0.015625
0 0.168750 0.654687 0.015625 0.015625
0 0.206250 0.193750 0.015625 0.015625
0 0.637500 0.232813 0.015625 0.015625
0 0.243750 0.192188 0.015625 0.015625
0 0.679688 0.434375 0.015625 0.015625
0 0.310937 0.848437 0.015625 0.015625
0 0.579688 0.659375 0.015625 0.015625
0 0.731250 0.331250 0.015625 0.015625
0 0.323437 0.193750 0.015625 0.015625
0 0.510938 0.198437 0.015625 0.015625
0 0.300000 0.428125 0.015625 0.015625
0 0.520312 0.495312 0.015625 0.015625
0 0.251563 0.126562 0.015625 0.015625
0 0.275000 0.784375 0.015625 0.015625
0 0.031250 0.551562 0.015625 0.015625
0 0.585938 0.198437 0.015625 0.015625
0 0.182812 0.484375 0.015625 0.015625
0 0.695312 0.531250 0.015625 0.015625
0 0.787500 0.826562 0.015625 0.015625
0 0.106250 0.618750 0.015625 0.015625
0 0.075000 0.292187 0.015625 0.015625
0 0.718750 0.170313 0.015625 0.015625
0 0.768750 0.332813 0.015625 0.015625
0 0.415625 0.359375 0.015625 0.015625
0 0.778125 0.203125 0.015625 0.015625
0 0.790625 0.695312 0.015625 0.015625
0 0.017188 0.453125 0.015625 0.015625
0 0.304688 0.159375 0.015625 0.015625
0 0.615625 0.593750 0.015625 0.015625
0 0.135937 0.059375 0.015625 0.015625
0 0.198437 0.781250 0.015625 0.015625
0 0.181250 0.553125 0.015625 0.015625
0 0.810937 0.595313 0.015625 0.015625
0 0.506250 0.395313 0.015625 0.015625
0 0.164062 0.585938 0.015625 0.015625
0 0.039062 0.026562 0.015625 0.015625
0 0.493750 0.167187 0.015625 0.015625
0 0.410938 0.751563 0.015625 0.015625
0 0.198437 0.846875 0.015625 0.015625
0 0.145313 0.356250 0.015625 0.015625
0 0.018750 0.123438 0.015625 0.015625
0 0.439063 0.001563 0.015625 0.015625
0 0.292187 0.815625 0.015625 0.015625
0 0.751563 0.435937 0.015625 0.015625
0 0.242188 0.390625 0.015625 0.015625
0 0.790625 0.564063 0.015625 0.015625
0 0.753125 0.365625 0.015625 0.015625
0 0.593750 0.825000 0.015625 0.015625
0 0.254688 0.814063 0.015625 0.015625
0 0.737500 0.203125 0.015625 0.015625
0 0.615625 0.792188 0.015625 0.015625
0 0.617188 0.462500 0.015625 0.015625
0 0.812500 0.268750 0.015625 0.015625
0 0.245312 0.062500 0.015625 0.015625
0 0.035937 0.485938 0.015625 0.015625
0 0.020313 0.057813 0.015625 0.015625
0 0.445312 0.690625 0.015625 0.015625
0 0.332813 0.689063 0.015625 0.015625
0 0.462500 0.848437 0.015625 0.015625
0 0.207813 0.062500 0.015625 0.015625
0 0.890625 0.268750 0.015625 0.015625
0 0.862500 0.696875 0.015625 0.015625
0 0.828125 0.695312 0.015625 0.015625
0 0.903125 0.696875 0.015625 0.015625
0 0.853125 0.268750 0.015625 0.015625
0 0.926562 0.334375 0.015625 0.015625
0 0.887500 0.529687 0.015625 0.015625
0 0.979688 0.701562 0.015625 0.015625
0 0.901563 0.831250 0.015625 0.015625
0 0.982812 0.432812 0.015625 0.015625
0 0.993750 0.798438 0.015625 0.015625
0 0.832812 0.168750 0.015625 0.015625
0 0.923438 0.665625 0.015625 0.015625
0 0.943750 0.434375 0.015625 0.015625
0 0.979688 0.565625 0.015625 0.015625
0 0.598437 0.693750 0.015625 0.015625
0 0.923438 0.531250 0.015625 0.015625
0 0.829688 0.564063 0.015625 0.015625
0 0.904687 0.565625 0.015625 0.015625
0 0.939063 0.696875 0.015625 0.015625
0 0.831250 0.370312 0.015625 0.015625
0 0.890625 0.334375 0.015625 0.015625
0 0.987500 0.173437 0.015625 0.015625
0 0.862500 0.829688 0.015625 0.015625
0 0.850000 0.467187 0.015625 0.015625
0 0.867188 0.564063 0.015625 0.015625
0 0.982812 0.103125 0.015625 0.015625
0 0.937500 0.829688 0.015625 0.015625
0 0.975000 0.831250 0.015625 0.015625
0 0.642188 0.296875 0.015625 0.015625
0 0.870313 0.170313 0.015625 0.015625
0 0.981250 0.496875 0.015625 0.015625
0 0.879687 0.860938 0.015625 0.015625
0 0.864062 0.764062 0.015625 0.015625
0 0.940625 0.565625 0.015625 0.015625
0 0.290625 0.881250 0.015625 0.015625
0 0.328125 0.882812 0.015625 0.015625
0 0.576562 0.985938 0.015625 0.015625
0 0.420312 0.918750 0.015625 0.015625
0 0.250000 0.946875 0.015625 0.015625
0 0.307812 0.982812 0.015625 0.015625
0 0.254688 0.882812 0.015625 0.015625
0 0.310937 0.917188 0.015625 0.015625
0 0.345313 0.982812 0.015625 0.015625
0 0.535937 0.985938 0.015625 0.015625
0 0.367188 0.882812 0.015625 0.015625
0 0.348438 0.918750 0.015625 0.015625
0 0.765625 0.859375 0.015625 0.015625
0 0.403125 0.951562 0.015625 0.015625
0 0.706250 0.892188 0.015625 0.015625
0 0.385937 0.918750 0.015625 0.015625
0 0.782813 0.892188 0.015625 0.015625
0 0.328125 0.948438 0.015625 0.015625
0 0.785937 0.959375 0.015625 0.015625
0 0.951562 0.993750 0.015625 0.015625
0 0.915625 0.993750 0.015625 0.015625
0 0.975000 0.895312 0.015625 0.015625
0 0.860938 0.893750 0.015625 0.015625
0 0.990625 0.993750 0.015625 0.015625
0 0.839063 0.990625 0.015625 0.015625
0 0.840625 0.860938 0.015625 0.015625
0 0.650000 0.989062 0.015625 0.015625
0 0.898438 0.895312 0.015625 0.015625
0 0.803125 0.992188 0.015625 0.015625
0 0.745313 0.892188 0.015625 0.015625
0 0.767188 0.921875 0.015625 0.015625
0 0.915625 0.923438 0.015625 0.015625
0 0.228125 0.426563 0.015625 0.015625
0 0.204687 0.454688 0.015625 0.015625
0 0.171875 0.454688 0.015625 0.015625
0 0.240625 0.454688 0.015625 0.015625
0 0.659375 0.398438 0.015625 0.015625
0 0.689063 0.398438 0.015625 0.015625
0 0.737500 0.401562 0.015625 0.015625
0 0.789062 0.439063 0.015625 0.015625
0 0.825000 0.437500 0.015625 0.015625
0 0.870313 0.437500 0.015625 0.015625
0 0.901563 0.437500 0.015625 0.015625
0 0.892188 0.462500 0.015625 0.015625
0 0.923438 0.462500 0.015625 0.015625
0 0.962500 0.464062 0.015625 0.015625
0 0.284375 0.392188 0.015625 0.015625
0 0.323437 0.392188 0.015625 0.015625
0 0.131250 0.257812 0.015625 0.015625
0 0.095312 0.256250 0.015625 0.015625
0 0.001563 0.285938 0.015625 0.015625
0 0.018750 0.320312 0.015625 0.015625
0 0.056250 0.323437 0.015625 0.015625
0 0.357812 0.393750 0.015625 0.015625
0 0.431250 0.393750 0.015625 0.015625
0 0.967187 0.075000 0.015625 0.015625
0 0.931250 0.070312 0.015625 0.015625
0 0.943750 0.101562 0.015625 0.015625
0 0.912500 0.101562 0.015625 0.015625
0 0.890625 0.071875 0.015625 0.015625
0 0.928125 0.137500 0.015625 0.015625
0 0.957812 0.139063 0.015625 0.015625
0 0.945312 0.171875 0.015625 0.015625
0 0.065625 0.884375 0.015625 0.015625
0 0.046875 0.850000 0.015625 0.015625
0 0.031250 0.814063 0.015625 0.015625
0 0.023438 0.879687 0.015625 0.015625
0 0.006250 0.843750 0.015625 0.015625
0 0.014063 0.779687 0.015625 0.015625
0 0.003125 0.912500 0.015625 0.015625
0 0.045312 0.914062 0.015625 0.015625
0 0.078125 0.918750 0.015625 0.015625
0 0.123438 0.981250 0.015625 0.015625
0 0.078125 0.979688 0.015625 0.015625
0 0.035937 0.979688 0.015625 0.015625
0 0.004687 0.975000 0.015625 0.015625
0 0.021875 0.943750 0.015625 0.015625
0 0.056250 0.943750 0.015625 0.015625
0 0.095312 0.942187 0.015625 0.015625
0 0.067187 0.814063 0.015625 0.015625
0 0.082812 0.846875 0.015625 0.015625
0 0.096875 0.884375 0.015625 0.015625
0 0.135937 0.879687 0.015625 0.015625
0 0.126562 0.851562 0.015625 0.015625
0 0.106250 0.810937 0.015625 0.015625
0 0.118750 0.915625 0.015625 0.015625
0 0.131250 0.951562 0.015625 0.015625
0 0.173437 0.945312 0.015625 0.015625
0 0.159375 0.915625 0.015625 0.015625
0 0.154688 0.978125 0.015625 0.015625
0 0.196875 0.979688 0.015625 0.015625
