0 0.015625 0.570312 0.015625 0.015625
0 0.200000 0.648438 0.015625 0.015625
0 0.021875 0.710938 0.015625 0.015625
0 0.092188 0.712500 0.015625 0.015625
0 0.062500 0.645312 0.015625 0.015625
0 0.135937 0.654687 0.015625 0.015625
0 0.235937 0.714063 0.015625 0.015625
0 0.170313 0.704688 0.015625 0.015625
0 0.284375 0.648438 0.015625 0.015625
0 0.317188 0.701562 0.015625 0.015625
0 0.356250 0.650000 0.015625 0.015625
0 0.351562 0.775000 0.015625 0.015625
0 0.278125 0.773438 0.015625 0.015625
0 0.198437 0.771875 0.015625 0.015625
0 0.032813 0.773438 0.015625 0.015625
0 0.015625 0.843750 0.015625 0.015625
0 0.095312 0.851562 0.015625 0.015625
0 0.168750 0.842187 0.015625 0.015625
0 0.239063 0.845313 0.015625 0.015625
0 0.209375 0.920312 0.015625 0.015625
0 0.284375 0.918750 0.015625 0.015625
0 0.340625 0.918750 0.015625 0.015625
0 0.314063 0.981250 0.015625 0.015625
0 0.235937 0.979688 0.015625 0.015625
0 0.156250 0.979688 0.015625 0.015625
0 0.031250 0.056250 0.015625 0.015625
0 0.107813 0.060937 0.015625 0.015625
0 0.181250 0.062500 0.015625 0.015625
0 0.256250 0.067187 0.015625 0.015625
0 0.329688 0.068750 0.015625 0.015625
0 0.065625 0.123438 0.015625 0.015625
0 0.145313 0.125000 0.015625 0.015625
0 0.217188 0.126562 0.015625 0.015625
0 0.290625 0.131250 0.015625 0.015625
0 0.031250 0.185938 0.015625 0.015625
0 0.107813 0.189062 0.015625 0.015625
0 0.181250 0.192188 0.015625 0.015625
0 0.257812 0.193750 0.015625 0.015625
0 0.331250 0.195312 0.015625 0.015625
0 0.064062 0.257812 0.015625 0.015625
0 0.289062 0.260937 0.015625 0.015625
0 0.137500 0.262500 0.015625 0.015625
0 0.212500 0.262500 0.015625 0.015625
0 0.101562 0.325000 0.015625 0.015625
0 0.326562 0.325000 0.015625 0.015625
0 0.253125 0.325000 0.015625 0.015625
0 0.178125 0.328125 0.015625 0.015625
0 0.209375 0.389062 0.015625 0.015625
0 0.060937 0.389062 0.015625 0.015625
0 0.134375 0.389062 0.015625 0.015625
0 0.281250 0.390625 0.015625 0.015625
0 0.354687 0.395313 0.015625 0.015625
