0 0.639062 0.645312 0.015625 0.015625
0 0.187500 0.371875 0.015625 0.015625
0 0.714063 0.648438 0.015625 0.015625
0 0.143750 0.701562 0.015625 0.015625
0 0.565625 0.645312 0.015625 0.015625
0 0.335938 0.112500 0.015625 0.015625
0 0.218750 0.701562 0.015625 0.015625
0 0.415625 0.248438 0.015625 0.015625
0 0.339062 0.373437 0.015625 0.015625
0 0.295312 0.443750 0.015625 0.015625
0 0.642188 0.118750 0.015625 0.015625
0 0.485938 0.642188 0.015625 0.015625
0 0.114062 0.373437 0.015625 0.015625
0 0.528125 0.050000 0.015625 0.015625
0 0.115625 0.242188 0.015625 0.015625
0 0.190625 0.245312 0.015625 0.015625
0 0.565625 0.378125 0.015625 0.015625
0 0.600000 0.315625 0.015625 0.015625
0 0.067187 0.701562 0.015625 0.015625
0 0.418750 0.114062 0.015625 0.015625
0 0.262500 0.246875 0.015625 0.015625
0 0.335938 0.642188 0.015625 0.015625
0 0.485938 0.248438 0.015625 0.015625
0 0.412500 0.375000 0.015625 0.015625
0 0.600000 0.448437 0.015625 0.015625
0 0.520312 0.446875 0.015625 0.015625
0 0.076563 0.043750 0.015625 0.015625
0 0.150000 0.045312 0.015625 0.015625
0 0.067187 0.573438 0.015625 0.015625
0 0.040625 0.242188 0.015625 0.015625
0 0.370312 0.576562 0.015625 0.015625
0 0.490625 0.376563 0.015625 0.015625
0 0.451562 0.050000 0.015625 0.015625
0 0.409375 0.640625 0.015625 0.015625
0 0.567187 0.250000 0.015625 0.015625
0 0.675000 0.446875 0.015625 0.015625
0 0.220312 0.309375 0.015625 0.015625
0 0.335938 0.246875 0.015625 0.015625
0 0.193750 0.106250 0.015625 0.015625
0 0.915625 0.051562 0.015625 0.015625
0 0.717187 0.514062 0.015625 0.015625
0 0.145313 0.573438 0.015625 0.015625
0 0.565625 0.515625 0.015625 0.015625
0 0.643750 0.250000 0.015625 0.015625
0 0.295312 0.178125 0.015625 0.015625
0 0.226562 0.173437 0.015625 0.015625
0 0.609375 0.179688 0.015625 0.015625
0 0.759375 0.317188 0.015625 0.015625
0 0.370312 0.701562 0.015625 0.015625
0 0.143750 0.439063 0.015625 0.015625
0 0.262500 0.370312 0.015625 0.015625
0 0.601562 0.053125 0.015625 0.015625
0 0.370312 0.443750 0.015625 0.015625
0 0.259375 0.639062 0.015625 0.015625
0 0.939063 0.654687 0.015625 0.015625
0 0.525000 0.184375 0.015625 0.015625
0 0.445312 0.445312 0.015625 0.015625
0 0.376563 0.046875 0.015625 0.015625
0 0.568750 0.117188 0.015625 0.015625
0 0.792188 0.512500 0.015625 0.015625
0 0.740625 0.715625 0.015625 0.015625
0 0.684375 0.053125 0.015625 0.015625
0 0.668750 0.715625 0.015625 0.015625
0 0.889062 0.721875 0.015625 0.015625
0 0.640625 0.514062 0.015625 0.015625
0 0.721875 0.253125 0.015625 0.015625
0 0.678125 0.581250 0.015625 0.015625
0 0.687500 0.185938 0.015625 0.015625
0 0.684375 0.317188 0.015625 0.015625
0 0.290625 0.973437 0.015625 0.015625
0 0.365625 0.971875 0.015625 0.015625
0 0.215625 0.839063 0.015625 0.015625
0 0.595313 0.975000 0.015625 0.015625
0 0.440625 0.973437 0.015625 0.015625
0 0.559375 0.775000 0.015625 0.015625
0 0.445312 0.842187 0.015625 0.015625
0 0.482812 0.773438 0.015625 0.015625
0 0.596875 0.712500 0.015625 0.015625
0 0.520312 0.843750 0.015625 0.015625
0 0.898438 0.846875 0.015625 0.015625
0 0.659375 0.973437 0.015625 0.015625
0 0.032813 0.895312 0.015625 0.015625
0 0.407813 0.903125 0.015625 0.015625
0 0.557813 0.904687 0.015625 0.015625
0 0.821875 0.848437 0.015625 0.015625
0 0.940625 0.914062 0.015625 0.015625
0 0.040625 0.364063 0.015625 0.015625
0 0.373437 0.840625 0.015625 0.015625
0 0.262500 0.510938 0.015625 0.015625
0 0.859375 0.914062 0.015625 0.015625
0 0.184375 0.501563 0.015625 0.015625
0 0.831250 0.056250 0.015625 0.015625
0 0.942187 0.121875 0.015625 0.015625
0 0.150000 0.307812 0.015625 0.015625
0 0.067187 0.304688 0.015625 0.015625
0 0.520312 0.582812 0.015625 0.015625
0 0.445312 0.578125 0.015625 0.015625
0 0.600000 0.579688 0.015625 0.015625
0 0.067187 0.429688 0.015625 0.015625
0 0.081250 0.168750 0.015625 0.015625
0 0.151562 0.170313 0.015625 0.015625
0 0.385937 0.178125 0.015625 0.015625
0 0.437500 0.179688 0.015625 0.015625
0 0.265625 0.107813 0.015625 0.015625
0 0.239063 0.043750 0.015625 0.015625
0 0.312500 0.053125 0.015625 0.015625
