0 0.006250 0.079687 0.015625 0.015625
0 0.046875 0.079687 0.015625 0.015625
0 0.079687 0.079687 0.015625 0.015625
0 0.115625 0.079687 0.015625 0.015625
0 0.154688 0.081250 0.015625 0.015625
0 0.131250 0.043750 0.015625 0.015625
0 0.189062 0.079687 0.015625 0.015625
0 0.173437 0.051562 0.015625 0.015625
0 0.231250 0.084375 0.015625 0.015625
0 0.209375 0.051562 0.015625 0.015625
0 0.268750 0.082812 0.015625 0.015625
0 0.303125 0.084375 0.015625 0.015625
0 0.339062 0.085938 0.015625 0.015625
0 0.318750 0.048438 0.015625 0.015625
0 0.285938 0.046875 0.015625 0.015625
0 0.250000 0.048438 0.015625 0.015625
0 0.384375 0.085938 0.015625 0.015625
0 0.362500 0.048438 0.015625 0.015625
0 0.420312 0.084375 0.015625 0.015625
0 0.456250 0.087500 0.015625 0.015625
0 0.495312 0.085938 0.015625 0.015625
0 0.532813 0.087500 0.015625 0.015625
0 0.568750 0.087500 0.015625 0.015625
0 0.606250 0.090625 0.015625 0.015625
0 0.642188 0.090625 0.015625 0.015625
0 0.664062 0.056250 0.015625 0.015625
0 0.685937 0.087500 0.015625 0.015625
0 0.701562 0.054688 0.015625 0.015625
0 0.720313 0.085938 0.015625 0.015625
0 0.739062 0.056250 0.015625 0.015625
0 0.759375 0.089063 0.015625 0.015625
0 0.776563 0.056250 0.015625 0.015625
0 0.800000 0.095312 0.015625 0.015625
0 0.817187 0.059375 0.015625 0.015625
0 0.856250 0.060937 0.015625 0.015625
0 0.892188 0.060937 0.015625 0.015625
0 0.875000 0.093750 0.015625 0.015625
0 0.910937 0.095312 0.015625 0.015625
0 0.020313 0.114062 0.015625 0.015625
0 0.057813 0.112500 0.015625 0.015625
0 0.095312 0.112500 0.015625 0.015625
0 0.131250 0.114062 0.015625 0.015625
0 0.171875 0.115625 0.015625 0.015625
0 0.207813 0.115625 0.015625 0.015625
0 0.248438 0.115625 0.015625 0.015625
0 0.282813 0.115625 0.015625 0.015625
0 0.321875 0.115625 0.015625 0.015625
0 0.357812 0.115625 0.015625 0.015625
0 0.403125 0.120313 0.015625 0.015625
0 0.442188 0.120313 0.015625 0.015625
0 0.470313 0.121875 0.015625 0.015625
0 0.514062 0.121875 0.015625 0.015625
0 0.550000 0.121875 0.015625 0.015625
0 0.589063 0.121875 0.015625 0.015625
0 0.440625 0.054688 0.015625 0.015625
0 0.476562 0.056250 0.015625 0.015625
0 0.510938 0.054688 0.015625 0.015625
0 0.551562 0.056250 0.015625 0.015625
0 0.589063 0.054688 0.015625 0.015625
0 0.626563 0.054688 0.015625 0.015625
0 0.662500 0.125000 0.015625 0.015625
0 0.700000 0.126562 0.015625 0.015625
0 0.735938 0.126562 0.015625 0.015625
0 0.775000 0.128125 0.015625 0.015625
0 0.814063 0.126562 0.015625 0.015625
0 0.853125 0.128125 0.015625 0.015625
0 0.890625 0.128125 0.015625 0.015625
0 0.923438 0.132812 0.015625 0.015625
0 0.945312 0.103125 0.015625 0.015625
0 0.965625 0.132812 0.015625 0.015625
0 0.003125 0.012500 0.015625 0.015625
0 0.039062 0.012500 0.015625 0.015625
0 0.075000 0.014063 0.015625 0.015625
0 0.112500 0.015625 0.015625 0.015625
0 0.154688 0.017188 0.015625 0.015625
0 0.193750 0.017188 0.015625 0.015625
0 0.226562 0.017188 0.015625 0.015625
0 0.268750 0.017188 0.015625 0.015625
0 0.303125 0.017188 0.015625 0.015625
0 0.387500 0.020313 0.015625 0.015625
0 0.418750 0.020313 0.015625 0.015625
0 0.457813 0.021875 0.015625 0.015625
0 0.495312 0.023438 0.015625 0.015625
0 0.532813 0.023438 0.015625 0.015625
0 0.570312 0.023438 0.015625 0.015625
0 0.650000 0.025000 0.015625 0.015625
0 0.685937 0.026562 0.015625 0.015625
0 0.718750 0.026562 0.015625 0.015625
0 0.760938 0.028125 0.015625 0.015625
0 0.801562 0.026562 0.015625 0.015625
0 0.842187 0.028125 0.015625 0.015625
0 0.881250 0.031250 0.015625 0.015625
0 0.037500 0.143750 0.015625 0.015625
0 0.073438 0.145313 0.015625 0.015625
0 0.114062 0.146875 0.015625 0.015625
0 0.148438 0.146875 0.015625 0.015625
0 0.190625 0.145313 0.015625 0.015625
0 0.228125 0.148438 0.015625 0.015625
0 0.262500 0.145313 0.015625 0.015625
0 0.301563 0.148438 0.015625 0.015625
0 0.339062 0.148438 0.015625 0.015625
0 0.379688 0.148438 0.015625 0.015625
0 0.417187 0.153125 0.015625 0.015625
0 0.492188 0.153125 0.015625 0.015625
0 0.534375 0.154688 0.015625 0.015625
0 0.570312 0.153125 0.015625 0.015625
0 0.603125 0.153125 0.015625 0.015625
0 0.645312 0.154688 0.015625 0.015625
0 0.678125 0.156250 0.015625 0.015625
0 0.718750 0.156250 0.015625 0.015625
0 0.756250 0.157812 0.015625 0.015625
0 0.832812 0.160938 0.015625 0.015625
0 0.868750 0.160938 0.015625 0.015625
0 0.912500 0.160938 0.015625 0.015625
0 0.948438 0.160938 0.015625 0.015625
0 0.984375 0.164062 0.015625 0.015625
0 0.012500 0.176563 0.015625 0.015625
0 0.035937 0.218750 0.015625 0.015625
0 0.054688 0.181250 0.015625 0.015625
0 0.075000 0.214062 0.015625 0.015625
0 0.098437 0.182812 0.015625 0.015625
0 0.110937 0.214062 0.015625 0.015625
0 0.135937 0.181250 0.015625 0.015625
0 0.154688 0.212500 0.015625 0.015625
0 0.168750 0.178125 0.015625 0.015625
0 0.192188 0.217188 0.015625 0.015625
0 0.212500 0.179688 0.015625 0.015625
0 0.226562 0.214062 0.015625 0.015625
0 0.248438 0.181250 0.015625 0.015625
0 0.264062 0.217188 0.015625 0.015625
0 0.284375 0.184375 0.015625 0.015625
0 0.298438 0.215625 0.015625 0.015625
0 0.321875 0.184375 0.015625 0.015625
0 0.339062 0.217188 0.015625 0.015625
0 0.357812 0.184375 0.015625 0.015625
0 0.375000 0.217188 0.015625 0.015625
0 0.393750 0.187500 0.015625 0.015625
0 0.414062 0.218750 0.015625 0.015625
0 0.435937 0.187500 0.015625 0.015625
0 0.456250 0.217188 0.015625 0.015625
0 0.473438 0.189062 0.015625 0.015625
0 0.493750 0.220312 0.015625 0.015625
0 0.512500 0.189062 0.015625 0.015625
0 0.531250 0.218750 0.015625 0.015625
0 0.550000 0.190625 0.015625 0.015625
0 0.570312 0.220312 0.015625 0.015625
0 0.576562 0.190625 0.015625 0.015625
0 0.603125 0.220312 0.015625 0.015625
0 0.603125 0.190625 0.015625 0.015625
0 0.642188 0.220312 0.015625 0.015625
0 0.642188 0.189062 0.015625 0.015625
0 0.676562 0.225000 0.015625 0.015625
0 0.718750 0.223438 0.015625 0.015625
0 0.725000 0.193750 0.015625 0.015625
0 0.754687 0.226562 0.015625 0.015625
0 0.810937 0.193750 0.015625 0.015625
0 0.851562 0.193750 0.015625 0.015625
0 0.871875 0.229687 0.015625 0.015625
0 0.909375 0.228125 0.015625 0.015625
0 0.981250 0.228125 0.015625 0.015625
0 0.015625 0.242188 0.015625 0.015625
0 0.034375 0.279687 0.015625 0.015625
0 0.053125 0.245312 0.015625 0.015625
0 0.071875 0.279687 0.015625 0.015625
0 0.089063 0.248438 0.015625 0.015625
0 0.134375 0.246875 0.015625 0.015625
0 0.148438 0.279687 0.015625 0.015625
0 0.170313 0.243750 0.015625 0.015625
0 0.184375 0.281250 0.015625 0.015625
0 0.207813 0.245312 0.015625 0.015625
0 0.226562 0.282813 0.015625 0.015625
0 0.237500 0.250000 0.015625 0.015625
0 0.267188 0.284375 0.015625 0.015625
0 0.282813 0.250000 0.015625 0.015625
0 0.304688 0.284375 0.015625 0.015625
0 0.325000 0.248438 0.015625 0.015625
0 0.335938 0.284375 0.015625 0.015625
0 0.354687 0.250000 0.015625 0.015625
0 0.378125 0.282813 0.015625 0.015625
0 0.400000 0.245312 0.015625 0.015625
0 0.415625 0.281250 0.015625 0.015625
0 0.437500 0.251563 0.015625 0.015625
0 0.453125 0.284375 0.015625 0.015625
0 0.473438 0.250000 0.015625 0.015625
0 0.492188 0.282813 0.015625 0.015625
0 0.512500 0.251563 0.015625 0.015625
0 0.528125 0.285938 0.015625 0.015625
0 0.546875 0.254688 0.015625 0.015625
0 0.565625 0.285938 0.015625 0.015625
0 0.584375 0.253125 0.015625 0.015625
0 0.603125 0.289062 0.015625 0.015625
0 0.621875 0.259375 0.015625 0.015625
0 0.662500 0.259375 0.015625 0.015625
0 0.679688 0.287500 0.015625 0.015625
0 0.698438 0.259375 0.015625 0.015625
0 0.723437 0.289062 0.015625 0.015625
0 0.742188 0.257812 0.015625 0.015625
0 0.754687 0.292187 0.015625 0.015625
0 0.775000 0.262500 0.015625 0.015625
0 0.793750 0.292187 0.015625 0.015625
0 0.810937 0.262500 0.015625 0.015625
0 0.831250 0.293750 0.015625 0.015625
0 0.850000 0.265625 0.015625 0.015625
0 0.887500 0.262500 0.015625 0.015625
0 0.909375 0.296875 0.015625 0.015625
0 0.926562 0.265625 0.015625 0.015625
0 0.962500 0.265625 0.015625 0.015625
0 0.014063 0.312500 0.015625 0.015625
0 0.056250 0.312500 0.015625 0.015625
0 0.090625 0.314063 0.015625 0.015625
0 0.109375 0.345313 0.015625 0.015625
0 0.070312 0.342187 0.015625 0.015625
0 0.129688 0.310937 0.015625 0.015625
0 0.148438 0.343750 0.015625 0.015625
0 0.168750 0.314063 0.015625 0.015625
0 0.184375 0.346875 0.015625 0.015625
0 0.207813 0.314063 0.015625 0.015625
0 0.243750 0.315625 0.015625 0.015625
0 0.282813 0.315625 0.015625 0.015625
0 0.318750 0.315625 0.015625 0.015625
0 0.356250 0.317188 0.015625 0.015625
0 0.396875 0.317188 0.015625 0.015625
0 0.428125 0.317188 0.015625 0.015625
0 0.412500 0.351562 0.015625 0.015625
0 0.451562 0.350000 0.015625 0.015625
0 0.475000 0.318750 0.015625 0.015625
0 0.509375 0.318750 0.015625 0.015625
0 0.548438 0.318750 0.015625 0.015625
0 0.584375 0.320312 0.015625 0.015625
0 0.620313 0.321875 0.015625 0.015625
0 0.642188 0.351562 0.015625 0.015625
0 0.659375 0.325000 0.015625 0.015625
0 0.678125 0.353125 0.015625 0.015625
0 0.703125 0.325000 0.015625 0.015625
0 0.720313 0.357812 0.015625 0.015625
0 0.735938 0.326562 0.015625 0.015625
0 0.756250 0.354687 0.015625 0.015625
0 0.776563 0.325000 0.015625 0.015625
0 0.796875 0.356250 0.015625 0.015625
0 0.814063 0.328125 0.015625 0.015625
0 0.835938 0.357812 0.015625 0.015625
0 0.854688 0.328125 0.015625 0.015625
0 0.870313 0.362500 0.015625 0.015625
0 0.889062 0.331250 0.015625 0.015625
0 0.909375 0.360938 0.015625 0.015625
0 0.934375 0.331250 0.015625 0.015625
0 0.951562 0.360938 0.015625 0.015625
0 0.965625 0.331250 0.015625 0.015625
0 0.984375 0.364063 0.015625 0.015625
0 0.014063 0.376563 0.015625 0.015625
0 0.032813 0.406250 0.015625 0.015625
0 0.050000 0.379688 0.015625 0.015625
0 0.071875 0.409375 0.015625 0.015625
0 0.092188 0.378125 0.015625 0.015625
0 0.107813 0.409375 0.015625 0.015625
0 0.126562 0.379688 0.015625 0.015625
0 0.148438 0.409375 0.015625 0.015625
0 0.165625 0.381250 0.015625 0.015625
0 0.187500 0.407813 0.015625 0.015625
0 0.203125 0.379688 0.015625 0.015625
0 0.220312 0.410938 0.015625 0.015625
0 0.245312 0.381250 0.015625 0.015625
0 0.262500 0.410938 0.015625 0.015625
0 0.276562 0.379688 0.015625 0.015625
0 0.301563 0.415625 0.015625 0.015625
0 0.323437 0.381250 0.015625 0.015625
0 0.342187 0.415625 0.015625 0.015625
0 0.354687 0.384375 0.015625 0.015625
0 0.373437 0.418750 0.015625 0.015625
0 0.395313 0.384375 0.015625 0.015625
0 0.409375 0.417187 0.015625 0.015625
0 0.432812 0.384375 0.015625 0.015625
0 0.445312 0.418750 0.015625 0.015625
0 0.468750 0.385937 0.015625 0.015625
0 0.489063 0.414062 0.015625 0.015625
0 0.501563 0.385937 0.015625 0.015625
0 0.525000 0.420312 0.015625 0.015625
0 0.543750 0.389062 0.015625 0.015625
0 0.562500 0.417187 0.015625 0.015625
0 0.581250 0.385937 0.015625 0.015625
0 0.601562 0.420312 0.015625 0.015625
0 0.625000 0.395313 0.015625 0.015625
0 0.642188 0.420312 0.015625 0.015625
0 0.660937 0.390625 0.015625 0.015625
0 0.700000 0.389062 0.015625 0.015625
0 0.717187 0.421875 0.015625 0.015625
0 0.737500 0.390625 0.015625 0.015625
0 0.776563 0.393750 0.015625 0.015625
0 0.798438 0.425000 0.015625 0.015625
0 0.814063 0.393750 0.015625 0.015625
0 0.854688 0.395313 0.015625 0.015625
0 0.889062 0.393750 0.015625 0.015625
0 0.926562 0.393750 0.015625 0.015625
0 0.968750 0.398438 0.015625 0.015625
0 0.012500 0.440625 0.015625 0.015625
0 0.031250 0.471875 0.015625 0.015625
0 0.051562 0.439063 0.015625 0.015625
0 0.071875 0.471875 0.015625 0.015625
0 0.090625 0.440625 0.015625 0.015625
0 0.107813 0.473438 0.015625 0.015625
0 0.129688 0.443750 0.015625 0.015625
0 0.146875 0.475000 0.015625 0.015625
0 0.167187 0.442188 0.015625 0.015625
0 0.182812 0.473438 0.015625 0.015625
0 0.201563 0.442188 0.015625 0.015625
0 0.218750 0.473438 0.015625 0.015625
0 0.242188 0.443750 0.015625 0.015625
0 0.276562 0.446875 0.015625 0.015625
0 0.317188 0.445312 0.015625 0.015625
0 0.353125 0.445312 0.015625 0.015625
0 0.390625 0.445312 0.015625 0.015625
0 0.429688 0.446875 0.015625 0.015625
0 0.368750 0.479687 0.015625 0.015625
0 0.409375 0.478125 0.015625 0.015625
0 0.451562 0.479687 0.015625 0.015625
0 0.465625 0.448437 0.015625 0.015625
0 0.485938 0.482812 0.015625 0.015625
0 0.506250 0.451562 0.015625 0.015625
0 0.545312 0.454688 0.015625 0.015625
0 0.621875 0.456250 0.015625 0.015625
0 0.606250 0.487500 0.015625 0.015625
0 0.639062 0.490625 0.015625 0.015625
0 0.656250 0.459375 0.015625 0.015625
0 0.679688 0.492188 0.015625 0.015625
0 0.698438 0.456250 0.015625 0.015625
0 0.714063 0.489063 0.015625 0.015625
0 0.734375 0.456250 0.015625 0.015625
0 0.754687 0.490625 0.015625 0.015625
0 0.773438 0.454688 0.015625 0.015625
0 0.792188 0.493750 0.015625 0.015625
0 0.814063 0.457813 0.015625 0.015625
0 0.829688 0.489063 0.015625 0.015625
0 0.909375 0.493750 0.015625 0.015625
0 0.945312 0.493750 0.015625 0.015625
0 0.982812 0.496875 0.015625 0.015625
0 0.964063 0.464062 0.015625 0.015625
0 0.929688 0.462500 0.015625 0.015625
0 0.010937 0.504687 0.015625 0.015625
0 0.031250 0.535937 0.015625 0.015625
0 0.046875 0.504687 0.015625 0.015625
0 0.071875 0.539062 0.015625 0.015625
0 0.090625 0.504687 0.015625 0.015625
0 0.121875 0.506250 0.015625 0.015625
0 0.103125 0.539062 0.015625 0.015625
0 0.142187 0.540625 0.015625 0.015625
0 0.164062 0.509375 0.015625 0.015625
0 0.182812 0.537500 0.015625 0.015625
0 0.201563 0.507812 0.015625 0.015625
0 0.223438 0.539062 0.015625 0.015625
0 0.237500 0.507812 0.015625 0.015625
0 0.275000 0.512500 0.015625 0.015625
0 0.296875 0.540625 0.015625 0.015625
0 0.314063 0.509375 0.015625 0.015625
0 0.339062 0.539062 0.015625 0.015625
0 0.350000 0.512500 0.015625 0.015625
0 0.392188 0.514062 0.015625 0.015625
0 0.370312 0.546875 0.015625 0.015625
0 0.410938 0.543750 0.015625 0.015625
0 0.429688 0.517188 0.015625 0.015625
0 0.446875 0.545312 0.015625 0.015625
0 0.464062 0.515625 0.015625 0.015625
0 0.504687 0.514062 0.015625 0.015625
0 0.487500 0.548438 0.015625 0.015625
0 0.546875 0.518750 0.015625 0.015625
0 0.584375 0.520312 0.015625 0.015625
0 0.621875 0.521875 0.015625 0.015625
0 0.742188 0.525000 0.015625 0.015625
0 0.717187 0.554688 0.015625 0.015625
0 0.754687 0.551562 0.015625 0.015625
0 0.790625 0.556250 0.015625 0.015625
0 0.832812 0.557813 0.015625 0.015625
0 0.867188 0.554688 0.015625 0.015625
0 0.906250 0.557813 0.015625 0.015625
0 0.945312 0.556250 0.015625 0.015625
0 0.960938 0.525000 0.015625 0.015625
0 0.925000 0.526563 0.015625 0.015625
0 0.009375 0.568750 0.015625 0.015625
0 0.087500 0.576562 0.015625 0.015625
0 0.103125 0.606250 0.015625 0.015625
0 0.121875 0.573438 0.015625 0.015625
0 0.067187 0.607812 0.015625 0.015625
0 0.159375 0.575000 0.015625 0.015625
0 0.181250 0.607812 0.015625 0.015625
0 0.198437 0.575000 0.015625 0.015625
0 0.217188 0.610938 0.015625 0.015625
0 0.234375 0.575000 0.015625 0.015625
0 0.256250 0.610938 0.015625 0.015625
0 0.278125 0.575000 0.015625 0.015625
0 0.296875 0.610938 0.015625 0.015625
0 0.318750 0.578125 0.015625 0.015625
0 0.331250 0.609375 0.015625 0.015625
0 0.351562 0.582812 0.015625 0.015625
0 0.370312 0.612500 0.015625 0.015625
0 0.387500 0.579688 0.015625 0.015625
0 0.409375 0.610938 0.015625 0.015625
0 0.426563 0.582812 0.015625 0.015625
0 0.445312 0.615625 0.015625 0.015625
0 0.462500 0.581250 0.015625 0.015625
0 0.478125 0.615625 0.015625 0.015625
0 0.498437 0.589063 0.015625 0.015625
0 0.518750 0.614062 0.015625 0.015625
0 0.539062 0.579688 0.015625 0.015625
0 0.556250 0.610938 0.015625 0.015625
0 0.578125 0.579688 0.015625 0.015625
0 0.601562 0.620313 0.015625 0.015625
0 0.634375 0.620313 0.015625 0.015625
0 0.676562 0.617188 0.015625 0.015625
0 0.695312 0.587500 0.015625 0.015625
0 0.710938 0.620313 0.015625 0.015625
0 0.728125 0.585938 0.015625 0.015625
0 0.768750 0.592187 0.015625 0.015625
0 0.789062 0.620313 0.015625 0.015625
0 0.806250 0.593750 0.015625 0.015625
0 0.829688 0.615625 0.015625 0.015625
0 0.845313 0.589063 0.015625 0.015625
0 0.864062 0.621875 0.015625 0.015625
0 0.881250 0.590625 0.015625 0.015625
0 0.901563 0.623437 0.015625 0.015625
0 0.923438 0.590625 0.015625 0.015625
0 0.934375 0.621875 0.015625 0.015625
0 0.962500 0.592187 0.015625 0.015625
0 0.976562 0.620313 0.015625 0.015625
0 0.012500 0.639062 0.015625 0.015625
0 0.032813 0.665625 0.015625 0.015625
0 0.051562 0.637500 0.015625 0.015625
0 0.067187 0.670312 0.015625 0.015625
0 0.090625 0.637500 0.015625 0.015625
0 0.107813 0.670312 0.015625 0.015625
0 0.143750 0.675000 0.015625 0.015625
0 0.162500 0.640625 0.015625 0.015625
0 0.181250 0.673438 0.015625 0.015625
0 0.200000 0.642188 0.015625 0.015625
0 0.228125 0.643750 0.015625 0.015625
0 0.273438 0.642188 0.015625 0.015625
0 0.332813 0.676562 0.015625 0.015625
0 0.339062 0.646875 0.015625 0.015625
0 0.381250 0.648438 0.015625 0.015625
0 0.404687 0.676562 0.015625 0.015625
0 0.425000 0.643750 0.015625 0.015625
0 0.435937 0.678125 0.015625 0.015625
0 0.462500 0.648438 0.015625 0.015625
0 0.478125 0.678125 0.015625 0.015625
0 0.500000 0.648438 0.015625 0.015625
0 0.515625 0.679688 0.015625 0.015625
0 0.537500 0.651563 0.015625 0.015625
0 0.553125 0.675000 0.015625 0.015625
0 0.578125 0.656250 0.015625 0.015625
0 0.590625 0.684375 0.015625 0.015625
0 0.629687 0.684375 0.015625 0.015625
0 0.654687 0.657813 0.015625 0.015625
0 0.673438 0.682813 0.015625 0.015625
0 0.690625 0.660937 0.015625 0.015625
0 0.710938 0.685937 0.015625 0.015625
0 0.729688 0.654687 0.015625 0.015625
0 0.750000 0.682813 0.015625 0.015625
0 0.764062 0.653125 0.015625 0.015625
0 0.792188 0.685937 0.015625 0.015625
0 0.826562 0.687500 0.015625 0.015625
0 0.856250 0.687500 0.015625 0.015625
0 0.900000 0.689063 0.015625 0.015625
0 0.937500 0.687500 0.015625 0.015625
0 0.976562 0.684375 0.015625 0.015625
0 0.957812 0.654687 0.015625 0.015625
0 0.993750 0.656250 0.015625 0.015625
0 0.006250 0.765625 0.015625 0.015625
0 0.021875 0.731250 0.015625 0.015625
0 0.046875 0.770312 0.015625 0.015625
0 0.067187 0.739062 0.015625 0.015625
0 0.082812 0.765625 0.015625 0.015625
0 0.101562 0.739062 0.015625 0.015625
0 0.126562 0.765625 0.015625 0.015625
0 0.157812 0.768750 0.015625 0.015625
0 0.200000 0.770312 0.015625 0.015625
0 0.228125 0.773438 0.015625 0.015625
0 0.220312 0.742188 0.015625 0.015625
0 0.267188 0.773438 0.015625 0.015625
0 0.253125 0.739062 0.015625 0.015625
0 0.309375 0.773438 0.015625 0.015625
0 0.351562 0.771875 0.015625 0.015625
0 0.385937 0.771875 0.015625 0.015625
0 0.426563 0.775000 0.015625 0.015625
0 0.501563 0.773438 0.015625 0.015625
0 0.540625 0.775000 0.015625 0.015625
0 0.557813 0.742188 0.015625 0.015625
0 0.603125 0.745313 0.015625 0.015625
0 0.640625 0.745313 0.015625 0.015625
0 0.673438 0.746875 0.015625 0.015625
0 0.709375 0.746875 0.015625 0.015625
0 0.653125 0.779687 0.015625 0.015625
0 0.692187 0.781250 0.015625 0.015625
0 0.729688 0.782813 0.015625 0.015625
0 0.857812 0.753125 0.015625 0.015625
0 0.842187 0.781250 0.015625 0.015625
0 0.900000 0.745313 0.015625 0.015625
0 0.878125 0.785937 0.015625 0.015625
0 0.931250 0.756250 0.015625 0.015625
0 0.917188 0.792188 0.015625 0.015625
0 0.968750 0.754687 0.015625 0.015625
0 0.957812 0.790625 0.015625 0.015625
0 0.951562 0.726562 0.015625 0.015625
0 0.920312 0.720313 0.015625 0.015625
0 0.990625 0.725000 0.015625 0.015625
0 0.762500 0.718750 0.015625 0.015625
0 0.728125 0.715625 0.015625 0.015625
0 0.878125 0.726562 0.015625 0.015625
0 0.839063 0.717187 0.015625 0.015625
0 0.009375 0.829688 0.015625 0.015625
0 0.046875 0.831250 0.015625 0.015625
0 0.079687 0.834375 0.015625 0.015625
0 0.121875 0.837500 0.015625 0.015625
0 0.171875 0.839063 0.015625 0.015625
0 0.692187 0.848437 0.015625 0.015625
0 0.723437 0.848437 0.015625 0.015625
0 0.765625 0.848437 0.015625 0.015625
0 0.748437 0.881250 0.015625 0.015625
0 0.782813 0.881250 0.015625 0.015625
