0 0.839063 0.001563 0.015625 0.015625
0 0.146875 0.004687 0.015625 0.015625
0 0.029687 0.012500 0.015625 0.015625
0 0.404687 0.020313 0.015625 0.015625
0 0.482812 0.021875 0.015625 0.015625
0 0.443750 0.021875 0.015625 0.015625
0 0.521875 0.023438 0.015625 0.015625
0 0.101562 0.025000 0.015625 0.015625
0 0.937500 0.029687 0.015625 0.015625
0 0.635938 0.031250 0.015625 0.015625
0 0.971875 0.031250 0.015625 0.015625
0 0.671875 0.032813 0.015625 0.015625
0 0.250000 0.032813 0.015625 0.015625
0 0.292187 0.037500 0.015625 0.015625
0 0.325000 0.037500 0.015625 0.015625
0 0.707812 0.042188 0.015625 0.015625
0 0.007812 0.043750 0.015625 0.015625
0 0.046875 0.043750 0.015625 0.015625
0 0.346875 0.050000 0.015625 0.015625
0 0.648438 0.050000 0.015625 0.015625
0 0.385937 0.051562 0.015625 0.015625
0 0.423438 0.054688 0.015625 0.015625
0 0.462500 0.056250 0.015625 0.015625
0 0.501563 0.057813 0.015625 0.015625
0 0.612500 0.059375 0.015625 0.015625
0 0.993750 0.062500 0.015625 0.015625
0 0.957812 0.062500 0.015625 0.015625
0 0.898438 0.068750 0.015625 0.015625
0 0.295312 0.082812 0.015625 0.015625
0 0.328125 0.082812 0.015625 0.015625
0 0.367188 0.084375 0.015625 0.015625
0 0.481250 0.085938 0.015625 0.015625
0 0.518750 0.085938 0.015625 0.015625
0 0.632812 0.090625 0.015625 0.015625
0 0.673438 0.092188 0.015625 0.015625
0 0.971875 0.092188 0.015625 0.015625
0 0.709375 0.093750 0.015625 0.015625
0 0.873437 0.093750 0.015625 0.015625
0 0.170313 0.093750 0.015625 0.015625
0 0.217188 0.095312 0.015625 0.015625
0 0.250000 0.095312 0.015625 0.015625
0 0.276562 0.098437 0.015625 0.015625
0 0.081250 0.110937 0.015625 0.015625
0 0.120313 0.112500 0.015625 0.015625
0 0.348438 0.117188 0.015625 0.015625
0 0.312500 0.118750 0.015625 0.015625
0 0.384375 0.120313 0.015625 0.015625
0 0.500000 0.120313 0.015625 0.015625
0 0.421875 0.120313 0.015625 0.015625
0 0.462500 0.120313 0.015625 0.015625
0 0.959375 0.120313 0.015625 0.015625
0 0.573438 0.123438 0.015625 0.015625
0 0.995313 0.128125 0.015625 0.015625
0 0.100000 0.142187 0.015625 0.015625
0 0.175000 0.143750 0.015625 0.015625
0 0.287500 0.146875 0.015625 0.015625
0 0.212500 0.148438 0.015625 0.015625
0 0.251563 0.150000 0.015625 0.015625
0 0.440625 0.150000 0.015625 0.015625
0 0.365625 0.150000 0.015625 0.015625
0 0.481250 0.150000 0.015625 0.015625
0 0.328125 0.151562 0.015625 0.015625
0 0.403125 0.153125 0.015625 0.015625
0 0.981250 0.157812 0.015625 0.015625
0 0.821875 0.157812 0.015625 0.015625
0 0.121875 0.168750 0.015625 0.015625
0 0.085938 0.170313 0.015625 0.015625
0 0.759375 0.171875 0.015625 0.015625
0 0.735938 0.171875 0.015625 0.015625
0 0.195312 0.179688 0.015625 0.015625
0 0.270313 0.181250 0.015625 0.015625
0 0.307812 0.182812 0.015625 0.015625
0 0.382812 0.184375 0.015625 0.015625
0 0.345313 0.184375 0.015625 0.015625
0 0.534375 0.184375 0.015625 0.015625
0 0.496875 0.185938 0.015625 0.015625
0 0.421875 0.185938 0.015625 0.015625
0 0.459375 0.187500 0.015625 0.015625
0 0.875000 0.192188 0.015625 0.015625
0 0.689063 0.192188 0.015625 0.015625
0 0.964063 0.193750 0.015625 0.015625
0 0.770312 0.195312 0.015625 0.015625
0 0.998437 0.198437 0.015625 0.015625
0 0.100000 0.206250 0.015625 0.015625
0 0.175000 0.209375 0.015625 0.015625
0 0.210938 0.210938 0.015625 0.015625
0 0.364063 0.217188 0.015625 0.015625
0 0.331250 0.217188 0.015625 0.015625
0 0.553125 0.218750 0.015625 0.015625
0 0.515625 0.218750 0.015625 0.015625
0 0.401562 0.218750 0.015625 0.015625
0 0.478125 0.221875 0.015625 0.015625
0 0.857812 0.223438 0.015625 0.015625
0 0.668750 0.225000 0.015625 0.015625
0 0.818750 0.226562 0.015625 0.015625
0 0.295312 0.232813 0.015625 0.015625
0 0.151562 0.235937 0.015625 0.015625
0 0.190625 0.240625 0.015625 0.015625
0 0.384375 0.250000 0.015625 0.015625
0 0.421875 0.250000 0.015625 0.015625
0 0.534375 0.253125 0.015625 0.015625
0 0.500000 0.253125 0.015625 0.015625
0 0.571875 0.254688 0.015625 0.015625
0 0.685937 0.254688 0.015625 0.015625
0 0.835938 0.257812 0.015625 0.015625
0 0.910937 0.259375 0.015625 0.015625
0 0.875000 0.259375 0.015625 0.015625
0 0.989062 0.260937 0.015625 0.015625
0 0.134375 0.271875 0.015625 0.015625
0 0.059375 0.271875 0.015625 0.015625
0 0.171875 0.271875 0.015625 0.015625
0 0.207813 0.273438 0.015625 0.015625
0 0.246875 0.281250 0.015625 0.015625
0 0.285938 0.282813 0.015625 0.015625
0 0.362500 0.282813 0.015625 0.015625
0 0.437500 0.282813 0.015625 0.015625
0 0.401562 0.284375 0.015625 0.015625
0 0.476562 0.284375 0.015625 0.015625
0 0.589063 0.285938 0.015625 0.015625
0 0.551562 0.289062 0.015625 0.015625
0 0.857812 0.292187 0.015625 0.015625
0 0.932813 0.296875 0.015625 0.015625
0 0.115625 0.306250 0.015625 0.015625
0 0.042188 0.306250 0.015625 0.015625
0 0.001563 0.307812 0.015625 0.015625
0 0.078125 0.307812 0.015625 0.015625
0 0.189062 0.309375 0.015625 0.015625
0 0.154688 0.310937 0.015625 0.015625
0 0.232813 0.312500 0.015625 0.015625
0 0.270313 0.312500 0.015625 0.015625
0 0.345313 0.314063 0.015625 0.015625
0 0.307812 0.315625 0.015625 0.015625
0 0.640625 0.317188 0.015625 0.015625
0 0.420312 0.317188 0.015625 0.015625
0 0.457813 0.317188 0.015625 0.015625
0 0.382812 0.317188 0.015625 0.015625
0 0.609375 0.317188 0.015625 0.015625
0 0.534375 0.318750 0.015625 0.015625
0 0.571875 0.318750 0.015625 0.015625
0 0.495312 0.318750 0.015625 0.015625
0 0.725000 0.320312 0.015625 0.015625
0 0.762500 0.320312 0.015625 0.015625
0 0.800000 0.321875 0.015625 0.015625
0 0.912500 0.323437 0.015625 0.015625
0 0.950000 0.323437 0.015625 0.015625
0 0.835938 0.323437 0.015625 0.015625
0 0.875000 0.323437 0.015625 0.015625
0 0.692187 0.326562 0.015625 0.015625
0 0.046875 0.329688 0.015625 0.015625
0 0.021875 0.343750 0.015625 0.015625
0 0.325000 0.345313 0.015625 0.015625
0 0.285938 0.345313 0.015625 0.015625
0 0.400000 0.345313 0.015625 0.015625
0 0.475000 0.348438 0.015625 0.015625
0 0.437500 0.350000 0.015625 0.015625
0 0.628125 0.350000 0.015625 0.015625
0 0.587500 0.353125 0.015625 0.015625
0 0.550000 0.353125 0.015625 0.015625
0 0.782813 0.354687 0.015625 0.015625
0 0.929688 0.356250 0.015625 0.015625
0 0.142187 0.356250 0.015625 0.015625
0 0.895312 0.356250 0.015625 0.015625
0 0.210938 0.357812 0.015625 0.015625
0 0.857812 0.357812 0.015625 0.015625
0 0.175000 0.357812 0.015625 0.015625
0 0.250000 0.357812 0.015625 0.015625
0 0.506250 0.360938 0.015625 0.015625
0 0.114062 0.360938 0.015625 0.015625
0 0.267188 0.378125 0.015625 0.015625
0 0.034375 0.379688 0.015625 0.015625
0 0.345313 0.379688 0.015625 0.015625
0 0.307812 0.381250 0.015625 0.015625
0 0.382812 0.381250 0.015625 0.015625
0 0.418750 0.381250 0.015625 0.015625
0 0.456250 0.382812 0.015625 0.015625
0 0.503125 0.382812 0.015625 0.015625
0 0.646875 0.384375 0.015625 0.015625
0 0.232813 0.384375 0.015625 0.015625
0 0.607812 0.384375 0.015625 0.015625
0 0.135937 0.385937 0.015625 0.015625
0 0.568750 0.385937 0.015625 0.015625
0 0.160938 0.385937 0.015625 0.015625
0 0.910937 0.392188 0.015625 0.015625
0 0.948438 0.392188 0.015625 0.015625
0 0.985938 0.400000 0.015625 0.015625
0 0.096875 0.406250 0.015625 0.015625
0 0.709375 0.409375 0.015625 0.015625
0 0.360938 0.417187 0.015625 0.015625
0 0.207813 0.420312 0.015625 0.015625
0 0.248438 0.420312 0.015625 0.015625
0 0.326562 0.420312 0.015625 0.015625
0 0.510938 0.420312 0.015625 0.015625
0 0.629687 0.420312 0.015625 0.015625
0 0.400000 0.421875 0.015625 0.015625
0 0.548438 0.421875 0.015625 0.015625
0 0.475000 0.421875 0.015625 0.015625
0 0.853125 0.421875 0.015625 0.015625
0 0.967187 0.421875 0.015625 0.015625
0 0.057813 0.423438 0.015625 0.015625
0 0.929688 0.423438 0.015625 0.015625
0 0.820312 0.423438 0.015625 0.015625
0 0.893750 0.423438 0.015625 0.015625
0 0.581250 0.425000 0.015625 0.015625
0 0.154688 0.440625 0.015625 0.015625
0 0.190625 0.443750 0.015625 0.015625
0 0.270313 0.445312 0.015625 0.015625
0 0.307812 0.445312 0.015625 0.015625
0 0.345313 0.445312 0.015625 0.015625
0 0.376563 0.446875 0.015625 0.015625
0 0.531250 0.448437 0.015625 0.015625
0 0.228125 0.448437 0.015625 0.015625
0 0.493750 0.448437 0.015625 0.015625
0 0.571875 0.454688 0.015625 0.015625
0 0.648438 0.454688 0.015625 0.015625
0 0.415625 0.456250 0.015625 0.015625
0 0.948438 0.456250 0.015625 0.015625
0 0.910937 0.456250 0.015625 0.015625
0 0.035937 0.456250 0.015625 0.015625
0 0.610938 0.457813 0.015625 0.015625
0 0.873437 0.457813 0.015625 0.015625
0 0.985938 0.457813 0.015625 0.015625
0 0.800000 0.457813 0.015625 0.015625
0 0.095312 0.475000 0.015625 0.015625
0 0.131250 0.481250 0.015625 0.015625
0 0.473438 0.481250 0.015625 0.015625
0 0.285938 0.481250 0.015625 0.015625
0 0.398438 0.481250 0.015625 0.015625
0 0.435937 0.482812 0.015625 0.015625
0 0.171875 0.482812 0.015625 0.015625
0 0.018750 0.482812 0.015625 0.015625
0 0.367188 0.484375 0.015625 0.015625
0 0.557813 0.484375 0.015625 0.015625
0 0.210938 0.484375 0.015625 0.015625
0 0.623437 0.484375 0.015625 0.015625
0 0.776563 0.484375 0.015625 0.015625
0 0.510938 0.484375 0.015625 0.015625
0 0.965625 0.487500 0.015625 0.015625
0 0.073438 0.504687 0.015625 0.015625
0 0.037500 0.506250 0.015625 0.015625
0 0.226562 0.506250 0.015625 0.015625
0 0.190625 0.507812 0.015625 0.015625
0 0.110937 0.507812 0.015625 0.015625
0 0.303125 0.507812 0.015625 0.015625
0 0.150000 0.507812 0.015625 0.015625
0 0.414062 0.507812 0.015625 0.015625
0 0.264062 0.509375 0.015625 0.015625
0 0.757812 0.509375 0.015625 0.015625
0 0.337500 0.509375 0.015625 0.015625
0 0.453125 0.512500 0.015625 0.015625
0 0.493750 0.512500 0.015625 0.015625
0 0.795312 0.515625 0.015625 0.015625
0 0.639062 0.515625 0.015625 0.015625
0 0.873437 0.518750 0.015625 0.015625
0 0.909375 0.520312 0.015625 0.015625
0 0.946875 0.521875 0.015625 0.015625
0 0.985938 0.521875 0.015625 0.015625
0 0.359375 0.528125 0.015625 0.015625
0 0.096875 0.531250 0.015625 0.015625
0 0.020313 0.534375 0.015625 0.015625
0 0.395313 0.537500 0.015625 0.015625
0 0.056250 0.537500 0.015625 0.015625
0 0.245312 0.537500 0.015625 0.015625
0 0.320312 0.539062 0.015625 0.015625
0 0.209375 0.542188 0.015625 0.015625
0 0.584375 0.542188 0.015625 0.015625
0 0.550000 0.543750 0.015625 0.015625
0 0.284375 0.543750 0.015625 0.015625
0 0.621875 0.545312 0.015625 0.015625
0 0.662500 0.545312 0.015625 0.015625
0 0.510938 0.546875 0.015625 0.015625
0 0.700000 0.548438 0.015625 0.015625
0 0.815625 0.550000 0.015625 0.015625
0 0.776563 0.550000 0.015625 0.015625
0 0.892188 0.551562 0.015625 0.015625
0 0.964063 0.553125 0.015625 0.015625
0 0.926562 0.553125 0.015625 0.015625
0 0.114062 0.562500 0.015625 0.015625
0 0.035937 0.570312 0.015625 0.015625
0 0.754687 0.570312 0.015625 0.015625
0 0.075000 0.570312 0.015625 0.015625
0 0.150000 0.570312 0.015625 0.015625
0 0.187500 0.571875 0.015625 0.015625
0 0.376563 0.573438 0.015625 0.015625
0 0.456250 0.573438 0.015625 0.015625
0 0.262500 0.573438 0.015625 0.015625
0 0.301563 0.573438 0.015625 0.015625
0 0.226562 0.573438 0.015625 0.015625
0 0.339062 0.573438 0.015625 0.015625
0 0.490625 0.575000 0.015625 0.015625
0 0.567187 0.576562 0.015625 0.015625
0 0.642188 0.578125 0.015625 0.015625
0 0.526563 0.579688 0.015625 0.015625
0 0.681250 0.581250 0.015625 0.015625
0 0.834375 0.584375 0.015625 0.015625
0 0.948438 0.585938 0.015625 0.015625
0 0.984375 0.585938 0.015625 0.015625
0 0.090625 0.601562 0.015625 0.015625
0 0.132812 0.601562 0.015625 0.015625
0 0.170313 0.603125 0.015625 0.015625
0 0.017188 0.604688 0.015625 0.015625
0 0.051562 0.604688 0.015625 0.015625
0 0.207813 0.606250 0.015625 0.015625
0 0.282813 0.606250 0.015625 0.015625
0 0.320312 0.606250 0.015625 0.015625
0 0.396875 0.607812 0.015625 0.015625
0 0.357812 0.607812 0.015625 0.015625
0 0.243750 0.607812 0.015625 0.015625
0 0.471875 0.609375 0.015625 0.015625
0 0.507812 0.610938 0.015625 0.015625
0 0.621875 0.612500 0.015625 0.015625
0 0.659375 0.615625 0.015625 0.015625
0 0.775000 0.617188 0.015625 0.015625
0 0.814063 0.617188 0.015625 0.015625
0 0.698438 0.617188 0.015625 0.015625
0 0.851562 0.617188 0.015625 0.015625
0 0.892188 0.617188 0.015625 0.015625
0 0.965625 0.618750 0.015625 0.015625
0 0.926562 0.618750 0.015625 0.015625
0 0.070312 0.637500 0.015625 0.015625
0 0.339062 0.639062 0.015625 0.015625
0 0.187500 0.639062 0.015625 0.015625
0 0.110937 0.639062 0.015625 0.015625
0 0.221875 0.642188 0.015625 0.015625
0 0.375000 0.642188 0.015625 0.015625
0 0.456250 0.643750 0.015625 0.015625
0 0.414062 0.645312 0.015625 0.015625
0 0.487500 0.645312 0.015625 0.015625
0 0.262500 0.645312 0.015625 0.015625
0 0.525000 0.645312 0.015625 0.015625
0 0.603125 0.646875 0.015625 0.015625
0 0.871875 0.648438 0.015625 0.015625
0 0.715625 0.648438 0.015625 0.015625
0 0.796875 0.648438 0.015625 0.015625
0 0.645312 0.650000 0.015625 0.015625
0 0.832812 0.650000 0.015625 0.015625
0 0.945312 0.650000 0.015625 0.015625
0 0.984375 0.656250 0.015625 0.015625
0 0.087500 0.670312 0.015625 0.015625
0 0.432812 0.673438 0.015625 0.015625
0 0.470313 0.676562 0.015625 0.015625
0 0.621875 0.678125 0.015625 0.015625
0 0.545312 0.678125 0.015625 0.015625
0 0.734375 0.681250 0.015625 0.015625
0 0.698438 0.681250 0.015625 0.015625
0 0.925000 0.681250 0.015625 0.015625
0 0.885938 0.682813 0.015625 0.015625
0 0.850000 0.684375 0.015625 0.015625
0 0.445312 0.692187 0.015625 0.015625
0 0.032813 0.701562 0.015625 0.015625
0 0.107813 0.703125 0.015625 0.015625
0 0.146875 0.703125 0.015625 0.015625
0 0.068750 0.703125 0.015625 0.015625
0 0.300000 0.706250 0.015625 0.015625
0 0.225000 0.706250 0.015625 0.015625
0 0.262500 0.706250 0.015625 0.015625
0 0.185938 0.706250 0.015625 0.015625
0 0.337500 0.707812 0.015625 0.015625
0 0.375000 0.707812 0.015625 0.015625
0 0.526563 0.709375 0.015625 0.015625
0 0.489063 0.709375 0.015625 0.015625
0 0.412500 0.709375 0.015625 0.015625
0 0.564063 0.710938 0.015625 0.015625
0 0.601562 0.710938 0.015625 0.015625
0 0.639062 0.712500 0.015625 0.015625
0 0.450000 0.712500 0.015625 0.015625
0 0.756250 0.712500 0.015625 0.015625
0 0.678125 0.715625 0.015625 0.015625
0 0.715625 0.715625 0.015625 0.015625
0 0.982812 0.718750 0.015625 0.015625
0 0.048438 0.732812 0.015625 0.015625
0 0.320312 0.734375 0.015625 0.015625
0 0.623437 0.734375 0.015625 0.015625
0 0.012500 0.734375 0.015625 0.015625
0 0.089063 0.735938 0.015625 0.015625
0 0.164062 0.739062 0.015625 0.015625
0 0.126562 0.739062 0.015625 0.015625
0 0.393750 0.739062 0.015625 0.015625
0 0.356250 0.740625 0.015625 0.015625
0 0.201563 0.740625 0.015625 0.015625
0 0.850000 0.740625 0.015625 0.015625
0 0.432812 0.742188 0.015625 0.015625
0 0.507812 0.742188 0.015625 0.015625
0 0.470313 0.742188 0.015625 0.015625
0 0.582812 0.743750 0.015625 0.015625
0 0.734375 0.745313 0.015625 0.015625
0 0.657813 0.745313 0.015625 0.015625
0 0.773438 0.745313 0.015625 0.015625
0 0.885938 0.746875 0.015625 0.015625
0 0.920312 0.750000 0.015625 0.015625
0 0.962500 0.753125 0.015625 0.015625
0 0.996875 0.753125 0.015625 0.015625
0 0.029687 0.764062 0.015625 0.015625
0 0.721875 0.767188 0.015625 0.015625
0 0.068750 0.770312 0.015625 0.015625
0 0.145313 0.770312 0.015625 0.015625
0 0.793750 0.771875 0.015625 0.015625
0 0.600000 0.771875 0.015625 0.015625
0 0.337500 0.773438 0.015625 0.015625
0 0.300000 0.773438 0.015625 0.015625
0 0.221875 0.773438 0.015625 0.015625
0 0.450000 0.773438 0.015625 0.015625
0 0.182812 0.773438 0.015625 0.015625
0 0.485938 0.773438 0.015625 0.015625
0 0.259375 0.773438 0.015625 0.015625
0 0.109375 0.776563 0.015625 0.015625
0 0.676562 0.776563 0.015625 0.015625
0 0.562500 0.776563 0.015625 0.015625
0 0.637500 0.778125 0.015625 0.015625
0 0.981250 0.784375 0.015625 0.015625
0 0.939063 0.784375 0.015625 0.015625
0 0.900000 0.785937 0.015625 0.015625
0 0.009375 0.789062 0.015625 0.015625
0 0.354687 0.801562 0.015625 0.015625
0 0.201563 0.803125 0.015625 0.015625
0 0.315625 0.803125 0.015625 0.015625
0 0.467187 0.803125 0.015625 0.015625
0 0.734375 0.803125 0.015625 0.015625
0 0.428125 0.804688 0.015625 0.015625
0 0.506250 0.804688 0.015625 0.015625
0 0.543750 0.806250 0.015625 0.015625
0 0.048438 0.806250 0.015625 0.015625
0 0.614062 0.807813 0.015625 0.015625
0 0.696875 0.807813 0.015625 0.015625
0 0.657813 0.807813 0.015625 0.015625
0 0.012500 0.807813 0.015625 0.015625
0 0.807813 0.810937 0.015625 0.015625
0 0.282813 0.812500 0.015625 0.015625
0 0.921875 0.814063 0.015625 0.015625
0 0.232813 0.815625 0.015625 0.015625
0 0.125000 0.815625 0.015625 0.015625
0 0.962500 0.828125 0.015625 0.015625
0 0.850000 0.829688 0.015625 0.015625
0 0.375000 0.831250 0.015625 0.015625
0 0.337500 0.832812 0.015625 0.015625
0 0.525000 0.835938 0.015625 0.015625
0 0.104688 0.837500 0.015625 0.015625
0 0.070312 0.839063 0.015625 0.015625
0 0.179688 0.839063 0.015625 0.015625
0 0.032813 0.839063 0.015625 0.015625
0 0.145313 0.839063 0.015625 0.015625
0 0.256250 0.840625 0.015625 0.015625
0 0.298438 0.840625 0.015625 0.015625
0 0.751563 0.842187 0.015625 0.015625
0 0.635938 0.842187 0.015625 0.015625
0 0.600000 0.843750 0.015625 0.015625
0 0.787500 0.843750 0.015625 0.015625
0 0.712500 0.843750 0.015625 0.015625
0 0.675000 0.845313 0.015625 0.015625
0 0.825000 0.845313 0.015625 0.015625
0 0.942187 0.845313 0.015625 0.015625
0 0.901563 0.846875 0.015625 0.015625
0 0.976562 0.848437 0.015625 0.015625
0 0.428125 0.862500 0.015625 0.015625
0 0.051562 0.870313 0.015625 0.015625
0 0.087500 0.873437 0.015625 0.015625
0 0.770312 0.876563 0.015625 0.015625
0 0.198437 0.876563 0.015625 0.015625
0 0.235937 0.876563 0.015625 0.015625
0 0.160938 0.876563 0.015625 0.015625
0 0.732812 0.876563 0.015625 0.015625
0 0.960938 0.878125 0.015625 0.015625
0 0.804688 0.878125 0.015625 0.015625
0 0.923438 0.878125 0.015625 0.015625
0 0.695312 0.879687 0.015625 0.015625
0 0.845313 0.879687 0.015625 0.015625
0 0.998437 0.879687 0.015625 0.015625
0 0.312500 0.881250 0.015625 0.015625
0 0.121875 0.881250 0.015625 0.015625
0 0.884375 0.881250 0.015625 0.015625
0 0.273438 0.881250 0.015625 0.015625
0 0.350000 0.882812 0.015625 0.015625
0 0.070312 0.904687 0.015625 0.015625
0 0.181250 0.906250 0.015625 0.015625
0 0.823438 0.906250 0.015625 0.015625
0 0.107813 0.906250 0.015625 0.015625
0 0.145313 0.906250 0.015625 0.015625
0 0.523438 0.906250 0.015625 0.015625
0 0.371875 0.906250 0.015625 0.015625
0 0.446875 0.906250 0.015625 0.015625
0 0.600000 0.906250 0.015625 0.015625
0 0.409375 0.906250 0.015625 0.015625
0 0.560937 0.906250 0.015625 0.015625
0 0.750000 0.907813 0.015625 0.015625
0 0.295312 0.907813 0.015625 0.015625
0 0.485938 0.907813 0.015625 0.015625
0 0.217188 0.907813 0.015625 0.015625
0 0.787500 0.909375 0.015625 0.015625
0 0.257812 0.910937 0.015625 0.015625
0 0.676562 0.910937 0.015625 0.015625
0 0.712500 0.912500 0.015625 0.015625
0 0.864062 0.914062 0.015625 0.015625
0 0.350000 0.929688 0.015625 0.015625
0 0.426563 0.935937 0.015625 0.015625
0 0.503125 0.935937 0.015625 0.015625
0 0.087500 0.935937 0.015625 0.015625
0 0.312500 0.939063 0.015625 0.015625
0 0.464062 0.939063 0.015625 0.015625
0 0.542188 0.939063 0.015625 0.015625
0 0.576562 0.939063 0.015625 0.015625
0 0.200000 0.939063 0.015625 0.015625
0 0.617188 0.939063 0.015625 0.015625
0 0.275000 0.940625 0.015625 0.015625
0 0.237500 0.940625 0.015625 0.015625
0 0.654687 0.942187 0.015625 0.015625
0 0.693750 0.942187 0.015625 0.015625
0 0.729688 0.942187 0.015625 0.015625
0 0.768750 0.943750 0.015625 0.015625
0 0.807813 0.943750 0.015625 0.015625
0 0.845313 0.945312 0.015625 0.015625
0 0.884375 0.946875 0.015625 0.015625
0 0.996875 0.948438 0.015625 0.015625
0 0.960938 0.950000 0.015625 0.015625
0 0.345313 0.962500 0.015625 0.015625
0 0.182812 0.962500 0.015625 0.015625
0 0.560937 0.964063 0.015625 0.015625
0 0.439063 0.964063 0.015625 0.015625
0 0.484375 0.965625 0.015625 0.015625
0 0.407813 0.967187 0.015625 0.015625
0 0.635938 0.967187 0.015625 0.015625
0 0.064062 0.968750 0.015625 0.015625
0 0.028125 0.968750 0.015625 0.015625
0 0.675000 0.968750 0.015625 0.015625
0 0.142187 0.968750 0.015625 0.015625
0 0.295312 0.970313 0.015625 0.015625
0 0.710938 0.970313 0.015625 0.015625
0 0.218750 0.971875 0.015625 0.015625
0 0.257812 0.971875 0.015625 0.015625
0 0.821875 0.973437 0.015625 0.015625
0 0.750000 0.975000 0.015625 0.015625
0 0.787500 0.976562 0.015625 0.015625
0 0.873437 0.976562 0.015625 0.015625
0 0.546875 0.993750 0.015625 0.015625
0 0.690625 0.996875 0.015625 0.015625
0 0.310937 0.998437 0.015625 0.015625
