0 0.051562 0.034375 0.015625 0.015625
0 0.206250 0.037500 0.015625 0.015625
0 0.282813 0.037500 0.015625 0.015625
0 0.129688 0.037500 0.015625 0.015625
0 0.357812 0.040625 0.015625 0.015625
0 0.432812 0.040625 0.015625 0.015625
0 0.585938 0.043750 0.015625 0.015625
0 0.510938 0.043750 0.015625 0.015625
0 0.657813 0.045312 0.015625 0.015625
0 0.734375 0.046875 0.015625 0.015625
0 0.810937 0.050000 0.015625 0.015625
0 0.965625 0.051562 0.015625 0.015625
0 0.887500 0.051562 0.015625 0.015625
0 0.012500 0.093750 0.015625 0.015625
0 0.089063 0.100000 0.015625 0.015625
0 0.165625 0.101562 0.015625 0.015625
0 0.243750 0.101562 0.015625 0.015625
0 0.317188 0.103125 0.015625 0.015625
0 0.468750 0.104688 0.015625 0.015625
0 0.545312 0.106250 0.015625 0.015625
0 0.392188 0.106250 0.015625 0.015625
0 0.695312 0.107813 0.015625 0.015625
0 0.620313 0.109375 0.015625 0.015625
0 0.771875 0.110937 0.015625 0.015625
0 0.848437 0.114062 0.015625 0.015625
0 0.928125 0.117188 0.015625 0.015625
0 0.048438 0.164062 0.015625 0.015625
0 0.198437 0.168750 0.015625 0.015625
0 0.278125 0.170313 0.015625 0.015625
0 0.125000 0.170313 0.015625 0.015625
0 0.432812 0.170313 0.015625 0.015625
0 0.353125 0.170313 0.015625 0.015625
0 0.507812 0.171875 0.015625 0.015625
0 0.584375 0.173437 0.015625 0.015625
0 0.659375 0.173437 0.015625 0.015625
0 0.734375 0.176563 0.015625 0.015625
0 0.884375 0.178125 0.015625 0.015625
0 0.809375 0.181250 0.015625 0.015625
0 0.084375 0.228125 0.015625 0.015625
0 0.012500 0.229687 0.015625 0.015625
0 0.237500 0.231250 0.015625 0.015625
0 0.314063 0.232813 0.015625 0.015625
0 0.162500 0.232813 0.015625 0.015625
0 0.389062 0.235937 0.015625 0.015625
0 0.467187 0.237500 0.015625 0.015625
0 0.693750 0.242188 0.015625 0.015625
0 0.618750 0.242188 0.015625 0.015625
0 0.542188 0.242188 0.015625 0.015625
0 0.920312 0.243750 0.015625 0.015625
0 0.770312 0.243750 0.015625 0.015625
0 0.843750 0.245312 0.015625 0.015625
0 0.123438 0.293750 0.015625 0.015625
0 0.275000 0.296875 0.015625 0.015625
0 0.042188 0.296875 0.015625 0.015625
0 0.201563 0.298438 0.015625 0.015625
0 0.350000 0.300000 0.015625 0.015625
0 0.429688 0.303125 0.015625 0.015625
0 0.581250 0.306250 0.015625 0.015625
0 0.656250 0.307812 0.015625 0.015625
0 0.506250 0.307812 0.015625 0.015625
0 0.732812 0.309375 0.015625 0.015625
0 0.884375 0.310937 0.015625 0.015625
0 0.807813 0.310937 0.015625 0.015625
0 0.959375 0.312500 0.015625 0.015625
0 0.009375 0.362500 0.015625 0.015625
0 0.084375 0.362500 0.015625 0.015625
0 0.159375 0.364063 0.015625 0.015625
0 0.235937 0.365625 0.015625 0.015625
0 0.310937 0.365625 0.015625 0.015625
0 0.387500 0.365625 0.015625 0.015625
0 0.464062 0.368750 0.015625 0.015625
0 0.542188 0.371875 0.015625 0.015625
0 0.690625 0.371875 0.015625 0.015625
0 0.615625 0.373437 0.015625 0.015625
0 0.918750 0.375000 0.015625 0.015625
0 0.767188 0.375000 0.015625 0.015625
0 0.843750 0.375000 0.015625 0.015625
0 0.042188 0.421875 0.015625 0.015625
0 0.346875 0.428125 0.015625 0.015625
0 0.193750 0.429688 0.015625 0.015625
0 0.503125 0.432812 0.015625 0.015625
0 0.423438 0.434375 0.015625 0.015625
0 0.268750 0.434375 0.015625 0.015625
0 0.578125 0.435937 0.015625 0.015625
0 0.653125 0.437500 0.015625 0.015625
0 0.729688 0.439063 0.015625 0.015625
0 0.806250 0.440625 0.015625 0.015625
0 0.884375 0.443750 0.015625 0.015625
0 0.957812 0.443750 0.015625 0.015625
0 0.004687 0.487500 0.015625 0.015625
0 0.159375 0.492188 0.015625 0.015625
0 0.081250 0.492188 0.015625 0.015625
0 0.235937 0.493750 0.015625 0.015625
0 0.310937 0.495312 0.015625 0.015625
0 0.385937 0.496875 0.015625 0.015625
0 0.537500 0.498437 0.015625 0.015625
0 0.460938 0.498437 0.015625 0.015625
0 0.614062 0.500000 0.015625 0.015625
0 0.765625 0.501563 0.015625 0.015625
0 0.687500 0.504687 0.015625 0.015625
0 0.840625 0.507812 0.015625 0.015625
0 0.917188 0.509375 0.015625 0.015625
0 0.992188 0.512500 0.015625 0.015625
0 0.190625 0.564063 0.015625 0.015625
0 0.115625 0.564063 0.015625 0.015625
0 0.342187 0.565625 0.015625 0.015625
0 0.495312 0.568750 0.015625 0.015625
0 0.570312 0.568750 0.015625 0.015625
0 0.268750 0.568750 0.015625 0.015625
0 0.418750 0.570312 0.015625 0.015625
0 0.653125 0.573438 0.015625 0.015625
0 0.728125 0.573438 0.015625 0.015625
0 0.801562 0.575000 0.015625 0.015625
0 0.954688 0.576562 0.015625 0.015625
0 0.879687 0.576562 0.015625 0.015625
0 0.001563 0.623437 0.015625 0.015625
0 0.231250 0.625000 0.015625 0.015625
0 0.304688 0.626563 0.015625 0.015625
0 0.154688 0.628125 0.015625 0.015625
0 0.381250 0.629687 0.015625 0.015625
0 0.457813 0.634375 0.015625 0.015625
0 0.612500 0.635938 0.015625 0.015625
0 0.534375 0.635938 0.015625 0.015625
0 0.762500 0.639062 0.015625 0.015625
0 0.689063 0.639062 0.015625 0.015625
0 0.835938 0.640625 0.015625 0.015625
0 0.990625 0.640625 0.015625 0.015625
0 0.914062 0.642188 0.015625 0.015625
0 0.037500 0.689063 0.015625 0.015625
0 0.185938 0.692187 0.015625 0.015625
0 0.112500 0.692187 0.015625 0.015625
0 0.340625 0.692187 0.015625 0.015625
0 0.260937 0.693750 0.015625 0.015625
0 0.417187 0.698438 0.015625 0.015625
0 0.725000 0.700000 0.015625 0.015625
0 0.492188 0.701562 0.015625 0.015625
0 0.570312 0.703125 0.015625 0.015625
0 0.795312 0.707812 0.015625 0.015625
0 0.646875 0.709375 0.015625 0.015625
0 0.871875 0.710938 0.015625 0.015625
0 0.950000 0.710938 0.015625 0.015625
0 0.073438 0.753125 0.015625 0.015625
0 0.223438 0.756250 0.015625 0.015625
0 0.004687 0.757812 0.015625 0.015625
0 0.143750 0.759375 0.015625 0.015625
0 0.295312 0.762500 0.015625 0.015625
0 0.373437 0.764062 0.015625 0.015625
0 0.450000 0.765625 0.015625 0.015625
0 0.532813 0.770312 0.015625 0.015625
0 0.912500 0.771875 0.015625 0.015625
0 0.760938 0.771875 0.015625 0.015625
0 0.609375 0.771875 0.015625 0.015625
0 0.685937 0.771875 0.015625 0.015625
0 0.987500 0.773438 0.015625 0.015625
0 0.837500 0.775000 0.015625 0.015625
0 0.109375 0.826562 0.015625 0.015625
0 0.184375 0.826562 0.015625 0.015625
0 0.034375 0.826562 0.015625 0.015625
0 0.256250 0.828125 0.015625 0.015625
0 0.409375 0.831250 0.015625 0.015625
0 0.878125 0.834375 0.015625 0.015625
0 0.485938 0.834375 0.015625 0.015625
0 0.332813 0.834375 0.015625 0.015625
0 0.564063 0.837500 0.015625 0.015625
0 0.953125 0.837500 0.015625 0.015625
0 0.832812 0.900000 0.015625 0.015625
0 0.912500 0.903125 0.015625 0.015625
0 0.029687 0.950000 0.015625 0.015625
0 0.104688 0.953125 0.015625 0.015625
0 0.485938 0.953125 0.015625 0.015625
0 0.181250 0.957812 0.015625 0.015625
0 0.870313 0.959375 0.015625 0.015625
0 0.257812 0.959375 0.015625 0.015625
0 0.407813 0.959375 0.015625 0.015625
0 0.332813 0.959375 0.015625 0.015625
0 0.564063 0.959375 0.015625 0.015625
0 0.642188 0.960938 0.015625 0.015625
0 0.720313 0.960938 0.015625 0.015625
0 0.945312 0.970313 0.015625 0.015625
0 0.989062 0.379688 0.015625 0.015625
0 0.996875 0.246875 0.015625 0.015625
0 0.959375 0.181250 0.015625 0.015625
