0 0.243750 0.414062 0.015625 0.015625
0 0.096875 0.417187 0.015625 0.015625
0 0.020313 0.676562 0.015625 0.015625
0 0.637500 0.168750 0.015625 0.015625
0 0.034375 0.153125 0.015625 0.015625
0 0.095312 0.546875 0.015625 0.015625
0 0.562500 0.165625 0.015625 0.015625
0 0.406250 0.421875 0.015625 0.015625
0 0.137500 0.348438 0.015625 0.015625
0 0.295312 0.226562 0.015625 0.015625
0 0.023438 0.417187 0.015625 0.015625
0 0.289062 0.751563 0.015625 0.015625
0 0.643750 0.042188 0.015625 0.015625
0 0.700000 0.693750 0.015625 0.015625
0 0.068750 0.089063 0.015625 0.015625
0 0.409375 0.162500 0.015625 0.015625
0 0.487500 0.034375 0.015625 0.015625
0 0.264062 0.028125 0.015625 0.015625
0 0.515625 0.620313 0.015625 0.015625
0 0.515625 0.490625 0.015625 0.015625
0 0.175000 0.412500 0.015625 0.015625
0 0.065625 0.220312 0.015625 0.015625
0 0.109375 0.026562 0.015625 0.015625
0 0.368750 0.351562 0.015625 0.015625
0 0.715625 0.173437 0.015625 0.015625
0 0.367188 0.226562 0.015625 0.015625
0 0.064062 0.351562 0.015625 0.015625
0 0.571875 0.032813 0.015625 0.015625
0 0.556250 0.685937 0.015625 0.015625
0 0.018750 0.946875 0.015625 0.015625
0 0.718750 0.043750 0.015625 0.015625
0 0.484375 0.292187 0.015625 0.015625
0 0.629687 0.687500 0.015625 0.015625
0 0.318750 0.682813 0.015625 0.015625
0 0.443750 0.226562 0.015625 0.015625
0 0.635938 0.298438 0.015625 0.015625
0 0.665625 0.620313 0.015625 0.015625
0 0.018750 0.545312 0.015625 0.015625
0 0.740625 0.760938 0.015625 0.015625
0 0.318750 0.943750 0.015625 0.015625
0 0.739062 0.625000 0.015625 0.015625
0 0.214062 0.612500 0.015625 0.015625
0 0.339062 0.032813 0.015625 0.015625
0 0.564063 0.290625 0.015625 0.015625
0 0.062500 0.479687 0.015625 0.015625
0 0.145313 0.215625 0.015625 0.015625
0 0.057813 0.614062 0.015625 0.015625
0 0.517188 0.226562 0.015625 0.015625
0 0.676562 0.237500 0.015625 0.015625
0 0.210938 0.748437 0.015625 0.015625
0 0.432812 0.621875 0.015625 0.015625
0 0.865625 0.171875 0.015625 0.015625
0 0.934375 0.695312 0.015625 0.015625
0 0.940625 0.173437 0.015625 0.015625
0 0.792188 0.170313 0.015625 0.015625
0 0.820312 0.625000 0.015625 0.015625
0 0.940625 0.301563 0.015625 0.015625
0 0.970313 0.764062 0.015625 0.015625
0 0.787500 0.562500 0.015625 0.015625
0 0.893750 0.893750 0.015625 0.015625
0 0.817187 0.240625 0.015625 0.015625
0 0.890625 0.762500 0.015625 0.015625
0 0.896875 0.500000 0.015625 0.015625
0 0.775000 0.689063 0.015625 0.015625
0 0.906250 0.368750 0.015625 0.015625
0 0.982812 0.368750 0.015625 0.015625
0 0.979688 0.242188 0.015625 0.015625
0 0.831250 0.103125 0.015625 0.015625
0 0.860938 0.300000 0.015625 0.015625
0 0.868750 0.043750 0.015625 0.015625
0 0.859375 0.693750 0.015625 0.015625
0 0.793750 0.043750 0.015625 0.015625
0 0.940625 0.439063 0.015625 0.015625
0 0.751563 0.242188 0.015625 0.015625
0 0.900000 0.240625 0.015625 0.015625
0 0.985938 0.104688 0.015625 0.015625
0 0.790625 0.300000 0.015625 0.015625
0 0.785937 0.959375 0.015625 0.015625
0 0.860938 0.560937 0.015625 0.015625
0 0.715625 0.303125 0.015625 0.015625
0 0.973437 0.501563 0.015625 0.015625
0 0.371875 0.089063 0.015625 0.015625
0 0.971875 0.629687 0.015625 0.015625
0 0.334375 0.153125 0.015625 0.015625
0 0.821875 0.500000 0.015625 0.015625
0 0.932813 0.826562 0.015625 0.015625
0 0.475000 0.684375 0.015625 0.015625
0 0.750000 0.498437 0.015625 0.015625
0 0.371875 0.493750 0.015625 0.015625
0 0.967187 0.893750 0.015625 0.015625
0 0.414062 0.029687 0.015625 0.015625
0 0.909375 0.109375 0.015625 0.015625
0 0.407813 0.290625 0.015625 0.015625
0 0.756250 0.101562 0.015625 0.015625
0 0.059375 0.742188 0.015625 0.015625
0 0.017188 0.821875 0.015625 0.015625
0 0.079687 0.814063 0.015625 0.015625
0 0.170313 0.812500 0.015625 0.015625
0 0.057813 0.876563 0.015625 0.015625
0 0.132812 0.884375 0.015625 0.015625
0 0.095312 0.951562 0.015625 0.015625
0 0.173437 0.948438 0.015625 0.015625
0 0.243750 0.946875 0.015625 0.015625
0 0.084375 0.682813 0.015625 0.015625
0 0.200000 0.681250 0.015625 0.015625
0 0.175000 0.548438 0.015625 0.015625
0 0.251563 0.551562 0.015625 0.015625
0 0.025000 0.287500 0.015625 0.015625
0 0.100000 0.289062 0.015625 0.015625
0 0.175000 0.295312 0.015625 0.015625
0 0.293750 0.096875 0.015625 0.015625
0 0.260937 0.153125 0.015625 0.015625
0 0.326562 0.287500 0.015625 0.015625
0 0.276562 0.293750 0.015625 0.015625
0 0.521875 0.103125 0.015625 0.015625
0 0.450000 0.093750 0.015625 0.015625
0 0.485938 0.157812 0.015625 0.015625
0 0.595313 0.101562 0.015625 0.015625
0 0.678125 0.101562 0.015625 0.015625
0 0.854688 0.825000 0.015625 0.015625
0 0.790625 0.826562 0.015625 0.015625
0 0.471875 0.829688 0.015625 0.015625
0 0.529687 0.828125 0.015625 0.015625
0 0.573438 0.828125 0.015625 0.015625
0 0.650000 0.829688 0.015625 0.015625
0 0.318750 0.815625 0.015625 0.015625
0 0.250000 0.817187 0.015625 0.015625
0 0.142187 0.482812 0.015625 0.015625
0 0.590625 0.487500 0.015625 0.015625
0 0.476562 0.554688 0.015625 0.015625
0 0.553125 0.553125 0.015625 0.015625
0 0.625000 0.565625 0.015625 0.015625
0 0.709375 0.421875 0.015625 0.015625
0 0.853125 0.429688 0.015625 0.015625
0 0.437500 0.364063 0.015625 0.015625
0 0.514062 0.373437 0.015625 0.015625
0 0.479687 0.431250 0.015625 0.015625
0 0.537500 0.429688 0.015625 0.015625
0 0.590625 0.428125 0.015625 0.015625
0 0.028125 0.028125 0.015625 0.015625
0 0.106250 0.153125 0.015625 0.015625
0 0.846875 0.951562 0.015625 0.015625
0 0.921875 0.956250 0.015625 0.015625
0 0.679688 0.900000 0.015625 0.015625
0 0.543750 0.898438 0.015625 0.015625
0 0.651563 0.956250 0.015625 0.015625
0 0.721875 0.957812 0.015625 0.015625
0 0.768750 0.890625 0.015625 0.015625
0 0.939063 0.557813 0.015625 0.015625
0 0.723437 0.557813 0.015625 0.015625
0 0.756250 0.365625 0.015625 0.015625
0 0.165625 0.671875 0.015625 0.015625
0 0.132812 0.614062 0.015625 0.015625
0 0.959375 0.039062 0.015625 0.015625
0 0.323437 0.409375 0.015625 0.015625
