0 0.139063 0.145313 0.015625 0.015625
0 0.139063 0.275000 0.015625 0.015625
0 0.018750 0.340625 0.015625 0.015625
0 0.135937 0.410938 0.015625 0.015625
0 0.065625 0.014063 0.015625 0.015625
0 0.245312 0.340625 0.015625 0.015625
0 0.665625 0.025000 0.015625 0.015625
0 0.514062 0.020313 0.015625 0.015625
0 0.590625 0.026562 0.015625 0.015625
0 0.895312 0.028125 0.015625 0.015625
0 0.818750 0.029687 0.015625 0.015625
0 0.292187 0.017188 0.015625 0.015625
0 0.662500 0.417187 0.015625 0.015625
0 0.435937 0.410938 0.015625 0.015625
0 0.742188 0.028125 0.015625 0.015625
0 0.218750 0.017188 0.015625 0.015625
0 0.470313 0.470313 0.015625 0.015625
0 0.509375 0.412500 0.015625 0.015625
0 0.768750 0.350000 0.015625 0.015625
0 0.545312 0.346875 0.015625 0.015625
0 0.809375 0.417187 0.015625 0.015625
0 0.214062 0.146875 0.015625 0.015625
0 0.285938 0.275000 0.015625 0.015625
0 0.332813 0.090625 0.015625 0.015625
0 0.400000 0.217188 0.015625 0.015625
0 0.698438 0.090625 0.015625 0.015625
0 0.321875 0.214062 0.015625 0.015625
0 0.921875 0.354687 0.015625 0.015625
0 0.887500 0.420312 0.015625 0.015625
0 0.212500 0.406250 0.015625 0.015625
0 0.696875 0.354687 0.015625 0.015625
0 0.965625 0.292187 0.015625 0.015625
0 0.023438 0.209375 0.015625 0.015625
0 0.023438 0.076563 0.015625 0.015625
0 0.168750 0.476562 0.015625 0.015625
0 0.098437 0.210938 0.015625 0.015625
0 0.693750 0.478125 0.015625 0.015625
0 0.245312 0.475000 0.015625 0.015625
0 0.396875 0.342187 0.015625 0.015625
0 0.095312 0.340625 0.015625 0.015625
0 0.051562 0.275000 0.015625 0.015625
0 0.010937 0.601562 0.015625 0.015625
0 0.042188 0.798438 0.015625 0.015625
0 0.118750 0.801562 0.015625 0.015625
0 0.065625 0.142187 0.015625 0.015625
0 0.057813 0.401562 0.015625 0.015625
0 0.170313 0.210938 0.015625 0.015625
0 0.173437 0.342187 0.015625 0.015625
0 0.539062 0.870313 0.015625 0.015625
0 0.615625 0.875000 0.015625 0.015625
0 0.578125 0.673438 0.015625 0.015625
0 0.268750 0.926562 0.015625 0.015625
0 0.346875 0.801562 0.015625 0.015625
0 0.957812 0.946875 0.015625 0.015625
0 0.690625 0.742188 0.015625 0.015625
0 0.959375 0.687500 0.015625 0.015625
0 0.615625 0.610938 0.015625 0.015625
0 0.271875 0.800000 0.015625 0.015625
0 0.268750 0.668750 0.015625 0.015625
0 0.353125 0.670312 0.015625 0.015625
0 0.651563 0.676562 0.015625 0.015625
0 0.690625 0.873437 0.015625 0.015625
0 0.962500 0.820312 0.015625 0.015625
0 0.882812 0.684375 0.015625 0.015625
0 0.432812 0.670312 0.015625 0.015625
0 0.390625 0.598437 0.015625 0.015625
0 0.500000 0.673438 0.015625 0.015625
0 0.996875 0.484375 0.015625 0.015625
0 0.500000 0.803125 0.015625 0.015625
0 0.959375 0.551562 0.015625 0.015625
0 0.573438 0.937500 0.015625 0.015625
0 0.918750 0.615625 0.015625 0.015625
0 0.765625 0.873437 0.015625 0.015625
0 0.882812 0.550000 0.015625 0.015625
0 0.807813 0.548438 0.015625 0.015625
0 0.725000 0.676562 0.015625 0.015625
0 0.843750 0.478125 0.015625 0.015625
0 0.970313 0.164062 0.015625 0.015625
0 0.362500 0.279687 0.015625 0.015625
0 0.209375 0.271875 0.015625 0.015625
0 0.321875 0.339062 0.015625 0.015625
0 0.967187 0.418750 0.015625 0.015625
0 0.464062 0.740625 0.015625 0.015625
0 0.884375 0.815625 0.015625 0.015625
0 0.467187 0.601562 0.015625 0.015625
0 0.843750 0.351562 0.015625 0.015625
0 0.648438 0.939063 0.015625 0.015625
0 0.193750 0.798438 0.015625 0.015625
0 0.623437 0.350000 0.015625 0.015625
0 0.932813 0.093750 0.015625 0.015625
0 0.103125 0.076563 0.015625 0.015625
0 0.250000 0.209375 0.015625 0.015625
0 0.018750 0.465625 0.015625 0.015625
0 0.557813 0.468750 0.015625 0.015625
0 0.646875 0.468750 0.015625 0.015625
0 0.756250 0.932813 0.015625 0.015625
0 0.831250 0.934375 0.015625 0.015625
0 0.421875 0.929688 0.015625 0.015625
0 0.496875 0.931250 0.015625 0.015625
0 0.348438 0.929688 0.015625 0.015625
0 0.464062 0.871875 0.015625 0.015625
0 0.385937 0.865625 0.015625 0.015625
0 0.304688 0.871875 0.015625 0.015625
0 0.235937 0.870313 0.015625 0.015625
0 0.140625 0.865625 0.015625 0.015625
0 0.575000 0.801562 0.015625 0.015625
0 0.650000 0.807813 0.015625 0.015625
0 0.717187 0.814063 0.015625 0.015625
0 0.803125 0.814063 0.015625 0.015625
0 0.920312 0.751563 0.015625 0.015625
0 0.915625 0.485938 0.015625 0.015625
0 0.998437 0.746875 0.015625 0.015625
0 0.700000 0.610938 0.015625 0.015625
0 0.782813 0.610938 0.015625 0.015625
0 0.825000 0.610938 0.015625 0.015625
0 0.545312 0.606250 0.015625 0.015625
0 0.817187 0.678125 0.015625 0.015625
0 0.910937 0.881250 0.015625 0.015625
0 0.953125 0.881250 0.015625 0.015625
0 0.810937 0.162500 0.015625 0.015625
0 0.734375 0.157812 0.015625 0.015625
0 0.660937 0.156250 0.015625 0.015625
0 0.723437 0.540625 0.015625 0.015625
0 0.651563 0.540625 0.015625 0.015625
0 0.575000 0.537500 0.015625 0.015625
0 0.773438 0.482812 0.015625 0.015625
0 0.729688 0.410938 0.015625 0.015625
0 0.696875 0.225000 0.015625 0.015625
0 0.776563 0.100000 0.015625 0.015625
0 0.634375 0.093750 0.015625 0.015625
0 0.857812 0.092188 0.015625 0.015625
