0 0.129688 0.003125 0.015625 0.015625
0 0.193750 0.003125 0.015625 0.015625
0 0.276562 0.004687 0.015625 0.015625
0 0.353125 0.004687 0.015625 0.015625
0 0.421875 0.006250 0.015625 0.015625
0 0.501563 0.007812 0.015625 0.015625
0 0.584375 0.010937 0.015625 0.015625
0 0.662500 0.012500 0.015625 0.015625
0 0.729688 0.010937 0.015625 0.015625
0 0.168750 0.067187 0.015625 0.015625
0 0.235937 0.065625 0.015625 0.015625
0 0.317188 0.067187 0.015625 0.015625
0 0.396875 0.067187 0.015625 0.015625
0 0.479687 0.070312 0.015625 0.015625
0 0.556250 0.071875 0.015625 0.015625
0 0.631250 0.076563 0.015625 0.015625
0 0.696875 0.079687 0.015625 0.015625
0 0.764062 0.087500 0.015625 0.015625
0 0.273438 0.125000 0.015625 0.015625
0 0.356250 0.129688 0.015625 0.015625
0 0.314063 0.207813 0.015625 0.015625
0 0.392188 0.206250 0.015625 0.015625
0 0.446875 0.206250 0.015625 0.015625
0 0.453125 0.129688 0.015625 0.015625
0 0.528125 0.131250 0.015625 0.015625
0 0.598437 0.128125 0.015625 0.015625
0 0.664062 0.128125 0.015625 0.015625
0 0.721875 0.129688 0.015625 0.015625
0 0.757812 0.206250 0.015625 0.015625
0 0.682813 0.209375 0.015625 0.015625
0 0.626563 0.187500 0.015625 0.015625
0 0.570312 0.268750 0.015625 0.015625
0 0.493750 0.270313 0.015625 0.015625
0 0.425000 0.273438 0.015625 0.015625
0 0.350000 0.268750 0.015625 0.015625
0 0.381250 0.334375 0.015625 0.015625
0 0.415625 0.407813 0.015625 0.015625
0 0.489063 0.410938 0.015625 0.015625
0 0.568750 0.404687 0.015625 0.015625
0 0.650000 0.401562 0.015625 0.015625
0 0.454688 0.468750 0.015625 0.015625
0 0.537500 0.470313 0.015625 0.015625
0 0.606250 0.470313 0.015625 0.015625
0 0.662500 0.471875 0.015625 0.015625
0 0.493750 0.532813 0.015625 0.015625
0 0.570312 0.532813 0.015625 0.015625
0 0.650000 0.540625 0.015625 0.015625
0 0.721875 0.540625 0.015625 0.015625
0 0.534375 0.601562 0.015625 0.015625
0 0.607812 0.606250 0.015625 0.015625
0 0.681250 0.604688 0.015625 0.015625
0 0.564063 0.665625 0.015625 0.015625
0 0.643750 0.668750 0.015625 0.015625
0 0.715625 0.670312 0.015625 0.015625
0 0.965625 0.010937 0.015625 0.015625
0 0.896875 0.015625 0.015625 0.015625
0 0.917188 0.081250 0.015625 0.015625
0 0.948438 0.139063 0.015625 0.015625
0 0.937500 0.212500 0.015625 0.015625
0 0.954688 0.281250 0.015625 0.015625
0 0.873437 0.275000 0.015625 0.015625
0 0.867188 0.215625 0.015625 0.015625
0 0.845313 0.350000 0.015625 0.015625
0 0.865625 0.406250 0.015625 0.015625
0 0.914062 0.346875 0.015625 0.015625
0 0.950000 0.401562 0.015625 0.015625
0 0.990625 0.337500 0.015625 0.015625
0 0.792188 0.531250 0.015625 0.015625
0 0.868750 0.540625 0.015625 0.015625
0 0.950000 0.540625 0.015625 0.015625
0 0.837500 0.465625 0.015625 0.015625
0 0.909375 0.478125 0.015625 0.015625
0 0.814063 0.654687 0.015625 0.015625
0 0.829688 0.604688 0.015625 0.015625
0 0.882812 0.668750 0.015625 0.015625
0 0.931250 0.603125 0.015625 0.015625
0 0.945312 0.668750 0.015625 0.015625
0 0.987500 0.609375 0.015625 0.015625
0 0.635938 0.801562 0.015625 0.015625
0 0.671875 0.862500 0.015625 0.015625
0 0.712500 0.803125 0.015625 0.015625
0 0.748437 0.865625 0.015625 0.015625
0 0.709375 0.934375 0.015625 0.015625
0 0.789062 0.934375 0.015625 0.015625
0 0.904687 0.731250 0.015625 0.015625
0 0.903125 0.867188 0.015625 0.015625
0 0.984375 0.868750 0.015625 0.015625
0 0.982812 0.735938 0.015625 0.015625
0 0.040625 0.120313 0.015625 0.015625
0 0.004687 0.203125 0.015625 0.015625
0 0.035937 0.264062 0.015625 0.015625
0 0.090625 0.200000 0.015625 0.015625
0 0.115625 0.265625 0.015625 0.015625
0 0.004687 0.325000 0.015625 0.015625
0 0.081250 0.325000 0.015625 0.015625
0 0.150000 0.331250 0.015625 0.015625
0 0.110937 0.403125 0.015625 0.015625
0 0.042188 0.390625 0.015625 0.015625
0 0.071875 0.456250 0.015625 0.015625
0 0.159375 0.467187 0.015625 0.015625
0 0.217188 0.464062 0.015625 0.015625
0 0.192188 0.396875 0.015625 0.015625
0 0.021875 0.523438 0.015625 0.015625
0 0.114062 0.526563 0.015625 0.015625
0 0.176563 0.526563 0.015625 0.015625
0 0.232813 0.603125 0.015625 0.015625
0 0.293750 0.545312 0.015625 0.015625
0 0.301563 0.607812 0.015625 0.015625
0 0.020313 0.921875 0.015625 0.015625
0 0.076563 0.864062 0.015625 0.015625
0 0.110937 0.925000 0.015625 0.015625
0 0.173437 0.887500 0.015625 0.015625
0 0.179688 0.921875 0.015625 0.015625
0 0.245312 0.912500 0.015625 0.015625
0 0.340625 0.928125 0.015625 0.015625
0 0.412500 0.931250 0.015625 0.015625
0 0.471875 0.926562 0.015625 0.015625
0 0.440625 0.860938 0.015625 0.015625
0 0.370312 0.865625 0.015625 0.015625
0 0.295312 0.865625 0.015625 0.015625
0 0.062500 0.990625 0.015625 0.015625
0 0.140625 0.992188 0.015625 0.015625
0 0.218750 0.987500 0.015625 0.015625
0 0.290625 0.993750 0.015625 0.015625
0 0.371875 0.995313 0.015625 0.015625
0 0.450000 0.992188 0.015625 0.015625
0 0.532813 0.862500 0.015625 0.015625
0 0.559375 0.926562 0.015625 0.015625
0 0.596875 0.992188 0.015625 0.015625
0 0.278125 0.785937 0.015625 0.015625
0 0.339062 0.790625 0.015625 0.015625
0 0.339062 0.659375 0.015625 0.015625
0 0.260937 0.659375 0.015625 0.015625
0 0.184375 0.664062 0.015625 0.015625
0 0.082812 0.596875 0.015625 0.015625
0 0.273438 0.409375 0.015625 0.015625
0 0.309375 0.476562 0.015625 0.015625
0 0.346875 0.532813 0.015625 0.015625
0 0.396875 0.606250 0.015625 0.015625
0 0.426563 0.548438 0.015625 0.015625
0 0.500000 0.660937 0.015625 0.015625
0 0.560937 0.339062 0.015625 0.015625
0 0.615625 0.339062 0.015625 0.015625
0 0.700000 0.342187 0.015625 0.015625
0 0.720313 0.392188 0.015625 0.015625
0 0.651563 0.268750 0.015625 0.015625
0 0.714063 0.271875 0.015625 0.015625
