0 0.023438 0.150000 0.015625 0.015625
0 0.112500 0.154688 0.015625 0.015625
0 0.184375 0.153125 0.015625 0.015625
0 0.268750 0.159375 0.015625 0.015625
0 0.351562 0.159375 0.015625 0.015625
0 0.415625 0.159375 0.015625 0.015625
0 0.489063 0.159375 0.015625 0.015625
0 0.567187 0.162500 0.015625 0.015625
0 0.520312 0.087500 0.015625 0.015625
0 0.634375 0.159375 0.015625 0.015625
0 0.604688 0.103125 0.015625 0.015625
0 0.718750 0.168750 0.015625 0.015625
0 0.676562 0.103125 0.015625 0.015625
0 0.793750 0.165625 0.015625 0.015625
0 0.862500 0.168750 0.015625 0.015625
0 0.935937 0.171875 0.015625 0.015625
0 0.893750 0.096875 0.015625 0.015625
0 0.828125 0.093750 0.015625 0.015625
0 0.756250 0.098437 0.015625 0.015625
0 0.982812 0.098437 0.015625 0.015625
0 0.059375 0.214062 0.015625 0.015625
0 0.132812 0.218750 0.015625 0.015625
0 0.212500 0.221875 0.015625 0.015625
0 0.298438 0.228125 0.015625 0.015625
0 0.371875 0.226562 0.015625 0.015625
0 0.446875 0.226562 0.015625 0.015625
0 0.518750 0.228125 0.015625 0.015625
0 0.600000 0.231250 0.015625 0.015625
0 0.673438 0.232813 0.015625 0.015625
0 0.754687 0.231250 0.015625 0.015625
0 0.823438 0.231250 0.015625 0.015625
0 0.900000 0.231250 0.015625 0.015625
0 0.973437 0.232813 0.015625 0.015625
0 0.106250 0.018750 0.015625 0.015625
0 0.189062 0.026562 0.015625 0.015625
0 0.264062 0.025000 0.015625 0.015625
0 0.334375 0.025000 0.015625 0.015625
0 0.407813 0.028125 0.015625 0.015625
0 0.482812 0.031250 0.015625 0.015625
0 0.565625 0.034375 0.015625 0.015625
0 0.643750 0.034375 0.015625 0.015625
0 0.709375 0.034375 0.015625 0.015625
0 0.795312 0.035937 0.015625 0.015625
0 0.864062 0.035937 0.015625 0.015625
0 0.096875 0.290625 0.015625 0.015625
0 0.175000 0.293750 0.015625 0.015625
0 0.248438 0.293750 0.015625 0.015625
0 0.332813 0.289062 0.015625 0.015625
0 0.403125 0.292187 0.015625 0.015625
0 0.485938 0.293750 0.015625 0.015625
0 0.553125 0.295312 0.015625 0.015625
0 0.637500 0.292187 0.015625 0.015625
0 0.714063 0.296875 0.015625 0.015625
0 0.781250 0.292187 0.015625 0.015625
0 0.859375 0.296875 0.015625 0.015625
0 0.935937 0.296875 0.015625 0.015625
0 0.021875 0.415625 0.015625 0.015625
0 0.056250 0.353125 0.015625 0.015625
0 0.106250 0.418750 0.015625 0.015625
0 0.139063 0.354687 0.015625 0.015625
0 0.179688 0.435937 0.015625 0.015625
0 0.220312 0.354687 0.015625 0.015625
0 0.250000 0.425000 0.015625 0.015625
0 0.281250 0.353125 0.015625 0.015625
0 0.329688 0.437500 0.015625 0.015625
0 0.367188 0.364063 0.015625 0.015625
0 0.406250 0.429688 0.015625 0.015625
0 0.453125 0.365625 0.015625 0.015625
0 0.478125 0.428125 0.015625 0.015625
0 0.528125 0.362500 0.015625 0.015625
0 0.565625 0.425000 0.015625 0.015625
0 0.595313 0.356250 0.015625 0.015625
0 0.640625 0.435937 0.015625 0.015625
0 0.681250 0.360938 0.015625 0.015625
0 0.710938 0.429688 0.015625 0.015625
0 0.753125 0.364063 0.015625 0.015625
0 0.785937 0.434375 0.015625 0.015625
0 0.826562 0.368750 0.015625 0.015625
0 0.854688 0.432812 0.015625 0.015625
0 0.901563 0.370312 0.015625 0.015625
0 0.935937 0.434375 0.015625 0.015625
0 0.971875 0.370312 0.015625 0.015625
0 0.021875 0.551562 0.015625 0.015625
0 0.067187 0.484375 0.015625 0.015625
0 0.101562 0.550000 0.015625 0.015625
0 0.134375 0.481250 0.015625 0.015625
0 0.175000 0.556250 0.015625 0.015625
0 0.207813 0.489063 0.015625 0.015625
0 0.250000 0.553125 0.015625 0.015625
0 0.289062 0.485938 0.015625 0.015625
0 0.326562 0.559375 0.015625 0.015625
0 0.364063 0.492188 0.015625 0.015625
0 0.400000 0.559375 0.015625 0.015625
0 0.435937 0.496875 0.015625 0.015625
0 0.525000 0.493750 0.015625 0.015625
0 0.554688 0.560937 0.015625 0.015625
0 0.596875 0.489063 0.015625 0.015625
0 0.626563 0.562500 0.015625 0.015625
0 0.671875 0.490625 0.015625 0.015625
0 0.710938 0.565625 0.015625 0.015625
0 0.731250 0.500000 0.015625 0.015625
0 0.792188 0.570312 0.015625 0.015625
0 0.821875 0.501563 0.015625 0.015625
0 0.865625 0.570312 0.015625 0.015625
0 0.906250 0.496875 0.015625 0.015625
0 0.929688 0.570312 0.015625 0.015625
0 0.965625 0.500000 0.015625 0.015625
0 0.028125 0.681250 0.015625 0.015625
0 0.059375 0.617188 0.015625 0.015625
0 0.101562 0.676562 0.015625 0.015625
0 0.135937 0.620313 0.015625 0.015625
0 0.170313 0.687500 0.015625 0.015625
0 0.210938 0.621875 0.015625 0.015625
0 0.284375 0.625000 0.015625 0.015625
0 0.370312 0.625000 0.015625 0.015625
0 0.439063 0.628125 0.015625 0.015625
0 0.475000 0.692187 0.015625 0.015625
0 0.398438 0.685937 0.015625 0.015625
0 0.515625 0.623437 0.015625 0.015625
0 0.554688 0.687500 0.015625 0.015625
0 0.593750 0.629687 0.015625 0.015625
0 0.626563 0.693750 0.015625 0.015625
0 0.673438 0.628125 0.015625 0.015625
0 0.745313 0.632812 0.015625 0.015625
0 0.823438 0.632812 0.015625 0.015625
0 0.895312 0.632812 0.015625 0.015625
0 0.970313 0.634375 0.015625 0.015625
0 0.017188 0.809375 0.015625 0.015625
0 0.056250 0.745313 0.015625 0.015625
0 0.090625 0.812500 0.015625 0.015625
0 0.131250 0.750000 0.015625 0.015625
0 0.173437 0.812500 0.015625 0.015625
0 0.214062 0.759375 0.015625 0.015625
0 0.250000 0.818750 0.015625 0.015625
0 0.284375 0.754687 0.015625 0.015625
0 0.323437 0.814063 0.015625 0.015625
0 0.356250 0.760938 0.015625 0.015625
0 0.400000 0.820312 0.015625 0.015625
0 0.440625 0.757812 0.015625 0.015625
0 0.471875 0.818750 0.015625 0.015625
0 0.509375 0.760938 0.015625 0.015625
0 0.554688 0.818750 0.015625 0.015625
0 0.589063 0.762500 0.015625 0.015625
0 0.631250 0.817187 0.015625 0.015625
0 0.664062 0.760938 0.015625 0.015625
0 0.696875 0.823438 0.015625 0.015625
0 0.748437 0.762500 0.015625 0.015625
0 0.782813 0.821875 0.015625 0.015625
0 0.810937 0.760938 0.015625 0.015625
0 0.859375 0.831250 0.015625 0.015625
0 0.904687 0.762500 0.015625 0.015625
0 0.940625 0.832812 0.015625 0.015625
0 0.965625 0.770312 0.015625 0.015625
0 0.015625 0.942187 0.015625 0.015625
0 0.054688 0.878125 0.015625 0.015625
0 0.085938 0.931250 0.015625 0.015625
0 0.135937 0.876563 0.015625 0.015625
0 0.170313 0.937500 0.015625 0.015625
0 0.204687 0.873437 0.015625 0.015625
0 0.243750 0.940625 0.015625 0.015625
0 0.281250 0.881250 0.015625 0.015625
0 0.320312 0.945312 0.015625 0.015625
0 0.360938 0.879687 0.015625 0.015625
0 0.401562 0.943750 0.015625 0.015625
0 0.437500 0.881250 0.015625 0.015625
0 0.471875 0.946875 0.015625 0.015625
0 0.515625 0.887500 0.015625 0.015625
0 0.551562 0.950000 0.015625 0.015625
0 0.592187 0.885938 0.015625 0.015625
0 0.623437 0.946875 0.015625 0.015625
0 0.659375 0.884375 0.015625 0.015625
0 0.693750 0.948438 0.015625 0.015625
0 0.742188 0.889062 0.015625 0.015625
0 0.809375 0.893750 0.015625 0.015625
0 0.890625 0.892188 0.015625 0.015625
0 0.962500 0.890625 0.015625 0.015625
0 0.995313 0.960938 0.015625 0.015625
0 0.934375 0.040625 0.015625 0.015625
0 0.296875 0.096875 0.015625 0.015625
0 0.215625 0.089063 0.015625 0.015625
0 0.146875 0.087500 0.015625 0.015625
0 0.071875 0.090625 0.015625 0.015625
0 0.375000 0.098437 0.015625 0.015625
0 0.450000 0.092188 0.015625 0.015625
0 0.704688 0.695312 0.015625 0.015625
0 0.787500 0.696875 0.015625 0.015625
0 0.478125 0.562500 0.015625 0.015625
