0 0.460938 0.003125 0.015625 0.015625
0 0.510938 0.004687 0.015625 0.015625
0 0.960938 0.004687 0.015625 0.015625
0 0.337500 0.017188 0.015625 0.015625
0 0.371875 0.017188 0.015625 0.015625
0 0.300000 0.018750 0.015625 0.015625
0 0.603125 0.021875 0.015625 0.015625
0 0.642188 0.023438 0.015625 0.015625
0 0.681250 0.026562 0.015625 0.015625
0 0.867188 0.028125 0.015625 0.015625
0 0.831250 0.028125 0.015625 0.015625
0 0.903125 0.029687 0.015625 0.015625
0 0.940625 0.029687 0.015625 0.015625
0 0.425000 0.034375 0.015625 0.015625
0 0.195312 0.034375 0.015625 0.015625
0 0.140625 0.042188 0.015625 0.015625
0 0.501563 0.042188 0.015625 0.015625
0 0.468750 0.042188 0.015625 0.015625
0 0.321875 0.043750 0.015625 0.015625
0 0.539062 0.043750 0.015625 0.015625
0 0.242188 0.048438 0.015625 0.015625
0 0.395313 0.048438 0.015625 0.015625
0 0.356250 0.050000 0.015625 0.015625
0 0.281250 0.050000 0.015625 0.015625
0 0.582812 0.054688 0.015625 0.015625
0 0.976562 0.056250 0.015625 0.015625
0 0.621875 0.056250 0.015625 0.015625
0 0.659375 0.056250 0.015625 0.015625
0 0.695312 0.057813 0.015625 0.015625
0 0.809375 0.059375 0.015625 0.015625
0 0.846875 0.059375 0.015625 0.015625
0 0.884375 0.060937 0.015625 0.015625
0 0.921875 0.060937 0.015625 0.015625
0 0.132812 0.071875 0.015625 0.015625
0 0.165625 0.073438 0.015625 0.015625
0 0.203125 0.075000 0.015625 0.015625
0 0.098437 0.078125 0.015625 0.015625
0 0.485938 0.081250 0.015625 0.015625
0 0.235937 0.082812 0.015625 0.015625
0 0.257812 0.082812 0.015625 0.015625
0 0.412500 0.084375 0.015625 0.015625
0 0.298438 0.084375 0.015625 0.015625
0 0.523438 0.084375 0.015625 0.015625
0 0.373437 0.085938 0.015625 0.015625
0 0.562500 0.087500 0.015625 0.015625
0 0.335938 0.087500 0.015625 0.015625
0 0.601562 0.087500 0.015625 0.015625
0 0.789062 0.092188 0.015625 0.015625
0 0.865625 0.093750 0.015625 0.015625
0 0.828125 0.093750 0.015625 0.015625
0 0.903125 0.093750 0.015625 0.015625
0 0.942187 0.095312 0.015625 0.015625
0 0.007812 0.104688 0.015625 0.015625
0 0.985938 0.104688 0.015625 0.015625
0 0.185938 0.104688 0.015625 0.015625
0 0.698438 0.106250 0.015625 0.015625
0 0.468750 0.117188 0.015625 0.015625
0 0.281250 0.118750 0.015625 0.015625
0 0.429688 0.118750 0.015625 0.015625
0 0.389062 0.118750 0.015625 0.015625
0 0.507812 0.120313 0.015625 0.015625
0 0.582812 0.121875 0.015625 0.015625
0 0.545312 0.121875 0.015625 0.015625
0 0.734375 0.123438 0.015625 0.015625
0 0.325000 0.123438 0.015625 0.015625
0 0.807813 0.125000 0.015625 0.015625
0 0.770312 0.125000 0.015625 0.015625
0 0.845313 0.125000 0.015625 0.015625
0 0.882812 0.125000 0.015625 0.015625
0 0.110937 0.126562 0.015625 0.015625
0 0.045312 0.126562 0.015625 0.015625
0 0.153125 0.128125 0.015625 0.015625
0 0.920312 0.129688 0.015625 0.015625
0 0.025000 0.129688 0.015625 0.015625
0 0.359375 0.129688 0.015625 0.015625
0 0.960938 0.134375 0.015625 0.015625
0 0.487500 0.142187 0.015625 0.015625
0 0.687500 0.146875 0.015625 0.015625
0 0.600000 0.148438 0.015625 0.015625
0 0.259375 0.148438 0.015625 0.015625
0 0.300000 0.153125 0.015625 0.015625
0 0.450000 0.153125 0.015625 0.015625
0 0.334375 0.153125 0.015625 0.015625
0 0.714063 0.157812 0.015625 0.015625
0 0.753125 0.157812 0.015625 0.015625
0 0.787500 0.157812 0.015625 0.015625
0 0.178125 0.159375 0.015625 0.015625
0 0.825000 0.159375 0.015625 0.015625
0 0.864062 0.159375 0.015625 0.015625
0 0.937500 0.160938 0.015625 0.015625
0 0.900000 0.160938 0.015625 0.015625
0 0.214062 0.167187 0.015625 0.015625
0 0.523438 0.167187 0.015625 0.015625
0 0.010937 0.170313 0.015625 0.015625
0 0.618750 0.178125 0.015625 0.015625
0 0.389062 0.178125 0.015625 0.015625
0 0.317188 0.181250 0.015625 0.015625
0 0.354687 0.184375 0.015625 0.015625
0 0.276562 0.184375 0.015625 0.015625
0 0.428125 0.185938 0.015625 0.015625
0 0.467187 0.185938 0.015625 0.015625
0 0.654687 0.187500 0.015625 0.015625
0 0.695312 0.187500 0.015625 0.015625
0 0.770312 0.190625 0.015625 0.015625
0 0.732812 0.190625 0.015625 0.015625
0 0.807813 0.192188 0.015625 0.015625
0 0.923438 0.192188 0.015625 0.015625
0 0.156250 0.198437 0.015625 0.015625
0 0.187500 0.198437 0.015625 0.015625
0 0.896875 0.200000 0.015625 0.015625
0 0.506250 0.204687 0.015625 0.015625
0 0.851562 0.210938 0.015625 0.015625
0 0.557813 0.210938 0.015625 0.015625
0 0.107813 0.212500 0.015625 0.015625
0 0.335938 0.218750 0.015625 0.015625
0 0.298438 0.218750 0.015625 0.015625
0 0.259375 0.218750 0.015625 0.015625
0 0.373437 0.218750 0.015625 0.015625
0 0.637500 0.220312 0.015625 0.015625
0 0.673438 0.221875 0.015625 0.015625
0 0.523438 0.221875 0.015625 0.015625
0 0.750000 0.221875 0.015625 0.015625
0 0.714063 0.223438 0.015625 0.015625
0 0.443750 0.226562 0.015625 0.015625
0 0.976562 0.229687 0.015625 0.015625
0 0.937500 0.231250 0.015625 0.015625
0 0.862500 0.232813 0.015625 0.015625
0 0.907813 0.232813 0.015625 0.015625
0 0.796875 0.242188 0.015625 0.015625
0 0.576562 0.246875 0.015625 0.015625
0 0.539062 0.248438 0.015625 0.015625
0 0.501563 0.248438 0.015625 0.015625
0 0.618750 0.254688 0.015625 0.015625
0 0.657813 0.256250 0.015625 0.015625
0 0.695312 0.257812 0.015625 0.015625
0 0.101562 0.262500 0.015625 0.015625
0 0.801562 0.271875 0.015625 0.015625
0 0.732812 0.271875 0.015625 0.015625
0 0.214062 0.279687 0.015625 0.015625
0 0.446875 0.279687 0.015625 0.015625
0 0.484375 0.281250 0.015625 0.015625
0 0.334375 0.281250 0.015625 0.015625
0 0.293750 0.282813 0.015625 0.015625
0 0.559375 0.284375 0.015625 0.015625
0 0.514062 0.284375 0.015625 0.015625
0 0.596875 0.285938 0.015625 0.015625
0 0.709375 0.292187 0.015625 0.015625
0 0.785937 0.292187 0.015625 0.015625
0 0.075000 0.293750 0.015625 0.015625
0 0.390625 0.295312 0.015625 0.015625
0 0.860938 0.295312 0.015625 0.015625
0 0.898438 0.295312 0.015625 0.015625
0 0.939063 0.296875 0.015625 0.015625
0 0.115625 0.296875 0.015625 0.015625
0 0.650000 0.301563 0.015625 0.015625
0 0.462500 0.312500 0.015625 0.015625
0 0.501563 0.314063 0.015625 0.015625
0 0.537500 0.315625 0.015625 0.015625
0 0.315625 0.317188 0.015625 0.015625
0 0.278125 0.317188 0.015625 0.015625
0 0.612500 0.317188 0.015625 0.015625
0 0.575000 0.317188 0.015625 0.015625
0 0.000000 0.321875 0.015625 0.015625
0 0.731250 0.321875 0.015625 0.015625
0 0.023438 0.326562 0.015625 0.015625
0 0.237500 0.328125 0.015625 0.015625
0 0.917188 0.329688 0.015625 0.015625
0 0.060937 0.331250 0.015625 0.015625
0 0.684375 0.335938 0.015625 0.015625
0 0.643750 0.342187 0.015625 0.015625
0 0.335938 0.342187 0.015625 0.015625
0 0.445312 0.346875 0.015625 0.015625
0 0.260937 0.346875 0.015625 0.015625
0 0.484375 0.346875 0.015625 0.015625
0 0.518750 0.348438 0.015625 0.015625
0 0.298438 0.350000 0.015625 0.015625
0 0.546875 0.351562 0.015625 0.015625
0 0.595313 0.353125 0.015625 0.015625
0 0.746875 0.357812 0.015625 0.015625
0 0.784375 0.357812 0.015625 0.015625
0 0.896875 0.364063 0.015625 0.015625
0 0.942187 0.368750 0.015625 0.015625
0 0.003125 0.371875 0.015625 0.015625
0 0.082812 0.373437 0.015625 0.015625
0 0.120313 0.373437 0.015625 0.015625
0 0.348438 0.376563 0.015625 0.015625
0 0.239063 0.379688 0.015625 0.015625
0 0.195312 0.379688 0.015625 0.015625
0 0.423438 0.381250 0.015625 0.015625
0 0.276562 0.381250 0.015625 0.015625
0 0.314063 0.381250 0.015625 0.015625
0 0.462500 0.382812 0.015625 0.015625
0 0.498437 0.384375 0.015625 0.015625
0 0.018750 0.392188 0.015625 0.015625
0 0.059375 0.393750 0.015625 0.015625
0 0.768750 0.395313 0.015625 0.015625
0 0.612500 0.396875 0.015625 0.015625
0 0.575000 0.398438 0.015625 0.015625
0 0.107813 0.398438 0.015625 0.015625
0 0.650000 0.398438 0.015625 0.015625
0 0.842187 0.403125 0.015625 0.015625
0 0.142187 0.406250 0.015625 0.015625
0 0.909375 0.407813 0.015625 0.015625
0 0.217188 0.412500 0.015625 0.015625
0 0.406250 0.414062 0.015625 0.015625
0 0.293750 0.414062 0.015625 0.015625
0 0.785937 0.421875 0.015625 0.015625
0 0.746875 0.421875 0.015625 0.015625
0 0.665625 0.423438 0.015625 0.015625
0 0.860938 0.425000 0.015625 0.015625
0 0.970313 0.428125 0.015625 0.015625
0 0.451562 0.428125 0.015625 0.015625
0 0.700000 0.428125 0.015625 0.015625
0 0.123438 0.442188 0.015625 0.015625
0 0.048438 0.442188 0.015625 0.015625
0 0.201563 0.443750 0.015625 0.015625
0 0.009375 0.445312 0.015625 0.015625
0 0.523438 0.446875 0.015625 0.015625
0 0.235937 0.446875 0.015625 0.015625
0 0.360938 0.446875 0.015625 0.015625
0 0.164062 0.446875 0.015625 0.015625
0 0.312500 0.448437 0.015625 0.015625
0 0.573438 0.456250 0.015625 0.015625
0 0.398438 0.459375 0.015625 0.015625
0 0.885938 0.459375 0.015625 0.015625
0 0.823438 0.464062 0.015625 0.015625
0 0.781250 0.465625 0.015625 0.015625
0 0.698438 0.465625 0.015625 0.015625
0 0.028125 0.473438 0.015625 0.015625
0 0.253125 0.478125 0.015625 0.015625
0 0.446875 0.482812 0.015625 0.015625
0 0.504687 0.484375 0.015625 0.015625
0 0.857812 0.493750 0.015625 0.015625
0 0.971875 0.495312 0.015625 0.015625
0 0.123438 0.498437 0.015625 0.015625
0 0.198437 0.503125 0.015625 0.015625
0 0.007812 0.503125 0.015625 0.015625
0 0.159375 0.504687 0.015625 0.015625
0 0.700000 0.504687 0.015625 0.015625
0 0.235937 0.506250 0.015625 0.015625
0 0.651563 0.518750 0.015625 0.015625
0 0.762500 0.521875 0.015625 0.015625
0 0.875000 0.523438 0.015625 0.015625
0 0.509375 0.523438 0.015625 0.015625
0 0.990625 0.523438 0.015625 0.015625
0 0.109375 0.523438 0.015625 0.015625
0 0.045312 0.525000 0.015625 0.015625
0 0.360938 0.526563 0.015625 0.015625
0 0.532813 0.529687 0.015625 0.015625
0 0.471875 0.529687 0.015625 0.015625
0 0.610938 0.531250 0.015625 0.015625
0 0.584375 0.532813 0.015625 0.015625
0 0.218750 0.537500 0.015625 0.015625
0 0.178125 0.539062 0.015625 0.015625
0 0.139063 0.539062 0.015625 0.015625
0 0.820312 0.556250 0.015625 0.015625
0 0.971875 0.559375 0.015625 0.015625
0 0.064062 0.560937 0.015625 0.015625
0 0.101562 0.562500 0.015625 0.015625
0 0.714063 0.562500 0.015625 0.015625
0 0.010937 0.565625 0.015625 0.015625
0 0.156250 0.568750 0.015625 0.015625
0 0.923438 0.570312 0.015625 0.015625
0 0.198437 0.573438 0.015625 0.015625
0 0.309375 0.575000 0.015625 0.015625
0 0.246875 0.579688 0.015625 0.015625
0 0.762500 0.584375 0.015625 0.015625
0 0.839063 0.585938 0.015625 0.015625
0 0.801562 0.585938 0.015625 0.015625
0 0.376563 0.587500 0.015625 0.015625
0 0.498437 0.587500 0.015625 0.015625
0 0.407813 0.589063 0.015625 0.015625
0 0.126562 0.590625 0.015625 0.015625
0 0.523438 0.590625 0.015625 0.015625
0 0.973437 0.595313 0.015625 0.015625
0 0.612500 0.596875 0.015625 0.015625
0 0.934375 0.598437 0.015625 0.015625
0 0.023438 0.600000 0.015625 0.015625
0 0.062500 0.601562 0.015625 0.015625
0 0.164062 0.606250 0.015625 0.015625
0 0.553125 0.614062 0.015625 0.015625
0 0.707812 0.617188 0.015625 0.015625
0 0.746875 0.617188 0.015625 0.015625
0 0.106250 0.617188 0.015625 0.015625
0 0.784375 0.618750 0.015625 0.015625
0 0.900000 0.618750 0.015625 0.015625
0 0.587500 0.621875 0.015625 0.015625
0 0.510938 0.621875 0.015625 0.015625
0 0.064062 0.623437 0.015625 0.015625
0 0.150000 0.629687 0.015625 0.015625
0 0.040625 0.631250 0.015625 0.015625
0 0.221875 0.632812 0.015625 0.015625
0 0.971875 0.635938 0.015625 0.015625
0 0.853125 0.635938 0.015625 0.015625
0 0.559375 0.646875 0.015625 0.015625
0 0.601562 0.646875 0.015625 0.015625
0 0.648438 0.648438 0.015625 0.015625
0 0.768750 0.650000 0.015625 0.015625
0 0.340625 0.650000 0.015625 0.015625
0 0.467187 0.651563 0.015625 0.015625
0 0.873437 0.654687 0.015625 0.015625
0 0.435937 0.659375 0.015625 0.015625
0 0.253125 0.660937 0.015625 0.015625
0 0.053125 0.660937 0.015625 0.015625
0 0.276562 0.662500 0.015625 0.015625
0 0.021875 0.662500 0.015625 0.015625
0 0.109375 0.662500 0.015625 0.015625
0 0.832812 0.670312 0.015625 0.015625
0 0.982812 0.670312 0.015625 0.015625
0 0.175000 0.673438 0.015625 0.015625
0 0.212500 0.673438 0.015625 0.015625
0 0.593750 0.681250 0.015625 0.015625
0 0.707812 0.682813 0.015625 0.015625
0 0.631250 0.682813 0.015625 0.015625
0 0.667188 0.682813 0.015625 0.015625
0 0.323437 0.685937 0.015625 0.015625
0 0.459375 0.690625 0.015625 0.015625
0 0.559375 0.692187 0.015625 0.015625
0 0.964063 0.693750 0.015625 0.015625
0 0.750000 0.695312 0.015625 0.015625
0 0.893750 0.696875 0.015625 0.015625
0 0.512500 0.700000 0.015625 0.015625
0 0.798438 0.703125 0.015625 0.015625
0 0.843750 0.704688 0.015625 0.015625
0 0.248438 0.720313 0.015625 0.015625
0 0.482812 0.723437 0.015625 0.015625
0 0.337500 0.723437 0.015625 0.015625
0 0.293750 0.725000 0.015625 0.015625
0 0.087500 0.726562 0.015625 0.015625
0 0.534375 0.728125 0.015625 0.015625
0 0.687500 0.728125 0.015625 0.015625
0 0.562500 0.728125 0.015625 0.015625
0 0.384375 0.729688 0.015625 0.015625
0 0.946875 0.731250 0.015625 0.015625
0 0.985938 0.732812 0.015625 0.015625
0 0.903125 0.735938 0.015625 0.015625
0 0.853125 0.737500 0.015625 0.015625
0 0.037500 0.743750 0.015625 0.015625
0 0.814063 0.743750 0.015625 0.015625
0 0.743750 0.745313 0.015625 0.015625
0 0.781250 0.745313 0.015625 0.015625
0 0.184375 0.745313 0.015625 0.015625
0 0.228125 0.746875 0.015625 0.015625
0 0.265625 0.754687 0.015625 0.015625
0 0.303125 0.771875 0.015625 0.015625
0 0.392188 0.771875 0.015625 0.015625
0 0.878125 0.771875 0.015625 0.015625
0 0.937500 0.771875 0.015625 0.015625
0 0.350000 0.773438 0.015625 0.015625
0 0.223438 0.773438 0.015625 0.015625
0 0.685937 0.775000 0.015625 0.015625
0 0.493750 0.775000 0.015625 0.015625
0 0.723437 0.776563 0.015625 0.015625
0 0.571875 0.779687 0.015625 0.015625
0 0.645312 0.779687 0.015625 0.015625
0 0.762500 0.781250 0.015625 0.015625
0 0.798438 0.781250 0.015625 0.015625
0 0.437500 0.784375 0.015625 0.015625
0 0.535937 0.795312 0.015625 0.015625
0 0.251563 0.795312 0.015625 0.015625
0 0.289062 0.796875 0.015625 0.015625
0 0.210938 0.798438 0.015625 0.015625
0 0.398438 0.800000 0.015625 0.015625
0 0.998437 0.800000 0.015625 0.015625
0 0.071875 0.801562 0.015625 0.015625
0 0.457813 0.809375 0.015625 0.015625
0 0.667188 0.812500 0.015625 0.015625
0 0.868750 0.812500 0.015625 0.015625
0 0.331250 0.812500 0.015625 0.015625
0 0.703125 0.815625 0.015625 0.015625
0 0.906250 0.815625 0.015625 0.015625
0 0.814063 0.817187 0.015625 0.015625
0 0.742188 0.817187 0.015625 0.015625
0 0.782813 0.817187 0.015625 0.015625
0 0.937500 0.820312 0.015625 0.015625
0 0.110937 0.831250 0.015625 0.015625
0 0.626563 0.835938 0.015625 0.015625
0 0.262500 0.843750 0.015625 0.015625
0 0.212500 0.845313 0.015625 0.015625
0 0.178125 0.845313 0.015625 0.015625
0 0.682813 0.846875 0.015625 0.015625
0 0.560937 0.848437 0.015625 0.015625
0 0.376563 0.848437 0.015625 0.015625
0 0.421875 0.848437 0.015625 0.015625
0 0.721875 0.850000 0.015625 0.015625
0 0.460938 0.850000 0.015625 0.015625
0 0.885938 0.857812 0.015625 0.015625
0 0.978125 0.857812 0.015625 0.015625
0 0.635938 0.857812 0.015625 0.015625
0 0.946875 0.857812 0.015625 0.015625
0 0.818750 0.857812 0.015625 0.015625
0 0.923438 0.859375 0.015625 0.015625
0 0.854688 0.859375 0.015625 0.015625
0 0.132812 0.860938 0.015625 0.015625
0 0.328125 0.860938 0.015625 0.015625
0 0.600000 0.860938 0.015625 0.015625
0 0.095312 0.862500 0.015625 0.015625
0 0.209375 0.865625 0.015625 0.015625
0 0.246875 0.867188 0.015625 0.015625
0 0.171875 0.868750 0.015625 0.015625
0 0.289062 0.870313 0.015625 0.015625
0 0.398438 0.871875 0.015625 0.015625
0 0.360938 0.871875 0.015625 0.015625
0 0.478125 0.873437 0.015625 0.015625
0 0.437500 0.875000 0.015625 0.015625
0 0.776563 0.879687 0.015625 0.015625
0 0.660937 0.879687 0.015625 0.015625
0 0.817187 0.879687 0.015625 0.015625
0 0.623437 0.879687 0.015625 0.015625
0 0.968750 0.879687 0.015625 0.015625
0 0.934375 0.881250 0.015625 0.015625
0 0.034375 0.895312 0.015625 0.015625
0 0.150000 0.895312 0.015625 0.015625
0 0.110937 0.896875 0.015625 0.015625
0 0.073438 0.896875 0.015625 0.015625
0 0.745313 0.896875 0.015625 0.015625
0 0.226562 0.898438 0.015625 0.015625
0 0.190625 0.898438 0.015625 0.015625
0 0.339062 0.901563 0.015625 0.015625
0 0.378125 0.903125 0.015625 0.015625
0 0.417187 0.903125 0.015625 0.015625
0 0.454688 0.906250 0.015625 0.015625
0 0.682813 0.909375 0.015625 0.015625
0 0.645312 0.910937 0.015625 0.015625
0 0.609375 0.910937 0.015625 0.015625
0 0.868750 0.912500 0.015625 0.015625
0 0.909375 0.917188 0.015625 0.015625
0 0.948438 0.918750 0.015625 0.015625
0 0.310937 0.920312 0.015625 0.015625
0 0.010937 0.926562 0.015625 0.015625
0 0.993750 0.929688 0.015625 0.015625
0 0.240625 0.934375 0.015625 0.015625
0 0.356250 0.935937 0.015625 0.015625
0 0.471875 0.939063 0.015625 0.015625
0 0.395313 0.940625 0.015625 0.015625
0 0.432812 0.940625 0.015625 0.015625
0 0.125000 0.940625 0.015625 0.015625
0 0.509375 0.942187 0.015625 0.015625
0 0.315625 0.943750 0.015625 0.015625
0 0.700000 0.943750 0.015625 0.015625
0 0.162500 0.945312 0.015625 0.015625
0 0.848437 0.946875 0.015625 0.015625
0 0.614062 0.948438 0.015625 0.015625
0 0.887500 0.950000 0.015625 0.015625
0 0.651563 0.956250 0.015625 0.015625
0 0.929688 0.960938 0.015625 0.015625
0 0.989062 0.964063 0.015625 0.015625
0 0.337500 0.970313 0.015625 0.015625
0 0.018750 0.975000 0.015625 0.015625
0 0.182812 0.976562 0.015625 0.015625
0 0.756250 0.976562 0.015625 0.015625
0 0.831250 0.978125 0.015625 0.015625
0 0.868750 0.979688 0.015625 0.015625
0 0.085938 0.981250 0.015625 0.015625
0 0.446875 0.984375 0.015625 0.015625
0 0.300000 0.984375 0.015625 0.015625
0 0.376563 0.985938 0.015625 0.015625
0 0.710938 0.985938 0.015625 0.015625
0 0.348438 0.987500 0.015625 0.015625
0 0.490625 0.989062 0.015625 0.015625
0 0.648438 0.990625 0.015625 0.015625
0 0.551562 0.993750 0.015625 0.015625
0 0.950000 0.995313 0.015625 0.015625
0 0.801562 0.996875 0.015625 0.015625
