0 0.000000 0.307812 0.015625 0.015625
0 0.028125 0.371875 0.015625 0.015625
0 0.070312 0.439063 0.015625 0.015625
0 0.032813 0.501563 0.015625 0.015625
0 0.107813 0.501563 0.015625 0.015625
0 0.029687 0.626563 0.015625 0.015625
0 0.073438 0.706250 0.015625 0.015625
0 0.095312 0.632812 0.015625 0.015625
0 0.142187 0.701562 0.015625 0.015625
0 0.181250 0.639062 0.015625 0.015625
0 0.220312 0.700000 0.015625 0.015625
0 0.071875 0.568750 0.015625 0.015625
0 0.143750 0.570312 0.015625 0.015625
0 0.028125 0.759375 0.015625 0.015625
0 0.100000 0.762500 0.015625 0.015625
0 0.184375 0.767188 0.015625 0.015625
0 0.234375 0.768750 0.015625 0.015625
0 0.334375 0.832812 0.015625 0.015625
0 0.259375 0.832812 0.015625 0.015625
0 0.204687 0.832812 0.015625 0.015625
0 0.131250 0.829688 0.015625 0.015625
0 0.056250 0.829688 0.015625 0.015625
0 0.059375 0.967187 0.015625 0.015625
0 0.148438 0.968750 0.015625 0.015625
0 0.028125 0.903125 0.015625 0.015625
0 0.117188 0.906250 0.015625 0.015625
0 0.189062 0.906250 0.015625 0.015625
0 0.226562 0.964063 0.015625 0.015625
0 0.259375 0.906250 0.015625 0.015625
0 0.295312 0.959375 0.015625 0.015625
0 0.334375 0.910937 0.015625 0.015625
0 0.359375 0.973437 0.015625 0.015625
0 0.067187 0.043750 0.015625 0.015625
0 0.157812 0.045312 0.015625 0.015625
0 0.235937 0.050000 0.015625 0.015625
0 0.306250 0.056250 0.015625 0.015625
0 0.384375 0.045312 0.015625 0.015625
0 0.459375 0.053125 0.015625 0.015625
0 0.529687 0.062500 0.015625 0.015625
0 0.610938 0.054688 0.015625 0.015625
0 0.689063 0.051562 0.015625 0.015625
0 0.759375 0.057813 0.015625 0.015625
0 0.842187 0.067187 0.015625 0.015625
0 0.915625 0.065625 0.015625 0.015625
0 0.951562 0.000000 0.015625 0.015625
0 0.995313 0.054688 0.015625 0.015625
0 0.065625 0.173437 0.015625 0.015625
0 0.101562 0.112500 0.015625 0.015625
0 0.153125 0.179688 0.015625 0.015625
0 0.190625 0.109375 0.015625 0.015625
0 0.232813 0.167187 0.015625 0.015625
0 0.270313 0.107813 0.015625 0.015625
0 0.301563 0.187500 0.015625 0.015625
0 0.340625 0.114062 0.015625 0.015625
0 0.382812 0.178125 0.015625 0.015625
0 0.417187 0.120313 0.015625 0.015625
0 0.453125 0.181250 0.015625 0.015625
0 0.489063 0.118750 0.015625 0.015625
0 0.539062 0.176563 0.015625 0.015625
0 0.564063 0.123438 0.015625 0.015625
0 0.609375 0.187500 0.015625 0.015625
0 0.642188 0.129688 0.015625 0.015625
0 0.679688 0.192188 0.015625 0.015625
0 0.715625 0.115625 0.015625 0.015625
0 0.759375 0.185938 0.015625 0.015625
0 0.796875 0.135937 0.015625 0.015625
0 0.831250 0.190625 0.015625 0.015625
0 0.875000 0.117188 0.015625 0.015625
0 0.907813 0.189062 0.015625 0.015625
0 0.953125 0.126562 0.015625 0.015625
0 0.993750 0.187500 0.015625 0.015625
0 0.106250 0.240625 0.015625 0.015625
0 0.139063 0.312500 0.015625 0.015625
0 0.185938 0.242188 0.015625 0.015625
0 0.223438 0.306250 0.015625 0.015625
0 0.256250 0.251563 0.015625 0.015625
0 0.300000 0.312500 0.015625 0.015625
0 0.335938 0.246875 0.015625 0.015625
0 0.371875 0.317188 0.015625 0.015625
0 0.414062 0.248438 0.015625 0.015625
0 0.451562 0.325000 0.015625 0.015625
0 0.485938 0.243750 0.015625 0.015625
0 0.521875 0.317188 0.015625 0.015625
0 0.568750 0.248438 0.015625 0.015625
0 0.607812 0.318750 0.015625 0.015625
0 0.645312 0.251563 0.015625 0.015625
0 0.676562 0.312500 0.015625 0.015625
0 0.712500 0.254688 0.015625 0.015625
0 0.757812 0.314063 0.015625 0.015625
0 0.793750 0.253125 0.015625 0.015625
0 0.837500 0.320312 0.015625 0.015625
0 0.870313 0.251563 0.015625 0.015625
0 0.917188 0.332813 0.015625 0.015625
0 0.957812 0.251563 0.015625 0.015625
0 0.993750 0.326562 0.015625 0.015625
0 0.182812 0.370312 0.015625 0.015625
0 0.210938 0.450000 0.015625 0.015625
0 0.262500 0.376563 0.015625 0.015625
0 0.300000 0.437500 0.015625 0.015625
0 0.335938 0.381250 0.015625 0.015625
0 0.375000 0.437500 0.015625 0.015625
0 0.412500 0.370312 0.015625 0.015625
0 0.446875 0.445312 0.015625 0.015625
0 0.492188 0.376563 0.015625 0.015625
0 0.523438 0.445312 0.015625 0.015625
0 0.568750 0.385937 0.015625 0.015625
0 0.610938 0.443750 0.015625 0.015625
0 0.645312 0.381250 0.015625 0.015625
0 0.692187 0.426563 0.015625 0.015625
0 0.723437 0.390625 0.015625 0.015625
0 0.751563 0.448437 0.015625 0.015625
0 0.795312 0.387500 0.015625 0.015625
0 0.837500 0.450000 0.015625 0.015625
0 0.864062 0.389062 0.015625 0.015625
0 0.914062 0.457813 0.015625 0.015625
0 0.948438 0.398438 0.015625 0.015625
0 0.985938 0.450000 0.015625 0.015625
0 0.246875 0.509375 0.015625 0.015625
0 0.285938 0.576562 0.015625 0.015625
0 0.323437 0.504687 0.015625 0.015625
0 0.373437 0.581250 0.015625 0.015625
0 0.403125 0.507812 0.015625 0.015625
0 0.448437 0.578125 0.015625 0.015625
0 0.476562 0.514062 0.015625 0.015625
0 0.526563 0.568750 0.015625 0.015625
0 0.550000 0.506250 0.015625 0.015625
0 0.595313 0.579688 0.015625 0.015625
0 0.634375 0.531250 0.015625 0.015625
0 0.682813 0.575000 0.015625 0.015625
0 0.715625 0.520312 0.015625 0.015625
0 0.748437 0.579688 0.015625 0.015625
0 0.789062 0.517188 0.015625 0.015625
0 0.826562 0.590625 0.015625 0.015625
0 0.865625 0.512500 0.015625 0.015625
0 0.904687 0.581250 0.015625 0.015625
0 0.945312 0.520312 0.015625 0.015625
0 0.975000 0.581250 0.015625 0.015625
0 0.328125 0.643750 0.015625 0.015625
0 0.353125 0.700000 0.015625 0.015625
0 0.404687 0.642188 0.015625 0.015625
0 0.446875 0.704688 0.015625 0.015625
0 0.484375 0.637500 0.015625 0.015625
0 0.520312 0.707812 0.015625 0.015625
0 0.553125 0.640625 0.015625 0.015625
0 0.595313 0.704688 0.015625 0.015625
0 0.631250 0.648438 0.015625 0.015625
0 0.684375 0.709375 0.015625 0.015625
0 0.704688 0.650000 0.015625 0.015625
0 0.750000 0.710938 0.015625 0.015625
0 0.782813 0.648438 0.015625 0.015625
0 0.815625 0.709375 0.015625 0.015625
0 0.851562 0.648438 0.015625 0.015625
0 0.896875 0.710938 0.015625 0.015625
0 0.935937 0.654687 0.015625 0.015625
0 0.981250 0.717187 0.015625 0.015625
0 0.396875 0.771875 0.015625 0.015625
0 0.435937 0.848437 0.015625 0.015625
0 0.482812 0.778125 0.015625 0.015625
0 0.510938 0.829688 0.015625 0.015625
0 0.550000 0.770312 0.015625 0.015625
0 0.592187 0.840625 0.015625 0.015625
0 0.625000 0.782813 0.015625 0.015625
0 0.671875 0.842187 0.015625 0.015625
0 0.703125 0.781250 0.015625 0.015625
0 0.740625 0.850000 0.015625 0.015625
0 0.779687 0.779687 0.015625 0.015625
0 0.820312 0.845313 0.015625 0.015625
0 0.860938 0.782813 0.015625 0.015625
0 0.900000 0.842187 0.015625 0.015625
0 0.934375 0.784375 0.015625 0.015625
0 0.978125 0.857812 0.015625 0.015625
0 0.467187 0.882812 0.015625 0.015625
0 0.509375 0.970313 0.015625 0.015625
0 0.559375 0.885938 0.015625 0.015625
0 0.593750 0.965625 0.015625 0.015625
0 0.637500 0.884375 0.015625 0.015625
0 0.664062 0.971875 0.015625 0.015625
0 0.709375 0.896875 0.015625 0.015625
0 0.735938 0.976562 0.015625 0.015625
0 0.787500 0.896875 0.015625 0.015625
0 0.818750 0.976562 0.015625 0.015625
0 0.859375 0.901563 0.015625 0.015625
0 0.893750 0.975000 0.015625 0.015625
0 0.932813 0.901563 0.015625 0.015625
0 0.965625 0.984375 0.015625 0.015625
0 0.273438 0.696875 0.015625 0.015625
0 0.307812 0.762500 0.015625 0.015625
0 0.407813 0.964063 0.015625 0.015625
0 0.379688 0.907813 0.015625 0.015625
0 0.157812 0.503125 0.015625 0.015625
0 0.104688 0.431250 0.015625 0.015625
0 0.032813 0.106250 0.015625 0.015625
