0 0.015625 0.095312 0.015625 0.015625
0 0.043750 0.817187 0.015625 0.015625
0 0.018750 0.223438 0.015625 0.015625
0 0.039062 0.948438 0.015625 0.015625
0 0.089063 0.228125 0.015625 0.015625
0 0.765625 0.625000 0.015625 0.015625
0 0.562500 0.953125 0.015625 0.015625
0 0.434375 0.298438 0.015625 0.015625
0 0.339062 0.956250 0.015625 0.015625
0 0.489063 0.690625 0.015625 0.015625
0 0.892188 0.042188 0.015625 0.015625
0 0.664062 0.037500 0.015625 0.015625
0 0.998437 0.498437 0.015625 0.015625
0 0.567187 0.690625 0.015625 0.015625
0 0.742188 0.296875 0.015625 0.015625
0 0.989062 0.895312 0.015625 0.015625
0 0.964063 0.045312 0.015625 0.015625
0 0.798438 0.692187 0.015625 0.015625
0 0.689063 0.620313 0.015625 0.015625
0 0.490625 0.954688 0.015625 0.015625
0 0.817187 0.040625 0.015625 0.015625
0 0.690625 0.493750 0.015625 0.015625
0 0.990625 0.764062 0.015625 0.015625
0 0.189062 0.689063 0.015625 0.015625
0 0.839063 0.893750 0.015625 0.015625
0 0.921875 0.496875 0.015625 0.015625
0 0.279687 0.295312 0.015625 0.015625
0 0.396875 0.096875 0.015625 0.015625
0 0.375000 0.887500 0.015625 0.015625
0 0.507812 0.170313 0.015625 0.015625
0 0.090625 0.096875 0.015625 0.015625
0 0.762500 0.756250 0.015625 0.015625
0 0.265625 0.692187 0.015625 0.015625
0 0.890625 0.170313 0.015625 0.015625
0 0.959375 0.565625 0.015625 0.015625
0 0.817187 0.300000 0.015625 0.015625
0 0.420312 0.560937 0.015625 0.015625
0 0.237500 0.234375 0.015625 0.015625
0 0.384375 0.621875 0.015625 0.015625
0 0.414062 0.689063 0.015625 0.015625
0 0.167187 0.228125 0.015625 0.015625
0 0.882812 0.693750 0.015625 0.015625
0 0.912500 0.893750 0.015625 0.015625
0 0.209375 0.026562 0.015625 0.015625
0 0.434375 0.037500 0.015625 0.015625
0 0.168750 0.096875 0.015625 0.015625
0 0.609375 0.621875 0.015625 0.015625
0 0.115625 0.953125 0.015625 0.015625
0 0.768750 0.493750 0.015625 0.015625
0 0.746875 0.168750 0.015625 0.015625
0 0.700000 0.096875 0.015625 0.015625
0 0.659375 0.301563 0.015625 0.015625
0 0.314063 0.235937 0.015625 0.015625
0 0.998437 0.370312 0.015625 0.015625
0 0.598437 0.887500 0.015625 0.015625
0 0.564063 0.821875 0.015625 0.015625
0 0.470313 0.101562 0.015625 0.015625
0 0.645312 0.690625 0.015625 0.015625
0 0.642188 0.953125 0.015625 0.015625
0 0.509375 0.037500 0.015625 0.015625
0 0.050000 0.292187 0.015625 0.015625
0 0.887500 0.298438 0.015625 0.015625
0 0.723437 0.690625 0.015625 0.015625
0 0.426563 0.170313 0.015625 0.015625
0 0.131250 0.029687 0.015625 0.015625
0 0.917188 0.629687 0.015625 0.015625
0 0.543750 0.103125 0.015625 0.015625
0 0.276562 0.167187 0.015625 0.015625
0 0.643750 0.559375 0.015625 0.015625
0 0.535937 0.492188 0.015625 0.015625
0 0.962500 0.434375 0.015625 0.015625
0 0.912500 0.762500 0.015625 0.015625
0 0.354687 0.296875 0.015625 0.015625
0 0.923438 0.367188 0.015625 0.015625
0 0.459375 0.620313 0.015625 0.015625
0 0.946875 0.834375 0.015625 0.015625
0 0.585938 0.171875 0.015625 0.015625
0 0.460938 0.496875 0.015625 0.015625
0 0.157812 0.620313 0.015625 0.015625
0 0.585938 0.039062 0.015625 0.015625
0 0.495312 0.559375 0.015625 0.015625
0 0.657813 0.168750 0.015625 0.015625
0 0.450000 0.760938 0.015625 0.015625
0 0.881250 0.565625 0.015625 0.015625
0 0.951562 0.696875 0.015625 0.015625
0 0.531250 0.621875 0.015625 0.015625
0 0.568750 0.560937 0.015625 0.015625
0 0.718750 0.954688 0.015625 0.015625
0 0.760938 0.892188 0.015625 0.015625
0 0.201563 0.293750 0.015625 0.015625
0 0.950000 0.967187 0.015625 0.015625
0 0.875000 0.965625 0.015625 0.015625
0 0.796875 0.965625 0.015625 0.015625
0 0.417187 0.965625 0.015625 0.015625
0 0.007812 0.754687 0.015625 0.015625
0 0.078125 0.753125 0.015625 0.015625
0 0.220312 0.756250 0.015625 0.015625
0 0.306250 0.756250 0.015625 0.015625
0 0.300000 0.804688 0.015625 0.015625
0 0.525000 0.757812 0.015625 0.015625
0 0.406250 0.823438 0.015625 0.015625
0 0.489063 0.823438 0.015625 0.015625
0 0.451562 0.884375 0.015625 0.015625
0 0.539062 0.884375 0.015625 0.015625
0 0.642188 0.826562 0.015625 0.015625
0 0.687500 0.885938 0.015625 0.015625
0 0.725000 0.826562 0.015625 0.015625
0 0.064062 0.885938 0.015625 0.015625
0 0.143750 0.889062 0.015625 0.015625
0 0.198437 0.964063 0.015625 0.015625
0 0.264062 0.821875 0.015625 0.015625
0 0.307812 0.879687 0.015625 0.015625
0 0.806250 0.825000 0.015625 0.015625
0 0.879687 0.832812 0.015625 0.015625
0 0.837500 0.760938 0.015625 0.015625
0 0.679688 0.754687 0.015625 0.015625
0 0.806250 0.570312 0.015625 0.015625
0 0.725000 0.426563 0.015625 0.015625
0 0.803125 0.429688 0.015625 0.015625
0 0.873437 0.435937 0.015625 0.015625
0 0.839063 0.367188 0.015625 0.015625
0 0.764062 0.364063 0.015625 0.015625
0 0.057813 0.164062 0.015625 0.015625
0 0.128125 0.160938 0.015625 0.015625
0 0.201563 0.162500 0.015625 0.015625
0 0.237500 0.100000 0.015625 0.015625
0 0.276562 0.034375 0.015625 0.015625
0 0.312500 0.101562 0.015625 0.015625
0 0.740625 0.045312 0.015625 0.015625
0 0.771875 0.104688 0.015625 0.015625
0 0.850000 0.109375 0.015625 0.015625
0 0.926562 0.107813 0.015625 0.015625
0 0.007812 0.354687 0.015625 0.015625
0 0.268750 0.560937 0.015625 0.015625
0 0.346875 0.559375 0.015625 0.015625
0 0.332813 0.689063 0.015625 0.015625
0 0.182812 0.560937 0.015625 0.015625
0 0.118750 0.559375 0.015625 0.015625
0 0.070312 0.485938 0.015625 0.015625
0 0.121875 0.500000 0.015625 0.015625
0 0.170313 0.496875 0.015625 0.015625
0 0.232813 0.498437 0.015625 0.015625
0 0.310937 0.500000 0.015625 0.015625
0 0.379688 0.496875 0.015625 0.015625
0 0.375000 0.762500 0.015625 0.015625
0 0.356250 0.823438 0.015625 0.015625
0 0.187500 0.820312 0.015625 0.015625
0 0.228125 0.892188 0.015625 0.015625
0 0.260937 0.946875 0.015625 0.015625
0 0.271875 0.432812 0.015625 0.015625
0 0.398438 0.431250 0.015625 0.015625
0 0.346875 0.429688 0.015625 0.015625
0 0.131250 0.417187 0.015625 0.015625
0 0.242188 0.354687 0.015625 0.015625
0 0.609375 0.492188 0.015625 0.015625
0 0.648438 0.429688 0.015625 0.015625
0 0.557813 0.423438 0.015625 0.015625
0 0.501563 0.300000 0.015625 0.015625
0 0.567187 0.298438 0.015625 0.015625
0 0.868750 0.237500 0.015625 0.015625
0 0.923438 0.232813 0.015625 0.015625
0 0.964063 0.307812 0.015625 0.015625
0 0.457813 0.231250 0.015625 0.015625
0 0.387500 0.231250 0.015625 0.015625
0 0.354687 0.165625 0.015625 0.015625
0 0.125000 0.295312 0.015625 0.015625
0 0.159375 0.353125 0.015625 0.015625
0 0.090625 0.351562 0.015625 0.015625
0 0.615625 0.107813 0.015625 0.015625
0 0.684375 0.221875 0.015625 0.015625
0 0.059375 0.028125 0.015625 0.015625
0 0.965625 0.164062 0.015625 0.015625
0 0.840625 0.500000 0.015625 0.015625
0 0.492188 0.431250 0.015625 0.015625
0 0.201563 0.426563 0.015625 0.015625
0 0.370312 0.048438 0.015625 0.015625
0 0.726562 0.562500 0.015625 0.015625
