0 0.234375 0.050000 0.015625 0.015625
0 0.640625 0.650000 0.015625 0.015625
0 0.492188 0.648438 0.015625 0.015625
0 0.389062 0.054688 0.015625 0.015625
0 0.462500 0.053125 0.015625 0.015625
0 0.612500 0.321875 0.015625 0.015625
0 0.920312 0.064062 0.015625 0.015625
0 0.535937 0.054688 0.015625 0.015625
0 0.310937 0.053125 0.015625 0.015625
0 0.984375 0.723437 0.015625 0.015625
0 0.689063 0.062500 0.015625 0.015625
0 0.715625 0.653125 0.015625 0.015625
0 0.606250 0.717187 0.015625 0.015625
0 0.831250 0.717187 0.015625 0.015625
0 0.614062 0.059375 0.015625 0.015625
0 0.384375 0.317188 0.015625 0.015625
0 0.414062 0.646875 0.015625 0.015625
0 0.762500 0.062500 0.015625 0.015625
0 0.567187 0.648438 0.015625 0.015625
0 0.159375 0.046875 0.015625 0.015625
0 0.995313 0.065625 0.015625 0.015625
0 0.984375 0.587500 0.015625 0.015625
0 0.678125 0.715625 0.015625 0.015625
0 0.689063 0.323437 0.015625 0.015625
0 0.943750 0.393750 0.015625 0.015625
0 0.534375 0.314063 0.015625 0.015625
0 0.846875 0.064062 0.015625 0.015625
0 0.268750 0.121875 0.015625 0.015625
0 0.532813 0.718750 0.015625 0.015625
0 0.678125 0.584375 0.015625 0.015625
0 0.907813 0.717187 0.015625 0.015625
0 0.756250 0.584375 0.015625 0.015625
0 0.451562 0.318750 0.015625 0.015625
0 0.839063 0.585938 0.015625 0.015625
0 0.987500 0.326562 0.015625 0.015625
0 0.640625 0.518750 0.015625 0.015625
0 0.454688 0.715625 0.015625 0.015625
0 0.950000 0.656250 0.015625 0.015625
0 0.443750 0.518750 0.015625 0.015625
0 0.912500 0.595313 0.015625 0.015625
0 0.868750 0.653125 0.015625 0.015625
0 0.714063 0.517188 0.015625 0.015625
0 0.792188 0.651563 0.015625 0.015625
0 0.754687 0.720313 0.015625 0.015625
0 0.454688 0.581250 0.015625 0.015625
0 0.865625 0.526563 0.015625 0.015625
0 0.525000 0.582812 0.015625 0.015625
0 0.865625 0.387500 0.015625 0.015625
0 0.950000 0.532813 0.015625 0.015625
0 0.295312 0.440625 0.015625 0.015625
0 0.606250 0.585938 0.015625 0.015625
0 0.442188 0.398438 0.015625 0.015625
0 0.570312 0.384375 0.015625 0.015625
0 0.643750 0.389062 0.015625 0.015625
0 0.571875 0.779687 0.015625 0.015625
0 0.643750 0.782813 0.015625 0.015625
0 0.714063 0.782813 0.015625 0.015625
0 0.789062 0.784375 0.015625 0.015625
0 0.867188 0.784375 0.015625 0.015625
0 0.950000 0.785937 0.015625 0.015625
0 0.601562 0.848437 0.015625 0.015625
0 0.489063 0.781250 0.015625 0.015625
0 0.526563 0.850000 0.015625 0.015625
0 0.567187 0.909375 0.015625 0.015625
0 0.640625 0.910937 0.015625 0.015625
0 0.720313 0.917188 0.015625 0.015625
0 0.682813 0.848437 0.015625 0.015625
0 0.753125 0.853125 0.015625 0.015625
0 0.796875 0.918750 0.015625 0.015625
0 0.823438 0.854688 0.015625 0.015625
0 0.865625 0.918750 0.015625 0.015625
0 0.903125 0.854688 0.015625 0.015625
0 0.940625 0.925000 0.015625 0.015625
0 0.979688 0.851562 0.015625 0.015625
0 0.982812 0.985938 0.015625 0.015625
0 0.909375 0.987500 0.015625 0.015625
0 0.829688 0.989062 0.015625 0.015625
0 0.760938 0.984375 0.015625 0.015625
0 0.685937 0.982812 0.015625 0.015625
0 0.623437 0.982812 0.015625 0.015625
0 0.193750 0.125000 0.015625 0.015625
0 0.231250 0.192188 0.015625 0.015625
0 0.265625 0.250000 0.015625 0.015625
0 0.290625 0.314063 0.015625 0.015625
0 0.334375 0.381250 0.015625 0.015625
0 0.381250 0.573438 0.015625 0.015625
