0 0.653125 0.007812 0.015625 0.015625
0 0.726562 0.007812 0.015625 0.015625
0 0.576562 0.009375 0.015625 0.015625
0 0.504687 0.009375 0.015625 0.015625
0 0.421875 0.014063 0.015625 0.015625
0 0.267188 0.014063 0.015625 0.015625
0 0.346875 0.018750 0.015625 0.015625
0 0.067187 0.020313 0.015625 0.015625
0 0.126562 0.023438 0.015625 0.015625
0 0.956250 0.025000 0.015625 0.015625
0 0.879687 0.028125 0.015625 0.015625
0 0.384375 0.065625 0.015625 0.015625
0 0.309375 0.065625 0.015625 0.015625
0 0.471875 0.068750 0.015625 0.015625
0 0.537500 0.068750 0.015625 0.015625
0 0.687500 0.071875 0.015625 0.015625
0 0.620313 0.075000 0.015625 0.015625
0 0.775000 0.076563 0.015625 0.015625
0 0.837500 0.081250 0.015625 0.015625
0 0.992188 0.082812 0.015625 0.015625
0 0.923438 0.089063 0.015625 0.015625
0 0.054688 0.096875 0.015625 0.015625
0 0.123438 0.098437 0.015625 0.015625
0 0.803125 0.140625 0.015625 0.015625
0 0.878125 0.140625 0.015625 0.015625
0 0.954688 0.143750 0.015625 0.015625
0 0.137500 0.159375 0.015625 0.015625
0 0.560937 0.170313 0.015625 0.015625
0 0.518750 0.170313 0.015625 0.015625
0 0.614062 0.182812 0.015625 0.015625
0 0.762500 0.189062 0.015625 0.015625
0 0.006250 0.192188 0.015625 0.015625
0 0.081250 0.193750 0.015625 0.015625
0 0.685937 0.196875 0.015625 0.015625
0 0.910937 0.196875 0.015625 0.015625
0 0.835938 0.209375 0.015625 0.015625
0 0.989062 0.209375 0.015625 0.015625
0 0.106250 0.243750 0.015625 0.015625
0 0.006250 0.245312 0.015625 0.015625
0 0.653125 0.259375 0.015625 0.015625
0 0.889062 0.260937 0.015625 0.015625
0 0.334375 0.264062 0.015625 0.015625
0 0.410938 0.268750 0.015625 0.015625
0 0.954688 0.275000 0.015625 0.015625
0 0.735938 0.295312 0.015625 0.015625
0 0.056250 0.295312 0.015625 0.015625
0 0.378125 0.323437 0.015625 0.015625
0 0.835938 0.334375 0.015625 0.015625
0 0.759375 0.334375 0.015625 0.015625
0 0.990625 0.343750 0.015625 0.015625
0 0.454688 0.357812 0.015625 0.015625
0 0.565625 0.375000 0.015625 0.015625
0 0.953125 0.396875 0.015625 0.015625
0 0.437500 0.437500 0.015625 0.015625
0 0.615625 0.459375 0.015625 0.015625
0 0.254688 0.460938 0.015625 0.015625
0 0.740625 0.464062 0.015625 0.015625
0 0.685937 0.465625 0.015625 0.015625
0 0.317188 0.473438 0.015625 0.015625
0 0.475000 0.496875 0.015625 0.015625
0 0.342187 0.523438 0.015625 0.015625
0 0.860938 0.562500 0.015625 0.015625
0 0.453125 0.585938 0.015625 0.015625
0 0.531250 0.589063 0.015625 0.015625
0 0.759375 0.590625 0.015625 0.015625
0 0.381250 0.590625 0.015625 0.015625
0 0.609375 0.593750 0.015625 0.015625
0 0.154688 0.607812 0.015625 0.015625
0 0.089063 0.610938 0.015625 0.015625
0 0.982812 0.612500 0.015625 0.015625
0 0.290625 0.645312 0.015625 0.015625
0 0.487500 0.648438 0.015625 0.015625
0 0.412500 0.660937 0.015625 0.015625
0 0.793750 0.667188 0.015625 0.015625
0 0.135937 0.673438 0.015625 0.015625
0 0.209375 0.682813 0.015625 0.015625
0 0.940625 0.695312 0.015625 0.015625
0 0.009375 0.718750 0.015625 0.015625
0 0.448437 0.725000 0.015625 0.015625
0 0.285938 0.726562 0.015625 0.015625
0 0.753125 0.732812 0.015625 0.015625
0 0.840625 0.737500 0.015625 0.015625
0 0.146875 0.740625 0.015625 0.015625
0 0.985938 0.742188 0.015625 0.015625
0 0.907813 0.743750 0.015625 0.015625
0 0.243750 0.790625 0.015625 0.015625
0 0.190625 0.817187 0.015625 0.015625
0 0.342187 0.818750 0.015625 0.015625
0 0.434375 0.820312 0.015625 0.015625
0 0.862500 0.835938 0.015625 0.015625
0 0.060937 0.856250 0.015625 0.015625
0 0.140625 0.864062 0.015625 0.015625
0 0.982812 0.870313 0.015625 0.015625
0 0.221875 0.871875 0.015625 0.015625
0 0.303125 0.881250 0.015625 0.015625
0 0.331250 0.929688 0.015625 0.015625
0 0.032813 0.937500 0.015625 0.015625
0 0.134375 0.942187 0.015625 0.015625
0 0.554688 0.945312 0.015625 0.015625
0 0.273438 0.950000 0.015625 0.015625
0 0.062500 0.990625 0.015625 0.015625
0 0.365625 0.995313 0.015625 0.015625
0 0.217188 0.995313 0.015625 0.015625
0 0.142187 0.998437 0.015625 0.015625
