0 0.000000 0.296875 0.015625 0.015625
0 0.045312 0.357812 0.015625 0.015625
0 0.081250 0.301563 0.015625 0.015625
0 0.120313 0.362500 0.015625 0.015625
0 0.157812 0.304688 0.015625 0.015625
0 0.198437 0.357812 0.015625 0.015625
0 0.235937 0.304688 0.015625 0.015625
0 0.268750 0.350000 0.015625 0.015625
0 0.303125 0.304688 0.015625 0.015625
0 0.346875 0.365625 0.015625 0.015625
0 0.373437 0.303125 0.015625 0.015625
0 0.426563 0.359375 0.015625 0.015625
0 0.464062 0.300000 0.015625 0.015625
0 0.492188 0.368750 0.015625 0.015625
0 0.381250 0.432812 0.015625 0.015625
0 0.346875 0.495312 0.015625 0.015625
0 0.417187 0.495312 0.015625 0.015625
0 0.495312 0.495312 0.015625 0.015625
0 0.567187 0.501563 0.015625 0.015625
0 0.000000 0.551562 0.015625 0.015625
0 0.075000 0.557813 0.015625 0.015625
0 0.151562 0.557813 0.015625 0.015625
0 0.396875 0.564063 0.015625 0.015625
0 0.464062 0.565625 0.015625 0.015625
0 0.539062 0.565625 0.015625 0.015625
0 0.723437 0.504687 0.015625 0.015625
0 0.609375 0.304688 0.015625 0.015625
0 0.682813 0.307812 0.015625 0.015625
0 0.721875 0.373437 0.015625 0.015625
0 0.762500 0.440625 0.015625 0.015625
0 0.800000 0.503125 0.015625 0.015625
0 0.868750 0.509375 0.015625 0.015625
0 0.948438 0.507812 0.015625 0.015625
0 0.992188 0.578125 0.015625 0.015625
0 0.917188 0.704688 0.015625 0.015625
0 0.984375 0.707812 0.015625 0.015625
0 0.025000 0.759375 0.015625 0.015625
0 0.076563 0.821875 0.015625 0.015625
0 0.140625 0.823438 0.015625 0.015625
0 0.457813 0.692187 0.015625 0.015625
0 0.182812 0.625000 0.015625 0.015625
0 0.268750 0.632812 0.015625 0.015625
0 0.229687 0.560937 0.015625 0.015625
0 0.301563 0.556250 0.015625 0.015625
0 0.062500 0.951562 0.015625 0.015625
0 0.139063 0.951562 0.015625 0.015625
0 0.221875 0.950000 0.015625 0.015625
0 0.531250 0.695312 0.015625 0.015625
0 0.607812 0.700000 0.015625 0.015625
0 0.840625 0.571875 0.015625 0.015625
0 0.803125 0.632812 0.015625 0.015625
0 0.720313 0.632812 0.015625 0.015625
0 0.862500 0.639062 0.015625 0.015625
0 0.295312 0.826562 0.015625 0.015625
0 0.325000 0.889062 0.015625 0.015625
0 0.300000 0.954688 0.015625 0.015625
0 0.000000 0.425000 0.015625 0.015625
0 0.076563 0.425000 0.015625 0.015625
0 0.157812 0.425000 0.015625 0.015625
0 0.220312 0.431250 0.015625 0.015625
0 0.046875 0.490625 0.015625 0.015625
0 0.121875 0.490625 0.015625 0.015625
0 0.650000 0.368750 0.015625 0.015625
0 0.270313 0.492188 0.015625 0.015625
0 0.187500 0.756250 0.015625 0.015625
0 0.264062 0.762500 0.015625 0.015625
0 0.300000 0.689063 0.015625 0.015625
0 0.334375 0.750000 0.015625 0.015625
0 0.342187 0.626563 0.015625 0.015625
0 0.601562 0.564063 0.015625 0.015625
0 0.650000 0.629687 0.015625 0.015625
0 0.070312 0.692187 0.015625 0.015625
0 0.053125 0.620313 0.015625 0.015625
0 0.614062 0.820312 0.015625 0.015625
0 0.531250 0.818750 0.015625 0.015625
0 0.460938 0.756250 0.015625 0.015625
0 0.567187 0.767188 0.015625 0.015625
0 0.653125 0.765625 0.015625 0.015625
0 0.421875 0.895312 0.015625 0.015625
0 0.392188 0.964063 0.015625 0.015625
0 0.454688 0.967187 0.015625 0.015625
0 0.046875 0.215625 0.015625 0.015625
0 0.109375 0.218750 0.015625 0.015625
0 0.196875 0.214062 0.015625 0.015625
0 0.412500 0.221875 0.015625 0.015625
0 0.575000 0.225000 0.015625 0.015625
0 0.653125 0.231250 0.015625 0.015625
0 0.721875 0.232813 0.015625 0.015625
0 0.798438 0.237500 0.015625 0.015625
0 0.840625 0.307812 0.015625 0.015625
0 0.912500 0.312500 0.015625 0.015625
0 0.743750 0.768750 0.015625 0.015625
0 0.784375 0.892188 0.015625 0.015625
0 0.914062 0.840625 0.015625 0.015625
0 0.868750 0.775000 0.015625 0.015625
