0 0.685937 0.648438 0.015625 0.015625
0 0.609375 0.648438 0.015625 0.015625
0 0.759375 0.648438 0.015625 0.015625
0 0.910937 0.650000 0.015625 0.015625
0 0.643750 0.712500 0.015625 0.015625
0 0.143750 0.767188 0.015625 0.015625
0 0.143750 0.896875 0.015625 0.015625
0 0.384375 0.642188 0.015625 0.015625
0 0.523438 0.643750 0.015625 0.015625
0 0.301563 0.640625 0.015625 0.015625
0 0.000000 0.764062 0.015625 0.015625
0 0.226562 0.768750 0.015625 0.015625
0 0.456250 0.645312 0.015625 0.015625
0 0.907813 0.917188 0.015625 0.015625
0 0.942187 0.850000 0.015625 0.015625
0 0.335938 0.971875 0.015625 0.015625
0 0.370312 0.904687 0.015625 0.015625
0 0.410938 0.842187 0.015625 0.015625
0 0.945312 0.712500 0.015625 0.015625
0 0.489063 0.710938 0.015625 0.015625
0 0.989062 0.392188 0.015625 0.015625
0 0.832812 0.648438 0.015625 0.015625
0 0.189062 0.707812 0.015625 0.015625
0 0.864062 0.978125 0.015625 0.015625
0 0.918750 0.001563 0.015625 0.015625
0 0.564063 0.712500 0.015625 0.015625
0 0.865625 0.845313 0.015625 0.015625
0 0.957812 0.328125 0.015625 0.015625
0 0.185938 0.829688 0.015625 0.015625
0 0.496875 0.964063 0.015625 0.015625
0 0.079687 0.634375 0.015625 0.015625
0 0.228125 0.639062 0.015625 0.015625
0 0.267188 0.578125 0.015625 0.015625
0 0.871875 0.712500 0.015625 0.015625
0 0.640625 0.979688 0.015625 0.015625
0 0.071875 0.895312 0.015625 0.015625
0 0.264062 0.707812 0.015625 0.015625
0 0.562500 0.842187 0.015625 0.015625
0 0.982812 0.782813 0.015625 0.015625
0 0.365625 0.773438 0.015625 0.015625
0 0.906250 0.781250 0.015625 0.015625
0 0.784375 0.850000 0.015625 0.015625
0 0.564063 0.978125 0.015625 0.015625
0 0.159375 0.632812 0.015625 0.015625
0 0.937500 0.976562 0.015625 0.015625
0 0.010937 0.635938 0.015625 0.015625
0 0.789062 0.976562 0.015625 0.015625
0 0.992188 0.260937 0.015625 0.015625
0 0.832812 0.782813 0.015625 0.015625
0 0.482812 0.842187 0.015625 0.015625
0 0.717187 0.710938 0.015625 0.015625
0 0.071875 0.762500 0.015625 0.015625
0 0.795312 0.712500 0.015625 0.015625
0 0.445312 0.906250 0.015625 0.015625
0 0.940625 0.065625 0.015625 0.015625
0 0.654687 0.059375 0.015625 0.015625
0 0.609375 0.126562 0.015625 0.015625
0 0.576562 0.071875 0.015625 0.015625
0 0.539062 0.121875 0.015625 0.015625
0 0.498437 0.054688 0.015625 0.015625
0 0.462500 0.125000 0.015625 0.015625
0 0.432812 0.051562 0.015625 0.015625
0 0.390625 0.118750 0.015625 0.015625
0 0.357812 0.053125 0.015625 0.015625
0 0.314063 0.123438 0.015625 0.015625
0 0.273438 0.054688 0.015625 0.015625
0 0.226562 0.117188 0.015625 0.015625
0 0.200000 0.046875 0.015625 0.015625
0 0.167187 0.118750 0.015625 0.015625
0 0.139063 0.057813 0.015625 0.015625
0 0.050000 0.050000 0.015625 0.015625
0 0.010937 0.123438 0.015625 0.015625
0 0.028125 0.240625 0.015625 0.015625
0 0.092188 0.246875 0.015625 0.015625
0 0.021875 0.326562 0.015625 0.015625
0 0.165625 0.254688 0.015625 0.015625
0 0.251563 0.254688 0.015625 0.015625
0 0.001563 0.382812 0.015625 0.015625
0 0.798438 0.325000 0.015625 0.015625
0 0.743750 0.254688 0.015625 0.015625
0 0.720313 0.321875 0.015625 0.015625
0 0.687500 0.234375 0.015625 0.015625
0 0.635938 0.329688 0.015625 0.015625
0 0.609375 0.262500 0.015625 0.015625
0 0.565625 0.346875 0.015625 0.015625
0 0.546875 0.260937 0.015625 0.015625
0 0.473438 0.251563 0.015625 0.015625
0 0.487500 0.581250 0.015625 0.015625
0 0.565625 0.582812 0.015625 0.015625
0 0.665625 0.578125 0.015625 0.015625
0 0.796875 0.584375 0.015625 0.015625
0 0.873437 0.585938 0.015625 0.015625
0 0.426563 0.581250 0.015625 0.015625
0 0.421875 0.707812 0.015625 0.015625
0 0.342187 0.707812 0.015625 0.015625
0 0.115625 0.698438 0.015625 0.015625
0 0.323437 0.856250 0.015625 0.015625
0 0.981250 0.920312 0.015625 0.015625
0 0.400000 0.973437 0.015625 0.015625
0 0.381250 0.381250 0.015625 0.015625
0 0.315625 0.379688 0.015625 0.015625
0 0.540625 0.384375 0.015625 0.015625
0 0.606250 0.385937 0.015625 0.015625
0 0.682813 0.387500 0.015625 0.015625
0 0.773438 0.389062 0.015625 0.015625
0 0.839063 0.393750 0.015625 0.015625
0 0.201563 0.576562 0.015625 0.015625
0 0.104688 0.576562 0.015625 0.015625
0 0.042188 0.964063 0.015625 0.015625
0 0.115625 0.965625 0.015625 0.015625
0 0.198437 0.968750 0.015625 0.015625
0 0.048438 0.182812 0.015625 0.015625
0 0.298438 0.901563 0.015625 0.015625
0 0.521875 0.909375 0.015625 0.015625
0 0.603125 0.915625 0.015625 0.015625
0 0.681250 0.915625 0.015625 0.015625
0 0.826562 0.917188 0.015625 0.015625
0 0.703125 0.853125 0.015625 0.015625
0 0.031250 0.825000 0.015625 0.015625
0 0.976562 0.651563 0.015625 0.015625
0 0.948438 0.589063 0.015625 0.015625
0 0.126562 0.179688 0.015625 0.015625
0 0.198437 0.181250 0.015625 0.015625
0 0.278125 0.185938 0.015625 0.015625
