0 0.906250 0.004687 0.015625 0.015625
0 0.837500 0.006250 0.015625 0.015625
0 0.256250 0.050000 0.015625 0.015625
0 0.340625 0.057813 0.015625 0.015625
0 0.982812 0.060937 0.015625 0.015625
0 0.489063 0.062500 0.015625 0.015625
0 0.706250 0.064062 0.015625 0.015625
0 0.784375 0.064062 0.015625 0.015625
0 0.954688 0.095312 0.015625 0.015625
0 0.212500 0.118750 0.015625 0.015625
0 0.529687 0.121875 0.015625 0.015625
0 0.890625 0.125000 0.015625 0.015625
0 0.807813 0.171875 0.015625 0.015625
0 0.857812 0.187500 0.015625 0.015625
0 0.935937 0.192188 0.015625 0.015625
0 0.156250 0.221875 0.015625 0.015625
0 0.285938 0.242188 0.015625 0.015625
0 0.514062 0.245312 0.015625 0.015625
0 0.617188 0.245312 0.015625 0.015625
0 0.818750 0.245312 0.015625 0.015625
0 0.659375 0.250000 0.015625 0.015625
0 0.740625 0.259375 0.015625 0.015625
0 0.706250 0.329688 0.015625 0.015625
0 0.335938 0.350000 0.015625 0.015625
0 0.431250 0.390625 0.015625 0.015625
0 0.518750 0.396875 0.015625 0.015625
0 0.626563 0.401562 0.015625 0.015625
0 0.457813 0.453125 0.015625 0.015625
0 0.265625 0.510938 0.015625 0.015625
0 0.709375 0.589063 0.015625 0.015625
0 0.310937 0.592187 0.015625 0.015625
0 0.779687 0.593750 0.015625 0.015625
0 0.609375 0.593750 0.015625 0.015625
0 0.395313 0.601562 0.015625 0.015625
0 0.056250 0.645312 0.015625 0.015625
0 0.512500 0.653125 0.015625 0.015625
0 0.809375 0.657813 0.015625 0.015625
0 0.960938 0.657813 0.015625 0.015625
0 0.579688 0.657813 0.015625 0.015625
0 0.882812 0.659375 0.015625 0.015625
0 0.739062 0.664062 0.015625 0.015625
0 0.701562 0.718750 0.015625 0.015625
0 0.464062 0.720313 0.015625 0.015625
0 0.925000 0.721875 0.015625 0.015625
0 0.854688 0.723437 0.015625 0.015625
0 0.785937 0.725000 0.015625 0.015625
0 0.279687 0.771875 0.015625 0.015625
0 0.129688 0.773438 0.015625 0.015625
0 0.732812 0.784375 0.015625 0.015625
0 0.807813 0.787500 0.015625 0.015625
0 0.960938 0.793750 0.015625 0.015625
0 0.309375 0.834375 0.015625 0.015625
0 0.534375 0.837500 0.015625 0.015625
0 0.465625 0.843750 0.015625 0.015625
0 0.767188 0.851562 0.015625 0.015625
0 0.626563 0.853125 0.015625 0.015625
0 0.998437 0.857812 0.015625 0.015625
0 0.128125 0.896875 0.015625 0.015625
0 0.067187 0.896875 0.015625 0.015625
0 0.275000 0.896875 0.015625 0.015625
0 0.810937 0.912500 0.015625 0.015625
0 0.656250 0.914062 0.015625 0.015625
0 0.579688 0.915625 0.015625 0.015625
0 0.714063 0.946875 0.015625 0.015625
0 0.232813 0.956250 0.015625 0.015625
0 0.928125 0.957812 0.015625 0.015625
0 0.842187 0.985938 0.015625 0.015625
0 0.534375 0.987500 0.015625 0.015625
0 0.615625 0.990625 0.015625 0.015625
0 0.964063 0.992188 0.015625 0.015625
0 0.315625 0.998437 0.015625 0.015625
0 0.051562 0.243750 0.015625 0.015625
0 0.020313 0.309375 0.015625 0.015625
0 0.087500 0.443750 0.015625 0.015625
0 0.167187 0.443750 0.015625 0.015625
0 0.126562 0.381250 0.015625 0.015625
0 0.043750 0.376563 0.015625 0.015625
0 0.009375 0.707812 0.015625 0.015625
0 0.092188 0.709375 0.015625 0.015625
0 0.128125 0.646875 0.015625 0.015625
0 0.175000 0.704688 0.015625 0.015625
0 0.204687 0.650000 0.015625 0.015625
0 0.237500 0.710938 0.015625 0.015625
0 0.203125 0.775000 0.015625 0.015625
0 0.164062 0.842187 0.015625 0.015625
0 0.239063 0.837500 0.015625 0.015625
0 0.354687 0.781250 0.015625 0.015625
0 0.385937 0.834375 0.015625 0.015625
0 0.307812 0.700000 0.015625 0.015625
0 0.279687 0.645312 0.015625 0.015625
0 0.242188 0.575000 0.015625 0.015625
0 0.167187 0.576562 0.015625 0.015625
0 0.084375 0.576562 0.015625 0.015625
0 0.006250 0.578125 0.015625 0.015625
0 0.010937 0.842187 0.015625 0.015625
0 0.075000 0.843750 0.015625 0.015625
0 0.060937 0.767188 0.015625 0.015625
0 0.089063 0.970313 0.015625 0.015625
0 0.007812 0.970313 0.015625 0.015625
0 0.162500 0.970313 0.015625 0.015625
0 0.196875 0.901563 0.015625 0.015625
0 0.345313 0.907813 0.015625 0.015625
0 0.423438 0.914062 0.015625 0.015625
0 0.468750 0.976562 0.015625 0.015625
0 0.048438 0.514062 0.015625 0.015625
0 0.139063 0.512500 0.015625 0.015625
