0 0.548438 0.021875 0.015625 0.015625
0 0.612500 0.018750 0.015625 0.015625
0 0.650000 0.096875 0.015625 0.015625
0 0.684375 0.157812 0.015625 0.015625
0 0.723437 0.090625 0.015625 0.015625
0 0.765625 0.164062 0.015625 0.015625
0 0.796875 0.093750 0.015625 0.015625
0 0.839063 0.160938 0.015625 0.015625
0 0.873437 0.098437 0.015625 0.015625
0 0.909375 0.162500 0.015625 0.015625
0 0.942187 0.106250 0.015625 0.015625
0 0.995313 0.167187 0.015625 0.015625
0 0.703125 0.223438 0.015625 0.015625
0 0.760938 0.287500 0.015625 0.015625
0 0.787500 0.223438 0.015625 0.015625
0 0.829688 0.285938 0.015625 0.015625
0 0.873437 0.232813 0.015625 0.015625
0 0.909375 0.285938 0.015625 0.015625
0 0.942187 0.234375 0.015625 0.015625
0 0.984375 0.287500 0.015625 0.015625
0 0.753125 0.414062 0.015625 0.015625
0 0.792188 0.356250 0.015625 0.015625
0 0.835938 0.423438 0.015625 0.015625
0 0.870313 0.364063 0.015625 0.015625
0 0.910937 0.415625 0.015625 0.015625
0 0.931250 0.368750 0.015625 0.015625
0 0.976562 0.420312 0.015625 0.015625
0 0.790625 0.490625 0.015625 0.015625
0 0.821875 0.553125 0.015625 0.015625
0 0.865625 0.485938 0.015625 0.015625
0 0.904687 0.551562 0.015625 0.015625
0 0.940625 0.492188 0.015625 0.015625
0 0.934375 0.621875 0.015625 0.015625
0 0.295312 0.675000 0.015625 0.015625
0 0.485938 0.484375 0.015625 0.015625
0 0.787500 0.748437 0.015625 0.015625
0 0.298438 0.415625 0.015625 0.015625
0 0.559375 0.742188 0.015625 0.015625
0 0.367188 0.673438 0.015625 0.015625
0 0.218750 0.671875 0.015625 0.015625
0 0.514062 0.939063 0.015625 0.015625
0 0.715625 0.748437 0.015625 0.015625
0 0.670312 0.943750 0.015625 0.015625
0 0.407813 0.742188 0.015625 0.015625
0 0.062500 0.934375 0.015625 0.015625
0 0.334375 0.742188 0.015625 0.015625
0 0.635938 0.750000 0.015625 0.015625
0 0.373437 0.414062 0.015625 0.015625
0 0.484375 0.743750 0.015625 0.015625
0 0.220312 0.545312 0.015625 0.015625
0 0.410938 0.220312 0.015625 0.015625
0 0.068750 0.412500 0.015625 0.015625
0 0.339062 0.223438 0.015625 0.015625
0 0.593750 0.939063 0.015625 0.015625
0 0.492188 0.220312 0.015625 0.015625
0 0.440625 0.939063 0.015625 0.015625
0 0.296875 0.545312 0.015625 0.015625
0 0.820312 0.945312 0.015625 0.015625
0 0.639062 0.485938 0.015625 0.015625
0 0.135937 0.935937 0.015625 0.015625
0 0.518750 0.676562 0.015625 0.015625
0 0.042188 0.214062 0.015625 0.015625
0 0.823438 0.684375 0.015625 0.015625
0 0.185938 0.478125 0.015625 0.015625
0 0.287500 0.937500 0.015625 0.015625
0 0.367188 0.935937 0.015625 0.015625
0 0.595313 0.810937 0.015625 0.015625
0 0.559375 0.614062 0.015625 0.015625
0 0.335938 0.479687 0.015625 0.015625
0 0.445312 0.676562 0.015625 0.015625
0 0.671875 0.685937 0.015625 0.015625
0 0.521875 0.415625 0.015625 0.015625
0 0.743750 0.943750 0.015625 0.015625
0 0.262500 0.478125 0.015625 0.015625
0 0.596875 0.676562 0.015625 0.015625
0 0.715625 0.485938 0.015625 0.015625
0 0.562500 0.351562 0.015625 0.015625
0 0.414062 0.479687 0.015625 0.015625
0 0.517188 0.545312 0.015625 0.015625
0 0.632812 0.875000 0.015625 0.015625
0 0.400000 0.873437 0.015625 0.015625
0 0.714063 0.615625 0.015625 0.015625
0 0.039062 0.343750 0.015625 0.015625
0 0.415625 0.090625 0.015625 0.015625
0 0.564063 0.479687 0.015625 0.015625
0 0.598437 0.546875 0.015625 0.015625
0 0.521875 0.809375 0.015625 0.015625
0 0.364063 0.804688 0.015625 0.015625
0 0.223438 0.414062 0.015625 0.015625
0 0.601562 0.417187 0.015625 0.015625
0 0.895312 0.946875 0.015625 0.015625
0 0.257812 0.742188 0.015625 0.015625
0 0.784375 0.879687 0.015625 0.015625
0 0.748437 0.685937 0.015625 0.015625
0 0.556250 0.871875 0.015625 0.015625
0 0.264062 0.089063 0.015625 0.015625
0 0.110937 0.740625 0.015625 0.015625
0 0.092188 0.996875 0.015625 0.015625
0 0.004687 0.017188 0.015625 0.015625
0 0.075000 0.017188 0.015625 0.015625
0 0.045312 0.089063 0.015625 0.015625
0 0.107813 0.087500 0.015625 0.015625
0 0.082812 0.156250 0.015625 0.015625
0 0.167187 0.154688 0.015625 0.015625
0 0.229687 0.153125 0.015625 0.015625
0 0.192188 0.220312 0.015625 0.015625
0 0.007812 0.157812 0.015625 0.015625
0 0.007812 0.550000 0.015625 0.015625
0 0.379688 0.153125 0.015625 0.015625
0 0.454688 0.154688 0.015625 0.015625
0 0.507812 0.154688 0.015625 0.015625
0 0.489063 0.087500 0.015625 0.015625
0 0.339062 0.081250 0.015625 0.015625
0 0.273438 0.206250 0.015625 0.015625
0 0.337500 0.345313 0.015625 0.015625
0 0.412500 0.353125 0.015625 0.015625
0 0.490625 0.354687 0.015625 0.015625
0 0.448437 0.285938 0.015625 0.015625
0 0.201563 0.343750 0.015625 0.015625
0 0.400000 0.617188 0.015625 0.015625
0 0.492188 0.615625 0.015625 0.015625
0 0.635938 0.615625 0.015625 0.015625
0 0.218750 0.810937 0.015625 0.015625
0 0.292187 0.809375 0.015625 0.015625
0 0.443750 0.809375 0.015625 0.015625
0 0.476562 0.871875 0.015625 0.015625
0 0.328125 0.871875 0.015625 0.015625
0 0.254688 0.871875 0.015625 0.015625
0 0.178125 0.870313 0.015625 0.015625
0 0.093750 0.868750 0.015625 0.015625
0 0.201563 0.942187 0.015625 0.015625
0 0.685937 0.812500 0.015625 0.015625
0 0.751563 0.807813 0.015625 0.015625
0 0.829688 0.810937 0.015625 0.015625
0 0.870313 0.748437 0.015625 0.015625
0 0.909375 0.820312 0.015625 0.015625
0 0.931250 0.889062 0.015625 0.015625
0 0.851562 0.884375 0.015625 0.015625
0 0.714063 0.879687 0.015625 0.015625
0 0.975000 0.685937 0.015625 0.015625
0 0.862500 0.618750 0.015625 0.015625
0 0.895312 0.685937 0.015625 0.015625
0 0.928125 0.740625 0.015625 0.015625
0 0.978125 0.556250 0.015625 0.015625
0 0.978125 0.820312 0.015625 0.015625
0 0.967187 0.953125 0.015625 0.015625
0 0.143750 0.284375 0.015625 0.015625
0 0.076563 0.282813 0.015625 0.015625
0 0.107813 0.350000 0.015625 0.015625
0 0.006250 0.420312 0.015625 0.015625
0 0.029687 0.478125 0.015625 0.015625
0 0.204687 0.095312 0.015625 0.015625
0 0.985938 0.028125 0.015625 0.015625
0 0.910937 0.029687 0.015625 0.015625
0 0.832812 0.031250 0.015625 0.015625
0 0.757812 0.029687 0.015625 0.015625
0 0.676562 0.026562 0.015625 0.015625
