0 0.309375 0.040625 0.015625 0.015625
0 0.001563 0.042188 0.015625 0.015625
0 0.160938 0.042188 0.015625 0.015625
0 0.079687 0.042188 0.015625 0.015625
0 0.384375 0.042188 0.015625 0.015625
0 0.231250 0.046875 0.015625 0.015625
0 0.460938 0.050000 0.015625 0.015625
0 0.612500 0.050000 0.015625 0.015625
0 0.684375 0.057813 0.015625 0.015625
0 0.990625 0.060937 0.015625 0.015625
0 0.907813 0.062500 0.015625 0.015625
0 0.185938 0.112500 0.015625 0.015625
0 0.032813 0.114062 0.015625 0.015625
0 0.260937 0.114062 0.015625 0.015625
0 0.421875 0.114062 0.015625 0.015625
0 0.640625 0.120313 0.015625 0.015625
0 0.457813 0.170313 0.015625 0.015625
0 0.682813 0.182812 0.015625 0.015625
0 0.228125 0.184375 0.015625 0.015625
0 0.759375 0.190625 0.015625 0.015625
0 0.307812 0.190625 0.015625 0.015625
0 0.981250 0.193750 0.015625 0.015625
0 0.493750 0.242188 0.015625 0.015625
0 0.640625 0.243750 0.015625 0.015625
0 0.187500 0.245312 0.015625 0.015625
0 0.340625 0.245312 0.015625 0.015625
0 0.414062 0.246875 0.015625 0.015625
0 0.725000 0.250000 0.015625 0.015625
0 0.860938 0.257812 0.015625 0.015625
0 0.940625 0.260937 0.015625 0.015625
0 0.075000 0.310937 0.015625 0.015625
0 0.164062 0.312500 0.015625 0.015625
0 0.226562 0.314063 0.015625 0.015625
0 0.303125 0.314063 0.015625 0.015625
0 0.379688 0.315625 0.015625 0.015625
0 0.756250 0.317188 0.015625 0.015625
0 0.606250 0.317188 0.015625 0.015625
0 0.456250 0.318750 0.015625 0.015625
0 0.534375 0.320312 0.015625 0.015625
0 0.681250 0.321875 0.015625 0.015625
0 0.903125 0.321875 0.015625 0.015625
0 0.981250 0.329688 0.015625 0.015625
0 0.032813 0.373437 0.015625 0.015625
0 0.259375 0.375000 0.015625 0.015625
0 0.414062 0.376563 0.015625 0.015625
0 0.337500 0.378125 0.015625 0.015625
0 0.490625 0.381250 0.015625 0.015625
0 0.640625 0.381250 0.015625 0.015625
0 0.565625 0.382812 0.015625 0.015625
0 0.715625 0.385937 0.015625 0.015625
0 0.070312 0.443750 0.015625 0.015625
0 0.375000 0.443750 0.015625 0.015625
0 0.296875 0.443750 0.015625 0.015625
0 0.226562 0.445312 0.015625 0.015625
0 0.529687 0.448437 0.015625 0.015625
0 0.604688 0.448437 0.015625 0.015625
0 0.454688 0.448437 0.015625 0.015625
0 0.678125 0.448437 0.015625 0.015625
0 0.760938 0.451562 0.015625 0.015625
0 0.979688 0.462500 0.015625 0.015625
0 0.114062 0.509375 0.015625 0.015625
0 0.409375 0.509375 0.015625 0.015625
0 0.182812 0.509375 0.015625 0.015625
0 0.035937 0.509375 0.015625 0.015625
0 0.717187 0.509375 0.015625 0.015625
0 0.564063 0.509375 0.015625 0.015625
0 0.640625 0.512500 0.015625 0.015625
0 0.489063 0.512500 0.015625 0.015625
0 0.859375 0.550000 0.015625 0.015625
0 0.339062 0.557813 0.015625 0.015625
0 0.078125 0.567187 0.015625 0.015625
0 0.903125 0.592187 0.015625 0.015625
0 0.979688 0.592187 0.015625 0.015625
0 0.032813 0.634375 0.015625 0.015625
0 0.110937 0.635938 0.015625 0.015625
0 0.182812 0.637500 0.015625 0.015625
0 0.260937 0.637500 0.015625 0.015625
0 0.710938 0.645312 0.015625 0.015625
0 0.484375 0.645312 0.015625 0.015625
0 0.639062 0.645312 0.015625 0.015625
0 0.407813 0.648438 0.015625 0.015625
0 0.560937 0.650000 0.015625 0.015625
0 0.860938 0.659375 0.015625 0.015625
0 0.929688 0.665625 0.015625 0.015625
0 0.064062 0.701562 0.015625 0.015625
0 0.215625 0.706250 0.015625 0.015625
0 0.137500 0.707812 0.015625 0.015625
0 0.289062 0.707812 0.015625 0.015625
0 0.517188 0.710938 0.015625 0.015625
0 0.671875 0.710938 0.015625 0.015625
0 0.440625 0.712500 0.015625 0.015625
0 0.745313 0.720313 0.015625 0.015625
0 0.593750 0.720313 0.015625 0.015625
0 0.026562 0.768750 0.015625 0.015625
0 0.106250 0.768750 0.015625 0.015625
0 0.178125 0.768750 0.015625 0.015625
0 0.250000 0.771875 0.015625 0.015625
0 0.328125 0.773438 0.015625 0.015625
0 0.482812 0.773438 0.015625 0.015625
0 0.557813 0.776563 0.015625 0.015625
0 0.712500 0.781250 0.015625 0.015625
0 0.635938 0.781250 0.015625 0.015625
0 0.935937 0.789062 0.015625 0.015625
0 0.065625 0.832812 0.015625 0.015625
0 0.140625 0.835938 0.015625 0.015625
0 0.215625 0.837500 0.015625 0.015625
0 0.290625 0.839063 0.015625 0.015625
0 0.362500 0.842187 0.015625 0.015625
0 0.515625 0.845313 0.015625 0.015625
0 0.593750 0.846875 0.015625 0.015625
0 0.754687 0.846875 0.015625 0.015625
0 0.673438 0.846875 0.015625 0.015625
0 0.973437 0.853125 0.015625 0.015625
0 0.182812 0.896875 0.015625 0.015625
0 0.104688 0.903125 0.015625 0.015625
0 0.326562 0.912500 0.015625 0.015625
0 0.707812 0.914062 0.015625 0.015625
0 0.629687 0.914062 0.015625 0.015625
0 0.937500 0.917188 0.015625 0.015625
0 0.070312 0.960938 0.015625 0.015625
0 0.140625 0.965625 0.015625 0.015625
0 0.362500 0.967187 0.015625 0.015625
0 0.214062 0.968750 0.015625 0.015625
0 0.290625 0.968750 0.015625 0.015625
0 0.437500 0.970313 0.015625 0.015625
0 0.665625 0.981250 0.015625 0.015625
0 0.903125 0.985938 0.015625 0.015625
0 0.976562 0.987500 0.015625 0.015625
0 0.537500 0.053125 0.015625 0.015625
0 0.575000 0.114062 0.015625 0.015625
0 0.765625 0.056250 0.015625 0.015625
0 0.714063 0.109375 0.015625 0.015625
0 0.075000 0.178125 0.015625 0.015625
0 0.114062 0.242188 0.015625 0.015625
0 0.746875 0.578125 0.015625 0.015625
0 0.675000 0.592187 0.015625 0.015625
0 0.598437 0.575000 0.015625 0.015625
0 0.517188 0.584375 0.015625 0.015625
0 0.442188 0.575000 0.015625 0.015625
0 0.560937 0.925000 0.015625 0.015625
0 0.592187 0.975000 0.015625 0.015625
0 0.739062 0.979688 0.015625 0.015625
