0 0.750000 0.000000 0.015625 0.015625
0 0.964063 0.001563 0.015625 0.015625
0 0.815625 0.001563 0.015625 0.015625
0 0.890625 0.007812 0.015625 0.015625
0 0.565625 0.046875 0.015625 0.015625
0 0.476562 0.054688 0.015625 0.015625
0 0.178125 0.054688 0.015625 0.015625
0 0.393750 0.059375 0.015625 0.015625
0 0.629687 0.059375 0.015625 0.015625
0 0.706250 0.062500 0.015625 0.015625
0 0.314063 0.064062 0.015625 0.015625
0 0.929688 0.065625 0.015625 0.015625
0 0.778125 0.067187 0.015625 0.015625
0 0.850000 0.068750 0.015625 0.015625
0 0.060937 0.117188 0.015625 0.015625
0 0.285938 0.117188 0.015625 0.015625
0 0.137500 0.120313 0.015625 0.015625
0 0.515625 0.123438 0.015625 0.015625
0 0.359375 0.123438 0.015625 0.015625
0 0.435937 0.123438 0.015625 0.015625
0 0.665625 0.125000 0.015625 0.015625
0 0.593750 0.128125 0.015625 0.015625
0 0.740625 0.131250 0.015625 0.015625
0 0.814063 0.135937 0.015625 0.015625
0 0.889062 0.135937 0.015625 0.015625
0 0.964063 0.135937 0.015625 0.015625
0 0.018750 0.175000 0.015625 0.015625
0 0.318750 0.185938 0.015625 0.015625
0 0.401562 0.187500 0.015625 0.015625
0 0.467187 0.189062 0.015625 0.015625
0 0.551562 0.190625 0.015625 0.015625
0 0.706250 0.195312 0.015625 0.015625
0 0.781250 0.195312 0.015625 0.015625
0 0.626563 0.198437 0.015625 0.015625
0 0.918750 0.206250 0.015625 0.015625
0 0.815625 0.245312 0.015625 0.015625
0 0.206250 0.246875 0.015625 0.015625
0 0.282813 0.248438 0.015625 0.015625
0 0.132812 0.248438 0.015625 0.015625
0 0.514062 0.251563 0.015625 0.015625
0 0.432812 0.257812 0.015625 0.015625
0 0.589063 0.259375 0.015625 0.015625
0 0.621875 0.304688 0.015625 0.015625
0 0.020313 0.307812 0.015625 0.015625
0 0.093750 0.312500 0.015625 0.015625
0 0.240625 0.315625 0.015625 0.015625
0 0.164062 0.315625 0.015625 0.015625
0 0.314063 0.318750 0.015625 0.015625
0 0.392188 0.320312 0.015625 0.015625
0 0.468750 0.321875 0.015625 0.015625
0 0.553125 0.323437 0.015625 0.015625
0 0.845313 0.328125 0.015625 0.015625
0 0.923438 0.339062 0.015625 0.015625
0 0.435937 0.376563 0.015625 0.015625
0 0.787500 0.379688 0.015625 0.015625
0 0.203125 0.379688 0.015625 0.015625
0 0.282813 0.379688 0.015625 0.015625
0 0.053125 0.379688 0.015625 0.015625
0 0.128125 0.381250 0.015625 0.015625
0 0.356250 0.384375 0.015625 0.015625
0 0.659375 0.385937 0.015625 0.015625
0 0.585938 0.385937 0.015625 0.015625
0 0.507812 0.387500 0.015625 0.015625
0 0.734375 0.389062 0.015625 0.015625
0 0.881250 0.396875 0.015625 0.015625
0 0.015625 0.443750 0.015625 0.015625
0 0.240625 0.443750 0.015625 0.015625
0 0.085938 0.446875 0.015625 0.015625
0 0.164062 0.446875 0.015625 0.015625
0 0.392188 0.448437 0.015625 0.015625
0 0.314063 0.450000 0.015625 0.015625
0 0.468750 0.450000 0.015625 0.015625
0 0.539062 0.453125 0.015625 0.015625
0 0.612500 0.457813 0.015625 0.015625
0 0.692187 0.460938 0.015625 0.015625
0 0.764062 0.484375 0.015625 0.015625
0 0.053125 0.509375 0.015625 0.015625
0 0.128125 0.510938 0.015625 0.015625
0 0.201563 0.512500 0.015625 0.015625
0 0.431250 0.514062 0.015625 0.015625
0 0.279687 0.515625 0.015625 0.015625
0 0.354687 0.517188 0.015625 0.015625
0 0.503125 0.520312 0.015625 0.015625
0 0.576562 0.520312 0.015625 0.015625
0 0.659375 0.521875 0.015625 0.015625
0 0.731250 0.529687 0.015625 0.015625
0 0.089063 0.573438 0.015625 0.015625
0 0.160938 0.575000 0.015625 0.015625
0 0.239063 0.581250 0.015625 0.015625
0 0.318750 0.581250 0.015625 0.015625
0 0.009375 0.581250 0.015625 0.015625
0 0.389062 0.582812 0.015625 0.015625
0 0.459375 0.584375 0.015625 0.015625
0 0.537500 0.585938 0.015625 0.015625
0 0.692187 0.585938 0.015625 0.015625
0 0.617188 0.587500 0.015625 0.015625
0 0.767188 0.592187 0.015625 0.015625
0 0.126562 0.639062 0.015625 0.015625
0 0.050000 0.640625 0.015625 0.015625
0 0.198437 0.642188 0.015625 0.015625
0 0.275000 0.643750 0.015625 0.015625
0 0.500000 0.645312 0.015625 0.015625
0 0.575000 0.645312 0.015625 0.015625
0 0.431250 0.646875 0.015625 0.015625
0 0.356250 0.646875 0.015625 0.015625
0 0.654687 0.653125 0.015625 0.015625
0 0.731250 0.653125 0.015625 0.015625
0 0.010937 0.703125 0.015625 0.015625
0 0.160938 0.703125 0.015625 0.015625
0 0.085938 0.703125 0.015625 0.015625
0 0.235937 0.707812 0.015625 0.015625
0 0.312500 0.712500 0.015625 0.015625
0 0.540625 0.717187 0.015625 0.015625
0 0.384375 0.720313 0.015625 0.015625
0 0.612500 0.720313 0.015625 0.015625
0 0.684375 0.721875 0.015625 0.015625
0 0.476562 0.731250 0.015625 0.015625
0 0.046875 0.768750 0.015625 0.015625
0 0.121875 0.770312 0.015625 0.015625
0 0.198437 0.771875 0.015625 0.015625
0 0.273438 0.775000 0.015625 0.015625
0 0.345313 0.781250 0.015625 0.015625
0 0.503125 0.784375 0.015625 0.015625
0 0.576562 0.785937 0.015625 0.015625
0 0.420312 0.787500 0.015625 0.015625
0 0.007812 0.835938 0.015625 0.015625
0 0.081250 0.837500 0.015625 0.015625
0 0.159375 0.840625 0.015625 0.015625
0 0.234375 0.843750 0.015625 0.015625
0 0.310937 0.848437 0.015625 0.015625
0 0.532813 0.848437 0.015625 0.015625
0 0.460938 0.851562 0.015625 0.015625
0 0.606250 0.851562 0.015625 0.015625
0 0.379688 0.854688 0.015625 0.015625
0 0.042188 0.901563 0.015625 0.015625
0 0.123438 0.903125 0.015625 0.015625
0 0.196875 0.904687 0.015625 0.015625
0 0.342187 0.910937 0.015625 0.015625
0 0.268750 0.910937 0.015625 0.015625
0 0.495312 0.914062 0.015625 0.015625
0 0.417187 0.914062 0.015625 0.015625
0 0.565625 0.915625 0.015625 0.015625
0 0.004687 0.968750 0.015625 0.015625
0 0.081250 0.970313 0.015625 0.015625
0 0.306250 0.970313 0.015625 0.015625
0 0.228125 0.970313 0.015625 0.015625
0 0.385937 0.975000 0.015625 0.015625
0 0.156250 0.975000 0.015625 0.015625
0 0.457813 0.976562 0.015625 0.015625
0 0.531250 0.979688 0.015625 0.015625
0 0.587500 0.995313 0.015625 0.015625
0 0.029687 0.048438 0.015625 0.015625
0 0.095312 0.053125 0.015625 0.015625
0 0.246875 0.048438 0.015625 0.015625
0 0.201563 0.120313 0.015625 0.015625
0 0.170313 0.184375 0.015625 0.015625
0 0.092188 0.175000 0.015625 0.015625
0 0.053125 0.243750 0.015625 0.015625
0 0.115625 0.153125 0.015625 0.015625
0 0.240625 0.184375 0.015625 0.015625
