0 0.059375 0.042188 0.015625 0.015625
0 0.214062 0.043750 0.015625 0.015625
0 0.137500 0.043750 0.015625 0.015625
0 0.293750 0.050000 0.015625 0.015625
0 0.665625 0.051562 0.015625 0.015625
0 0.592187 0.051562 0.015625 0.015625
0 0.815625 0.054688 0.015625 0.015625
0 0.517188 0.056250 0.015625 0.015625
0 0.890625 0.057813 0.015625 0.015625
0 0.960938 0.060937 0.015625 0.015625
0 0.398438 0.084375 0.015625 0.015625
0 0.170313 0.103125 0.015625 0.015625
0 0.098437 0.107813 0.015625 0.015625
0 0.251563 0.110937 0.015625 0.015625
0 0.326562 0.112500 0.015625 0.015625
0 0.550000 0.117188 0.015625 0.015625
0 0.626563 0.120313 0.015625 0.015625
0 0.928125 0.125000 0.015625 0.015625
0 0.998437 0.126562 0.015625 0.015625
0 0.206250 0.173437 0.015625 0.015625
0 0.132812 0.176563 0.015625 0.015625
0 0.665625 0.185938 0.015625 0.015625
0 0.817187 0.187500 0.015625 0.015625
0 0.892188 0.189062 0.015625 0.015625
0 0.375000 0.189062 0.015625 0.015625
0 0.967187 0.190625 0.015625 0.015625
0 0.245312 0.235937 0.015625 0.015625
0 0.018750 0.237500 0.015625 0.015625
0 0.318750 0.239063 0.015625 0.015625
0 0.395313 0.243750 0.015625 0.015625
0 0.168750 0.243750 0.015625 0.015625
0 0.625000 0.245312 0.015625 0.015625
0 0.850000 0.253125 0.015625 0.015625
0 0.923438 0.256250 0.015625 0.015625
0 0.995313 0.259375 0.015625 0.015625
0 0.285938 0.304688 0.015625 0.015625
0 0.354687 0.306250 0.015625 0.015625
0 0.589063 0.312500 0.015625 0.015625
0 0.814063 0.317188 0.015625 0.015625
0 0.889062 0.320312 0.015625 0.015625
0 0.967187 0.325000 0.015625 0.015625
0 0.245312 0.332813 0.015625 0.015625
0 0.395313 0.378125 0.015625 0.015625
0 0.546875 0.378125 0.015625 0.015625
0 0.471875 0.381250 0.015625 0.015625
0 0.760938 0.384375 0.015625 0.015625
0 0.845313 0.385937 0.015625 0.015625
0 0.931250 0.387500 0.015625 0.015625
0 0.660937 0.443750 0.015625 0.015625
0 0.964063 0.451562 0.015625 0.015625
0 0.801562 0.453125 0.015625 0.015625
0 0.889062 0.453125 0.015625 0.015625
0 0.617188 0.515625 0.015625 0.015625
0 0.996875 0.517188 0.015625 0.015625
0 0.692187 0.518750 0.015625 0.015625
0 0.920312 0.520312 0.015625 0.015625
0 0.843750 0.520312 0.015625 0.015625
0 0.765625 0.523438 0.015625 0.015625
0 0.196875 0.560937 0.015625 0.015625
0 0.960938 0.584375 0.015625 0.015625
0 0.795312 0.589063 0.015625 0.015625
0 0.071875 0.593750 0.015625 0.015625
0 0.242188 0.634375 0.015625 0.015625
0 0.160938 0.634375 0.015625 0.015625
0 0.614062 0.640625 0.015625 0.015625
0 0.385937 0.643750 0.015625 0.015625
0 0.843750 0.653125 0.015625 0.015625
0 0.995313 0.654687 0.015625 0.015625
0 0.918750 0.656250 0.015625 0.015625
0 0.048438 0.695312 0.015625 0.015625
0 0.642188 0.700000 0.015625 0.015625
0 0.196875 0.701562 0.015625 0.015625
0 0.121875 0.703125 0.015625 0.015625
0 0.275000 0.703125 0.015625 0.015625
0 0.009375 0.760938 0.015625 0.015625
0 0.089063 0.767188 0.015625 0.015625
0 0.237500 0.767188 0.015625 0.015625
0 0.159375 0.767188 0.015625 0.015625
0 0.314063 0.770312 0.015625 0.015625
0 0.762500 0.784375 0.015625 0.015625
0 0.918750 0.784375 0.015625 0.015625
0 0.990625 0.785937 0.015625 0.015625
0 0.046875 0.825000 0.015625 0.015625
0 0.275000 0.834375 0.015625 0.015625
0 0.351562 0.835938 0.015625 0.015625
0 0.195312 0.837500 0.015625 0.015625
0 0.967187 0.842187 0.015625 0.015625
0 0.875000 0.848437 0.015625 0.015625
0 0.795312 0.851562 0.015625 0.015625
0 0.079687 0.898438 0.015625 0.015625
0 0.160938 0.898438 0.015625 0.015625
0 0.309375 0.901563 0.015625 0.015625
0 0.235937 0.903125 0.015625 0.015625
0 0.382812 0.903125 0.015625 0.015625
0 0.839063 0.923438 0.015625 0.015625
0 0.040625 0.960938 0.015625 0.015625
0 0.115625 0.964063 0.015625 0.015625
0 0.418750 0.971875 0.015625 0.015625
0 0.795312 0.981250 0.015625 0.015625
0 0.953125 0.981250 0.015625 0.015625
0 0.001563 0.900000 0.015625 0.015625
0 0.457813 0.778125 0.015625 0.015625
0 0.492188 0.839063 0.015625 0.015625
0 0.532813 0.912500 0.015625 0.015625
0 0.570312 0.975000 0.015625 0.015625
0 0.446875 0.179688 0.015625 0.015625
0 0.515625 0.182812 0.015625 0.015625
0 0.587500 0.181250 0.015625 0.015625
0 0.479687 0.117188 0.015625 0.015625
0 0.542188 0.251563 0.015625 0.015625
0 0.467187 0.253125 0.015625 0.015625
0 0.514062 0.317188 0.015625 0.015625
0 0.892188 0.717187 0.015625 0.015625
0 0.960938 0.718750 0.015625 0.015625
0 0.768750 0.251563 0.015625 0.015625
0 0.737500 0.314063 0.015625 0.015625
0 0.729688 0.720313 0.015625 0.015625
0 0.809375 0.720313 0.015625 0.015625
0 0.062500 0.306250 0.015625 0.015625
0 0.029687 0.362500 0.015625 0.015625
0 0.089063 0.360938 0.015625 0.015625
0 0.054688 0.440625 0.015625 0.015625
0 0.129688 0.434375 0.015625 0.015625
0 0.010937 0.632812 0.015625 0.015625
0 0.420312 0.701562 0.015625 0.015625
0 0.337500 0.971875 0.015625 0.015625
0 0.776563 0.123438 0.015625 0.015625
0 0.884375 0.587500 0.015625 0.015625
0 0.725000 0.846875 0.015625 0.015625
