0 0.984375 0.009375 0.015625 0.015625
0 0.914062 0.012500 0.015625 0.015625
0 0.806250 0.042188 0.015625 0.015625
0 0.654687 0.070312 0.015625 0.015625
0 0.282813 0.085938 0.015625 0.015625
0 0.087500 0.092188 0.015625 0.015625
0 0.365625 0.093750 0.015625 0.015625
0 0.439063 0.095312 0.015625 0.015625
0 0.932813 0.118750 0.015625 0.015625
0 0.718750 0.123438 0.015625 0.015625
0 0.620313 0.137500 0.015625 0.015625
0 0.357812 0.160938 0.015625 0.015625
0 0.279687 0.162500 0.015625 0.015625
0 0.457813 0.162500 0.015625 0.015625
0 0.904687 0.189062 0.015625 0.015625
0 0.768750 0.206250 0.015625 0.015625
0 0.956250 0.206250 0.015625 0.015625
0 0.839063 0.209375 0.015625 0.015625
0 0.662500 0.209375 0.015625 0.015625
0 0.539062 0.212500 0.015625 0.015625
0 0.281250 0.220312 0.015625 0.015625
0 0.087500 0.223438 0.015625 0.015625
0 0.235937 0.225000 0.015625 0.015625
0 0.184375 0.225000 0.015625 0.015625
0 0.712500 0.235937 0.015625 0.015625
0 0.317188 0.248438 0.015625 0.015625
0 0.393750 0.262500 0.015625 0.015625
0 0.467187 0.264062 0.015625 0.015625
0 0.907813 0.271875 0.015625 0.015625
0 0.615625 0.298438 0.015625 0.015625
0 0.756250 0.310937 0.015625 0.015625
0 0.115625 0.321875 0.015625 0.015625
0 0.196875 0.323437 0.015625 0.015625
0 0.276562 0.323437 0.015625 0.015625
0 0.353125 0.326562 0.015625 0.015625
0 0.648438 0.340625 0.015625 0.015625
0 0.796875 0.340625 0.015625 0.015625
0 0.968750 0.342187 0.015625 0.015625
0 0.901563 0.343750 0.015625 0.015625
0 0.526563 0.356250 0.015625 0.015625
0 0.082812 0.387500 0.015625 0.015625
0 0.162500 0.390625 0.015625 0.015625
0 0.239063 0.393750 0.015625 0.015625
0 0.315625 0.395313 0.015625 0.015625
0 0.965625 0.404687 0.015625 0.015625
0 0.906250 0.410938 0.015625 0.015625
0 0.410938 0.451562 0.015625 0.015625
0 0.128125 0.456250 0.015625 0.015625
0 0.937500 0.457813 0.015625 0.015625
0 0.200000 0.459375 0.015625 0.015625
0 0.279687 0.460938 0.015625 0.015625
0 0.739062 0.473438 0.015625 0.015625
0 0.879687 0.473438 0.015625 0.015625
0 0.806250 0.473438 0.015625 0.015625
0 0.084375 0.517188 0.015625 0.015625
0 0.012500 0.518750 0.015625 0.015625
0 0.315625 0.525000 0.015625 0.015625
0 0.921875 0.539062 0.015625 0.015625
0 0.612500 0.546875 0.015625 0.015625
0 0.573438 0.579688 0.015625 0.015625
0 0.115625 0.585938 0.015625 0.015625
0 0.889062 0.589063 0.015625 0.015625
0 0.968750 0.595313 0.015625 0.015625
0 0.267188 0.603125 0.015625 0.015625
0 0.367188 0.621875 0.015625 0.015625
0 0.468750 0.634375 0.015625 0.015625
0 0.757812 0.650000 0.015625 0.015625
0 0.012500 0.650000 0.015625 0.015625
0 0.160938 0.650000 0.015625 0.015625
0 0.392188 0.653125 0.015625 0.015625
0 0.082812 0.653125 0.015625 0.015625
0 0.310937 0.662500 0.015625 0.015625
0 0.904687 0.696875 0.015625 0.015625
0 0.193750 0.723437 0.015625 0.015625
0 0.806250 0.726562 0.015625 0.015625
0 0.426563 0.726562 0.015625 0.015625
0 0.346875 0.732812 0.015625 0.015625
0 0.023438 0.735938 0.015625 0.015625
0 0.107813 0.740625 0.015625 0.015625
0 0.539062 0.751563 0.015625 0.015625
0 0.079687 0.782813 0.015625 0.015625
0 0.310937 0.785937 0.015625 0.015625
0 0.384375 0.790625 0.015625 0.015625
0 0.159375 0.792188 0.015625 0.015625
0 0.460938 0.793750 0.015625 0.015625
0 0.668750 0.842187 0.015625 0.015625
0 0.114062 0.845313 0.015625 0.015625
0 0.189062 0.846875 0.015625 0.015625
0 0.573438 0.854688 0.015625 0.015625
0 0.500000 0.859375 0.015625 0.015625
0 0.978125 0.875000 0.015625 0.015625
0 0.014063 0.895312 0.015625 0.015625
0 0.425000 0.896875 0.015625 0.015625
0 0.092188 0.901563 0.015625 0.015625
0 0.171875 0.901563 0.015625 0.015625
0 0.225000 0.903125 0.015625 0.015625
0 0.318750 0.906250 0.015625 0.015625
0 0.531250 0.925000 0.015625 0.015625
0 0.607812 0.931250 0.015625 0.015625
0 0.696875 0.932813 0.015625 0.015625
0 0.039062 0.970313 0.015625 0.015625
0 0.457813 0.970313 0.015625 0.015625
0 0.110937 0.982812 0.015625 0.015625
0 0.264062 0.985938 0.015625 0.015625
0 0.562500 0.996875 0.015625 0.015625
