0 0.087500 0.009375 0.015625 0.015625
0 0.382812 0.012500 0.015625 0.015625
0 0.154688 0.012500 0.015625 0.015625
0 0.910937 0.035937 0.015625 0.015625
0 0.604688 0.040625 0.015625 0.015625
0 0.684375 0.040625 0.015625 0.015625
0 0.842187 0.040625 0.015625 0.015625
0 0.987500 0.043750 0.015625 0.015625
0 0.303125 0.046875 0.015625 0.015625
0 0.037500 0.075000 0.015625 0.015625
0 0.498437 0.082812 0.015625 0.015625
0 0.570312 0.089063 0.015625 0.015625
0 0.728125 0.090625 0.015625 0.015625
0 0.804688 0.092188 0.015625 0.015625
0 0.879687 0.092188 0.015625 0.015625
0 0.942187 0.093750 0.015625 0.015625
0 0.645312 0.098437 0.015625 0.015625
0 0.260937 0.114062 0.015625 0.015625
0 0.078125 0.139063 0.015625 0.015625
0 0.378125 0.151562 0.015625 0.015625
0 0.450000 0.162500 0.015625 0.015625
0 0.759375 0.162500 0.015625 0.015625
0 0.985938 0.164062 0.015625 0.015625
0 0.532813 0.167187 0.015625 0.015625
0 0.225000 0.167187 0.015625 0.015625
0 0.923438 0.168750 0.015625 0.015625
0 0.609375 0.168750 0.015625 0.015625
0 0.034375 0.198437 0.015625 0.015625
0 0.178125 0.200000 0.015625 0.015625
0 0.107813 0.204687 0.015625 0.015625
0 0.335938 0.210938 0.015625 0.015625
0 0.262500 0.214062 0.015625 0.015625
0 0.642188 0.214062 0.015625 0.015625
0 0.568750 0.215625 0.015625 0.015625
0 0.410938 0.217188 0.015625 0.015625
0 0.793750 0.217188 0.015625 0.015625
0 0.489063 0.217188 0.015625 0.015625
0 0.717187 0.218750 0.015625 0.015625
0 0.862500 0.218750 0.015625 0.015625
0 0.906250 0.257812 0.015625 0.015625
0 0.381250 0.264062 0.015625 0.015625
0 0.065625 0.267188 0.015625 0.015625
0 0.228125 0.270313 0.015625 0.015625
0 0.145313 0.273438 0.015625 0.015625
0 0.979688 0.275000 0.015625 0.015625
0 0.301563 0.275000 0.015625 0.015625
0 0.679688 0.275000 0.015625 0.015625
0 0.829688 0.278125 0.015625 0.015625
0 0.607812 0.285938 0.015625 0.015625
0 0.756250 0.287500 0.015625 0.015625
0 0.415625 0.325000 0.015625 0.015625
0 0.106250 0.340625 0.015625 0.015625
0 0.028125 0.340625 0.015625 0.015625
0 0.260937 0.342187 0.015625 0.015625
0 0.337500 0.342187 0.015625 0.015625
0 0.487500 0.342187 0.015625 0.015625
0 0.562500 0.343750 0.015625 0.015625
0 0.184375 0.343750 0.015625 0.015625
0 0.940625 0.346875 0.015625 0.015625
0 0.714063 0.346875 0.015625 0.015625
0 0.790625 0.348438 0.015625 0.015625
0 0.640625 0.348438 0.015625 0.015625
0 0.865625 0.348438 0.015625 0.015625
0 0.368750 0.404687 0.015625 0.015625
0 0.453125 0.404687 0.015625 0.015625
0 0.528125 0.407813 0.015625 0.015625
0 0.140625 0.409375 0.015625 0.015625
0 0.221875 0.410938 0.015625 0.015625
0 0.290625 0.410938 0.015625 0.015625
0 0.603125 0.412500 0.015625 0.015625
0 0.065625 0.412500 0.015625 0.015625
0 0.753125 0.414062 0.015625 0.015625
0 0.828125 0.414062 0.015625 0.015625
0 0.982812 0.415625 0.015625 0.015625
0 0.904687 0.417187 0.015625 0.015625
0 0.675000 0.417187 0.015625 0.015625
0 0.031250 0.465625 0.015625 0.015625
0 0.104688 0.471875 0.015625 0.015625
0 0.178125 0.471875 0.015625 0.015625
0 0.329688 0.475000 0.015625 0.015625
0 0.865625 0.479687 0.015625 0.015625
0 0.562500 0.479687 0.015625 0.015625
0 0.409375 0.479687 0.015625 0.015625
0 0.632812 0.484375 0.015625 0.015625
0 0.939063 0.485938 0.015625 0.015625
0 0.714063 0.492188 0.015625 0.015625
0 0.364063 0.540625 0.015625 0.015625
0 0.253125 0.603125 0.015625 0.015625
0 0.404687 0.606250 0.015625 0.015625
0 0.482812 0.606250 0.015625 0.015625
0 0.326562 0.607812 0.015625 0.015625
0 0.787500 0.612500 0.015625 0.015625
0 0.637500 0.612500 0.015625 0.015625
0 0.712500 0.614062 0.015625 0.015625
0 0.559375 0.614062 0.015625 0.015625
0 0.864062 0.615625 0.015625 0.015625
0 0.939063 0.617188 0.015625 0.015625
0 0.078125 0.623437 0.015625 0.015625
0 0.285938 0.665625 0.015625 0.015625
0 0.829688 0.670312 0.015625 0.015625
0 0.212500 0.670312 0.015625 0.015625
0 0.365625 0.671875 0.015625 0.015625
0 0.517188 0.678125 0.015625 0.015625
0 0.440625 0.679688 0.015625 0.015625
0 0.976562 0.679688 0.015625 0.015625
0 0.901563 0.681250 0.015625 0.015625
0 0.592187 0.682813 0.015625 0.015625
0 0.128125 0.693750 0.015625 0.015625
0 0.248438 0.728125 0.015625 0.015625
0 0.176563 0.737500 0.015625 0.015625
0 0.326562 0.742188 0.015625 0.015625
0 0.479687 0.742188 0.015625 0.015625
0 0.862500 0.746875 0.015625 0.015625
0 0.787500 0.746875 0.015625 0.015625
0 0.631250 0.746875 0.015625 0.015625
0 0.553125 0.748437 0.015625 0.015625
0 0.707812 0.748437 0.015625 0.015625
0 0.407813 0.753125 0.015625 0.015625
0 0.206250 0.778125 0.015625 0.015625
0 0.896875 0.804688 0.015625 0.015625
0 0.592187 0.806250 0.015625 0.015625
0 0.818750 0.807813 0.015625 0.015625
0 0.285938 0.814063 0.015625 0.015625
0 0.214062 0.817187 0.015625 0.015625
0 0.753125 0.826562 0.015625 0.015625
0 0.653125 0.831250 0.015625 0.015625
0 0.437500 0.831250 0.015625 0.015625
0 0.173437 0.857812 0.015625 0.015625
0 0.042188 0.862500 0.015625 0.015625
0 0.939063 0.862500 0.015625 0.015625
0 0.862500 0.865625 0.015625 0.015625
0 0.396875 0.876563 0.015625 0.015625
0 0.328125 0.878125 0.015625 0.015625
0 0.546875 0.878125 0.015625 0.015625
0 0.254688 0.879687 0.015625 0.015625
0 0.479687 0.879687 0.015625 0.015625
0 0.701562 0.881250 0.015625 0.015625
0 0.784375 0.881250 0.015625 0.015625
0 0.012500 0.928125 0.015625 0.015625
0 0.129688 0.939063 0.015625 0.015625
0 0.290625 0.942187 0.015625 0.015625
0 0.362500 0.946875 0.015625 0.015625
0 0.584375 0.953125 0.015625 0.015625
0 0.660937 0.954688 0.015625 0.015625
0 0.510938 0.954688 0.015625 0.015625
0 0.812500 0.962500 0.015625 0.015625
0 0.432812 0.962500 0.015625 0.015625
0 0.735938 0.964063 0.015625 0.015625
0 0.887500 0.965625 0.015625 0.015625
0 0.104688 0.995313 0.015625 0.015625
