0 0.393750 0.020313 0.015625 0.015625
0 0.467187 0.020313 0.015625 0.015625
0 0.537500 0.421875 0.015625 0.015625
0 0.612500 0.548438 0.015625 0.015625
0 0.162500 0.148438 0.015625 0.015625
0 0.885938 0.223438 0.015625 0.015625
0 0.720313 0.618750 0.015625 0.015625
0 0.796875 0.620313 0.015625 0.015625
0 0.960938 0.095312 0.015625 0.015625
0 0.618750 0.023438 0.015625 0.015625
0 0.239063 0.015625 0.015625 0.015625
0 0.540625 0.151562 0.015625 0.015625
0 0.762500 0.423438 0.015625 0.015625
0 0.843750 0.289062 0.015625 0.015625
0 0.492188 0.742188 0.015625 0.015625
0 0.720313 0.743750 0.015625 0.015625
0 0.768750 0.157812 0.015625 0.015625
0 0.989062 0.689063 0.015625 0.015625
0 0.617188 0.287500 0.015625 0.015625
0 0.460938 0.545312 0.015625 0.015625
0 0.568750 0.743750 0.015625 0.015625
0 0.392188 0.150000 0.015625 0.015625
0 0.645312 0.745313 0.015625 0.015625
0 0.357812 0.085938 0.015625 0.015625
0 0.693750 0.026562 0.015625 0.015625
0 0.807813 0.221875 0.015625 0.015625
0 0.993750 0.293750 0.015625 0.015625
0 0.840625 0.426563 0.015625 0.015625
0 0.807813 0.354687 0.015625 0.015625
0 0.843750 0.026562 0.015625 0.015625
0 0.884375 0.095312 0.015625 0.015625
0 0.348438 0.350000 0.015625 0.015625
0 0.387500 0.418750 0.015625 0.015625
0 0.646875 0.615625 0.015625 0.015625
0 0.540625 0.546875 0.015625 0.015625
0 0.543750 0.023438 0.015625 0.015625
0 0.912500 0.689063 0.015625 0.015625
0 0.995313 0.031250 0.015625 0.015625
0 0.315625 0.017188 0.015625 0.015625
0 0.918750 0.287500 0.015625 0.015625
0 0.685937 0.421875 0.015625 0.015625
0 0.960938 0.226562 0.015625 0.015625
0 0.350000 0.218750 0.015625 0.015625
0 0.767188 0.028125 0.015625 0.015625
0 0.534375 0.676562 0.015625 0.015625
0 0.582812 0.090625 0.015625 0.015625
0 0.275000 0.217188 0.015625 0.015625
0 0.315625 0.146875 0.015625 0.015625
0 0.732812 0.221875 0.015625 0.015625
0 0.434375 0.087500 0.015625 0.015625
0 0.768750 0.289062 0.015625 0.015625
0 0.685937 0.550000 0.015625 0.015625
0 0.085938 0.012500 0.015625 0.015625
0 0.200000 0.215625 0.015625 0.015625
0 0.425000 0.351562 0.015625 0.015625
0 0.796875 0.745313 0.015625 0.015625
0 0.242188 0.148438 0.015625 0.015625
0 0.384375 0.545312 0.015625 0.015625
0 0.237500 0.279687 0.015625 0.015625
0 0.659375 0.092188 0.015625 0.015625
0 0.871875 0.620313 0.015625 0.015625
0 0.692187 0.160938 0.015625 0.015625
0 0.723437 0.490625 0.015625 0.015625
0 0.800000 0.490625 0.015625 0.015625
0 0.987500 0.823438 0.015625 0.015625
0 0.909375 0.817187 0.015625 0.015625
0 0.565625 0.875000 0.015625 0.015625
0 0.945312 0.890625 0.015625 0.015625
0 0.717187 0.884375 0.015625 0.015625
0 0.987500 0.951562 0.015625 0.015625
0 0.678125 0.812500 0.015625 0.015625
0 0.754687 0.945312 0.015625 0.015625
0 0.834375 0.948438 0.015625 0.015625
0 0.610938 0.425000 0.015625 0.015625
0 0.950000 0.751563 0.015625 0.015625
0 0.682813 0.943750 0.015625 0.015625
0 0.607812 0.679688 0.015625 0.015625
0 0.759375 0.814063 0.015625 0.015625
0 0.642188 0.876563 0.015625 0.015625
0 0.462500 0.420312 0.015625 0.015625
0 0.582812 0.351562 0.015625 0.015625
0 0.760938 0.553125 0.015625 0.015625
0 0.915625 0.428125 0.015625 0.015625
0 0.687500 0.676562 0.015625 0.015625
0 0.914062 0.553125 0.015625 0.015625
0 0.948438 0.625000 0.015625 0.015625
0 0.946875 0.490625 0.015625 0.015625
0 0.875000 0.748437 0.015625 0.015625
0 0.837500 0.815625 0.015625 0.015625
0 0.837500 0.553125 0.015625 0.015625
0 0.015625 0.126562 0.015625 0.015625
0 0.048438 0.212500 0.015625 0.015625
0 0.015625 0.273438 0.015625 0.015625
0 0.059375 0.346875 0.015625 0.015625
0 0.098437 0.423438 0.015625 0.015625
0 0.012500 0.421875 0.015625 0.015625
0 0.035937 0.471875 0.015625 0.015625
0 0.115625 0.473438 0.015625 0.015625
0 0.154688 0.546875 0.015625 0.015625
0 0.089063 0.545312 0.015625 0.015625
0 0.004687 0.525000 0.015625 0.015625
0 0.001563 0.675000 0.015625 0.015625
0 0.034375 0.743750 0.015625 0.015625
0 0.067187 0.804688 0.015625 0.015625
0 0.043750 0.610938 0.015625 0.015625
0 0.081250 0.676562 0.015625 0.015625
0 0.126562 0.739062 0.015625 0.015625
0 0.151562 0.798438 0.015625 0.015625
0 0.120313 0.612500 0.015625 0.015625
0 0.168750 0.692187 0.015625 0.015625
0 0.190625 0.735938 0.015625 0.015625
0 0.218750 0.801562 0.015625 0.015625
0 0.300000 0.804688 0.015625 0.015625
0 0.262500 0.740625 0.015625 0.015625
0 0.237500 0.685937 0.015625 0.015625
0 0.203125 0.614062 0.015625 0.015625
0 0.028125 0.864062 0.015625 0.015625
0 0.067187 0.929688 0.015625 0.015625
0 0.106250 0.989062 0.015625 0.015625
0 0.031250 0.989062 0.015625 0.015625
0 0.189062 0.998437 0.015625 0.015625
0 0.265625 0.992188 0.015625 0.015625
0 0.417187 0.993750 0.015625 0.015625
0 0.456250 0.934375 0.015625 0.015625
0 0.403125 0.928125 0.015625 0.015625
0 0.323437 0.929688 0.015625 0.015625
0 0.221875 0.932813 0.015625 0.015625
0 0.153125 0.937500 0.015625 0.015625
0 0.114062 0.871875 0.015625 0.015625
0 0.187500 0.878125 0.015625 0.015625
0 0.260937 0.871875 0.015625 0.015625
0 0.342187 0.871875 0.015625 0.015625
0 0.418750 0.873437 0.015625 0.015625
0 0.384375 0.821875 0.015625 0.015625
0 0.359375 0.756250 0.015625 0.015625
0 0.317188 0.675000 0.015625 0.015625
0 0.278125 0.615625 0.015625 0.015625
0 0.246875 0.543750 0.015625 0.015625
0 0.198437 0.492188 0.015625 0.015625
0 0.157812 0.412500 0.015625 0.015625
0 0.121875 0.345313 0.015625 0.015625
0 0.085938 0.275000 0.015625 0.015625
0 0.017188 0.015625 0.015625 0.015625
0 0.148438 0.014063 0.015625 0.015625
0 0.200000 0.084375 0.015625 0.015625
0 0.117188 0.079687 0.015625 0.015625
0 0.050000 0.079687 0.015625 0.015625
0 0.098437 0.145313 0.015625 0.015625
0 0.273438 0.090625 0.015625 0.015625
0 0.117188 0.220312 0.015625 0.015625
0 0.148438 0.268750 0.015625 0.015625
0 0.434375 0.218750 0.015625 0.015625
0 0.500000 0.220312 0.015625 0.015625
0 0.557813 0.217188 0.015625 0.015625
0 0.465625 0.146875 0.015625 0.015625
0 0.506250 0.089063 0.015625 0.015625
0 0.610938 0.148438 0.015625 0.015625
0 0.725000 0.092188 0.015625 0.015625
0 0.807813 0.087500 0.015625 0.015625
0 0.850000 0.154688 0.015625 0.015625
0 0.923438 0.164062 0.015625 0.015625
0 0.542188 0.287500 0.015625 0.015625
0 0.454688 0.281250 0.015625 0.015625
0 0.384375 0.289062 0.015625 0.015625
0 0.304688 0.290625 0.015625 0.015625
0 0.264062 0.354687 0.015625 0.015625
0 0.200000 0.351562 0.015625 0.015625
0 0.237500 0.409375 0.015625 0.015625
0 0.306250 0.414062 0.015625 0.015625
0 0.265625 0.490625 0.015625 0.015625
0 0.309375 0.546875 0.015625 0.015625
0 0.346875 0.609375 0.015625 0.015625
0 0.417187 0.612500 0.015625 0.015625
0 0.376563 0.671875 0.015625 0.015625
0 0.457813 0.675000 0.015625 0.015625
0 0.450000 0.810937 0.015625 0.015625
0 0.531250 0.810937 0.015625 0.015625
0 0.604688 0.812500 0.015625 0.015625
0 0.492188 0.868750 0.015625 0.015625
0 0.529687 0.945312 0.015625 0.015625
0 0.985938 0.428125 0.015625 0.015625
0 0.925000 0.365625 0.015625 0.015625
0 0.985938 0.365625 0.015625 0.015625
0 0.870313 0.878125 0.015625 0.015625
0 0.787500 0.881250 0.015625 0.015625
0 0.487500 0.356250 0.015625 0.015625
0 0.656250 0.353125 0.015625 0.015625
0 0.728125 0.350000 0.015625 0.015625
0 0.675000 0.290625 0.015625 0.015625
0 0.660937 0.225000 0.015625 0.015625
0 0.920312 0.032813 0.015625 0.015625
0 0.873437 0.362500 0.015625 0.015625
