0 0.428125 0.070312 0.015625 0.015625
0 0.657813 0.007812 0.015625 0.015625
0 0.089063 0.131250 0.015625 0.015625
0 0.692187 0.142187 0.015625 0.015625
0 0.465625 0.071875 0.015625 0.015625
0 0.675000 0.043750 0.015625 0.015625
0 0.540625 0.071875 0.015625 0.015625
0 0.635938 0.042188 0.015625 0.015625
0 0.203125 0.132812 0.015625 0.015625
0 0.712500 0.107813 0.015625 0.015625
0 0.618750 0.006250 0.015625 0.015625
0 0.542188 0.004687 0.015625 0.015625
0 0.579688 0.006250 0.015625 0.015625
0 0.695312 0.007812 0.015625 0.015625
0 0.712500 0.043750 0.015625 0.015625
0 0.390625 0.068750 0.015625 0.015625
0 0.318750 0.131250 0.015625 0.015625
0 0.481250 0.040625 0.015625 0.015625
0 0.503125 0.006250 0.015625 0.015625
0 0.729688 0.007812 0.015625 0.015625
0 0.732812 0.076563 0.015625 0.015625
0 0.653125 0.076563 0.015625 0.015625
0 0.503125 0.070312 0.015625 0.015625
0 0.275000 0.067187 0.015625 0.015625
0 0.678125 0.106250 0.015625 0.015625
0 0.731250 0.142187 0.015625 0.015625
0 0.160938 0.128125 0.015625 0.015625
0 0.406250 0.167187 0.015625 0.015625
0 0.582812 0.071875 0.015625 0.015625
0 0.314063 0.067187 0.015625 0.015625
0 0.128125 0.128125 0.015625 0.015625
0 0.445312 0.040625 0.015625 0.015625
0 0.598437 0.039062 0.015625 0.015625
0 0.842187 0.145313 0.015625 0.015625
0 0.751563 0.043750 0.015625 0.015625
0 0.825000 0.104688 0.015625 0.015625
0 0.768750 0.076563 0.015625 0.015625
0 0.789062 0.045312 0.015625 0.015625
0 0.826562 0.045312 0.015625 0.015625
0 0.806250 0.143750 0.015625 0.015625
0 0.881250 0.078125 0.015625 0.015625
0 0.862500 0.109375 0.015625 0.015625
0 0.881250 0.143750 0.015625 0.015625
0 0.806250 0.078125 0.015625 0.015625
0 0.865625 0.045312 0.015625 0.015625
0 0.751563 0.175000 0.015625 0.015625
0 0.787500 0.176563 0.015625 0.015625
0 0.845313 0.078125 0.015625 0.015625
0 0.768750 0.009375 0.015625 0.015625
0 0.768750 0.142187 0.015625 0.015625
0 0.751563 0.110937 0.015625 0.015625
0 0.414062 0.857812 0.015625 0.015625
0 0.429688 0.892188 0.015625 0.015625
0 0.589063 0.696875 0.015625 0.015625
0 0.015625 0.817187 0.015625 0.015625
0 0.039062 0.523438 0.015625 0.015625
0 0.001563 0.521875 0.015625 0.015625
0 0.101562 0.357812 0.015625 0.015625
0 0.351562 0.196875 0.015625 0.015625
0 0.325000 0.626563 0.015625 0.015625
0 0.148438 0.853125 0.015625 0.015625
0 0.339062 0.790625 0.015625 0.015625
0 0.379688 0.720313 0.015625 0.015625
0 0.456250 0.398438 0.015625 0.015625
0 0.053125 0.818750 0.015625 0.015625
0 0.231250 0.393750 0.015625 0.015625
0 0.128125 0.818750 0.015625 0.015625
0 0.117188 0.393750 0.015625 0.015625
0 0.607812 0.729688 0.015625 0.015625
0 0.032813 0.782813 0.015625 0.015625
0 0.326562 0.493750 0.015625 0.015625
0 0.393750 0.890625 0.015625 0.015625
0 0.718750 0.732812 0.015625 0.015625
0 0.268750 0.395313 0.015625 0.015625
0 0.203125 0.818750 0.015625 0.015625
0 0.435937 0.759375 0.015625 0.015625
0 0.025000 0.293750 0.015625 0.015625
0 0.679688 0.796875 0.015625 0.015625
0 0.250000 0.628125 0.015625 0.015625
0 0.153125 0.459375 0.015625 0.015625
0 0.376563 0.659375 0.015625 0.015625
0 0.187500 0.720313 0.015625 0.015625
0 0.340625 0.659375 0.015625 0.015625
0 0.417187 0.793750 0.015625 0.015625
0 0.604688 0.795312 0.015625 0.015625
0 0.715625 0.860938 0.015625 0.015625
0 0.107813 0.784375 0.015625 0.015625
0 0.145313 0.918750 0.015625 0.015625
0 0.089063 0.818750 0.015625 0.015625
0 0.053125 0.685937 0.015625 0.015625
0 0.017188 0.685937 0.015625 0.015625
0 0.375000 0.856250 0.015625 0.015625
0 0.210938 0.559375 0.015625 0.015625
0 0.287500 0.623437 0.015625 0.015625
0 0.640625 0.865625 0.015625 0.015625
0 0.148438 0.720313 0.015625 0.015625
0 0.381250 0.271875 0.015625 0.015625
0 0.073438 0.784375 0.015625 0.015625
0 0.415625 0.659375 0.015625 0.015625
0 0.156250 0.393750 0.015625 0.015625
0 0.543750 0.892188 0.015625 0.015625
0 0.300000 0.920312 0.015625 0.015625
0 0.053125 0.884375 0.015625 0.015625
0 0.109375 0.720313 0.015625 0.015625
0 0.657813 0.896875 0.015625 0.015625
0 0.451562 0.857812 0.015625 0.015625
0 0.340625 0.721875 0.015625 0.015625
0 0.070312 0.718750 0.015625 0.015625
0 0.453125 0.793750 0.015625 0.015625
0 0.626563 0.696875 0.015625 0.015625
0 0.582812 0.895312 0.015625 0.015625
0 0.265625 0.657813 0.015625 0.015625
0 0.164062 0.818750 0.015625 0.015625
0 0.529687 0.792188 0.015625 0.015625
0 0.565625 0.859375 0.015625 0.015625
0 0.167187 0.884375 0.015625 0.015625
0 0.378125 0.593750 0.015625 0.015625
0 0.245312 0.559375 0.015625 0.015625
0 0.306250 0.459375 0.015625 0.015625
0 0.112500 0.653125 0.015625 0.015625
0 0.018750 0.556250 0.015625 0.015625
0 0.053125 0.753125 0.015625 0.015625
0 0.306250 0.396875 0.015625 0.015625
0 0.279687 0.885938 0.015625 0.015625
0 0.090625 0.884375 0.015625 0.015625
0 0.403125 0.560937 0.015625 0.015625
0 0.214062 0.362500 0.015625 0.015625
0 0.089063 0.753125 0.015625 0.015625
0 0.360938 0.626563 0.015625 0.015625
0 0.189062 0.521875 0.015625 0.015625
0 0.185938 0.853125 0.015625 0.015625
0 0.400000 0.759375 0.015625 0.015625
0 0.359375 0.756250 0.015625 0.015625
0 0.090625 0.685937 0.015625 0.015625
0 0.250000 0.493750 0.015625 0.015625
0 0.035937 0.853125 0.015625 0.015625
0 0.056250 0.556250 0.015625 0.015625
0 0.625000 0.829688 0.015625 0.015625
0 0.225000 0.784375 0.015625 0.015625
0 0.320312 0.757812 0.015625 0.015625
0 0.032813 0.651563 0.015625 0.015625
0 0.032813 0.718750 0.015625 0.015625
0 0.131250 0.621875 0.015625 0.015625
0 0.698438 0.896875 0.015625 0.015625
0 0.129688 0.687500 0.015625 0.015625
0 0.228125 0.590625 0.015625 0.015625
0 0.642188 0.796875 0.015625 0.015625
0 0.250000 0.364063 0.015625 0.015625
0 0.037500 0.456250 0.015625 0.015625
0 0.175000 0.360938 0.015625 0.015625
0 0.137500 0.360938 0.015625 0.015625
0 0.193750 0.393750 0.015625 0.015625
0 0.070312 0.851562 0.015625 0.015625
0 0.240625 0.884375 0.015625 0.015625
0 0.243750 0.820312 0.015625 0.015625
0 0.223438 0.853125 0.015625 0.015625
0 0.398438 0.626563 0.015625 0.015625
0 0.193750 0.460938 0.015625 0.015625
0 0.225000 0.721875 0.015625 0.015625
0 0.070312 0.651563 0.015625 0.015625
0 0.325000 0.557813 0.015625 0.015625
0 0.168750 0.685937 0.015625 0.015625
0 0.678125 0.865625 0.015625 0.015625
0 0.203125 0.754687 0.015625 0.015625
0 0.659375 0.762500 0.015625 0.015625
0 0.289062 0.365625 0.015625 0.015625
0 0.151562 0.653125 0.015625 0.015625
0 0.056250 0.490625 0.015625 0.015625
0 0.393750 0.823438 0.015625 0.015625
0 0.003125 0.456250 0.015625 0.015625
0 0.362500 0.493750 0.015625 0.015625
0 0.303125 0.721875 0.015625 0.015625
0 0.232813 0.459375 0.015625 0.015625
0 0.262500 0.854688 0.015625 0.015625
0 0.356250 0.823438 0.015625 0.015625
0 0.071875 0.918750 0.015625 0.015625
0 0.223438 0.920312 0.015625 0.015625
0 0.185938 0.787500 0.015625 0.015625
0 0.473438 0.762500 0.015625 0.015625
0 0.439063 0.560937 0.015625 0.015625
0 0.506250 0.892188 0.015625 0.015625
0 0.328125 0.303125 0.015625 0.015625
0 0.375000 0.790625 0.015625 0.015625
0 0.642188 0.728125 0.015625 0.015625
0 0.092188 0.620313 0.015625 0.015625
0 0.145313 0.784375 0.015625 0.015625
0 0.700000 0.764062 0.015625 0.015625
0 0.018750 0.426563 0.015625 0.015625
0 0.323437 0.365625 0.015625 0.015625
0 0.679688 0.729688 0.015625 0.015625
0 0.106250 0.918750 0.015625 0.015625
0 0.128125 0.885938 0.015625 0.015625
0 0.604688 0.864062 0.015625 0.015625
0 0.492188 0.793750 0.015625 0.015625
0 0.154688 0.329688 0.015625 0.015625
0 0.623437 0.764062 0.015625 0.015625
0 0.060937 0.357812 0.015625 0.015625
0 0.340625 0.593750 0.015625 0.015625
0 0.243750 0.756250 0.015625 0.015625
0 0.032813 0.918750 0.015625 0.015625
0 0.756250 0.732812 0.015625 0.015625
0 0.831250 0.734375 0.015625 0.015625
0 0.910937 0.734375 0.015625 0.015625
0 0.756250 0.798438 0.015625 0.015625
0 0.929688 0.768750 0.015625 0.015625
0 0.795312 0.732812 0.015625 0.015625
0 0.890625 0.832812 0.015625 0.015625
0 0.987500 0.801562 0.015625 0.015625
0 0.735938 0.895312 0.015625 0.015625
0 0.890625 0.470313 0.015625 0.015625
0 0.796875 0.800000 0.015625 0.015625
0 0.968750 0.768750 0.015625 0.015625
0 0.954688 0.209375 0.015625 0.015625
0 0.853125 0.701562 0.015625 0.015625
0 0.871875 0.668750 0.015625 0.015625
0 0.778125 0.698438 0.015625 0.015625
0 0.870313 0.734375 0.015625 0.015625
0 0.929688 0.832812 0.015625 0.015625
0 0.990625 0.670312 0.015625 0.015625
0 0.967187 0.832812 0.015625 0.015625
0 0.776563 0.832812 0.015625 0.015625
0 0.900000 0.179688 0.015625 0.015625
0 0.815625 0.701562 0.015625 0.015625
0 0.848437 0.898438 0.015625 0.015625
0 0.812500 0.832812 0.015625 0.015625
0 0.754687 0.864062 0.015625 0.015625
0 0.918750 0.209375 0.015625 0.015625
0 0.739062 0.765625 0.015625 0.015625
0 0.912500 0.798438 0.015625 0.015625
0 0.987500 0.867188 0.015625 0.015625
0 0.890625 0.767188 0.015625 0.015625
0 0.948438 0.734375 0.015625 0.015625
0 0.740625 0.565625 0.015625 0.015625
0 0.926562 0.470313 0.015625 0.015625
0 0.893750 0.635938 0.015625 0.015625
0 0.946875 0.671875 0.015625 0.015625
0 0.835938 0.668750 0.015625 0.015625
0 0.793750 0.862500 0.015625 0.015625
0 0.989062 0.734375 0.015625 0.015625
0 0.906250 0.865625 0.015625 0.015625
0 0.775000 0.764062 0.015625 0.015625
0 0.870313 0.796875 0.015625 0.015625
0 0.945312 0.867188 0.015625 0.015625
0 0.675000 0.173437 0.015625 0.015625
0 0.807813 0.009375 0.015625 0.015625
0 0.968750 0.703125 0.015625 0.015625
0 0.851562 0.829688 0.015625 0.015625
0 0.740625 0.698438 0.015625 0.015625
0 0.723437 0.535937 0.015625 0.015625
0 0.851562 0.765625 0.015625 0.015625
0 0.550000 0.826562 0.015625 0.015625
0 0.585938 0.826562 0.015625 0.015625
0 0.951562 0.343750 0.015625 0.015625
0 0.568750 0.729688 0.015625 0.015625
0 0.868750 0.865625 0.015625 0.015625
0 0.587500 0.762500 0.015625 0.015625
0 0.853125 0.634375 0.015625 0.015625
0 0.690625 0.076563 0.015625 0.015625
0 0.493750 0.529687 0.015625 0.015625
0 0.950000 0.798438 0.015625 0.015625
0 0.703125 0.700000 0.015625 0.015625
0 0.317188 0.956250 0.015625 0.015625
0 0.090625 0.953125 0.015625 0.015625
0 0.412500 0.921875 0.015625 0.015625
0 0.489063 0.921875 0.015625 0.015625
0 0.053125 0.953125 0.015625 0.015625
0 0.639062 0.993750 0.015625 0.015625
0 0.203125 0.953125 0.015625 0.015625
0 0.581250 0.957812 0.015625 0.015625
0 0.715625 0.928125 0.015625 0.015625
0 0.032813 0.984375 0.015625 0.015625
0 0.279687 0.954688 0.015625 0.015625
0 0.259375 0.920312 0.015625 0.015625
0 0.015625 0.953125 0.015625 0.015625
0 0.148438 0.984375 0.015625 0.015625
0 0.562500 0.992188 0.015625 0.015625
0 0.467187 0.956250 0.015625 0.015625
0 0.300000 0.985938 0.015625 0.015625
0 0.715625 0.993750 0.015625 0.015625
0 0.504687 0.957812 0.015625 0.015625
0 0.565625 0.926562 0.015625 0.015625
0 0.182812 0.984375 0.015625 0.015625
0 0.073438 0.984375 0.015625 0.015625
0 0.128125 0.951562 0.015625 0.015625
0 0.165625 0.951562 0.015625 0.015625
0 0.678125 0.993750 0.015625 0.015625
0 0.240625 0.953125 0.015625 0.015625
0 0.526563 0.923438 0.015625 0.015625
0 0.829688 0.929688 0.015625 0.015625
0 0.906250 0.995313 0.015625 0.015625
0 0.753125 0.995313 0.015625 0.015625
0 0.868750 0.931250 0.015625 0.015625
0 0.812500 0.959375 0.015625 0.015625
0 0.925000 0.965625 0.015625 0.015625
0 0.792188 0.995313 0.015625 0.015625
0 0.942187 0.996875 0.015625 0.015625
0 0.792188 0.929688 0.015625 0.015625
0 0.962500 0.965625 0.015625 0.015625
0 0.490625 0.990625 0.015625 0.015625
0 0.773438 0.960938 0.015625 0.015625
0 0.979688 0.998437 0.015625 0.015625
0 0.754687 0.928125 0.015625 0.015625
0 0.543750 0.957812 0.015625 0.015625
0 0.601562 0.992188 0.015625 0.015625
0 0.014063 0.887500 0.015625 0.015625
0 0.109375 0.851562 0.015625 0.015625
0 0.110937 0.984375 0.015625 0.015625
0 0.217188 0.985938 0.015625 0.015625
0 0.189062 0.923438 0.015625 0.015625
0 0.201563 0.887500 0.015625 0.015625
0 0.262500 0.793750 0.015625 0.015625
0 0.279687 0.825000 0.015625 0.015625
0 0.298438 0.857812 0.015625 0.015625
0 0.315625 0.887500 0.015625 0.015625
0 0.335938 0.921875 0.015625 0.015625
0 0.356250 0.890625 0.015625 0.015625
0 0.356250 0.954688 0.015625 0.015625
0 0.371875 0.989062 0.015625 0.015625
0 0.392188 0.959375 0.015625 0.015625
0 0.453125 0.934375 0.015625 0.015625
0 0.959375 0.010937 0.015625 0.015625
0 0.996875 0.017188 0.015625 0.015625
