0 0.384375 0.703125 0.015625 0.015625
0 0.317188 0.045312 0.015625 0.015625
0 0.464062 0.312500 0.015625 0.015625
0 0.310937 0.570312 0.015625 0.015625
0 0.092188 0.042188 0.015625 0.015625
0 0.385937 0.443750 0.015625 0.015625
0 0.340625 0.895312 0.015625 0.015625
0 0.271875 0.501563 0.015625 0.015625
0 0.415625 0.900000 0.015625 0.015625
0 0.198437 0.498437 0.015625 0.015625
0 0.459375 0.704688 0.015625 0.015625
0 0.343750 0.767188 0.015625 0.015625
0 0.189062 0.895312 0.015625 0.015625
0 0.164062 0.045312 0.015625 0.015625
0 0.432812 0.112500 0.015625 0.015625
0 0.692187 0.446875 0.015625 0.015625
0 0.614062 0.445312 0.015625 0.015625
0 0.017188 0.040625 0.015625 0.015625
0 0.540625 0.442188 0.015625 0.015625
0 0.507812 0.248438 0.015625 0.015625
0 0.237500 0.565625 0.015625 0.015625
0 0.190625 0.764062 0.015625 0.015625
0 0.039062 0.893750 0.015625 0.015625
0 0.121875 0.496875 0.015625 0.015625
0 0.492188 0.901563 0.015625 0.015625
0 0.612500 0.578125 0.015625 0.015625
0 0.612500 0.709375 0.015625 0.015625
0 0.546875 0.048438 0.015625 0.015625
0 0.425000 0.246875 0.015625 0.015625
0 0.346875 0.503125 0.015625 0.015625
0 0.607812 0.843750 0.015625 0.015625
0 0.232813 0.698438 0.015625 0.015625
0 0.685937 0.846875 0.015625 0.015625
0 0.420312 0.770312 0.015625 0.015625
0 0.389062 0.571875 0.015625 0.015625
0 0.090625 0.170313 0.015625 0.015625
0 0.159375 0.565625 0.015625 0.015625
0 0.017188 0.300000 0.015625 0.015625
0 0.535937 0.575000 0.015625 0.015625
0 0.646875 0.643750 0.015625 0.015625
0 0.392188 0.045312 0.015625 0.015625
0 0.646875 0.775000 0.015625 0.015625
0 0.082812 0.693750 0.015625 0.015625
0 0.470313 0.048438 0.015625 0.015625
0 0.112500 0.893750 0.015625 0.015625
0 0.310937 0.701562 0.015625 0.015625
0 0.239063 0.434375 0.015625 0.015625
0 0.567187 0.903125 0.015625 0.015625
0 0.570312 0.771875 0.015625 0.015625
0 0.462500 0.571875 0.015625 0.015625
0 0.575000 0.246875 0.015625 0.015625
0 0.690625 0.578125 0.015625 0.015625
0 0.198437 0.370312 0.015625 0.015625
0 0.389062 0.178125 0.015625 0.015625
0 0.265625 0.893750 0.015625 0.015625
0 0.495312 0.771875 0.015625 0.015625
0 0.643750 0.910937 0.015625 0.015625
0 0.534375 0.709375 0.015625 0.015625
0 0.270313 0.764062 0.015625 0.015625
0 0.723437 0.515625 0.015625 0.015625
0 0.087500 0.298438 0.015625 0.015625
0 0.543750 0.185938 0.015625 0.015625
0 0.398438 0.310937 0.015625 0.015625
0 0.117188 0.629687 0.015625 0.015625
0 0.685937 0.710938 0.015625 0.015625
0 0.162500 0.434375 0.015625 0.015625
0 0.345313 0.375000 0.015625 0.015625
0 0.112500 0.762500 0.015625 0.015625
0 0.585938 0.368750 0.015625 0.015625
0 0.570312 0.639062 0.015625 0.015625
0 0.457813 0.446875 0.015625 0.015625
0 0.617188 0.185938 0.015625 0.015625
0 0.312500 0.440625 0.015625 0.015625
0 0.317188 0.312500 0.015625 0.015625
0 0.123438 0.367188 0.015625 0.015625
0 0.243750 0.043750 0.015625 0.015625
0 0.682813 0.968750 0.015625 0.015625
0 0.146875 0.834375 0.015625 0.015625
0 0.081250 0.565625 0.015625 0.015625
0 0.606250 0.970313 0.015625 0.015625
0 0.739062 0.242188 0.015625 0.015625
0 0.151562 0.696875 0.015625 0.015625
0 0.575000 0.510938 0.015625 0.015625
0 0.532813 0.970313 0.015625 0.015625
0 0.348438 0.639062 0.015625 0.015625
0 0.646875 0.514062 0.015625 0.015625
0 0.276562 0.243750 0.015625 0.015625
0 0.834375 0.846875 0.015625 0.015625
0 0.960938 0.246875 0.015625 0.015625
0 0.837500 0.712500 0.015625 0.015625
0 0.764062 0.712500 0.015625 0.015625
0 0.990625 0.715625 0.015625 0.015625
0 0.948438 0.778125 0.015625 0.015625
0 0.759375 0.845313 0.015625 0.015625
0 0.771875 0.317188 0.015625 0.015625
0 0.842187 0.578125 0.015625 0.015625
0 0.870313 0.778125 0.015625 0.015625
0 0.995313 0.321875 0.015625 0.015625
0 0.909375 0.845313 0.015625 0.015625
0 0.998437 0.051562 0.015625 0.015625
0 0.757812 0.975000 0.015625 0.015625
0 0.987500 0.846875 0.015625 0.015625
0 0.915625 0.714063 0.015625 0.015625
0 0.800000 0.643750 0.015625 0.015625
0 0.801562 0.515625 0.015625 0.015625
0 0.768750 0.448437 0.015625 0.015625
0 0.843750 0.050000 0.015625 0.015625
0 0.834375 0.975000 0.015625 0.015625
0 0.875000 0.646875 0.015625 0.015625
0 0.767188 0.576562 0.015625 0.015625
0 0.723437 0.645312 0.015625 0.015625
0 0.948438 0.650000 0.015625 0.015625
0 0.692187 0.317188 0.015625 0.015625
0 0.150000 0.967187 0.015625 0.015625
0 0.223438 0.968750 0.015625 0.015625
0 0.075000 0.965625 0.015625 0.015625
0 0.451562 0.970313 0.015625 0.015625
0 0.375000 0.970313 0.015625 0.015625
0 0.301563 0.967187 0.015625 0.015625
0 0.006250 0.825000 0.015625 0.015625
0 0.079687 0.832812 0.015625 0.015625
0 0.037500 0.760938 0.015625 0.015625
0 0.237500 0.831250 0.015625 0.015625
0 0.317188 0.831250 0.015625 0.015625
0 0.384375 0.832812 0.015625 0.015625
0 0.448437 0.835938 0.015625 0.015625
0 0.523438 0.835938 0.015625 0.015625
0 0.723437 0.907813 0.015625 0.015625
0 0.796875 0.907813 0.015625 0.015625
0 0.864062 0.909375 0.015625 0.015625
0 0.945312 0.912500 0.015625 0.015625
0 0.909375 0.978125 0.015625 0.015625
0 0.979688 0.979688 0.015625 0.015625
0 0.253125 0.632812 0.015625 0.015625
0 0.429688 0.632812 0.015625 0.015625
0 0.493750 0.634375 0.015625 0.015625
0 0.006250 0.570312 0.015625 0.015625
0 0.920312 0.581250 0.015625 0.015625
0 0.989062 0.585938 0.015625 0.015625
0 0.807813 0.778125 0.015625 0.015625
0 0.703125 0.184375 0.015625 0.015625
0 0.784375 0.185938 0.015625 0.015625
0 0.728125 0.106250 0.015625 0.015625
0 0.664062 0.117188 0.015625 0.015625
0 0.571875 0.110937 0.015625 0.015625
0 0.493750 0.110937 0.015625 0.015625
0 0.656250 0.251563 0.015625 0.015625
0 0.804688 0.385937 0.015625 0.015625
0 0.003125 0.429688 0.015625 0.015625
0 0.073438 0.435937 0.015625 0.015625
0 0.039062 0.367188 0.015625 0.015625
0 0.050000 0.109375 0.015625 0.015625
0 0.126562 0.107813 0.015625 0.015625
0 0.892188 0.115625 0.015625 0.015625
0 0.964063 0.115625 0.015625 0.015625
0 0.068750 0.237500 0.015625 0.015625
0 0.123438 0.232813 0.015625 0.015625
0 0.164062 0.307812 0.015625 0.015625
0 0.270313 0.370312 0.015625 0.015625
0 0.165625 0.164062 0.015625 0.015625
0 0.040625 0.500000 0.015625 0.015625
0 0.873437 0.517188 0.015625 0.015625
0 0.918750 0.462500 0.015625 0.015625
0 0.957812 0.512500 0.015625 0.015625
0 0.923438 0.321875 0.015625 0.015625
0 0.956250 0.389062 0.015625 0.015625
0 0.992188 0.457813 0.015625 0.015625
0 0.881250 0.248438 0.015625 0.015625
0 0.850000 0.189062 0.015625 0.015625
0 0.812500 0.123438 0.015625 0.015625
0 0.775000 0.051562 0.015625 0.015625
0 0.700000 0.048438 0.015625 0.015625
0 0.428125 0.379688 0.015625 0.015625
0 0.423438 0.510938 0.015625 0.015625
0 0.500000 0.504687 0.015625 0.015625
0 0.660937 0.381250 0.015625 0.015625
0 0.734375 0.387500 0.015625 0.015625
0 0.992188 0.190625 0.015625 0.015625
0 0.929688 0.185938 0.015625 0.015625
