0 0.185938 0.010937 0.015625 0.015625
0 0.346875 0.028125 0.015625 0.015625
0 0.954688 0.045312 0.015625 0.015625
0 0.062500 0.045312 0.015625 0.015625
0 0.810937 0.050000 0.015625 0.015625
0 0.154688 0.053125 0.015625 0.015625
0 0.239063 0.054688 0.015625 0.015625
0 0.540625 0.064062 0.015625 0.015625
0 0.071875 0.098437 0.015625 0.015625
0 0.381250 0.106250 0.015625 0.015625
0 0.910937 0.114062 0.015625 0.015625
0 0.132812 0.184375 0.015625 0.015625
0 0.054688 0.185938 0.015625 0.015625
0 0.654687 0.196875 0.015625 0.015625
0 0.568750 0.200000 0.015625 0.015625
0 0.218750 0.200000 0.015625 0.015625
0 0.957812 0.209375 0.015625 0.015625
0 0.126562 0.310937 0.015625 0.015625
0 0.435937 0.321875 0.015625 0.015625
0 0.615625 0.329688 0.015625 0.015625
0 0.692187 0.331250 0.015625 0.015625
0 0.350000 0.350000 0.015625 0.015625
0 0.032813 0.410938 0.015625 0.015625
0 0.112500 0.414062 0.015625 0.015625
0 0.651563 0.420312 0.015625 0.015625
0 0.189062 0.420312 0.015625 0.015625
0 0.415625 0.420312 0.015625 0.015625
0 0.260937 0.421875 0.015625 0.015625
0 0.567187 0.421875 0.015625 0.015625
0 0.489063 0.423438 0.015625 0.015625
0 0.339062 0.425000 0.015625 0.015625
0 0.076563 0.485938 0.015625 0.015625
0 0.229687 0.487500 0.015625 0.015625
0 0.153125 0.487500 0.015625 0.015625
0 0.904687 0.489063 0.015625 0.015625
0 0.301563 0.492188 0.015625 0.015625
0 0.529687 0.493750 0.015625 0.015625
0 0.379688 0.493750 0.015625 0.015625
0 0.454688 0.493750 0.015625 0.015625
0 0.606250 0.495312 0.015625 0.015625
0 0.682813 0.496875 0.015625 0.015625
0 0.757812 0.498437 0.015625 0.015625
0 0.831250 0.498437 0.015625 0.015625
0 0.985938 0.500000 0.015625 0.015625
0 0.035937 0.546875 0.015625 0.015625
0 0.112500 0.546875 0.015625 0.015625
0 0.260937 0.548438 0.015625 0.015625
0 0.189062 0.550000 0.015625 0.015625
0 0.487500 0.559375 0.015625 0.015625
0 0.412500 0.559375 0.015625 0.015625
0 0.564063 0.560937 0.015625 0.015625
0 0.639062 0.560937 0.015625 0.015625
0 0.798438 0.562500 0.015625 0.015625
0 0.718750 0.564063 0.015625 0.015625
0 0.865625 0.565625 0.015625 0.015625
0 0.950000 0.565625 0.015625 0.015625
0 0.071875 0.610938 0.015625 0.015625
0 0.296875 0.617188 0.015625 0.015625
0 0.145313 0.617188 0.015625 0.015625
0 0.220312 0.617188 0.015625 0.015625
0 0.446875 0.623437 0.015625 0.015625
0 0.526563 0.625000 0.015625 0.015625
0 0.601562 0.626563 0.015625 0.015625
0 0.678125 0.629687 0.015625 0.015625
0 0.829688 0.631250 0.015625 0.015625
0 0.754687 0.634375 0.015625 0.015625
0 0.907813 0.635938 0.015625 0.015625
0 0.987500 0.642188 0.015625 0.015625
0 0.035937 0.675000 0.015625 0.015625
0 0.260937 0.684375 0.015625 0.015625
0 0.185938 0.684375 0.015625 0.015625
0 0.109375 0.684375 0.015625 0.015625
0 0.487500 0.689063 0.015625 0.015625
0 0.560937 0.690625 0.015625 0.015625
0 0.335938 0.692187 0.015625 0.015625
0 0.412500 0.693750 0.015625 0.015625
0 0.639062 0.693750 0.015625 0.015625
0 0.790625 0.693750 0.015625 0.015625
0 0.715625 0.695312 0.015625 0.015625
0 0.868750 0.695312 0.015625 0.015625
0 0.942187 0.698438 0.015625 0.015625
0 0.071875 0.746875 0.015625 0.015625
0 0.220312 0.746875 0.015625 0.015625
0 0.143750 0.750000 0.015625 0.015625
0 0.523438 0.753125 0.015625 0.015625
0 0.293750 0.753125 0.015625 0.015625
0 0.367188 0.754687 0.015625 0.015625
0 0.596875 0.756250 0.015625 0.015625
0 0.673438 0.757812 0.015625 0.015625
0 0.829688 0.759375 0.015625 0.015625
0 0.906250 0.762500 0.015625 0.015625
0 0.982812 0.767188 0.015625 0.015625
0 0.107813 0.812500 0.015625 0.015625
0 0.035937 0.812500 0.015625 0.015625
0 0.185938 0.814063 0.015625 0.015625
0 0.259375 0.817187 0.015625 0.015625
0 0.409375 0.820312 0.015625 0.015625
0 0.709375 0.820312 0.015625 0.015625
0 0.559375 0.820312 0.015625 0.015625
0 0.332813 0.820312 0.015625 0.015625
0 0.482812 0.821875 0.015625 0.015625
0 0.635938 0.821875 0.015625 0.015625
0 0.864062 0.825000 0.015625 0.015625
0 0.787500 0.825000 0.015625 0.015625
0 0.940625 0.828125 0.015625 0.015625
0 0.215625 0.873437 0.015625 0.015625
0 0.515625 0.885938 0.015625 0.015625
0 0.676562 0.889062 0.015625 0.015625
0 0.751563 0.890625 0.015625 0.015625
0 0.981250 0.893750 0.015625 0.015625
0 0.903125 0.893750 0.015625 0.015625
0 0.828125 0.895312 0.015625 0.015625
0 0.032813 0.945312 0.015625 0.015625
0 0.182812 0.946875 0.015625 0.015625
0 0.256250 0.946875 0.015625 0.015625
0 0.106250 0.946875 0.015625 0.015625
0 0.332813 0.948438 0.015625 0.015625
0 0.481250 0.950000 0.015625 0.015625
0 0.556250 0.950000 0.015625 0.015625
0 0.406250 0.951562 0.015625 0.015625
0 0.632812 0.951562 0.015625 0.015625
0 0.709375 0.954688 0.015625 0.015625
0 0.784375 0.957812 0.015625 0.015625
0 0.937500 0.959375 0.015625 0.015625
0 0.860938 0.959375 0.015625 0.015625
0 0.235937 0.353125 0.015625 0.015625
0 0.134375 0.353125 0.015625 0.015625
0 0.070312 0.353125 0.015625 0.015625
0 0.000000 0.350000 0.015625 0.015625
