0 0.564063 0.004687 0.015625 0.015625
0 0.196875 0.021875 0.015625 0.015625
0 0.334375 0.034375 0.015625 0.015625
0 0.642188 0.045312 0.015625 0.015625
0 0.125000 0.051562 0.015625 0.015625
0 0.868750 0.054688 0.015625 0.015625
0 0.021875 0.056250 0.015625 0.015625
0 0.792188 0.057813 0.015625 0.015625
0 0.720313 0.060937 0.015625 0.015625
0 0.942187 0.062500 0.015625 0.015625
0 0.285938 0.068750 0.015625 0.015625
0 0.371875 0.071875 0.015625 0.015625
0 0.434375 0.079687 0.015625 0.015625
0 0.550000 0.104688 0.015625 0.015625
0 0.626563 0.112500 0.015625 0.015625
0 0.209375 0.112500 0.015625 0.015625
0 0.289062 0.117188 0.015625 0.015625
0 0.840625 0.121875 0.015625 0.015625
0 0.689063 0.121875 0.015625 0.015625
0 0.912500 0.121875 0.015625 0.015625
0 0.370312 0.123438 0.015625 0.015625
0 0.990625 0.123438 0.015625 0.015625
0 0.754687 0.123438 0.015625 0.015625
0 0.584375 0.167187 0.015625 0.015625
0 0.257812 0.168750 0.015625 0.015625
0 0.490625 0.170313 0.015625 0.015625
0 0.185938 0.170313 0.015625 0.015625
0 0.021875 0.173437 0.015625 0.015625
0 0.326562 0.178125 0.015625 0.015625
0 0.939063 0.185938 0.015625 0.015625
0 0.637500 0.189062 0.015625 0.015625
0 0.848437 0.193750 0.015625 0.015625
0 0.700000 0.210938 0.015625 0.015625
0 0.787500 0.212500 0.015625 0.015625
0 0.542188 0.217188 0.015625 0.015625
0 0.376563 0.228125 0.015625 0.015625
0 0.006250 0.239063 0.015625 0.015625
0 0.062500 0.250000 0.015625 0.015625
0 0.262500 0.256250 0.015625 0.015625
0 0.903125 0.256250 0.015625 0.015625
0 0.746875 0.259375 0.015625 0.015625
0 0.814063 0.260937 0.015625 0.015625
0 0.596875 0.265625 0.015625 0.015625
0 0.990625 0.265625 0.015625 0.015625
0 0.675000 0.270313 0.015625 0.015625
0 0.512500 0.279687 0.015625 0.015625
0 0.951562 0.300000 0.015625 0.015625
0 0.117188 0.303125 0.015625 0.015625
0 0.217188 0.307812 0.015625 0.015625
0 0.471875 0.312500 0.015625 0.015625
0 0.409375 0.314063 0.015625 0.015625
0 0.551562 0.320312 0.015625 0.015625
0 0.865625 0.320312 0.015625 0.015625
0 0.634375 0.321875 0.015625 0.015625
0 0.703125 0.326562 0.015625 0.015625
0 0.793750 0.328125 0.015625 0.015625
0 0.920312 0.340625 0.015625 0.015625
0 0.971875 0.348438 0.015625 0.015625
0 0.245312 0.350000 0.015625 0.015625
0 0.065625 0.368750 0.015625 0.015625
0 0.498437 0.370312 0.015625 0.015625
0 0.143750 0.373437 0.015625 0.015625
0 0.367188 0.379688 0.015625 0.015625
0 0.565625 0.379688 0.015625 0.015625
0 0.737500 0.381250 0.015625 0.015625
0 0.817187 0.381250 0.015625 0.015625
0 0.432812 0.382812 0.015625 0.015625
0 0.975000 0.395313 0.015625 0.015625
0 0.668750 0.395313 0.015625 0.015625
0 0.900000 0.398438 0.015625 0.015625
0 0.259375 0.437500 0.015625 0.015625
0 0.178125 0.440625 0.015625 0.015625
0 0.021875 0.443750 0.015625 0.015625
0 0.332813 0.446875 0.015625 0.015625
0 0.109375 0.446875 0.015625 0.015625
0 0.471875 0.448437 0.015625 0.015625
0 0.701562 0.448437 0.015625 0.015625
0 0.389062 0.450000 0.015625 0.015625
0 0.548438 0.451562 0.015625 0.015625
0 0.781250 0.453125 0.015625 0.015625
0 0.623437 0.459375 0.015625 0.015625
0 0.940625 0.462500 0.015625 0.015625
0 0.862500 0.467187 0.015625 0.015625
0 0.067187 0.501563 0.015625 0.015625
0 0.370312 0.503125 0.015625 0.015625
0 0.143750 0.504687 0.015625 0.015625
0 0.445312 0.506250 0.015625 0.015625
0 0.207813 0.506250 0.015625 0.015625
0 0.293750 0.507812 0.015625 0.015625
0 0.593750 0.512500 0.015625 0.015625
0 0.665625 0.514062 0.015625 0.015625
0 0.745313 0.520312 0.015625 0.015625
0 0.971875 0.521875 0.015625 0.015625
0 0.900000 0.521875 0.015625 0.015625
0 0.815625 0.525000 0.015625 0.015625
0 0.520312 0.526563 0.015625 0.015625
0 0.112500 0.557813 0.015625 0.015625
0 0.162500 0.564063 0.015625 0.015625
0 0.034375 0.567187 0.015625 0.015625
0 0.253125 0.571875 0.015625 0.015625
0 0.401562 0.575000 0.015625 0.015625
0 0.629687 0.575000 0.015625 0.015625
0 0.479687 0.579688 0.015625 0.015625
0 0.940625 0.581250 0.015625 0.015625
0 0.337500 0.582812 0.015625 0.015625
0 0.700000 0.582812 0.015625 0.015625
0 0.557813 0.589063 0.015625 0.015625
0 0.846875 0.590625 0.015625 0.015625
0 0.771875 0.595313 0.015625 0.015625
0 0.142187 0.625000 0.015625 0.015625
0 0.060937 0.626563 0.015625 0.015625
0 0.640625 0.626563 0.015625 0.015625
0 0.514062 0.628125 0.015625 0.015625
0 0.379688 0.628125 0.015625 0.015625
0 0.301563 0.640625 0.015625 0.015625
0 0.973437 0.643750 0.015625 0.015625
0 0.231250 0.643750 0.015625 0.015625
0 0.456250 0.645312 0.015625 0.015625
0 0.821875 0.648438 0.015625 0.015625
0 0.746875 0.656250 0.015625 0.015625
0 0.673438 0.664062 0.015625 0.015625
0 0.542188 0.665625 0.015625 0.015625
0 0.589063 0.670312 0.015625 0.015625
0 0.090625 0.682813 0.015625 0.015625
0 0.253125 0.703125 0.015625 0.015625
0 0.018750 0.704688 0.015625 0.015625
0 0.343750 0.706250 0.015625 0.015625
0 0.407813 0.710938 0.015625 0.015625
0 0.782813 0.712500 0.015625 0.015625
0 0.707812 0.712500 0.015625 0.015625
0 0.857812 0.714063 0.015625 0.015625
0 0.632812 0.714063 0.015625 0.015625
0 0.934375 0.714063 0.015625 0.015625
0 0.500000 0.715625 0.015625 0.015625
0 0.543750 0.725000 0.015625 0.015625
0 0.387500 0.760938 0.015625 0.015625
0 0.064062 0.760938 0.015625 0.015625
0 0.212500 0.762500 0.015625 0.015625
0 0.292187 0.765625 0.015625 0.015625
0 0.506250 0.765625 0.015625 0.015625
0 0.667188 0.771875 0.015625 0.015625
0 0.592187 0.773438 0.015625 0.015625
0 0.740625 0.775000 0.015625 0.015625
0 0.817187 0.776563 0.015625 0.015625
0 0.892188 0.778125 0.015625 0.015625
0 0.959375 0.779687 0.015625 0.015625
0 0.039062 0.807813 0.015625 0.015625
0 0.246875 0.826562 0.015625 0.015625
0 0.404687 0.828125 0.015625 0.015625
0 0.312500 0.831250 0.015625 0.015625
0 0.685937 0.832812 0.015625 0.015625
0 0.471875 0.832812 0.015625 0.015625
0 0.539062 0.835938 0.015625 0.015625
0 0.626563 0.837500 0.015625 0.015625
0 0.773438 0.853125 0.015625 0.015625
0 0.848437 0.862500 0.015625 0.015625
0 0.892188 0.925000 0.015625 0.015625
