0 0.134375 0.001563 0.015625 0.015625
0 0.518750 0.004687 0.015625 0.015625
0 0.059375 0.006250 0.015625 0.015625
0 0.476562 0.006250 0.015625 0.015625
0 0.435937 0.007812 0.015625 0.015625
0 0.114062 0.021875 0.015625 0.015625
0 0.157812 0.025000 0.015625 0.015625
0 0.004687 0.028125 0.015625 0.015625
0 0.045312 0.028125 0.015625 0.015625
0 0.075000 0.031250 0.015625 0.015625
0 0.195312 0.032813 0.015625 0.015625
0 0.401562 0.045312 0.015625 0.015625
0 0.432812 0.046875 0.015625 0.015625
0 0.256250 0.046875 0.015625 0.015625
0 0.368750 0.048438 0.015625 0.015625
0 0.581250 0.050000 0.015625 0.015625
0 0.687500 0.053125 0.015625 0.015625
0 0.643750 0.053125 0.015625 0.015625
0 0.839063 0.054688 0.015625 0.015625
0 0.804688 0.054688 0.015625 0.015625
0 0.767188 0.056250 0.015625 0.015625
0 0.884375 0.059375 0.015625 0.015625
0 0.096875 0.059375 0.015625 0.015625
0 0.984375 0.059375 0.015625 0.015625
0 0.134375 0.060937 0.015625 0.015625
0 0.059375 0.062500 0.015625 0.015625
0 0.021875 0.064062 0.015625 0.015625
0 0.932813 0.064062 0.015625 0.015625
0 0.210938 0.067187 0.015625 0.015625
0 0.112500 0.093750 0.015625 0.015625
0 0.081250 0.095312 0.015625 0.015625
0 0.037500 0.095312 0.015625 0.015625
0 0.437500 0.109375 0.015625 0.015625
0 0.495312 0.112500 0.015625 0.015625
0 0.635938 0.112500 0.015625 0.015625
0 0.459375 0.115625 0.015625 0.015625
0 0.873437 0.115625 0.015625 0.015625
0 0.809375 0.117188 0.015625 0.015625
0 0.781250 0.118750 0.015625 0.015625
0 0.025000 0.120313 0.015625 0.015625
0 0.725000 0.121875 0.015625 0.015625
0 0.975000 0.125000 0.015625 0.015625
0 0.062500 0.126562 0.015625 0.015625
0 0.135937 0.128125 0.015625 0.015625
0 0.096875 0.129688 0.015625 0.015625
0 0.248438 0.129688 0.015625 0.015625
0 0.190625 0.146875 0.015625 0.015625
0 0.168750 0.146875 0.015625 0.015625
0 0.212500 0.146875 0.015625 0.015625
0 0.000000 0.154688 0.015625 0.015625
0 0.234375 0.159375 0.015625 0.015625
0 0.040625 0.159375 0.015625 0.015625
0 0.078125 0.159375 0.015625 0.015625
0 0.117188 0.160938 0.015625 0.015625
0 0.270313 0.162500 0.015625 0.015625
0 0.582812 0.171875 0.015625 0.015625
0 0.521875 0.179688 0.015625 0.015625
0 0.654687 0.179688 0.015625 0.015625
0 0.700000 0.181250 0.015625 0.015625
0 0.467187 0.181250 0.015625 0.015625
0 0.739062 0.182812 0.015625 0.015625
0 0.781250 0.184375 0.015625 0.015625
0 0.925000 0.184375 0.015625 0.015625
0 0.960938 0.184375 0.015625 0.015625
0 0.098437 0.190625 0.015625 0.015625
0 0.023438 0.192188 0.015625 0.015625
0 0.209375 0.192188 0.015625 0.015625
0 0.059375 0.195312 0.015625 0.015625
0 0.250000 0.196875 0.015625 0.015625
0 0.285938 0.201563 0.015625 0.015625
0 0.037500 0.220312 0.015625 0.015625
0 0.001563 0.223438 0.015625 0.015625
0 0.268750 0.228125 0.015625 0.015625
0 0.150000 0.228125 0.015625 0.015625
0 0.200000 0.234375 0.015625 0.015625
0 0.526563 0.240625 0.015625 0.015625
0 0.725000 0.242188 0.015625 0.015625
0 0.751563 0.243750 0.015625 0.015625
0 0.832812 0.243750 0.015625 0.015625
0 0.801562 0.245312 0.015625 0.015625
0 0.698438 0.245312 0.015625 0.015625
0 0.985938 0.246875 0.015625 0.015625
0 0.673438 0.246875 0.015625 0.015625
0 0.021875 0.256250 0.015625 0.015625
0 0.242188 0.256250 0.015625 0.015625
0 0.054688 0.257812 0.015625 0.015625
0 0.212500 0.259375 0.015625 0.015625
0 0.325000 0.264062 0.015625 0.015625
0 0.090625 0.265625 0.015625 0.015625
0 0.173437 0.265625 0.015625 0.015625
0 0.290625 0.271875 0.015625 0.015625
0 0.196875 0.284375 0.015625 0.015625
0 0.062500 0.293750 0.015625 0.015625
0 0.150000 0.293750 0.015625 0.015625
0 0.340625 0.296875 0.015625 0.015625
0 0.231250 0.296875 0.015625 0.015625
0 0.121875 0.304688 0.015625 0.015625
0 0.750000 0.304688 0.015625 0.015625
0 0.495312 0.306250 0.015625 0.015625
0 0.301563 0.307812 0.015625 0.015625
0 0.531250 0.307812 0.015625 0.015625
0 0.875000 0.307812 0.015625 0.015625
0 0.610938 0.310937 0.015625 0.015625
0 0.670312 0.318750 0.015625 0.015625
0 0.175000 0.320312 0.015625 0.015625
0 0.014063 0.325000 0.015625 0.015625
0 0.057813 0.328125 0.015625 0.015625
0 0.207813 0.328125 0.015625 0.015625
0 0.134375 0.328125 0.015625 0.015625
0 0.360938 0.331250 0.015625 0.015625
0 0.873437 0.331250 0.015625 0.015625
0 0.909375 0.334375 0.015625 0.015625
0 0.110937 0.356250 0.015625 0.015625
0 0.035937 0.356250 0.015625 0.015625
0 0.075000 0.357812 0.015625 0.015625
0 0.159375 0.359375 0.015625 0.015625
0 0.226562 0.360938 0.015625 0.015625
0 0.378125 0.362500 0.015625 0.015625
0 0.590625 0.384375 0.015625 0.015625
0 0.504687 0.390625 0.015625 0.015625
0 0.325000 0.392188 0.015625 0.015625
0 0.132812 0.392188 0.015625 0.015625
0 0.285938 0.392188 0.015625 0.015625
0 0.057813 0.393750 0.015625 0.015625
0 0.209375 0.393750 0.015625 0.015625
0 0.246875 0.395313 0.015625 0.015625
0 0.762500 0.395313 0.015625 0.015625
0 0.021875 0.395313 0.015625 0.015625
0 0.090625 0.396875 0.015625 0.015625
0 0.168750 0.403125 0.015625 0.015625
0 0.375000 0.404687 0.015625 0.015625
0 0.551562 0.415625 0.015625 0.015625
0 0.807813 0.417187 0.015625 0.015625
0 0.778125 0.418750 0.015625 0.015625
0 0.895312 0.418750 0.015625 0.015625
0 0.951562 0.418750 0.015625 0.015625
0 0.925000 0.420312 0.015625 0.015625
0 0.225000 0.421875 0.015625 0.015625
0 0.073438 0.428125 0.015625 0.015625
0 0.264062 0.428125 0.015625 0.015625
0 0.412500 0.428125 0.015625 0.015625
0 0.037500 0.429688 0.015625 0.015625
0 0.340625 0.431250 0.015625 0.015625
0 0.604688 0.434375 0.015625 0.015625
0 0.648438 0.434375 0.015625 0.015625
0 0.676562 0.435937 0.015625 0.015625
0 0.531250 0.440625 0.015625 0.015625
0 0.860938 0.445312 0.015625 0.015625
0 0.054688 0.454688 0.015625 0.015625
0 0.323437 0.457813 0.015625 0.015625
0 0.245312 0.457813 0.015625 0.015625
0 0.434375 0.460938 0.015625 0.015625
0 0.090625 0.468750 0.015625 0.015625
0 0.071875 0.485938 0.015625 0.015625
0 0.187500 0.490625 0.015625 0.015625
0 0.378125 0.490625 0.015625 0.015625
0 0.301563 0.490625 0.015625 0.015625
0 0.414062 0.490625 0.015625 0.015625
0 0.339062 0.493750 0.015625 0.015625
0 0.451562 0.496875 0.015625 0.015625
0 0.637500 0.498437 0.015625 0.015625
0 0.231250 0.498437 0.015625 0.015625
0 0.676562 0.503125 0.015625 0.015625
0 0.810937 0.507812 0.015625 0.015625
0 0.167187 0.521875 0.015625 0.015625
0 0.207813 0.521875 0.015625 0.015625
0 0.507812 0.521875 0.015625 0.015625
0 0.281250 0.521875 0.015625 0.015625
0 0.245312 0.523438 0.015625 0.015625
0 0.320312 0.525000 0.015625 0.015625
0 0.082812 0.525000 0.015625 0.015625
0 0.434375 0.526563 0.015625 0.015625
0 0.395313 0.526563 0.015625 0.015625
0 0.021875 0.529687 0.015625 0.015625
0 0.357812 0.529687 0.015625 0.015625
0 0.659375 0.529687 0.015625 0.015625
0 0.901563 0.543750 0.015625 0.015625
0 0.935937 0.545312 0.015625 0.015625
0 0.614062 0.545312 0.015625 0.015625
0 0.678125 0.546875 0.015625 0.015625
0 0.785937 0.550000 0.015625 0.015625
0 0.107813 0.551562 0.015625 0.015625
0 0.984375 0.554688 0.015625 0.015625
0 0.300000 0.556250 0.015625 0.015625
0 0.260937 0.556250 0.015625 0.015625
0 0.337500 0.557813 0.015625 0.015625
0 0.412500 0.557813 0.015625 0.015625
0 0.371875 0.557813 0.015625 0.015625
0 0.525000 0.559375 0.015625 0.015625
0 0.185938 0.559375 0.015625 0.015625
0 0.448437 0.559375 0.015625 0.015625
0 0.485938 0.567187 0.015625 0.015625
0 0.793750 0.567187 0.015625 0.015625
0 0.210938 0.579688 0.015625 0.015625
0 0.009375 0.579688 0.015625 0.015625
0 0.648438 0.581250 0.015625 0.015625
0 0.607812 0.585938 0.015625 0.015625
0 0.357812 0.587500 0.015625 0.015625
0 0.395313 0.590625 0.015625 0.015625
0 0.318750 0.590625 0.015625 0.015625
0 0.432812 0.593750 0.015625 0.015625
0 0.373437 0.620313 0.015625 0.015625
0 0.220312 0.620313 0.015625 0.015625
0 0.298438 0.621875 0.015625 0.015625
0 0.334375 0.621875 0.015625 0.015625
0 0.410938 0.623437 0.015625 0.015625
0 0.485938 0.626563 0.015625 0.015625
0 0.110937 0.626563 0.015625 0.015625
0 0.446875 0.626563 0.015625 0.015625
0 0.571875 0.628125 0.015625 0.015625
0 0.157812 0.629687 0.015625 0.015625
0 0.785937 0.634375 0.015625 0.015625
0 0.534375 0.650000 0.015625 0.015625
0 0.312500 0.654687 0.015625 0.015625
0 0.989062 0.654687 0.015625 0.015625
0 0.910937 0.656250 0.015625 0.015625
0 0.126562 0.657813 0.015625 0.015625
0 0.507812 0.657813 0.015625 0.015625
0 0.393750 0.657813 0.015625 0.015625
0 0.178125 0.671875 0.015625 0.015625
0 0.814063 0.679688 0.015625 0.015625
0 0.848437 0.679688 0.015625 0.015625
0 0.295312 0.682813 0.015625 0.015625
0 0.671875 0.682813 0.015625 0.015625
0 0.107813 0.682813 0.015625 0.015625
0 0.221875 0.684375 0.015625 0.015625
0 0.373437 0.684375 0.015625 0.015625
0 0.492188 0.684375 0.015625 0.015625
0 0.259375 0.685937 0.015625 0.015625
0 0.407813 0.687500 0.015625 0.015625
0 0.601562 0.689063 0.015625 0.015625
0 0.714063 0.693750 0.015625 0.015625
0 0.750000 0.695312 0.015625 0.015625
0 0.971875 0.706250 0.015625 0.015625
0 0.348438 0.720313 0.015625 0.015625
0 0.510938 0.721875 0.015625 0.015625
0 0.467187 0.725000 0.015625 0.015625
0 0.576562 0.726562 0.015625 0.015625
0 0.309375 0.729688 0.015625 0.015625
0 0.151562 0.732812 0.015625 0.015625
0 0.078125 0.737500 0.015625 0.015625
0 0.925000 0.746875 0.015625 0.015625
0 0.034375 0.748437 0.015625 0.015625
0 0.414062 0.748437 0.015625 0.015625
0 0.217188 0.748437 0.015625 0.015625
0 0.257812 0.748437 0.015625 0.015625
0 0.640625 0.750000 0.015625 0.015625
0 0.371875 0.754687 0.015625 0.015625
0 0.334375 0.754687 0.015625 0.015625
0 0.485938 0.754687 0.015625 0.015625
0 0.296875 0.756250 0.015625 0.015625
0 0.600000 0.756250 0.015625 0.015625
0 0.860938 0.771875 0.015625 0.015625
0 0.084375 0.781250 0.015625 0.015625
0 0.423438 0.784375 0.015625 0.015625
0 0.009375 0.784375 0.015625 0.015625
0 0.273438 0.785937 0.015625 0.015625
0 0.579688 0.790625 0.015625 0.015625
0 0.198437 0.792188 0.015625 0.015625
0 0.159375 0.792188 0.015625 0.015625
0 0.390625 0.792188 0.015625 0.015625
0 0.539062 0.792188 0.015625 0.015625
0 0.614062 0.795312 0.015625 0.015625
0 0.848437 0.809375 0.015625 0.015625
0 0.925000 0.810937 0.015625 0.015625
0 0.103125 0.818750 0.015625 0.015625
0 0.064062 0.818750 0.015625 0.015625
0 0.139063 0.820312 0.015625 0.015625
0 0.175000 0.821875 0.015625 0.015625
0 0.482812 0.825000 0.015625 0.015625
0 0.557813 0.826562 0.015625 0.015625
0 0.520312 0.826562 0.015625 0.015625
0 0.785937 0.828125 0.015625 0.015625
0 0.825000 0.829688 0.015625 0.015625
0 0.596875 0.829688 0.015625 0.015625
0 0.937500 0.835938 0.015625 0.015625
0 0.053125 0.846875 0.015625 0.015625
0 0.279687 0.854688 0.015625 0.015625
0 0.162500 0.856250 0.015625 0.015625
0 0.123438 0.856250 0.015625 0.015625
0 0.332813 0.887500 0.015625 0.015625
0 0.557813 0.889062 0.015625 0.015625
0 0.825000 0.896875 0.015625 0.015625
0 0.860938 0.896875 0.015625 0.015625
0 0.898438 0.898438 0.015625 0.015625
0 0.935937 0.898438 0.015625 0.015625
0 0.046875 0.915625 0.015625 0.015625
0 0.085938 0.917188 0.015625 0.015625
0 0.121875 0.917188 0.015625 0.015625
0 0.309375 0.918750 0.015625 0.015625
0 0.464062 0.920312 0.015625 0.015625
0 0.348438 0.920312 0.015625 0.015625
0 0.501563 0.921875 0.015625 0.015625
0 0.426563 0.921875 0.015625 0.015625
0 0.576562 0.921875 0.015625 0.015625
0 0.690625 0.921875 0.015625 0.015625
0 0.539062 0.923438 0.015625 0.015625
0 0.651563 0.925000 0.015625 0.015625
0 0.026562 0.948438 0.015625 0.015625
0 0.290625 0.948438 0.015625 0.015625
0 0.065625 0.948438 0.015625 0.015625
0 0.103125 0.950000 0.015625 0.015625
0 0.140625 0.951562 0.015625 0.015625
0 0.217188 0.951562 0.015625 0.015625
0 0.367188 0.953125 0.015625 0.015625
0 0.481250 0.954688 0.015625 0.015625
0 0.406250 0.956250 0.015625 0.015625
0 0.445312 0.956250 0.015625 0.015625
0 0.596875 0.956250 0.015625 0.015625
0 0.557813 0.956250 0.015625 0.015625
0 0.670312 0.956250 0.015625 0.015625
0 0.632812 0.957812 0.015625 0.015625
0 0.521875 0.957812 0.015625 0.015625
0 0.710938 0.957812 0.015625 0.015625
0 0.750000 0.962500 0.015625 0.015625
0 0.045312 0.979688 0.015625 0.015625
0 0.007812 0.981250 0.015625 0.015625
0 0.084375 0.982812 0.015625 0.015625
0 0.160938 0.984375 0.015625 0.015625
0 0.123438 0.984375 0.015625 0.015625
0 0.235937 0.984375 0.015625 0.015625
0 0.196875 0.984375 0.015625 0.015625
0 0.309375 0.985938 0.015625 0.015625
0 0.271875 0.985938 0.015625 0.015625
0 0.346875 0.985938 0.015625 0.015625
0 0.385937 0.987500 0.015625 0.015625
0 0.954688 0.992188 0.015625 0.015625
0 0.993750 0.996875 0.015625 0.015625
0 0.829688 0.565625 0.015625 0.015625
0 0.865625 0.565625 0.015625 0.015625
0 0.904687 0.568750 0.015625 0.015625
