0 0.290625 0.173437 0.015625 0.015625
0 0.365625 0.171875 0.015625 0.015625
0 0.509375 0.576562 0.015625 0.015625
0 0.290625 0.571875 0.015625 0.015625
0 0.364063 0.573438 0.015625 0.015625
0 0.215625 0.039062 0.015625 0.015625
0 0.595313 0.175000 0.015625 0.015625
0 0.015625 0.621875 0.015625 0.015625
0 0.287500 0.300000 0.015625 0.015625
0 0.773438 0.370312 0.015625 0.015625
0 0.440625 0.173437 0.015625 0.015625
0 0.323437 0.495312 0.015625 0.015625
0 0.093750 0.623437 0.015625 0.015625
0 0.809375 0.576562 0.015625 0.015625
0 0.851562 0.768750 0.015625 0.015625
0 0.445312 0.042188 0.015625 0.015625
0 0.207813 0.953125 0.015625 0.015625
0 0.017188 0.750000 0.015625 0.015625
0 0.520312 0.043750 0.015625 0.015625
0 0.510938 0.696875 0.015625 0.015625
0 0.090625 0.221875 0.015625 0.015625
0 0.546875 0.635938 0.015625 0.015625
0 0.362500 0.428125 0.015625 0.015625
0 0.118750 0.823438 0.015625 0.015625
0 0.056250 0.821875 0.015625 0.015625
0 0.898438 0.046875 0.015625 0.015625
0 0.659375 0.173437 0.015625 0.015625
0 0.743750 0.575000 0.015625 0.015625
0 0.846875 0.370312 0.015625 0.015625
0 0.032813 0.095312 0.015625 0.015625
0 0.407813 0.103125 0.015625 0.015625
0 0.425000 0.696875 0.015625 0.015625
0 0.557813 0.104688 0.015625 0.015625
0 0.775000 0.770312 0.015625 0.015625
0 0.821875 0.048438 0.015625 0.015625
0 0.923438 0.371875 0.015625 0.015625
0 0.215625 0.426563 0.015625 0.015625
0 0.940625 0.114062 0.015625 0.015625
0 0.615625 0.893750 0.015625 0.015625
0 0.398438 0.496875 0.015625 0.015625
0 0.373437 0.040625 0.015625 0.015625
0 0.889062 0.579688 0.015625 0.015625
0 0.965625 0.835938 0.015625 0.015625
0 0.890625 0.437500 0.015625 0.015625
0 0.859375 0.114062 0.015625 0.015625
0 0.620313 0.632812 0.015625 0.015625
0 0.670312 0.300000 0.015625 0.015625
0 0.703125 0.503125 0.015625 0.015625
0 0.764062 0.503125 0.015625 0.015625
0 0.859375 0.509375 0.015625 0.015625
0 0.964063 0.584375 0.015625 0.015625
0 0.032813 0.492188 0.015625 0.015625
0 0.100000 0.495312 0.015625 0.015625
0 0.246875 0.493750 0.015625 0.015625
0 0.051562 0.689063 0.015625 0.015625
