0 0.410938 0.910937 0.015625 0.015625
0 0.493750 0.910937 0.015625 0.015625
0 0.564063 0.910937 0.015625 0.015625
0 0.618750 0.910937 0.015625 0.015625
0 0.706250 0.909375 0.015625 0.015625
0 0.785937 0.914062 0.015625 0.015625
0 0.862500 0.912500 0.015625 0.015625
0 0.935937 0.912500 0.015625 0.015625
0 0.432812 0.978125 0.015625 0.015625
0 0.659375 0.982812 0.015625 0.015625
0 0.745313 0.979688 0.015625 0.015625
0 0.815625 0.978125 0.015625 0.015625
0 0.889062 0.971875 0.015625 0.015625
0 0.973437 0.975000 0.015625 0.015625
0 0.065625 0.971875 0.015625 0.015625
0 0.140625 0.973437 0.015625 0.015625
0 0.190625 0.792188 0.015625 0.015625
0 0.220312 0.973437 0.015625 0.015625
0 0.031250 0.903125 0.015625 0.015625
0 0.120313 0.787500 0.015625 0.015625
0 0.068750 0.843750 0.015625 0.015625
0 0.037500 0.782813 0.015625 0.015625
0 0.185938 0.904687 0.015625 0.015625
0 0.218750 0.848437 0.015625 0.015625
0 0.109375 0.909375 0.015625 0.015625
0 0.259375 0.912500 0.015625 0.015625
0 0.295312 0.968750 0.015625 0.015625
0 0.259375 0.793750 0.015625 0.015625
0 0.346875 0.798438 0.015625 0.015625
0 0.425000 0.798438 0.015625 0.015625
0 0.507812 0.800000 0.015625 0.015625
0 0.593750 0.806250 0.015625 0.015625
0 0.646875 0.806250 0.015625 0.015625
0 0.725000 0.801562 0.015625 0.015625
0 0.807813 0.812500 0.015625 0.015625
0 0.873437 0.812500 0.015625 0.015625
0 0.957812 0.812500 0.015625 0.015625
0 0.159375 0.839063 0.015625 0.015625
