0 0.014063 0.020313 0.015625 0.015625
0 0.084375 0.021875 0.015625 0.015625
0 0.001563 0.153125 0.015625 0.015625
0 0.043750 0.089063 0.015625 0.015625
0 0.084375 0.148438 0.015625 0.015625
0 0.112500 0.089063 0.015625 0.015625
0 0.156250 0.157812 0.015625 0.015625
0 0.004687 0.284375 0.015625 0.015625
0 0.040625 0.223438 0.015625 0.015625
0 0.078125 0.284375 0.015625 0.015625
0 0.120313 0.223438 0.015625 0.015625
0 0.154688 0.287500 0.015625 0.015625
0 0.193750 0.225000 0.015625 0.015625
0 0.226562 0.290625 0.015625 0.015625
0 0.001563 0.421875 0.015625 0.015625
0 0.042188 0.350000 0.015625 0.015625
0 0.079687 0.417187 0.015625 0.015625
0 0.121875 0.359375 0.015625 0.015625
0 0.150000 0.417187 0.015625 0.015625
0 0.193750 0.356250 0.015625 0.015625
0 0.232813 0.421875 0.015625 0.015625
0 0.271875 0.357812 0.015625 0.015625
0 0.309375 0.425000 0.015625 0.015625
0 0.078125 0.545312 0.015625 0.015625
0 0.114062 0.482812 0.015625 0.015625
0 0.145313 0.546875 0.015625 0.015625
0 0.187500 0.485938 0.015625 0.015625
0 0.221875 0.554688 0.015625 0.015625
0 0.260937 0.481250 0.015625 0.015625
0 0.301563 0.545312 0.015625 0.015625
0 0.345313 0.485938 0.015625 0.015625
0 0.368750 0.560937 0.015625 0.015625
0 0.337500 0.617188 0.015625 0.015625
0 0.257812 0.617188 0.015625 0.015625
0 0.185938 0.617188 0.015625 0.015625
0 0.403125 0.617188 0.015625 0.015625
0 0.296875 0.684375 0.015625 0.015625
0 0.373437 0.684375 0.015625 0.015625
0 0.454688 0.687500 0.015625 0.015625
0 0.507812 0.692187 0.015625 0.015625
0 0.418750 0.751563 0.015625 0.015625
0 0.495312 0.756250 0.015625 0.015625
0 0.448437 0.817187 0.015625 0.015625
0 0.525000 0.820312 0.015625 0.015625
0 0.590625 0.823438 0.015625 0.015625
0 0.560937 0.890625 0.015625 0.015625
0 0.635938 0.893750 0.015625 0.015625
0 0.229687 0.021875 0.015625 0.015625
0 0.314063 0.028125 0.015625 0.015625
0 0.390625 0.034375 0.015625 0.015625
0 0.459375 0.034375 0.015625 0.015625
0 0.537500 0.035937 0.015625 0.015625
0 0.615625 0.035937 0.015625 0.015625
0 0.692187 0.040625 0.015625 0.015625
0 0.767188 0.039062 0.015625 0.015625
0 0.846875 0.040625 0.015625 0.015625
0 0.915625 0.042188 0.015625 0.015625
0 0.309375 0.162500 0.015625 0.015625
0 0.384375 0.165625 0.015625 0.015625
0 0.342187 0.101562 0.015625 0.015625
0 0.268750 0.090625 0.015625 0.015625
0 0.420312 0.096875 0.015625 0.015625
0 0.495312 0.098437 0.015625 0.015625
0 0.570312 0.098437 0.015625 0.015625
0 0.637500 0.100000 0.015625 0.015625
0 0.715625 0.101562 0.015625 0.015625
0 0.464062 0.168750 0.015625 0.015625
0 0.523438 0.165625 0.015625 0.015625
0 0.635938 0.167187 0.015625 0.015625
0 0.692187 0.167187 0.015625 0.015625
0 0.767188 0.171875 0.015625 0.015625
0 0.842187 0.171875 0.015625 0.015625
0 0.810937 0.104688 0.015625 0.015625
0 0.896875 0.110937 0.015625 0.015625
0 0.959375 0.109375 0.015625 0.015625
0 0.340625 0.225000 0.015625 0.015625
0 0.429688 0.235937 0.015625 0.015625
0 0.503125 0.239063 0.015625 0.015625
0 0.582812 0.240625 0.015625 0.015625
0 0.648438 0.237500 0.015625 0.015625
0 0.732812 0.243750 0.015625 0.015625
0 0.815625 0.242188 0.015625 0.015625
0 0.895312 0.240625 0.015625 0.015625
0 0.954688 0.240625 0.015625 0.015625
0 0.920312 0.182812 0.015625 0.015625
0 0.989062 0.181250 0.015625 0.015625
0 0.979688 0.306250 0.015625 0.015625
0 0.906250 0.306250 0.015625 0.015625
0 0.832812 0.304688 0.015625 0.015625
0 0.743750 0.300000 0.015625 0.015625
0 0.664062 0.298438 0.015625 0.015625
0 0.596875 0.298438 0.015625 0.015625
0 0.531250 0.298438 0.015625 0.015625
0 0.443750 0.298438 0.015625 0.015625
0 0.367188 0.295312 0.015625 0.015625
0 0.426563 0.370312 0.015625 0.015625
0 0.507812 0.359375 0.015625 0.015625
0 0.575000 0.360938 0.015625 0.015625
0 0.654687 0.364063 0.015625 0.015625
0 0.729688 0.365625 0.015625 0.015625
0 0.812500 0.365625 0.015625 0.015625
0 0.881250 0.370312 0.015625 0.015625
0 0.962500 0.370312 0.015625 0.015625
0 0.453125 0.423438 0.015625 0.015625
0 0.478125 0.484375 0.015625 0.015625
0 0.523438 0.431250 0.015625 0.015625
0 0.564063 0.490625 0.015625 0.015625
0 0.603125 0.432812 0.015625 0.015625
0 0.642188 0.493750 0.015625 0.015625
0 0.681250 0.429688 0.015625 0.015625
0 0.729688 0.493750 0.015625 0.015625
0 0.756250 0.434375 0.015625 0.015625
0 0.803125 0.490625 0.015625 0.015625
0 0.829688 0.439063 0.015625 0.015625
0 0.873437 0.492188 0.015625 0.015625
0 0.903125 0.446875 0.015625 0.015625
0 0.945312 0.507812 0.015625 0.015625
0 0.982812 0.443750 0.015625 0.015625
0 0.712500 0.635938 0.015625 0.015625
0 0.679688 0.700000 0.015625 0.015625
0 0.718750 0.757812 0.015625 0.015625
0 0.756250 0.700000 0.015625 0.015625
0 0.793750 0.731250 0.015625 0.015625
0 0.795312 0.629687 0.015625 0.015625
0 0.828125 0.692187 0.015625 0.015625
0 0.868750 0.626563 0.015625 0.015625
0 0.906250 0.695312 0.015625 0.015625
0 0.871875 0.748437 0.015625 0.015625
0 0.943750 0.759375 0.015625 0.015625
0 0.976562 0.829688 0.015625 0.015625
0 0.895312 0.832812 0.015625 0.015625
0 0.826562 0.828125 0.015625 0.015625
0 0.748437 0.823438 0.015625 0.015625
0 0.789062 0.901563 0.015625 0.015625
0 0.868750 0.892188 0.015625 0.015625
0 0.818750 0.962500 0.015625 0.015625
0 0.896875 0.965625 0.015625 0.015625
0 0.965625 0.959375 0.015625 0.015625
