0 0.037500 0.793750 0.015625 0.015625
0 0.076563 0.731250 0.015625 0.015625
0 0.120313 0.800000 0.015625 0.015625
0 0.154688 0.734375 0.015625 0.015625
0 0.195312 0.798438 0.015625 0.015625
0 0.218750 0.732812 0.015625 0.015625
0 0.007812 0.612500 0.015625 0.015625
0 0.037500 0.667188 0.015625 0.015625
0 0.075000 0.600000 0.015625 0.015625
0 0.117188 0.664062 0.015625 0.015625
0 0.150000 0.606250 0.015625 0.015625
0 0.198437 0.662500 0.015625 0.015625
0 0.232813 0.606250 0.015625 0.015625
0 0.267188 0.675000 0.015625 0.015625
0 0.306250 0.606250 0.015625 0.015625
0 0.345313 0.673438 0.015625 0.015625
0 0.428125 0.671875 0.015625 0.015625
0 0.493750 0.675000 0.015625 0.015625
0 0.460938 0.607812 0.015625 0.015625
0 0.520312 0.615625 0.015625 0.015625
0 0.275000 0.539062 0.015625 0.015625
0 0.314063 0.479687 0.015625 0.015625
0 0.345313 0.529687 0.015625 0.015625
0 0.237500 0.473438 0.015625 0.015625
0 0.275000 0.409375 0.015625 0.015625
0 0.195312 0.407813 0.015625 0.015625
0 0.125000 0.406250 0.015625 0.015625
0 0.046875 0.407813 0.015625 0.015625
0 0.079687 0.468750 0.015625 0.015625
0 0.007812 0.470313 0.015625 0.015625
0 0.089063 0.342187 0.015625 0.015625
0 0.165625 0.339062 0.015625 0.015625
0 0.242188 0.340625 0.015625 0.015625
0 0.034375 0.925000 0.015625 0.015625
0 0.075000 0.870313 0.015625 0.015625
0 0.110937 0.928125 0.015625 0.015625
0 0.153125 0.882812 0.015625 0.015625
0 0.182812 0.932813 0.015625 0.015625
0 0.223438 0.868750 0.015625 0.015625
0 0.257812 0.940625 0.015625 0.015625
0 0.303125 0.871875 0.015625 0.015625
0 0.329688 0.928125 0.015625 0.015625
0 0.409375 0.935937 0.015625 0.015625
0 0.495312 0.935937 0.015625 0.015625
0 0.573438 0.940625 0.015625 0.015625
0 0.071875 0.996875 0.015625 0.015625
0 0.151562 0.995313 0.015625 0.015625
0 0.354687 0.015625 0.015625 0.015625
0 0.431250 0.015625 0.015625 0.015625
0 0.492188 0.015625 0.015625 0.015625
0 0.584375 0.025000 0.015625 0.015625
0 0.909375 0.029687 0.015625 0.015625
0 0.981250 0.032813 0.015625 0.015625
0 0.475000 0.089063 0.015625 0.015625
0 0.551562 0.087500 0.015625 0.015625
0 0.623437 0.092188 0.015625 0.015625
0 0.857812 0.100000 0.015625 0.015625
0 0.915625 0.100000 0.015625 0.015625
0 0.340625 0.153125 0.015625 0.015625
0 0.431250 0.148438 0.015625 0.015625
0 0.506250 0.154688 0.015625 0.015625
0 0.590625 0.154688 0.015625 0.015625
0 0.656250 0.154688 0.015625 0.015625
0 0.807813 0.159375 0.015625 0.015625
0 0.895312 0.160938 0.015625 0.015625
0 0.965625 0.160938 0.015625 0.015625
0 0.467187 0.220312 0.015625 0.015625
0 0.559375 0.214062 0.015625 0.015625
0 0.626563 0.218750 0.015625 0.015625
0 0.693750 0.218750 0.015625 0.015625
0 0.756250 0.218750 0.015625 0.015625
0 0.939063 0.228125 0.015625 0.015625
0 0.507812 0.284375 0.015625 0.015625
0 0.585938 0.290625 0.015625 0.015625
0 0.660937 0.290625 0.015625 0.015625
0 0.812500 0.295312 0.015625 0.015625
0 0.890625 0.295312 0.015625 0.015625
0 0.942187 0.295312 0.015625 0.015625
0 0.453125 0.343750 0.015625 0.015625
0 0.546875 0.348438 0.015625 0.015625
0 0.614062 0.350000 0.015625 0.015625
0 0.696875 0.353125 0.015625 0.015625
0 0.534375 0.476562 0.015625 0.015625
0 0.623437 0.475000 0.015625 0.015625
0 0.692187 0.478125 0.015625 0.015625
0 0.768750 0.487500 0.015625 0.015625
0 0.832812 0.487500 0.015625 0.015625
0 0.912500 0.492188 0.015625 0.015625
0 0.568750 0.546875 0.015625 0.015625
0 0.734375 0.546875 0.015625 0.015625
0 0.810937 0.551562 0.015625 0.015625
0 0.890625 0.551562 0.015625 0.015625
0 0.954688 0.554688 0.015625 0.015625
0 0.970313 0.628125 0.015625 0.015625
0 0.901563 0.628125 0.015625 0.015625
0 0.832812 0.621875 0.015625 0.015625
0 0.760938 0.621875 0.015625 0.015625
0 0.664062 0.620313 0.015625 0.015625
0 0.600000 0.620313 0.015625 0.015625
0 0.646875 0.943750 0.015625 0.015625
0 0.760938 0.745313 0.015625 0.015625
0 0.835938 0.748437 0.015625 0.015625
0 0.910937 0.746875 0.015625 0.015625
0 0.981250 0.751563 0.015625 0.015625
0 0.890625 0.682813 0.015625 0.015625
0 0.942187 0.682813 0.015625 0.015625
0 0.982812 0.881250 0.015625 0.015625
0 0.870313 0.820312 0.015625 0.015625
0 0.953125 0.821875 0.015625 0.015625
0 0.785937 0.820312 0.015625 0.015625
0 0.768750 0.350000 0.015625 0.015625
0 0.832812 0.357812 0.015625 0.015625
0 0.728125 0.420312 0.015625 0.015625
0 0.801562 0.418750 0.015625 0.015625
0 0.881250 0.420312 0.015625 0.015625
0 0.953125 0.420312 0.015625 0.015625
0 0.910937 0.881250 0.015625 0.015625
0 0.832812 0.878125 0.015625 0.015625
0 0.748437 0.881250 0.015625 0.015625
0 0.782813 0.943750 0.015625 0.015625
0 0.868750 0.946875 0.015625 0.015625
0 0.951562 0.950000 0.015625 0.015625
0 0.090625 0.078125 0.015625 0.015625
0 0.157812 0.210938 0.015625 0.015625
0 0.043750 0.275000 0.015625 0.015625
0 0.004687 0.212500 0.015625 0.015625
0 0.125000 0.275000 0.015625 0.015625
0 0.207813 0.279687 0.015625 0.015625
0 0.250000 0.284375 0.015625 0.015625
0 0.243750 0.215625 0.015625 0.015625
0 0.198437 0.148438 0.015625 0.015625
0 0.040625 0.534375 0.015625 0.015625
0 0.125000 0.528125 0.015625 0.015625
0 0.735938 0.032813 0.015625 0.015625
0 0.773438 0.100000 0.015625 0.015625
0 0.695312 0.090625 0.015625 0.015625
0 0.825000 0.028125 0.015625 0.015625
0 0.653125 0.415625 0.015625 0.015625
0 0.721875 0.685937 0.015625 0.015625
0 0.264062 0.798438 0.015625 0.015625
0 0.334375 0.804688 0.015625 0.015625
0 0.420312 0.804688 0.015625 0.015625
0 0.492188 0.801562 0.015625 0.015625
0 0.581250 0.800000 0.015625 0.015625
0 0.651563 0.800000 0.015625 0.015625
0 0.621875 0.871875 0.015625 0.015625
0 0.529687 0.871875 0.015625 0.015625
0 0.445312 0.871875 0.015625 0.015625
0 0.384375 0.871875 0.015625 0.015625
0 0.318750 0.745313 0.015625 0.015625
0 0.440625 0.751563 0.015625 0.015625
0 0.400000 0.751563 0.015625 0.015625
0 0.537500 0.746875 0.015625 0.015625
0 0.595313 0.748437 0.015625 0.015625
0 0.276562 0.012500 0.015625 0.015625
0 0.201563 0.020313 0.015625 0.015625
0 0.242188 0.085938 0.015625 0.015625
0 0.276562 0.148438 0.015625 0.015625
0 0.314063 0.220312 0.015625 0.015625
0 0.360938 0.293750 0.015625 0.015625
0 0.420312 0.279687 0.015625 0.015625
0 0.392188 0.214062 0.015625 0.015625
0 0.492188 0.414062 0.015625 0.015625
0 0.654687 0.548438 0.015625 0.015625
0 0.985938 0.360938 0.015625 0.015625
0 0.934375 0.356250 0.015625 0.015625
0 0.860938 0.228125 0.015625 0.015625
0 0.389062 0.470313 0.015625 0.015625
0 0.350000 0.400000 0.015625 0.015625
0 0.312500 0.342187 0.015625 0.015625
0 0.434375 0.540625 0.015625 0.015625
0 0.560937 0.682813 0.015625 0.015625
0 0.709375 0.935937 0.015625 0.015625
0 0.193750 0.534375 0.015625 0.015625
0 0.054688 0.006250 0.015625 0.015625
0 0.021875 0.070312 0.015625 0.015625
0 0.121875 0.143750 0.015625 0.015625
0 0.737500 0.159375 0.015625 0.015625
