0 0.760938 0.848437 0.015625 0.015625
0 0.234375 0.843750 0.015625 0.015625
0 0.685937 0.846875 0.015625 0.015625
0 0.309375 0.842187 0.015625 0.015625
0 0.115625 0.903125 0.015625 0.015625
0 0.490625 0.912500 0.015625 0.015625
0 0.843750 0.848437 0.015625 0.015625
0 0.720313 0.917188 0.015625 0.015625
0 0.609375 0.975000 0.015625 0.015625
0 0.150000 0.973437 0.015625 0.015625
0 0.231250 0.725000 0.015625 0.015625
0 0.298438 0.975000 0.015625 0.015625
0 0.159375 0.837500 0.015625 0.015625
0 0.615625 0.842187 0.015625 0.015625
0 0.921875 0.851562 0.015625 0.015625
0 0.225000 0.976562 0.015625 0.015625
0 0.268750 0.784375 0.015625 0.015625
0 0.079687 0.834375 0.015625 0.015625
0 0.375000 0.973437 0.015625 0.015625
0 0.418750 0.912500 0.015625 0.015625
0 0.645312 0.910937 0.015625 0.015625
0 0.190625 0.907813 0.015625 0.015625
0 0.879687 0.790625 0.015625 0.015625
0 0.345313 0.785937 0.015625 0.015625
0 0.993750 0.859375 0.015625 0.015625
0 0.989062 0.739062 0.015625 0.015625
0 0.960938 0.784375 0.015625 0.015625
0 0.926562 0.737500 0.015625 0.015625
0 0.859375 0.735938 0.015625 0.015625
0 0.800000 0.787500 0.015625 0.015625
0 0.771875 0.734375 0.015625 0.015625
0 0.721875 0.784375 0.015625 0.015625
0 0.695312 0.734375 0.015625 0.015625
0 0.618750 0.729688 0.015625 0.015625
0 0.539062 0.726562 0.015625 0.015625
0 0.500000 0.792188 0.015625 0.015625
0 0.443750 0.848437 0.015625 0.015625
0 0.367188 0.846875 0.015625 0.015625
0 0.193750 0.779687 0.015625 0.015625
0 0.117188 0.776563 0.015625 0.015625
0 0.160938 0.718750 0.015625 0.015625
0 0.084375 0.720313 0.015625 0.015625
0 0.042188 0.778125 0.015625 0.015625
0 0.015625 0.714063 0.015625 0.015625
0 0.314063 0.723437 0.015625 0.015625
0 0.393750 0.726562 0.015625 0.015625
0 0.465625 0.728125 0.015625 0.015625
0 0.420312 0.779687 0.015625 0.015625
0 0.526563 0.982812 0.015625 0.015625
0 0.451562 0.978125 0.015625 0.015625
0 0.676562 0.987500 0.015625 0.015625
0 0.979688 0.987500 0.015625 0.015625
0 0.003125 0.970313 0.015625 0.015625
0 0.873437 0.920312 0.015625 0.015625
0 0.946875 0.918750 0.015625 0.015625
0 0.823438 0.987500 0.015625 0.015625
0 0.753125 0.979688 0.015625 0.015625
0 0.568750 0.909375 0.015625 0.015625
0 0.525000 0.846875 0.015625 0.015625
0 0.264062 0.910937 0.015625 0.015625
0 0.037500 0.893750 0.015625 0.015625
0 0.001563 0.837500 0.015625 0.015625
0 0.578125 0.789062 0.015625 0.015625
