0 0.004687 0.267188 0.015625 0.015625
0 0.040625 0.331250 0.015625 0.015625
0 0.082812 0.264062 0.015625 0.015625
0 0.126562 0.331250 0.015625 0.015625
0 0.160938 0.265625 0.015625 0.015625
0 0.200000 0.334375 0.015625 0.015625
0 0.237500 0.270313 0.015625 0.015625
0 0.275000 0.334375 0.015625 0.015625
0 0.312500 0.268750 0.015625 0.015625
0 0.348438 0.331250 0.015625 0.015625
0 0.390625 0.260937 0.015625 0.015625
0 0.431250 0.340625 0.015625 0.015625
0 0.465625 0.271875 0.015625 0.015625
0 0.500000 0.345313 0.015625 0.015625
0 0.534375 0.278125 0.015625 0.015625
0 0.567187 0.342187 0.015625 0.015625
0 0.609375 0.276562 0.015625 0.015625
0 0.657813 0.334375 0.015625 0.015625
0 0.687500 0.279687 0.015625 0.015625
0 0.728125 0.342187 0.015625 0.015625
0 0.767188 0.279687 0.015625 0.015625
0 0.803125 0.350000 0.015625 0.015625
0 0.840625 0.278125 0.015625 0.015625
0 0.892188 0.353125 0.015625 0.015625
0 0.923438 0.275000 0.015625 0.015625
0 0.001563 0.395313 0.015625 0.015625
0 0.042188 0.462500 0.015625 0.015625
0 0.076563 0.398438 0.015625 0.015625
0 0.110937 0.456250 0.015625 0.015625
0 0.154688 0.400000 0.015625 0.015625
0 0.196875 0.468750 0.015625 0.015625
0 0.226562 0.406250 0.015625 0.015625
0 0.262500 0.462500 0.015625 0.015625
0 0.310937 0.398438 0.015625 0.015625
0 0.353125 0.465625 0.015625 0.015625
0 0.389062 0.400000 0.015625 0.015625
0 0.431250 0.468750 0.015625 0.015625
0 0.460938 0.398438 0.015625 0.015625
0 0.501563 0.470313 0.015625 0.015625
0 0.532813 0.406250 0.015625 0.015625
0 0.581250 0.478125 0.015625 0.015625
0 0.617188 0.410938 0.015625 0.015625
0 0.651563 0.467187 0.015625 0.015625
0 0.689063 0.409375 0.015625 0.015625
0 0.723437 0.467187 0.015625 0.015625
0 0.768750 0.407813 0.015625 0.015625
0 0.810937 0.467187 0.015625 0.015625
0 0.840625 0.412500 0.015625 0.015625
0 0.890625 0.475000 0.015625 0.015625
0 0.925000 0.412500 0.015625 0.015625
0 0.970313 0.479687 0.015625 0.015625
0 0.000000 0.534375 0.015625 0.015625
0 0.045312 0.612500 0.015625 0.015625
0 0.082812 0.537500 0.015625 0.015625
0 0.110937 0.604688 0.015625 0.015625
0 0.153125 0.534375 0.015625 0.015625
0 0.198437 0.610938 0.015625 0.015625
0 0.239063 0.542188 0.015625 0.015625
0 0.279687 0.604688 0.015625 0.015625
0 0.318750 0.540625 0.015625 0.015625
0 0.359375 0.609375 0.015625 0.015625
0 0.392188 0.540625 0.015625 0.015625
0 0.426563 0.612500 0.015625 0.015625
0 0.001563 0.676562 0.015625 0.015625
0 0.026562 0.729688 0.015625 0.015625
0 0.071875 0.662500 0.015625 0.015625
0 0.110937 0.726562 0.015625 0.015625
0 0.154688 0.671875 0.015625 0.015625
0 0.200000 0.734375 0.015625 0.015625
0 0.234375 0.670312 0.015625 0.015625
0 0.268750 0.739062 0.015625 0.015625
0 0.314063 0.670312 0.015625 0.015625
0 0.346875 0.740625 0.015625 0.015625
0 0.384375 0.673438 0.015625 0.015625
0 0.421875 0.751563 0.015625 0.015625
0 0.468750 0.679688 0.015625 0.015625
0 0.500000 0.743750 0.015625 0.015625
0 0.543750 0.667188 0.015625 0.015625
0 0.578125 0.745313 0.015625 0.015625
0 0.614062 0.670312 0.015625 0.015625
0 0.650000 0.735938 0.015625 0.015625
0 0.689063 0.675000 0.015625 0.015625
0 0.725000 0.743750 0.015625 0.015625
0 0.760938 0.678125 0.015625 0.015625
0 0.804688 0.739062 0.015625 0.015625
0 0.832812 0.678125 0.015625 0.015625
0 0.876563 0.748437 0.015625 0.015625
0 0.914062 0.679688 0.015625 0.015625
0 0.951562 0.746875 0.015625 0.015625
0 0.992188 0.684375 0.015625 0.015625
0 0.468750 0.537500 0.015625 0.015625
0 0.503125 0.612500 0.015625 0.015625
0 0.551562 0.539062 0.015625 0.015625
0 0.581250 0.609375 0.015625 0.015625
0 0.617188 0.540625 0.015625 0.015625
0 0.648438 0.606250 0.015625 0.015625
0 0.690625 0.548438 0.015625 0.015625
0 0.723437 0.614062 0.015625 0.015625
0 0.767188 0.542188 0.015625 0.015625
0 0.804688 0.606250 0.015625 0.015625
0 0.842187 0.556250 0.015625 0.015625
0 0.879687 0.612500 0.015625 0.015625
0 0.921875 0.546875 0.015625 0.015625
0 0.950000 0.604688 0.015625 0.015625
0 0.984375 0.551562 0.015625 0.015625
0 0.042188 0.867188 0.015625 0.015625
0 0.070312 0.793750 0.015625 0.015625
0 0.115625 0.865625 0.015625 0.015625
0 0.151562 0.800000 0.015625 0.015625
0 0.195312 0.854688 0.015625 0.015625
0 0.234375 0.795312 0.015625 0.015625
0 0.271875 0.864062 0.015625 0.015625
0 0.303125 0.804688 0.015625 0.015625
0 0.343750 0.867188 0.015625 0.015625
0 0.390625 0.807813 0.015625 0.015625
0 0.418750 0.871875 0.015625 0.015625
0 0.464062 0.810937 0.015625 0.015625
0 0.496875 0.879687 0.015625 0.015625
0 0.539062 0.809375 0.015625 0.015625
0 0.570312 0.870313 0.015625 0.015625
0 0.618750 0.806250 0.015625 0.015625
0 0.648438 0.875000 0.015625 0.015625
0 0.690625 0.812500 0.015625 0.015625
0 0.726562 0.870313 0.015625 0.015625
0 0.768750 0.810937 0.015625 0.015625
0 0.795312 0.875000 0.015625 0.015625
0 0.837500 0.812500 0.015625 0.015625
0 0.875000 0.865625 0.015625 0.015625
0 0.909375 0.809375 0.015625 0.015625
0 0.945312 0.878125 0.015625 0.015625
0 0.989062 0.806250 0.015625 0.015625
0 0.031250 0.990625 0.015625 0.015625
0 0.075000 0.917188 0.015625 0.015625
0 0.107813 0.989062 0.015625 0.015625
0 0.153125 0.926562 0.015625 0.015625
0 0.193750 0.987500 0.015625 0.015625
0 0.228125 0.920312 0.015625 0.015625
0 0.267188 0.996875 0.015625 0.015625
0 0.307812 0.929688 0.015625 0.015625
0 0.342187 0.992188 0.015625 0.015625
0 0.376563 0.932813 0.015625 0.015625
0 0.464062 0.934375 0.015625 0.015625
0 0.501563 0.998437 0.015625 0.015625
0 0.535937 0.931250 0.015625 0.015625
0 0.578125 0.996875 0.015625 0.015625
0 0.614062 0.942187 0.015625 0.015625
0 0.693750 0.943750 0.015625 0.015625
0 0.762500 0.939063 0.015625 0.015625
0 0.831250 0.940625 0.015625 0.015625
0 0.907813 0.935937 0.015625 0.015625
0 0.984375 0.939063 0.015625 0.015625
0 0.367188 0.925000 0.015625 0.015625
0 0.035937 0.168750 0.015625 0.015625
0 0.114062 0.170313 0.015625 0.015625
0 0.190625 0.170313 0.015625 0.015625
0 0.265625 0.170313 0.015625 0.015625
0 0.337500 0.170313 0.015625 0.015625
0 0.415625 0.176563 0.015625 0.015625
0 0.507812 0.179688 0.015625 0.015625
0 0.571875 0.182812 0.015625 0.015625
0 0.653125 0.182812 0.015625 0.015625
0 0.743750 0.185938 0.015625 0.015625
0 0.800000 0.190625 0.015625 0.015625
0 0.873437 0.192188 0.015625 0.015625
0 0.962500 0.198437 0.015625 0.015625
