0 0.014063 0.106250 0.015625 0.015625
0 0.101562 0.109375 0.015625 0.015625
0 0.054688 0.048438 0.015625 0.015625
0 0.126562 0.043750 0.015625 0.015625
0 0.162500 0.109375 0.015625 0.015625
0 0.245312 0.120313 0.015625 0.015625
0 0.214062 0.046875 0.015625 0.015625
0 0.289062 0.048438 0.015625 0.015625
0 0.320312 0.112500 0.015625 0.015625
0 0.392188 0.112500 0.015625 0.015625
0 0.371875 0.053125 0.015625 0.015625
0 0.443750 0.053125 0.015625 0.015625
0 0.481250 0.120313 0.015625 0.015625
0 0.554688 0.118750 0.015625 0.015625
0 0.515625 0.050000 0.015625 0.015625
0 0.589063 0.046875 0.015625 0.015625
0 0.628125 0.118750 0.015625 0.015625
0 0.704688 0.118750 0.015625 0.015625
0 0.656250 0.046875 0.015625 0.015625
0 0.734375 0.053125 0.015625 0.015625
0 0.775000 0.118750 0.015625 0.015625
0 0.853125 0.123438 0.015625 0.015625
0 0.809375 0.043750 0.015625 0.015625
0 0.973437 0.062500 0.015625 0.015625
0 0.892188 0.057813 0.015625 0.015625
0 0.928125 0.121875 0.015625 0.015625
0 0.054688 0.176563 0.015625 0.015625
0 0.121875 0.176563 0.015625 0.015625
0 0.204687 0.179688 0.015625 0.015625
0 0.282813 0.181250 0.015625 0.015625
0 0.354687 0.179688 0.015625 0.015625
0 0.442188 0.182812 0.015625 0.015625
0 0.487500 0.245312 0.015625 0.015625
0 0.510938 0.318750 0.015625 0.015625
0 0.548438 0.375000 0.015625 0.015625
0 0.481250 0.376563 0.015625 0.015625
0 0.442188 0.323437 0.015625 0.015625
0 0.400000 0.253125 0.015625 0.015625
0 0.396875 0.373437 0.015625 0.015625
0 0.364063 0.315625 0.015625 0.015625
0 0.323437 0.245312 0.015625 0.015625
0 0.325000 0.376563 0.015625 0.015625
0 0.296875 0.312500 0.015625 0.015625
0 0.251563 0.245312 0.015625 0.015625
0 0.243750 0.375000 0.015625 0.015625
0 0.212500 0.310937 0.015625 0.015625
0 0.167187 0.237500 0.015625 0.015625
0 0.157812 0.371875 0.015625 0.015625
0 0.123438 0.310937 0.015625 0.015625
0 0.090625 0.243750 0.015625 0.015625
0 0.093750 0.371875 0.015625 0.015625
0 0.051562 0.315625 0.015625 0.015625
0 0.017188 0.246875 0.015625 0.015625
0 0.017188 0.370312 0.015625 0.015625
0 0.517188 0.176563 0.015625 0.015625
0 0.551562 0.254688 0.015625 0.015625
0 0.590625 0.320312 0.015625 0.015625
0 0.617188 0.382812 0.015625 0.015625
0 0.592187 0.184375 0.015625 0.015625
0 0.625000 0.250000 0.015625 0.015625
0 0.659375 0.312500 0.015625 0.015625
0 0.693750 0.384375 0.015625 0.015625
0 0.664062 0.187500 0.015625 0.015625
0 0.695312 0.245312 0.015625 0.015625
0 0.732812 0.323437 0.015625 0.015625
0 0.778125 0.390625 0.015625 0.015625
0 0.732812 0.185938 0.015625 0.015625
0 0.773438 0.250000 0.015625 0.015625
0 0.810937 0.331250 0.015625 0.015625
0 0.843750 0.390625 0.015625 0.015625
0 0.815625 0.184375 0.015625 0.015625
0 0.842187 0.260937 0.015625 0.015625
0 0.887500 0.320312 0.015625 0.015625
0 0.928125 0.392188 0.015625 0.015625
0 0.895312 0.196875 0.015625 0.015625
0 0.925000 0.254688 0.015625 0.015625
0 0.964063 0.317188 0.015625 0.015625
0 0.968750 0.193750 0.015625 0.015625
0 0.018750 0.640625 0.015625 0.015625
0 0.014063 0.498437 0.015625 0.015625
0 0.054688 0.565625 0.015625 0.015625
0 0.093750 0.640625 0.015625 0.015625
0 0.165625 0.651563 0.015625 0.015625
0 0.134375 0.579688 0.015625 0.015625
0 0.093750 0.506250 0.015625 0.015625
0 0.056250 0.442188 0.015625 0.015625
0 0.139063 0.439063 0.015625 0.015625
0 0.178125 0.501563 0.015625 0.015625
0 0.206250 0.568750 0.015625 0.015625
0 0.237500 0.637500 0.015625 0.015625
0 0.328125 0.648438 0.015625 0.015625
0 0.287500 0.584375 0.015625 0.015625
0 0.398438 0.640625 0.015625 0.015625
0 0.373437 0.573438 0.015625 0.015625
0 0.421875 0.571875 0.015625 0.015625
0 0.495312 0.575000 0.015625 0.015625
0 0.573438 0.575000 0.015625 0.015625
0 0.626563 0.651563 0.015625 0.015625
0 0.556250 0.642188 0.015625 0.015625
0 0.471875 0.643750 0.015625 0.015625
0 0.692187 0.645312 0.015625 0.015625
0 0.671875 0.600000 0.015625 0.015625
0 0.621875 0.509375 0.015625 0.015625
0 0.557813 0.509375 0.015625 0.015625
0 0.471875 0.509375 0.015625 0.015625
0 0.410938 0.509375 0.015625 0.015625
0 0.326562 0.506250 0.015625 0.015625
0 0.598437 0.446875 0.015625 0.015625
0 0.512500 0.442188 0.015625 0.015625
0 0.457813 0.445312 0.015625 0.015625
0 0.356250 0.440625 0.015625 0.015625
0 0.276562 0.445312 0.015625 0.015625
0 0.212500 0.434375 0.015625 0.015625
0 0.248438 0.504687 0.015625 0.015625
0 0.778125 0.645312 0.015625 0.015625
0 0.739062 0.582812 0.015625 0.015625
0 0.664062 0.568750 0.015625 0.015625
0 0.709375 0.506250 0.015625 0.015625
0 0.670312 0.451562 0.015625 0.015625
0 0.739062 0.445312 0.015625 0.015625
0 0.778125 0.512500 0.015625 0.015625
0 0.809375 0.575000 0.015625 0.015625
0 0.856250 0.656250 0.015625 0.015625
0 0.915625 0.650000 0.015625 0.015625
0 0.879687 0.589063 0.015625 0.015625
0 0.860938 0.529687 0.015625 0.015625
0 0.810937 0.451562 0.015625 0.015625
0 0.893750 0.450000 0.015625 0.015625
0 0.932813 0.515625 0.015625 0.015625
0 0.962500 0.581250 0.015625 0.015625
0 0.960938 0.443750 0.015625 0.015625
0 0.040625 0.696875 0.015625 0.015625
0 0.118750 0.700000 0.015625 0.015625
0 0.204687 0.698438 0.015625 0.015625
0 0.018750 0.765625 0.015625 0.015625
0 0.084375 0.764062 0.015625 0.015625
0 0.154688 0.764062 0.015625 0.015625
0 0.056250 0.829688 0.015625 0.015625
0 0.120313 0.823438 0.015625 0.015625
0 0.207813 0.837500 0.015625 0.015625
0 0.151562 0.907813 0.015625 0.015625
0 0.093750 0.901563 0.015625 0.015625
0 0.232813 0.904687 0.015625 0.015625
0 0.268750 0.839063 0.015625 0.015625
0 0.306250 0.770312 0.015625 0.015625
0 0.228125 0.771875 0.015625 0.015625
0 0.276562 0.706250 0.015625 0.015625
0 0.353125 0.700000 0.015625 0.015625
0 0.320312 0.901563 0.015625 0.015625
0 0.381250 0.896875 0.015625 0.015625
0 0.462500 0.898438 0.015625 0.015625
0 0.507812 0.826562 0.015625 0.015625
0 0.431250 0.829688 0.015625 0.015625
0 0.356250 0.829688 0.015625 0.015625
0 0.381250 0.770312 0.015625 0.015625
0 0.448437 0.784375 0.015625 0.015625
0 0.529687 0.779687 0.015625 0.015625
0 0.579688 0.709375 0.015625 0.015625
0 0.512500 0.709375 0.015625 0.015625
0 0.407813 0.700000 0.015625 0.015625
0 0.651563 0.703125 0.015625 0.015625
0 0.721875 0.704688 0.015625 0.015625
0 0.696875 0.779687 0.015625 0.015625
0 0.637500 0.775000 0.015625 0.015625
0 0.585938 0.834375 0.015625 0.015625
0 0.659375 0.835938 0.015625 0.015625
0 0.735938 0.837500 0.015625 0.015625
0 0.771875 0.768750 0.015625 0.015625
0 0.807813 0.846875 0.015625 0.015625
0 0.846875 0.912500 0.015625 0.015625
0 0.800000 0.915625 0.015625 0.015625
0 0.689063 0.910937 0.015625 0.015625
0 0.573438 0.907813 0.015625 0.015625
0 0.810937 0.710938 0.015625 0.015625
0 0.882812 0.712500 0.015625 0.015625
0 0.954688 0.721875 0.015625 0.015625
0 0.890625 0.843750 0.015625 0.015625
0 0.918750 0.909375 0.015625 0.015625
0 0.957812 0.840625 0.015625 0.015625
0 0.857812 0.771875 0.015625 0.015625
0 0.929688 0.770312 0.015625 0.015625
0 0.995313 0.920312 0.015625 0.015625
0 0.195312 0.959375 0.015625 0.015625
0 0.268750 0.968750 0.015625 0.015625
0 0.357812 0.975000 0.015625 0.015625
0 0.426563 0.967187 0.015625 0.015625
0 0.498437 0.964063 0.015625 0.015625
0 0.581250 0.989062 0.015625 0.015625
0 0.653125 0.965625 0.015625 0.015625
0 0.731250 0.965625 0.015625 0.015625
0 0.800000 0.975000 0.015625 0.015625
0 0.878125 0.973437 0.015625 0.015625
