0 0.234375 0.042188 0.015625 0.015625
0 0.382812 0.042188 0.015625 0.015625
0 0.156250 0.043750 0.015625 0.015625
0 0.620313 0.045312 0.015625 0.015625
0 0.310937 0.046875 0.015625 0.015625
0 0.079687 0.048438 0.015625 0.015625
0 0.943750 0.065625 0.015625 0.015625
0 0.793750 0.092188 0.015625 0.015625
0 0.589063 0.096875 0.015625 0.015625
0 0.735938 0.096875 0.015625 0.015625
0 0.662500 0.098437 0.015625 0.015625
0 0.431250 0.106250 0.015625 0.015625
0 0.110937 0.117188 0.015625 0.015625
0 0.331250 0.126562 0.015625 0.015625
0 0.181250 0.131250 0.015625 0.015625
0 0.007812 0.135937 0.015625 0.015625
0 0.250000 0.135937 0.015625 0.015625
0 0.384375 0.137500 0.015625 0.015625
0 0.548438 0.164062 0.015625 0.015625
0 0.640625 0.167187 0.015625 0.015625
0 0.689063 0.168750 0.015625 0.015625
0 0.315625 0.168750 0.015625 0.015625
0 0.462500 0.171875 0.015625 0.015625
0 0.990625 0.185938 0.015625 0.015625
0 0.007812 0.190625 0.015625 0.015625
0 0.225000 0.206250 0.015625 0.015625
0 0.356250 0.217188 0.015625 0.015625
0 0.126562 0.225000 0.015625 0.015625
0 0.048438 0.232813 0.015625 0.015625
0 0.271875 0.235937 0.015625 0.015625
0 0.656250 0.239063 0.015625 0.015625
0 0.428125 0.240625 0.015625 0.015625
0 0.504687 0.242188 0.015625 0.015625
0 0.728125 0.242188 0.015625 0.015625
0 0.806250 0.243750 0.015625 0.015625
0 0.578125 0.243750 0.015625 0.015625
0 0.879687 0.245312 0.015625 0.015625
0 0.954688 0.246875 0.015625 0.015625
0 0.012500 0.292187 0.015625 0.015625
0 0.085938 0.293750 0.015625 0.015625
0 0.309375 0.298438 0.015625 0.015625
0 0.607812 0.298438 0.015625 0.015625
0 0.220312 0.298438 0.015625 0.015625
0 0.157812 0.298438 0.015625 0.015625
0 0.987500 0.301563 0.015625 0.015625
0 0.760938 0.306250 0.015625 0.015625
0 0.912500 0.312500 0.015625 0.015625
0 0.835938 0.320312 0.015625 0.015625
0 0.398438 0.323437 0.015625 0.015625
0 0.512500 0.332813 0.015625 0.015625
0 0.332813 0.334375 0.015625 0.015625
0 0.042188 0.359375 0.015625 0.015625
0 0.123438 0.362500 0.015625 0.015625
0 0.498437 0.370312 0.015625 0.015625
0 0.578125 0.373437 0.015625 0.015625
0 0.803125 0.375000 0.015625 0.015625
0 0.646875 0.376563 0.015625 0.015625
0 0.726562 0.376563 0.015625 0.015625
0 0.956250 0.376563 0.015625 0.015625
0 0.879687 0.378125 0.015625 0.015625
0 0.079687 0.420312 0.015625 0.015625
0 0.007812 0.425000 0.015625 0.015625
0 0.309375 0.435937 0.015625 0.015625
0 0.234375 0.440625 0.015625 0.015625
0 0.765625 0.443750 0.015625 0.015625
0 0.843750 0.446875 0.015625 0.015625
0 0.925000 0.450000 0.015625 0.015625
0 0.992188 0.453125 0.015625 0.015625
0 0.507812 0.468750 0.015625 0.015625
0 0.684375 0.470313 0.015625 0.015625
0 0.607812 0.470313 0.015625 0.015625
0 0.432812 0.485938 0.015625 0.015625
0 0.304688 0.534375 0.015625 0.015625
0 0.714063 0.551562 0.015625 0.015625
0 0.234375 0.560937 0.015625 0.015625
0 0.456250 0.562500 0.015625 0.015625
0 0.537500 0.567187 0.015625 0.015625
0 0.610938 0.571875 0.015625 0.015625
0 0.990625 0.575000 0.015625 0.015625
0 0.115625 0.595313 0.015625 0.015625
0 0.490625 0.617188 0.015625 0.015625
0 0.039062 0.625000 0.015625 0.015625
0 0.190625 0.628125 0.015625 0.015625
0 0.342187 0.634375 0.015625 0.015625
0 0.414062 0.634375 0.015625 0.015625
0 0.267188 0.637500 0.015625 0.015625
0 0.879687 0.639062 0.015625 0.015625
0 0.953125 0.640625 0.015625 0.015625
0 0.648438 0.640625 0.015625 0.015625
0 0.723437 0.642188 0.015625 0.015625
0 0.804688 0.643750 0.015625 0.015625
0 0.573438 0.643750 0.015625 0.015625
0 0.215625 0.657813 0.015625 0.015625
0 0.076563 0.682813 0.015625 0.015625
0 0.532813 0.690625 0.015625 0.015625
0 0.307812 0.698438 0.015625 0.015625
0 0.989062 0.701562 0.015625 0.015625
0 0.682813 0.706250 0.015625 0.015625
0 0.909375 0.709375 0.015625 0.015625
0 0.204687 0.710938 0.015625 0.015625
0 0.759375 0.712500 0.015625 0.015625
0 0.842187 0.723437 0.015625 0.015625
0 0.571875 0.756250 0.015625 0.015625
0 0.110937 0.757812 0.015625 0.015625
0 0.037500 0.757812 0.015625 0.015625
0 0.185938 0.759375 0.015625 0.015625
0 0.262500 0.760938 0.015625 0.015625
0 0.500000 0.765625 0.015625 0.015625
0 0.335938 0.765625 0.015625 0.015625
0 0.646875 0.771875 0.015625 0.015625
0 0.732812 0.790625 0.015625 0.015625
0 0.879687 0.803125 0.015625 0.015625
0 0.810937 0.807813 0.015625 0.015625
0 0.145313 0.821875 0.015625 0.015625
0 0.301563 0.825000 0.015625 0.015625
0 0.223438 0.825000 0.015625 0.015625
0 0.378125 0.826562 0.015625 0.015625
0 0.604688 0.835938 0.015625 0.015625
0 0.984375 0.837500 0.015625 0.015625
0 0.679688 0.840625 0.015625 0.015625
0 0.035937 0.864062 0.015625 0.015625
0 0.284375 0.864062 0.015625 0.015625
0 0.906250 0.865625 0.015625 0.015625
0 0.839063 0.868750 0.015625 0.015625
0 0.109375 0.889062 0.015625 0.015625
0 0.559375 0.893750 0.015625 0.015625
0 0.334375 0.893750 0.015625 0.015625
0 0.257812 0.895312 0.015625 0.015625
0 0.410938 0.896875 0.015625 0.015625
0 0.184375 0.896875 0.015625 0.015625
0 0.639062 0.898438 0.015625 0.015625
0 0.715625 0.901563 0.015625 0.015625
0 0.865625 0.904687 0.015625 0.015625
0 0.940625 0.907813 0.015625 0.015625
0 0.789062 0.907813 0.015625 0.015625
0 0.217188 0.950000 0.015625 0.015625
0 0.153125 0.950000 0.015625 0.015625
0 0.379688 0.957812 0.015625 0.015625
0 0.523438 0.959375 0.015625 0.015625
0 0.910937 0.967187 0.015625 0.015625
0 0.979688 0.970313 0.015625 0.015625
0 0.457813 0.970313 0.015625 0.015625
0 0.818750 0.973437 0.015625 0.015625
0 0.309375 0.982812 0.015625 0.015625
0 0.004687 0.982812 0.015625 0.015625
0 0.612500 0.987500 0.015625 0.015625
0 0.089063 0.990625 0.015625 0.015625
0 0.173437 0.992188 0.015625 0.015625
0 0.359375 0.995313 0.015625 0.015625
0 0.379688 0.693750 0.015625 0.015625
0 0.459375 0.700000 0.015625 0.015625
0 0.456250 0.823438 0.015625 0.015625
0 0.418750 0.767188 0.015625 0.015625
0 0.528125 0.835938 0.015625 0.015625
0 0.490625 0.901563 0.015625 0.015625
0 0.609375 0.960938 0.015625 0.015625
0 0.665625 0.962500 0.015625 0.015625
0 0.757812 0.968750 0.015625 0.015625
