0 0.196875 0.040625 0.015625 0.015625
0 0.354687 0.043750 0.015625 0.015625
0 0.275000 0.045312 0.015625 0.015625
0 0.431250 0.048438 0.015625 0.015625
0 0.659375 0.062500 0.015625 0.015625
0 0.732812 0.067187 0.015625 0.015625
0 0.037500 0.076563 0.015625 0.015625
0 0.804688 0.084375 0.015625 0.015625
0 0.082812 0.100000 0.015625 0.015625
0 0.685937 0.101562 0.015625 0.015625
0 0.159375 0.104688 0.015625 0.015625
0 0.235937 0.109375 0.015625 0.015625
0 0.312500 0.112500 0.015625 0.015625
0 0.390625 0.115625 0.015625 0.015625
0 0.614062 0.118750 0.015625 0.015625
0 0.043750 0.167187 0.015625 0.015625
0 0.121875 0.170313 0.015625 0.015625
0 0.351562 0.171875 0.015625 0.015625
0 0.425000 0.171875 0.015625 0.015625
0 0.654687 0.182812 0.015625 0.015625
0 0.735938 0.184375 0.015625 0.015625
0 0.806250 0.187500 0.015625 0.015625
0 0.085938 0.235937 0.015625 0.015625
0 0.012500 0.237500 0.015625 0.015625
0 0.156250 0.240625 0.015625 0.015625
0 0.387500 0.240625 0.015625 0.015625
0 0.231250 0.240625 0.015625 0.015625
0 0.312500 0.242188 0.015625 0.015625
0 0.535937 0.246875 0.015625 0.015625
0 0.270313 0.301563 0.015625 0.015625
0 0.120313 0.301563 0.015625 0.015625
0 0.350000 0.301563 0.015625 0.015625
0 0.045312 0.303125 0.015625 0.015625
0 0.195312 0.306250 0.015625 0.015625
0 0.906250 0.343750 0.015625 0.015625
0 0.859375 0.345313 0.015625 0.015625
0 0.004687 0.365625 0.015625 0.015625
0 0.154688 0.368750 0.015625 0.015625
0 0.079687 0.368750 0.015625 0.015625
0 0.457813 0.370312 0.015625 0.015625
0 0.382812 0.371875 0.015625 0.015625
0 0.231250 0.371875 0.015625 0.015625
0 0.307812 0.376563 0.015625 0.015625
0 0.767188 0.385937 0.015625 0.015625
0 0.928125 0.392188 0.015625 0.015625
0 0.117188 0.434375 0.015625 0.015625
0 0.050000 0.435937 0.015625 0.015625
0 0.493750 0.437500 0.015625 0.015625
0 0.418750 0.439063 0.015625 0.015625
0 0.190625 0.439063 0.015625 0.015625
0 0.345313 0.445312 0.015625 0.015625
0 0.726562 0.451562 0.015625 0.015625
0 0.156250 0.501563 0.015625 0.015625
0 0.231250 0.501563 0.015625 0.015625
0 0.457813 0.507812 0.015625 0.015625
0 0.389062 0.507812 0.015625 0.015625
0 0.531250 0.509375 0.015625 0.015625
0 0.760938 0.510938 0.015625 0.015625
0 0.114062 0.565625 0.015625 0.015625
0 0.262500 0.567187 0.015625 0.015625
0 0.192188 0.568750 0.015625 0.015625
0 0.342187 0.568750 0.015625 0.015625
0 0.567187 0.571875 0.015625 0.015625
0 0.490625 0.579688 0.015625 0.015625
0 0.079687 0.629687 0.015625 0.015625
0 0.004687 0.631250 0.015625 0.015625
0 0.668750 0.634375 0.015625 0.015625
0 0.228125 0.634375 0.015625 0.015625
0 0.303125 0.634375 0.015625 0.015625
0 0.154688 0.635938 0.015625 0.015625
0 0.607812 0.635938 0.015625 0.015625
0 0.456250 0.639062 0.015625 0.015625
0 0.531250 0.639062 0.015625 0.015625
0 0.379688 0.639062 0.015625 0.015625
0 0.837500 0.640625 0.015625 0.015625
0 0.912500 0.642188 0.015625 0.015625
0 0.989062 0.645312 0.015625 0.015625
0 0.773438 0.653125 0.015625 0.015625
0 0.039062 0.690625 0.015625 0.015625
0 0.187500 0.692187 0.015625 0.015625
0 0.339062 0.698438 0.015625 0.015625
0 0.262500 0.700000 0.015625 0.015625
0 0.643750 0.700000 0.015625 0.015625
0 0.564063 0.706250 0.015625 0.015625
0 0.487500 0.707812 0.015625 0.015625
0 0.953125 0.709375 0.015625 0.015625
0 0.401562 0.721875 0.015625 0.015625
0 0.078125 0.760938 0.015625 0.015625
0 0.004687 0.762500 0.015625 0.015625
0 0.153125 0.762500 0.015625 0.015625
0 0.225000 0.764062 0.015625 0.015625
0 0.300000 0.765625 0.015625 0.015625
0 0.393750 0.765625 0.015625 0.015625
0 0.682813 0.768750 0.015625 0.015625
0 0.604688 0.770312 0.015625 0.015625
0 0.525000 0.771875 0.015625 0.015625
0 0.807813 0.818750 0.015625 0.015625
0 0.110937 0.835938 0.015625 0.015625
0 0.042188 0.840625 0.015625 0.015625
0 0.410938 0.842187 0.015625 0.015625
0 0.648438 0.842187 0.015625 0.015625
0 0.187500 0.843750 0.015625 0.015625
0 0.485938 0.843750 0.015625 0.015625
0 0.337500 0.845313 0.015625 0.015625
0 0.550000 0.850000 0.015625 0.015625
0 0.004687 0.892188 0.015625 0.015625
0 0.079687 0.892188 0.015625 0.015625
0 0.142187 0.893750 0.015625 0.015625
0 0.451562 0.896875 0.015625 0.015625
0 0.376563 0.898438 0.015625 0.015625
0 0.532813 0.909375 0.015625 0.015625
0 0.684375 0.910937 0.015625 0.015625
0 0.218750 0.914062 0.015625 0.015625
0 0.610938 0.915625 0.015625 0.015625
0 0.989062 0.917188 0.015625 0.015625
0 0.334375 0.962500 0.015625 0.015625
0 0.185938 0.964063 0.015625 0.015625
0 0.259375 0.967187 0.015625 0.015625
0 0.123438 0.968750 0.015625 0.015625
0 0.504687 0.968750 0.015625 0.015625
0 0.635938 0.970313 0.015625 0.015625
0 0.942187 0.970313 0.015625 0.015625
0 0.409375 0.970313 0.015625 0.015625
