0 0.015625 0.451562 0.015625 0.015625
0 0.010937 0.723437 0.015625 0.015625
0 0.017188 0.325000 0.015625 0.015625
0 0.010937 0.593750 0.015625 0.015625
0 0.045312 0.523438 0.015625 0.015625
0 0.051562 0.660937 0.015625 0.015625
0 0.046875 0.792188 0.015625 0.015625
0 0.045312 0.389062 0.015625 0.015625
0 0.018750 0.195312 0.015625 0.015625
0 0.270313 0.796875 0.015625 0.015625
0 0.087500 0.595313 0.015625 0.015625
0 0.737500 0.403125 0.015625 0.015625
0 0.615625 0.470313 0.015625 0.015625
0 0.234375 0.717187 0.015625 0.015625
0 0.121875 0.660937 0.015625 0.015625
0 0.843750 0.600000 0.015625 0.015625
0 0.814063 0.404687 0.015625 0.015625
0 0.960938 0.540625 0.015625 0.015625
0 0.576562 0.400000 0.015625 0.015625
0 0.770312 0.473438 0.015625 0.015625
0 0.162500 0.596875 0.015625 0.015625
0 0.239063 0.596875 0.015625 0.015625
0 0.879687 0.800000 0.015625 0.015625
0 0.196875 0.793750 0.015625 0.015625
0 0.346875 0.664062 0.015625 0.015625
0 0.887500 0.406250 0.015625 0.015625
0 0.921875 0.471875 0.015625 0.015625
0 0.310937 0.725000 0.015625 0.015625
0 0.665625 0.140625 0.015625 0.015625
0 0.740625 0.271875 0.015625 0.015625
0 0.346875 0.795312 0.015625 0.015625
0 0.843750 0.471875 0.015625 0.015625
0 0.931250 0.214062 0.015625 0.015625
0 0.542188 0.468750 0.015625 0.015625
0 0.546875 0.207813 0.015625 0.015625
0 0.960938 0.406250 0.015625 0.015625
0 0.168750 0.328125 0.015625 0.015625
0 0.198437 0.662500 0.015625 0.015625
0 0.693750 0.468750 0.015625 0.015625
0 0.818750 0.146875 0.015625 0.015625
0 0.917188 0.603125 0.015625 0.015625
0 0.767188 0.600000 0.015625 0.015625
0 0.362500 0.001563 0.015625 0.015625
0 0.817187 0.273438 0.015625 0.015625
0 0.507812 0.268750 0.015625 0.015625
0 0.890625 0.275000 0.015625 0.015625
0 0.851562 0.212500 0.015625 0.015625
0 0.470313 0.204687 0.015625 0.015625
0 0.315625 0.598437 0.015625 0.015625
0 0.732812 0.539062 0.015625 0.015625
0 0.654687 0.401562 0.015625 0.015625
0 0.093750 0.328125 0.015625 0.015625
0 0.087500 0.857812 0.015625 0.015625
0 0.625000 0.203125 0.015625 0.015625
0 0.703125 0.204687 0.015625 0.015625
0 0.814063 0.537500 0.015625 0.015625
0 0.160938 0.859375 0.015625 0.015625
0 0.275000 0.662500 0.015625 0.015625
0 0.875000 0.671875 0.015625 0.015625
0 0.804688 0.798438 0.015625 0.015625
0 0.123438 0.525000 0.015625 0.015625
0 0.121875 0.790625 0.015625 0.015625
0 0.965625 0.276562 0.015625 0.015625
0 0.059375 0.260937 0.015625 0.015625
0 0.087500 0.728125 0.015625 0.015625
0 0.782813 0.210938 0.015625 0.015625
0 0.509375 0.139063 0.015625 0.015625
0 0.884375 0.542188 0.015625 0.015625
0 0.740625 0.010937 0.015625 0.015625
0 0.707812 0.073438 0.015625 0.015625
0 0.625000 0.070312 0.015625 0.015625
0 0.495312 0.925000 0.015625 0.015625
0 0.385937 0.865625 0.015625 0.015625
0 0.421875 0.926562 0.015625 0.015625
0 0.200000 0.526563 0.015625 0.015625
0 0.915625 0.992188 0.015625 0.015625
0 0.164062 0.451562 0.015625 0.015625
0 0.467187 0.465625 0.015625 0.015625
0 0.998437 0.475000 0.015625 0.015625
0 0.817187 0.021875 0.015625 0.015625
0 0.879687 0.014063 0.015625 0.015625
0 0.970313 0.012500 0.015625 0.015625
0 0.857812 0.076563 0.015625 0.015625
0 0.932813 0.084375 0.015625 0.015625
0 0.775000 0.076563 0.015625 0.015625
0 0.750000 0.137500 0.015625 0.015625
0 0.895312 0.151562 0.015625 0.015625
0 0.973437 0.148438 0.015625 0.015625
0 0.559375 0.076563 0.015625 0.015625
0 0.478125 0.070312 0.015625 0.015625
0 0.409375 0.075000 0.015625 0.015625
0 0.428125 0.132812 0.015625 0.015625
0 0.964063 0.662500 0.015625 0.015625
0 0.995313 0.604688 0.015625 0.015625
0 0.929688 0.337500 0.015625 0.015625
0 0.846875 0.343750 0.015625 0.015625
0 0.770312 0.331250 0.015625 0.015625
0 0.710938 0.332813 0.015625 0.015625
0 0.631250 0.342187 0.015625 0.015625
0 0.548438 0.339062 0.015625 0.015625
0 0.467187 0.332813 0.015625 0.015625
0 0.504687 0.407813 0.015625 0.015625
0 0.426563 0.401562 0.015625 0.015625
0 0.387500 0.339062 0.015625 0.015625
0 0.503125 0.529687 0.015625 0.015625
0 0.578125 0.540625 0.015625 0.015625
0 0.650000 0.540625 0.015625 0.015625
0 0.048438 0.925000 0.015625 0.015625
0 0.123438 0.926562 0.015625 0.015625
0 0.196875 0.926562 0.015625 0.015625
0 0.275000 0.929688 0.015625 0.015625
0 0.053125 0.003125 0.015625 0.015625
0 0.098437 0.078125 0.015625 0.015625
0 0.132812 0.134375 0.015625 0.015625
0 0.165625 0.195312 0.015625 0.015625
0 0.281250 0.400000 0.015625 0.015625
0 0.237500 0.331250 0.015625 0.015625
0 0.318750 0.467187 0.015625 0.015625
0 0.356250 0.525000 0.015625 0.015625
0 0.395313 0.603125 0.015625 0.015625
0 0.423438 0.665625 0.015625 0.015625
0 0.464062 0.737500 0.015625 0.015625
0 0.496875 0.793750 0.015625 0.015625
0 0.534375 0.871875 0.015625 0.015625
0 0.617188 0.860938 0.015625 0.015625
0 0.584375 0.801562 0.015625 0.015625
0 0.551562 0.729688 0.015625 0.015625
0 0.512500 0.662500 0.015625 0.015625
0 0.440625 0.531250 0.015625 0.015625
0 0.392188 0.462500 0.015625 0.015625
0 0.365625 0.389062 0.015625 0.015625
0 0.439063 0.001563 0.015625 0.015625
0 0.507812 0.004687 0.015625 0.015625
0 0.662500 0.010937 0.015625 0.015625
0 0.023438 0.073438 0.015625 0.015625
0 0.057813 0.132812 0.015625 0.015625
0 0.090625 0.187500 0.015625 0.015625
0 0.004687 0.989062 0.015625 0.015625
0 0.160938 0.726562 0.015625 0.015625
0 0.089063 0.451562 0.015625 0.015625
0 0.125000 0.389062 0.015625 0.015625
0 0.203125 0.392188 0.015625 0.015625
0 0.235937 0.465625 0.015625 0.015625
0 0.276562 0.532813 0.015625 0.015625
0 0.129688 0.265625 0.015625 0.015625
0 0.010937 0.854688 0.015625 0.015625
0 0.160938 0.992188 0.015625 0.015625
0 0.234375 0.992188 0.015625 0.015625
0 0.315625 0.990625 0.015625 0.015625
0 0.385937 0.995313 0.015625 0.015625
0 0.459375 0.996875 0.015625 0.015625
0 0.535937 0.998437 0.015625 0.015625
