0 0.017188 0.201563 0.015625 0.015625
0 0.973437 0.017188 0.015625 0.015625
0 0.898438 0.007812 0.015625 0.015625
0 0.807813 0.006250 0.015625 0.015625
0 0.742188 0.010937 0.015625 0.015625
0 0.103125 0.067187 0.015625 0.015625
0 0.184375 0.068750 0.015625 0.015625
0 0.256250 0.075000 0.015625 0.015625
0 0.293750 0.001563 0.015625 0.015625
0 0.373437 0.003125 0.015625 0.015625
0 0.445312 0.003125 0.015625 0.015625
0 0.518750 0.006250 0.015625 0.015625
0 0.596875 0.004687 0.015625 0.015625
0 0.664062 0.006250 0.015625 0.015625
0 0.112500 0.200000 0.015625 0.015625
0 0.135937 0.262500 0.015625 0.015625
0 0.178125 0.203125 0.015625 0.015625
0 0.217188 0.268750 0.015625 0.015625
0 0.289062 0.268750 0.015625 0.015625
0 0.253125 0.196875 0.015625 0.015625
0 0.328125 0.203125 0.015625 0.015625
0 0.370312 0.270313 0.015625 0.015625
0 0.400000 0.201563 0.015625 0.015625
0 0.440625 0.275000 0.015625 0.015625
0 0.478125 0.196875 0.015625 0.015625
0 0.517188 0.271875 0.015625 0.015625
0 0.568750 0.198437 0.015625 0.015625
0 0.606250 0.278125 0.015625 0.015625
0 0.640625 0.201563 0.015625 0.015625
0 0.659375 0.278125 0.015625 0.015625
0 0.700000 0.209375 0.015625 0.015625
0 0.745313 0.276562 0.015625 0.015625
0 0.826562 0.282813 0.015625 0.015625
0 0.901563 0.275000 0.015625 0.015625
0 0.971875 0.275000 0.015625 0.015625
0 0.096875 0.329688 0.015625 0.015625
0 0.176563 0.335938 0.015625 0.015625
0 0.706250 0.340625 0.015625 0.015625
0 0.773438 0.342187 0.015625 0.015625
0 0.850000 0.342187 0.015625 0.015625
0 0.937500 0.343750 0.015625 0.015625
0 0.639062 0.082812 0.015625 0.015625
0 0.609375 0.137500 0.015625 0.015625
0 0.539062 0.135937 0.015625 0.015625
0 0.545312 0.081250 0.015625 0.015625
0 0.471875 0.081250 0.015625 0.015625
0 0.473438 0.137500 0.015625 0.015625
0 0.410938 0.128125 0.015625 0.015625
0 0.351562 0.134375 0.015625 0.015625
0 0.292187 0.139063 0.015625 0.015625
0 0.237500 0.137500 0.015625 0.015625
0 0.715625 0.084375 0.015625 0.015625
0 0.670312 0.137500 0.015625 0.015625
0 0.746875 0.142187 0.015625 0.015625
0 0.785937 0.087500 0.015625 0.015625
0 0.825000 0.140625 0.015625 0.015625
0 0.864062 0.090625 0.015625 0.015625
0 0.900000 0.139063 0.015625 0.015625
0 0.973437 0.146875 0.015625 0.015625
0 0.781250 0.204687 0.015625 0.015625
0 0.864062 0.209375 0.015625 0.015625
0 0.935937 0.207813 0.015625 0.015625
0 0.809375 0.409375 0.015625 0.015625
0 0.892188 0.410938 0.015625 0.015625
0 0.973437 0.409375 0.015625 0.015625
0 0.946875 0.476562 0.015625 0.015625
0 0.862500 0.485938 0.015625 0.015625
0 0.887500 0.542188 0.015625 0.015625
0 0.967187 0.540625 0.015625 0.015625
0 0.245312 0.596875 0.015625 0.015625
0 0.320312 0.601562 0.015625 0.015625
0 0.401562 0.601562 0.015625 0.015625
0 0.473438 0.600000 0.015625 0.015625
0 0.546875 0.600000 0.015625 0.015625
0 0.632812 0.600000 0.015625 0.015625
0 0.696875 0.606250 0.015625 0.015625
0 0.285938 0.664062 0.015625 0.015625
0 0.356250 0.664062 0.015625 0.015625
0 0.207813 0.665625 0.015625 0.015625
0 0.435937 0.667188 0.015625 0.015625
0 0.512500 0.668750 0.015625 0.015625
0 0.587500 0.668750 0.015625 0.015625
0 0.664062 0.670312 0.015625 0.015625
0 0.739062 0.671875 0.015625 0.015625
0 0.812500 0.671875 0.015625 0.015625
0 0.770312 0.735938 0.015625 0.015625
0 0.700000 0.735938 0.015625 0.015625
0 0.614062 0.732812 0.015625 0.015625
0 0.545312 0.732812 0.015625 0.015625
0 0.460938 0.734375 0.015625 0.015625
0 0.392188 0.732812 0.015625 0.015625
0 0.307812 0.729688 0.015625 0.015625
0 0.240625 0.729688 0.015625 0.015625
0 0.275000 0.793750 0.015625 0.015625
0 0.346875 0.796875 0.015625 0.015625
0 0.431250 0.798438 0.015625 0.015625
0 0.318750 0.860938 0.015625 0.015625
0 0.393750 0.859375 0.015625 0.015625
0 0.503125 0.803125 0.015625 0.015625
0 0.468750 0.857812 0.015625 0.015625
0 0.576562 0.803125 0.015625 0.015625
0 0.548438 0.865625 0.015625 0.015625
0 0.657813 0.801562 0.015625 0.015625
0 0.618750 0.862500 0.015625 0.015625
0 0.735938 0.803125 0.015625 0.015625
0 0.698438 0.865625 0.015625 0.015625
0 0.803125 0.806250 0.015625 0.015625
0 0.768750 0.868750 0.015625 0.015625
0 0.842187 0.875000 0.015625 0.015625
0 0.359375 0.926562 0.015625 0.015625
0 0.392188 0.996875 0.015625 0.015625
0 0.431250 0.925000 0.015625 0.015625
0 0.517188 0.931250 0.015625 0.015625
0 0.614062 0.995313 0.015625 0.015625
0 0.579688 0.929688 0.015625 0.015625
0 0.659375 0.932813 0.015625 0.015625
0 0.731250 0.932813 0.015625 0.015625
0 0.804688 0.935937 0.015625 0.015625
0 0.885938 0.935937 0.015625 0.015625
0 0.959375 0.937500 0.015625 0.015625
0 0.010937 0.729688 0.015625 0.015625
0 0.048438 0.793750 0.015625 0.015625
0 0.009375 0.857812 0.015625 0.015625
0 0.090625 0.856250 0.015625 0.015625
0 0.037500 0.920312 0.015625 0.015625
0 0.118750 0.928125 0.015625 0.015625
0 0.010937 0.979688 0.015625 0.015625
0 0.085938 0.987500 0.015625 0.015625
0 0.168750 0.989062 0.015625 0.015625
0 0.007812 0.593750 0.015625 0.015625
0 0.050000 0.659375 0.015625 0.015625
0 0.092188 0.732812 0.015625 0.015625
0 0.125000 0.792188 0.015625 0.015625
0 0.065625 0.590625 0.015625 0.015625
0 0.118750 0.667188 0.015625 0.015625
0 0.160938 0.732812 0.015625 0.015625
0 0.198437 0.792188 0.015625 0.015625
0 0.237500 0.859375 0.015625 0.015625
0 0.270313 0.923438 0.015625 0.015625
0 0.314063 0.995313 0.015625 0.015625
0 0.351562 0.543750 0.015625 0.015625
0 0.437500 0.535937 0.015625 0.015625
0 0.507812 0.542188 0.015625 0.015625
0 0.582812 0.535937 0.015625 0.015625
0 0.656250 0.537500 0.015625 0.015625
0 0.710938 0.537500 0.015625 0.015625
0 0.996875 0.609375 0.015625 0.015625
0 0.960938 0.681250 0.015625 0.015625
0 0.926562 0.607812 0.015625 0.015625
