0 0.045312 0.981250 0.015625 0.015625
0 0.128125 0.981250 0.015625 0.015625
0 0.195312 0.981250 0.015625 0.015625
0 0.032813 0.376563 0.015625 0.015625
0 0.054688 0.315625 0.015625 0.015625
0 0.128125 0.454688 0.015625 0.015625
0 0.117188 0.514062 0.015625 0.015625
0 0.206250 0.454688 0.015625 0.015625
0 0.181250 0.495312 0.015625 0.015625
0 0.254688 0.389062 0.015625 0.015625
0 0.287500 0.450000 0.015625 0.015625
0 0.321875 0.396875 0.015625 0.015625
0 0.351562 0.451562 0.015625 0.015625
0 0.392188 0.515625 0.015625 0.015625
0 0.314063 0.523438 0.015625 0.015625
0 0.240625 0.521875 0.015625 0.015625
0 0.278125 0.610938 0.015625 0.015625
0 0.312500 0.656250 0.015625 0.015625
0 0.270313 0.720313 0.015625 0.015625
0 0.239063 0.645312 0.015625 0.015625
0 0.198437 0.701562 0.015625 0.015625
0 0.168750 0.643750 0.015625 0.015625
0 0.348438 0.720313 0.015625 0.015625
0 0.309375 0.793750 0.015625 0.015625
0 0.250000 0.784375 0.015625 0.015625
0 0.273438 0.845313 0.015625 0.015625
0 0.390625 0.785937 0.015625 0.015625
0 0.360938 0.851562 0.015625 0.015625
0 0.465625 0.915625 0.015625 0.015625
0 0.421875 0.853125 0.015625 0.015625
0 0.510938 0.848437 0.015625 0.015625
0 0.546875 0.787500 0.015625 0.015625
0 0.464062 0.793750 0.015625 0.015625
0 0.506250 0.720313 0.015625 0.015625
0 0.431250 0.717187 0.015625 0.015625
0 0.468750 0.645312 0.015625 0.015625
0 0.531250 0.920312 0.015625 0.015625
0 0.620313 0.925000 0.015625 0.015625
0 0.654687 0.992188 0.015625 0.015625
0 0.576562 0.984375 0.015625 0.015625
0 0.498437 0.989062 0.015625 0.015625
0 0.420312 0.995313 0.015625 0.015625
0 0.071875 0.053125 0.015625 0.015625
0 0.142187 0.056250 0.015625 0.015625
0 0.209375 0.056250 0.015625 0.015625
0 0.160938 0.920312 0.015625 0.015625
0 0.084375 0.781250 0.015625 0.015625
0 0.001563 0.773438 0.015625 0.015625
0 0.050000 0.710938 0.015625 0.015625
0 0.092188 0.712500 0.015625 0.015625
0 0.007812 0.648438 0.015625 0.015625
0 0.006250 0.909375 0.015625 0.015625
0 0.051562 0.843750 0.015625 0.015625
0 0.359375 0.585938 0.015625 0.015625
0 0.434375 0.589063 0.015625 0.015625
0 0.276562 0.579688 0.015625 0.015625
0 0.192188 0.579688 0.015625 0.015625
0 0.126562 0.576562 0.015625 0.015625
0 0.059375 0.446875 0.015625 0.015625
0 0.100000 0.387500 0.015625 0.015625
0 0.173437 0.387500 0.015625 0.015625
0 0.145313 0.321875 0.015625 0.015625
0 0.207813 0.331250 0.015625 0.015625
0 0.025000 0.121875 0.015625 0.015625
0 0.096875 0.121875 0.015625 0.015625
0 0.181250 0.125000 0.015625 0.015625
0 0.245312 0.126562 0.015625 0.015625
0 0.315625 0.129688 0.015625 0.015625
0 0.145313 0.192188 0.015625 0.015625
0 0.201563 0.192188 0.015625 0.015625
0 0.298438 0.190625 0.015625 0.015625
0 0.368750 0.195312 0.015625 0.015625
0 0.432812 0.192188 0.015625 0.015625
0 0.395313 0.125000 0.015625 0.015625
0 0.362500 0.059375 0.015625 0.015625
0 0.300000 0.057813 0.015625 0.015625
0 0.484375 0.003125 0.015625 0.015625
0 0.520312 0.071875 0.015625 0.015625
0 0.445312 0.060937 0.015625 0.015625
0 0.485938 0.135937 0.015625 0.015625
0 0.543750 0.137500 0.015625 0.015625
0 0.523438 0.192188 0.015625 0.015625
0 0.593750 0.198437 0.015625 0.015625
0 0.623437 0.123438 0.015625 0.015625
0 0.596875 0.054688 0.015625 0.015625
0 0.660937 0.070312 0.015625 0.015625
0 0.635938 0.010937 0.015625 0.015625
0 0.720313 0.006250 0.015625 0.015625
0 0.790625 0.000000 0.015625 0.015625
0 0.867188 0.000000 0.015625 0.015625
0 0.942187 0.004687 0.015625 0.015625
0 0.751563 0.062500 0.015625 0.015625
0 0.828125 0.067187 0.015625 0.015625
0 0.923438 0.115625 0.015625 0.015625
0 0.707812 0.139063 0.015625 0.015625
0 0.851562 0.140625 0.015625 0.015625
0 0.967187 0.200000 0.015625 0.015625
0 0.670312 0.204687 0.015625 0.015625
0 0.892188 0.204687 0.015625 0.015625
0 0.703125 0.387500 0.015625 0.015625
0 0.832812 0.401562 0.015625 0.015625
0 0.562500 0.403125 0.015625 0.015625
0 0.506250 0.451562 0.015625 0.015625
0 0.668750 0.465625 0.015625 0.015625
0 0.821875 0.473438 0.015625 0.015625
0 0.968750 0.484375 0.015625 0.015625
0 0.543750 0.532813 0.015625 0.015625
0 0.845313 0.548438 0.015625 0.015625
0 0.745313 0.596875 0.015625 0.015625
0 0.814063 0.598437 0.015625 0.015625
0 0.989062 0.604688 0.015625 0.015625
0 0.887500 0.729688 0.015625 0.015625
0 0.807813 0.731250 0.015625 0.015625
0 0.765625 0.798438 0.015625 0.015625
0 0.971875 0.837500 0.015625 0.015625
0 0.889062 0.854688 0.015625 0.015625
0 0.921875 0.926562 0.015625 0.015625
0 0.845313 0.928125 0.015625 0.015625
0 0.996875 0.928125 0.015625 0.015625
0 0.956250 0.996875 0.015625 0.015625
0 0.623437 0.529687 0.015625 0.015625
0 0.701562 0.531250 0.015625 0.015625
0 0.743750 0.462500 0.015625 0.015625
0 0.767188 0.535937 0.015625 0.015625
0 0.737500 0.718750 0.015625 0.015625
0 0.860938 0.662500 0.015625 0.015625
0 0.939063 0.664062 0.015625 0.015625
0 0.957812 0.726562 0.015625 0.015625
0 0.118750 0.851562 0.015625 0.015625
0 0.689063 0.625000 0.015625 0.015625
0 0.660937 0.593750 0.015625 0.015625
0 0.610938 0.601562 0.015625 0.015625
0 0.640625 0.660937 0.015625 0.015625
0 0.725000 0.856250 0.015625 0.015625
0 0.659375 0.732812 0.015625 0.015625
0 0.773438 0.925000 0.015625 0.015625
0 0.810937 0.990625 0.015625 0.015625
0 0.681250 0.925000 0.015625 0.015625
0 0.856250 0.795312 0.015625 0.015625
0 0.776563 0.653125 0.015625 0.015625
0 0.690625 0.657813 0.015625 0.015625
0 0.890625 0.489063 0.015625 0.015625
