0 0.039062 0.160938 0.015625 0.015625
0 0.073438 0.098437 0.015625 0.015625
0 0.109375 0.162500 0.015625 0.015625
0 0.142187 0.106250 0.015625 0.015625
0 0.195312 0.167187 0.015625 0.015625
0 0.226562 0.104688 0.015625 0.015625
0 0.276562 0.160938 0.015625 0.015625
0 0.307812 0.107813 0.015625 0.015625
0 0.342187 0.167187 0.015625 0.015625
0 0.373437 0.114062 0.015625 0.015625
0 0.414062 0.168750 0.015625 0.015625
0 0.451562 0.103125 0.015625 0.015625
0 0.481250 0.154688 0.015625 0.015625
0 0.535937 0.107813 0.015625 0.015625
0 0.570312 0.170313 0.015625 0.015625
0 0.604688 0.106250 0.015625 0.015625
0 0.639062 0.171875 0.015625 0.015625
0 0.665625 0.112500 0.015625 0.015625
0 0.703125 0.168750 0.015625 0.015625
0 0.757812 0.110937 0.015625 0.015625
0 0.787500 0.170313 0.015625 0.015625
0 0.823438 0.098437 0.015625 0.015625
0 0.865625 0.171875 0.015625 0.015625
0 0.898438 0.121875 0.015625 0.015625
0 0.950000 0.170313 0.015625 0.015625
0 0.971875 0.115625 0.015625 0.015625
0 0.029687 0.285938 0.015625 0.015625
0 0.073438 0.232813 0.015625 0.015625
0 0.109375 0.285938 0.015625 0.015625
0 0.142187 0.234375 0.015625 0.015625
0 0.184375 0.287500 0.015625 0.015625
0 0.215625 0.228125 0.015625 0.015625
0 0.273438 0.301563 0.015625 0.015625
0 0.290625 0.237500 0.015625 0.015625
0 0.332813 0.292187 0.015625 0.015625
0 0.371875 0.237500 0.015625 0.015625
0 0.409375 0.290625 0.015625 0.015625
0 0.445312 0.231250 0.015625 0.015625
0 0.490625 0.295312 0.015625 0.015625
0 0.534375 0.232813 0.015625 0.015625
0 0.557813 0.295312 0.015625 0.015625
0 0.592187 0.240625 0.015625 0.015625
0 0.639062 0.293750 0.015625 0.015625
0 0.671875 0.235937 0.015625 0.015625
0 0.709375 0.301563 0.015625 0.015625
0 0.746875 0.237500 0.015625 0.015625
0 0.787500 0.300000 0.015625 0.015625
0 0.820312 0.235937 0.015625 0.015625
0 0.864062 0.296875 0.015625 0.015625
0 0.895312 0.234375 0.015625 0.015625
0 0.975000 0.242188 0.015625 0.015625
0 0.035937 0.423438 0.015625 0.015625
0 0.070312 0.364063 0.015625 0.015625
0 0.110937 0.415625 0.015625 0.015625
0 0.131250 0.368750 0.015625 0.015625
0 0.176563 0.420312 0.015625 0.015625
0 0.212500 0.365625 0.015625 0.015625
0 0.250000 0.426563 0.015625 0.015625
0 0.290625 0.368750 0.015625 0.015625
0 0.325000 0.417187 0.015625 0.015625
0 0.367188 0.360938 0.015625 0.015625
0 0.398438 0.437500 0.015625 0.015625
0 0.448437 0.371875 0.015625 0.015625
0 0.473438 0.426563 0.015625 0.015625
0 0.523438 0.373437 0.015625 0.015625
0 0.554688 0.428125 0.015625 0.015625
0 0.600000 0.378125 0.015625 0.015625
0 0.629687 0.429688 0.015625 0.015625
0 0.671875 0.376563 0.015625 0.015625
0 0.720313 0.426563 0.015625 0.015625
0 0.753125 0.376563 0.015625 0.015625
0 0.790625 0.440625 0.015625 0.015625
0 0.829688 0.375000 0.015625 0.015625
0 0.860938 0.437500 0.015625 0.015625
0 0.909375 0.368750 0.015625 0.015625
0 0.946875 0.425000 0.015625 0.015625
0 0.985938 0.373437 0.015625 0.015625
0 0.021875 0.553125 0.015625 0.015625
0 0.065625 0.485938 0.015625 0.015625
0 0.104688 0.551562 0.015625 0.015625
0 0.140625 0.492188 0.015625 0.015625
0 0.207813 0.493750 0.015625 0.015625
0 0.260937 0.559375 0.015625 0.015625
0 0.285938 0.500000 0.015625 0.015625
0 0.318750 0.546875 0.015625 0.015625
0 0.370312 0.495312 0.015625 0.015625
0 0.412500 0.553125 0.015625 0.015625
0 0.439063 0.500000 0.015625 0.015625
0 0.484375 0.548438 0.015625 0.015625
0 0.531250 0.504687 0.015625 0.015625
0 0.562500 0.568750 0.015625 0.015625
0 0.603125 0.498437 0.015625 0.015625
0 0.648438 0.556250 0.015625 0.015625
0 0.678125 0.501563 0.015625 0.015625
0 0.712500 0.571875 0.015625 0.015625
0 0.782813 0.573438 0.015625 0.015625
0 0.821875 0.507812 0.015625 0.015625
0 0.746875 0.503125 0.015625 0.015625
0 0.860938 0.567187 0.015625 0.015625
0 0.896875 0.507812 0.015625 0.015625
0 0.937500 0.567187 0.015625 0.015625
0 0.968750 0.506250 0.015625 0.015625
0 0.134375 0.621875 0.015625 0.015625
0 0.289062 0.623437 0.015625 0.015625
0 0.323437 0.687500 0.015625 0.015625
0 0.401562 0.690625 0.015625 0.015625
0 0.439063 0.631250 0.015625 0.015625
0 0.518750 0.625000 0.015625 0.015625
0 0.598437 0.628125 0.015625 0.015625
0 0.668750 0.634375 0.015625 0.015625
0 0.745313 0.639062 0.015625 0.015625
0 0.815625 0.632812 0.015625 0.015625
0 0.893750 0.639062 0.015625 0.015625
0 0.976562 0.639062 0.015625 0.015625
0 0.020313 0.945312 0.015625 0.015625
0 0.023438 0.684375 0.015625 0.015625
0 0.095312 0.946875 0.015625 0.015625
0 0.029687 0.810937 0.015625 0.015625
0 0.070312 0.748437 0.015625 0.015625
0 0.109375 0.820312 0.015625 0.015625
0 0.131250 0.889062 0.015625 0.015625
0 0.051562 0.884375 0.015625 0.015625
0 0.932813 0.964063 0.015625 0.015625
0 0.290625 0.754687 0.015625 0.015625
0 0.442188 0.760938 0.015625 0.015625
0 0.365625 0.756250 0.015625 0.015625
0 0.820312 0.898438 0.015625 0.015625
0 0.515625 0.762500 0.015625 0.015625
0 0.401562 0.690625 0.015625 0.015625
0 0.892188 0.896875 0.015625 0.015625
0 0.560937 0.954688 0.015625 0.015625
0 0.857812 0.831250 0.015625 0.015625
0 0.967187 0.900000 0.015625 0.015625
0 0.559375 0.695312 0.015625 0.015625
0 0.439063 0.890625 0.015625 0.015625
0 0.854688 0.962500 0.015625 0.015625
0 0.634375 0.700000 0.015625 0.015625
0 0.932813 0.834375 0.015625 0.015625
0 0.785937 0.701562 0.015625 0.015625
0 0.939063 0.701562 0.015625 0.015625
0 0.250000 0.685937 0.015625 0.015625
0 0.709375 0.700000 0.015625 0.015625
0 0.215625 0.753125 0.015625 0.015625
0 0.973437 0.770312 0.015625 0.015625
0 0.482812 0.693750 0.015625 0.015625
0 0.626563 0.957812 0.015625 0.015625
0 0.365625 0.889062 0.015625 0.015625
0 0.287500 0.885938 0.015625 0.015625
0 0.248438 0.817187 0.015625 0.015625
0 0.215625 0.618750 0.015625 0.015625
0 0.175000 0.685937 0.015625 0.015625
0 0.401562 0.957812 0.015625 0.015625
0 0.367188 0.626563 0.015625 0.015625
0 0.778125 0.960938 0.015625 0.015625
0 0.482812 0.825000 0.015625 0.015625
0 0.326562 0.821875 0.015625 0.015625
0 0.595313 0.764062 0.015625 0.015625
0 0.598437 0.628125 0.015625 0.015625
0 0.825000 0.768750 0.015625 0.015625
0 0.626563 0.828125 0.015625 0.015625
0 0.476562 0.956250 0.015625 0.015625
0 0.896875 0.770312 0.015625 0.015625
0 0.782813 0.829688 0.015625 0.015625
0 0.862500 0.703125 0.015625 0.015625
0 0.746875 0.768750 0.015625 0.015625
0 0.557813 0.825000 0.015625 0.015625
0 0.518750 0.893750 0.015625 0.015625
0 0.668750 0.765625 0.015625 0.015625
0 0.401562 0.825000 0.015625 0.015625
0 0.703125 0.828125 0.015625 0.015625
0 0.668750 0.895312 0.015625 0.015625
0 0.062500 0.618750 0.015625 0.015625
0 0.095312 0.685937 0.015625 0.015625
0 0.128125 0.740625 0.015625 0.015625
0 0.178125 0.556250 0.015625 0.015625
0 0.178125 0.820312 0.015625 0.015625
0 0.215625 0.884375 0.015625 0.015625
0 0.248438 0.950000 0.015625 0.015625
0 0.167187 0.953125 0.015625 0.015625
0 0.714063 0.965625 0.015625 0.015625
0 0.585938 0.889062 0.015625 0.015625
0 0.742188 0.893750 0.015625 0.015625
0 0.256250 0.032813 0.015625 0.015625
0 0.185938 0.028125 0.015625 0.015625
0 0.110937 0.029687 0.015625 0.015625
0 0.032813 0.031250 0.015625 0.015625
0 0.348438 0.034375 0.015625 0.015625
0 0.417187 0.043750 0.015625 0.015625
0 0.498437 0.037500 0.015625 0.015625
0 0.576562 0.042188 0.015625 0.015625
0 0.651563 0.035937 0.015625 0.015625
0 0.742188 0.037500 0.015625 0.015625
0 0.793750 0.043750 0.015625 0.015625
0 0.873437 0.045312 0.015625 0.015625
0 0.953125 0.045312 0.015625 0.015625
