0 0.345313 0.010937 0.015625 0.015625
0 0.935937 0.084375 0.015625 0.015625
0 0.489063 0.207813 0.015625 0.015625
0 0.746875 0.406250 0.015625 0.015625
0 0.637500 0.206250 0.015625 0.015625
0 0.554688 0.206250 0.015625 0.015625
0 0.746875 0.146875 0.015625 0.015625
0 0.709375 0.473438 0.015625 0.015625
0 0.970313 0.153125 0.015625 0.015625
0 0.445312 0.007812 0.015625 0.015625
0 0.768750 0.206250 0.015625 0.015625
0 0.517188 0.006250 0.015625 0.015625
0 0.860938 0.348438 0.015625 0.015625
0 0.770312 0.081250 0.015625 0.015625
0 0.667188 0.400000 0.015625 0.015625
0 0.407813 0.064062 0.015625 0.015625
0 0.701562 0.329688 0.015625 0.015625
0 0.746875 0.012500 0.015625 0.015625
0 0.707812 0.206250 0.015625 0.015625
0 0.735938 0.260937 0.015625 0.015625
0 0.892188 0.275000 0.015625 0.015625
0 0.820312 0.014063 0.015625 0.015625
0 0.982812 0.287500 0.015625 0.015625
0 0.781250 0.475000 0.015625 0.015625
0 0.673438 0.020313 0.015625 0.015625
0 0.589063 0.010937 0.015625 0.015625
0 0.985938 0.020313 0.015625 0.015625
0 0.898438 0.021875 0.015625 0.015625
0 0.828125 0.142187 0.015625 0.015625
0 0.931250 0.476562 0.015625 0.015625
0 0.859375 0.471875 0.015625 0.015625
0 0.598437 0.146875 0.015625 0.015625
0 0.510938 0.140625 0.015625 0.015625
0 0.440625 0.137500 0.015625 0.015625
0 0.682813 0.143750 0.015625 0.015625
0 0.518750 0.275000 0.015625 0.015625
0 0.603125 0.282813 0.015625 0.015625
0 0.667188 0.268750 0.015625 0.015625
0 0.637500 0.343750 0.015625 0.015625
0 0.823438 0.412500 0.015625 0.015625
0 0.637500 0.075000 0.015625 0.015625
0 0.553125 0.076563 0.015625 0.015625
0 0.475000 0.073438 0.015625 0.015625
0 0.710938 0.085938 0.015625 0.015625
0 0.548438 0.342187 0.015625 0.015625
0 0.593750 0.406250 0.015625 0.015625
0 0.626563 0.460938 0.015625 0.015625
0 0.787500 0.350000 0.015625 0.015625
0 0.914062 0.350000 0.015625 0.015625
0 0.885938 0.417187 0.015625 0.015625
0 0.959375 0.420312 0.015625 0.015625
