0 0.234375 0.012500 0.015625 0.015625
0 0.687500 0.014063 0.015625 0.015625
0 0.531250 0.015625 0.015625 0.015625
0 0.268750 0.082812 0.015625 0.015625
0 0.193750 0.082812 0.015625 0.015625
0 0.418750 0.084375 0.015625 0.015625
0 0.731250 0.085938 0.015625 0.015625
0 0.348438 0.085938 0.015625 0.015625
0 0.654687 0.087500 0.015625 0.015625
0 0.579688 0.087500 0.015625 0.015625
0 0.495312 0.087500 0.015625 0.015625
0 0.806250 0.087500 0.015625 0.015625
0 0.885938 0.087500 0.015625 0.015625
0 0.957812 0.092188 0.015625 0.015625
0 0.034375 0.103125 0.015625 0.015625
0 0.385937 0.146875 0.015625 0.015625
0 0.689063 0.148438 0.015625 0.015625
0 0.460938 0.150000 0.015625 0.015625
0 0.767188 0.151562 0.015625 0.015625
0 0.610938 0.165625 0.015625 0.015625
0 0.267188 0.196875 0.015625 0.015625
0 0.348438 0.210938 0.015625 0.015625
0 0.050000 0.212500 0.015625 0.015625
0 0.654687 0.212500 0.015625 0.015625
0 0.492188 0.215625 0.015625 0.015625
0 0.578125 0.218750 0.015625 0.015625
0 0.006250 0.278125 0.015625 0.015625
0 0.084375 0.281250 0.015625 0.015625
0 0.782813 0.282813 0.015625 0.015625
0 0.987500 0.321875 0.015625 0.015625
0 0.935937 0.321875 0.015625 0.015625
0 0.043750 0.343750 0.015625 0.015625
0 0.118750 0.345313 0.015625 0.015625
0 0.432812 0.350000 0.015625 0.015625
0 0.493750 0.350000 0.015625 0.015625
0 0.654687 0.351562 0.015625 0.015625
0 0.809375 0.353125 0.015625 0.015625
0 0.732812 0.353125 0.015625 0.015625
0 0.000000 0.409375 0.015625 0.015625
0 0.081250 0.409375 0.015625 0.015625
0 0.157812 0.409375 0.015625 0.015625
0 0.385937 0.412500 0.015625 0.015625
0 0.534375 0.417187 0.015625 0.015625
0 0.992188 0.417187 0.015625 0.015625
0 0.842187 0.418750 0.015625 0.015625
0 0.696875 0.418750 0.015625 0.015625
0 0.915625 0.418750 0.015625 0.015625
0 0.770312 0.418750 0.015625 0.015625
0 0.612500 0.421875 0.015625 0.015625
0 0.359375 0.470313 0.015625 0.015625
0 0.190625 0.471875 0.015625 0.015625
0 0.037500 0.473438 0.015625 0.015625
0 0.118750 0.473438 0.015625 0.015625
0 0.503125 0.476562 0.015625 0.015625
0 0.728125 0.487500 0.015625 0.015625
0 0.954688 0.487500 0.015625 0.015625
0 0.804688 0.490625 0.015625 0.015625
0 0.879687 0.492188 0.015625 0.015625
0 0.078125 0.537500 0.015625 0.015625
0 0.004687 0.539062 0.015625 0.015625
0 0.154688 0.542188 0.015625 0.015625
0 0.612500 0.545312 0.015625 0.015625
0 0.462500 0.551562 0.015625 0.015625
0 0.765625 0.554688 0.015625 0.015625
0 0.920312 0.556250 0.015625 0.015625
0 0.039062 0.598437 0.015625 0.015625
0 0.273438 0.601562 0.015625 0.015625
0 0.115625 0.604688 0.015625 0.015625
0 0.578125 0.618750 0.015625 0.015625
0 0.654687 0.618750 0.015625 0.015625
0 0.729688 0.621875 0.015625 0.015625
0 0.875000 0.623437 0.015625 0.015625
0 0.951562 0.623437 0.015625 0.015625
0 0.803125 0.640625 0.015625 0.015625
0 0.073438 0.662500 0.015625 0.015625
0 0.154688 0.667188 0.015625 0.015625
0 0.232813 0.670312 0.015625 0.015625
0 0.293750 0.682813 0.015625 0.015625
0 0.759375 0.685937 0.015625 0.015625
0 0.987500 0.685937 0.015625 0.015625
0 0.112500 0.721875 0.015625 0.015625
0 0.035937 0.725000 0.015625 0.015625
0 0.192188 0.732812 0.015625 0.015625
0 0.339062 0.739062 0.015625 0.015625
0 0.715625 0.745313 0.015625 0.015625
0 0.950000 0.757812 0.015625 0.015625
0 0.492188 0.789062 0.015625 0.015625
0 0.309375 0.796875 0.015625 0.015625
0 0.154688 0.800000 0.015625 0.015625
0 0.076563 0.800000 0.015625 0.015625
0 0.001563 0.801562 0.015625 0.015625
0 0.379688 0.803125 0.015625 0.015625
0 0.231250 0.812500 0.015625 0.015625
0 0.609375 0.815625 0.015625 0.015625
0 0.987500 0.817187 0.015625 0.015625
0 0.684375 0.818750 0.015625 0.015625
0 0.756250 0.818750 0.015625 0.015625
0 0.832812 0.818750 0.015625 0.015625
0 0.910937 0.821875 0.015625 0.015625
0 0.567187 0.853125 0.015625 0.015625
0 0.037500 0.864062 0.015625 0.015625
0 0.337500 0.864062 0.015625 0.015625
0 0.415625 0.865625 0.015625 0.015625
0 0.262500 0.867188 0.015625 0.015625
0 0.189062 0.868750 0.015625 0.015625
0 0.117188 0.870313 0.015625 0.015625
0 0.492188 0.875000 0.015625 0.015625
0 0.946875 0.885938 0.015625 0.015625
0 0.717187 0.885938 0.015625 0.015625
0 0.792188 0.890625 0.015625 0.015625
0 0.659375 0.896875 0.015625 0.015625
0 0.151562 0.934375 0.015625 0.015625
0 0.228125 0.934375 0.015625 0.015625
0 0.457813 0.943750 0.015625 0.015625
0 0.378125 0.946875 0.015625 0.015625
0 0.834375 0.946875 0.015625 0.015625
0 0.532813 0.948438 0.015625 0.015625
0 0.759375 0.948438 0.015625 0.015625
0 0.910937 0.948438 0.015625 0.015625
0 0.981250 0.951562 0.015625 0.015625
0 0.034375 0.992188 0.015625 0.015625
0 0.107813 0.995313 0.015625 0.015625
0 0.190625 0.996875 0.015625 0.015625
0 0.993750 0.025000 0.015625 0.015625
0 0.915625 0.025000 0.015625 0.015625
0 0.843750 0.025000 0.015625 0.015625
0 0.460938 0.021875 0.015625 0.015625
0 0.382812 0.021875 0.015625 0.015625
0 0.309375 0.017188 0.015625 0.015625
0 0.129688 0.082812 0.015625 0.015625
0 0.228125 0.145313 0.015625 0.015625
0 0.318750 0.142187 0.015625 0.015625
0 0.545312 0.148438 0.015625 0.015625
0 0.862500 0.162500 0.015625 0.015625
0 0.926562 0.160938 0.015625 0.015625
0 0.979688 0.153125 0.015625 0.015625
0 0.956250 0.221875 0.015625 0.015625
0 0.918750 0.285938 0.015625 0.015625
0 0.860938 0.284375 0.015625 0.015625
0 0.892188 0.221875 0.015625 0.015625
0 0.800000 0.220312 0.015625 0.015625
0 0.729688 0.220312 0.015625 0.015625
0 0.690625 0.284375 0.015625 0.015625
0 0.610938 0.284375 0.015625 0.015625
0 0.417187 0.214062 0.015625 0.015625
0 0.379688 0.276562 0.015625 0.015625
0 0.440625 0.281250 0.015625 0.015625
0 0.301563 0.282813 0.015625 0.015625
0 0.275000 0.342187 0.015625 0.015625
0 0.343750 0.343750 0.015625 0.015625
0 0.581250 0.353125 0.015625 0.015625
0 0.459375 0.420312 0.015625 0.015625
0 0.895312 0.357812 0.015625 0.015625
0 0.978125 0.557813 0.015625 0.015625
0 0.862500 0.551562 0.015625 0.015625
0 0.578125 0.484375 0.015625 0.015625
0 0.437500 0.481250 0.015625 0.015625
0 0.379688 0.543750 0.015625 0.015625
0 0.489063 0.690625 0.015625 0.015625
0 0.568750 0.745313 0.015625 0.015625
0 0.492188 0.746875 0.015625 0.015625
0 0.843750 0.685937 0.015625 0.015625
0 0.907813 0.689063 0.015625 0.015625
0 0.693750 0.687500 0.015625 0.015625
0 0.612500 0.690625 0.015625 0.015625
0 0.537500 0.679688 0.015625 0.015625
0 0.873437 0.760938 0.015625 0.015625
0 0.803125 0.754687 0.015625 0.015625
0 0.640625 0.751563 0.015625 0.015625
0 0.496875 0.614062 0.015625 0.015625
0 0.418750 0.610938 0.015625 0.015625
0 0.656250 0.482812 0.015625 0.015625
0 0.537500 0.546875 0.015625 0.015625
0 0.531250 0.809375 0.015625 0.015625
0 0.543750 0.282813 0.015625 0.015625
0 0.306250 0.414062 0.015625 0.015625
