0 0.162500 0.025000 0.015625 0.015625
0 0.004687 0.028125 0.015625 0.015625
0 0.085938 0.029687 0.015625 0.015625
0 0.385937 0.031250 0.015625 0.015625
0 0.778125 0.032813 0.015625 0.015625
0 0.462500 0.032813 0.015625 0.015625
0 0.310937 0.032813 0.015625 0.015625
0 0.542188 0.035937 0.015625 0.015625
0 0.615625 0.037500 0.015625 0.015625
0 0.692187 0.039062 0.015625 0.015625
0 0.846875 0.042188 0.015625 0.015625
0 0.042188 0.093750 0.015625 0.015625
0 0.121875 0.095312 0.015625 0.015625
0 0.278125 0.095312 0.015625 0.015625
0 0.348438 0.098437 0.015625 0.015625
0 0.423438 0.098437 0.015625 0.015625
0 0.735938 0.100000 0.015625 0.015625
0 0.504687 0.101562 0.015625 0.015625
0 0.578125 0.101562 0.015625 0.015625
0 0.657813 0.103125 0.015625 0.015625
0 0.810937 0.103125 0.015625 0.015625
0 0.957812 0.104688 0.015625 0.015625
0 0.881250 0.107813 0.015625 0.015625
0 0.004687 0.159375 0.015625 0.015625
0 0.237500 0.159375 0.015625 0.015625
0 0.079687 0.160938 0.015625 0.015625
0 0.159375 0.164062 0.015625 0.015625
0 0.312500 0.165625 0.015625 0.015625
0 0.537500 0.167187 0.015625 0.015625
0 0.385937 0.167187 0.015625 0.015625
0 0.610938 0.167187 0.015625 0.015625
0 0.464062 0.168750 0.015625 0.015625
0 0.993750 0.170313 0.015625 0.015625
0 0.687500 0.171875 0.015625 0.015625
0 0.767188 0.173437 0.015625 0.015625
0 0.840625 0.175000 0.015625 0.015625
0 0.040625 0.223438 0.015625 0.015625
0 0.114062 0.225000 0.015625 0.015625
0 0.423438 0.229687 0.015625 0.015625
0 0.192188 0.229687 0.015625 0.015625
0 0.348438 0.231250 0.015625 0.015625
0 0.728125 0.234375 0.015625 0.015625
0 0.956250 0.234375 0.015625 0.015625
0 0.642188 0.235937 0.015625 0.015625
0 0.804688 0.235937 0.015625 0.015625
0 0.879687 0.240625 0.015625 0.015625
0 0.076563 0.290625 0.015625 0.015625
0 0.001563 0.292187 0.015625 0.015625
0 0.307812 0.292187 0.015625 0.015625
0 0.150000 0.293750 0.015625 0.015625
0 0.534375 0.298438 0.015625 0.015625
0 0.462500 0.298438 0.015625 0.015625
0 0.612500 0.298438 0.015625 0.015625
0 0.767188 0.300000 0.015625 0.015625
0 0.384375 0.301563 0.015625 0.015625
0 0.689063 0.301563 0.015625 0.015625
0 0.837500 0.304688 0.015625 0.015625
0 0.910937 0.306250 0.015625 0.015625
0 0.990625 0.309375 0.015625 0.015625
0 0.114062 0.357812 0.015625 0.015625
0 0.034375 0.362500 0.015625 0.015625
0 0.492188 0.365625 0.015625 0.015625
0 0.642188 0.367188 0.015625 0.015625
0 0.567187 0.368750 0.015625 0.015625
0 0.725000 0.371875 0.015625 0.015625
0 0.876563 0.375000 0.015625 0.015625
0 0.953125 0.375000 0.015625 0.015625
0 0.304688 0.426563 0.015625 0.015625
0 0.153125 0.428125 0.015625 0.015625
0 0.459375 0.429688 0.015625 0.015625
0 0.226562 0.431250 0.015625 0.015625
0 0.384375 0.431250 0.015625 0.015625
0 0.607812 0.431250 0.015625 0.015625
0 0.760938 0.434375 0.015625 0.015625
0 0.987500 0.439063 0.015625 0.015625
0 0.835938 0.439063 0.015625 0.015625
0 0.910937 0.443750 0.015625 0.015625
0 0.032813 0.492188 0.015625 0.015625
0 0.262500 0.496875 0.015625 0.015625
0 0.340625 0.496875 0.015625 0.015625
0 0.109375 0.496875 0.015625 0.015625
0 0.187500 0.498437 0.015625 0.015625
0 0.492188 0.500000 0.015625 0.015625
0 0.421875 0.500000 0.015625 0.015625
0 0.867188 0.503125 0.015625 0.015625
0 0.718750 0.504687 0.015625 0.015625
0 0.943750 0.504687 0.015625 0.015625
0 0.792188 0.507812 0.015625 0.015625
0 0.000000 0.559375 0.015625 0.015625
0 0.148438 0.560937 0.015625 0.015625
0 0.073438 0.560937 0.015625 0.015625
0 0.301563 0.560937 0.015625 0.015625
0 0.532813 0.562500 0.015625 0.015625
0 0.228125 0.564063 0.015625 0.015625
0 0.379688 0.567187 0.015625 0.015625
0 0.457813 0.568750 0.015625 0.015625
0 0.606250 0.568750 0.015625 0.015625
0 0.682813 0.568750 0.015625 0.015625
0 0.832812 0.571875 0.015625 0.015625
0 0.910937 0.571875 0.015625 0.015625
0 0.757812 0.573438 0.015625 0.015625
0 0.984375 0.573438 0.015625 0.015625
0 0.034375 0.623437 0.015625 0.015625
0 0.412500 0.631250 0.015625 0.015625
0 0.489063 0.632812 0.015625 0.015625
0 0.187500 0.632812 0.015625 0.015625
0 0.564063 0.632812 0.015625 0.015625
0 0.715625 0.634375 0.015625 0.015625
0 0.642188 0.634375 0.015625 0.015625
0 0.337500 0.635938 0.015625 0.015625
0 0.867188 0.637500 0.015625 0.015625
0 0.946875 0.639062 0.015625 0.015625
0 0.792188 0.640625 0.015625 0.015625
0 0.068750 0.689063 0.015625 0.015625
0 0.145313 0.692187 0.015625 0.015625
0 0.303125 0.695312 0.015625 0.015625
0 0.217188 0.695312 0.015625 0.015625
0 0.376563 0.696875 0.015625 0.015625
0 0.603125 0.698438 0.015625 0.015625
0 0.675000 0.698438 0.015625 0.015625
0 0.529687 0.700000 0.015625 0.015625
0 0.904687 0.700000 0.015625 0.015625
0 0.745313 0.701562 0.015625 0.015625
0 0.981250 0.701562 0.015625 0.015625
0 0.828125 0.703125 0.015625 0.015625
0 0.034375 0.756250 0.015625 0.015625
0 0.332813 0.762500 0.015625 0.015625
0 0.410938 0.762500 0.015625 0.015625
0 0.257812 0.764062 0.015625 0.015625
0 0.182812 0.765625 0.015625 0.015625
0 0.485938 0.768750 0.015625 0.015625
0 0.635938 0.768750 0.015625 0.015625
0 0.709375 0.768750 0.015625 0.015625
0 0.564063 0.770312 0.015625 0.015625
0 0.785937 0.771875 0.015625 0.015625
0 0.939063 0.776563 0.015625 0.015625
0 0.067187 0.821875 0.015625 0.015625
0 0.300000 0.826562 0.015625 0.015625
0 0.370312 0.826562 0.015625 0.015625
0 0.901563 0.834375 0.015625 0.015625
0 0.754687 0.835938 0.015625 0.015625
0 0.981250 0.835938 0.015625 0.015625
0 0.106250 0.889062 0.015625 0.015625
0 0.028125 0.889062 0.015625 0.015625
0 0.182812 0.889062 0.015625 0.015625
0 0.409375 0.895312 0.015625 0.015625
0 0.332813 0.895312 0.015625 0.015625
0 0.785937 0.895312 0.015625 0.015625
0 0.862500 0.895312 0.015625 0.015625
0 0.485938 0.895312 0.015625 0.015625
0 0.635938 0.896875 0.015625 0.015625
0 0.709375 0.896875 0.015625 0.015625
0 0.939063 0.896875 0.015625 0.015625
0 0.259375 0.898438 0.015625 0.015625
0 0.523438 0.957812 0.015625 0.015625
0 0.215625 0.959375 0.015625 0.015625
0 0.062500 0.959375 0.015625 0.015625
0 0.290625 0.959375 0.015625 0.015625
0 0.826562 0.959375 0.015625 0.015625
0 0.593750 0.959375 0.015625 0.015625
0 0.365625 0.960938 0.015625 0.015625
0 0.748437 0.962500 0.015625 0.015625
0 0.450000 0.964063 0.015625 0.015625
0 0.898438 0.965625 0.015625 0.015625
0 0.978125 0.967187 0.015625 0.015625
0 0.218750 0.820312 0.015625 0.015625
0 0.335938 0.356250 0.015625 0.015625
0 0.257812 0.357812 0.015625 0.015625
0 0.192188 0.356250 0.015625 0.015625
0 0.235937 0.287500 0.015625 0.015625
0 0.275000 0.232813 0.015625 0.015625
0 0.498437 0.232813 0.015625 0.015625
0 0.576562 0.221875 0.015625 0.015625
0 0.675000 0.442188 0.015625 0.015625
0 0.417187 0.367188 0.015625 0.015625
0 0.059375 0.426563 0.015625 0.015625
0 0.931250 0.039062 0.015625 0.015625
0 0.993750 0.039062 0.015625 0.015625
0 0.234375 0.025000 0.015625 0.015625
0 0.148438 0.957812 0.015625 0.015625
