0 0.365625 0.200000 0.015625 0.015625
0 0.290625 0.196875 0.015625 0.015625
0 0.215625 0.198437 0.015625 0.015625
0 0.165625 0.390625 0.015625 0.015625
0 0.142187 0.196875 0.015625 0.015625
0 0.065625 0.193750 0.015625 0.015625
0 0.442188 0.201563 0.015625 0.015625
0 0.106250 0.128125 0.015625 0.015625
0 0.332813 0.126562 0.015625 0.015625
0 0.481250 0.265625 0.015625 0.015625
0 0.862500 0.134375 0.015625 0.015625
0 0.935937 0.135937 0.015625 0.015625
0 0.967187 0.201563 0.015625 0.015625
0 0.667188 0.200000 0.015625 0.015625
0 0.092188 0.385937 0.015625 0.015625
0 0.550000 0.264062 0.015625 0.015625
0 0.025000 0.385937 0.015625 0.015625
0 0.210938 0.326562 0.015625 0.015625
0 0.131250 0.328125 0.015625 0.015625
0 0.287500 0.326562 0.015625 0.015625
0 0.395313 0.396875 0.015625 0.015625
0 0.251563 0.262500 0.015625 0.015625
0 0.062500 0.325000 0.015625 0.015625
0 0.100000 0.262500 0.015625 0.015625
0 0.515625 0.209375 0.015625 0.015625
0 0.326562 0.265625 0.015625 0.015625
0 0.240625 0.390625 0.015625 0.015625
0 0.026562 0.256250 0.015625 0.015625
0 0.176563 0.262500 0.015625 0.015625
0 0.510938 0.329688 0.015625 0.015625
0 0.325000 0.387500 0.015625 0.015625
0 0.404687 0.262500 0.015625 0.015625
0 0.367188 0.331250 0.015625 0.015625
0 0.585938 0.332813 0.015625 0.015625
0 0.593750 0.201563 0.015625 0.015625
0 0.643750 0.378125 0.015625 0.015625
0 0.965625 0.339062 0.015625 0.015625
0 0.889062 0.332813 0.015625 0.015625
0 0.860938 0.268750 0.015625 0.015625
0 0.932813 0.267188 0.015625 0.015625
0 0.892188 0.196875 0.015625 0.015625
0 0.920312 0.412500 0.015625 0.015625
0 0.820312 0.203125 0.015625 0.015625
0 0.729688 0.271875 0.015625 0.015625
0 0.789062 0.273438 0.015625 0.015625
0 0.621875 0.264062 0.015625 0.015625
0 0.714063 0.003125 0.015625 0.015625
0 0.578125 0.003125 0.015625 0.015625
0 0.643750 0.014063 0.015625 0.015625
0 0.326562 0.003125 0.015625 0.015625
0 0.076563 0.059375 0.015625 0.015625
0 0.151562 0.060937 0.015625 0.015625
0 0.228125 0.060937 0.015625 0.015625
0 0.007812 0.000000 0.015625 0.015625
0 0.298438 0.070312 0.015625 0.015625
0 0.373437 0.068750 0.015625 0.015625
0 0.445312 0.068750 0.015625 0.015625
0 0.525000 0.070312 0.015625 0.015625
0 0.615625 0.067187 0.015625 0.015625
0 0.667188 0.071875 0.015625 0.015625
0 0.487500 0.134375 0.015625 0.015625
0 0.556250 0.135937 0.015625 0.015625
0 0.632812 0.137500 0.015625 0.015625
0 0.489063 0.390625 0.015625 0.015625
0 0.442188 0.339062 0.015625 0.015625
0 0.548438 0.390625 0.015625 0.015625
0 0.978125 0.070312 0.015625 0.015625
0 0.893750 0.068750 0.015625 0.015625
0 0.837500 0.390625 0.015625 0.015625
0 0.778125 0.401562 0.015625 0.015625
0 0.740625 0.334375 0.015625 0.015625
0 0.804688 0.343750 0.015625 0.015625
