0 0.792188 0.007812 0.015625 0.015625
0 0.887500 0.009375 0.015625 0.015625
0 0.954688 0.012500 0.015625 0.015625
0 0.557813 0.017188 0.015625 0.015625
0 0.457813 0.037500 0.015625 0.015625
0 0.365625 0.043750 0.015625 0.015625
0 0.609375 0.070312 0.015625 0.015625
0 0.756250 0.071875 0.015625 0.015625
0 0.837500 0.075000 0.015625 0.015625
0 0.323437 0.101562 0.015625 0.015625
0 0.465625 0.114062 0.015625 0.015625
0 0.710938 0.134375 0.015625 0.015625
0 0.795312 0.137500 0.015625 0.015625
0 0.878125 0.139063 0.015625 0.015625
0 0.112500 0.153125 0.015625 0.015625
0 0.359375 0.156250 0.015625 0.015625
0 0.178125 0.156250 0.015625 0.015625
0 0.000000 0.162500 0.015625 0.015625
0 0.070312 0.176563 0.015625 0.015625
0 0.834375 0.198437 0.015625 0.015625
0 0.757812 0.200000 0.015625 0.015625
0 0.978125 0.200000 0.015625 0.015625
0 0.229687 0.201563 0.015625 0.015625
0 0.907813 0.204687 0.015625 0.015625
0 0.528125 0.209375 0.015625 0.015625
0 0.034375 0.253125 0.015625 0.015625
0 0.187500 0.260937 0.015625 0.015625
0 0.792188 0.262500 0.015625 0.015625
0 0.865625 0.267188 0.015625 0.015625
0 0.260937 0.268750 0.015625 0.015625
0 0.714063 0.268750 0.015625 0.015625
0 0.945312 0.273438 0.015625 0.015625
0 0.134375 0.282813 0.015625 0.015625
0 0.581250 0.293750 0.015625 0.015625
0 0.218750 0.329688 0.015625 0.015625
0 0.156250 0.334375 0.015625 0.015625
0 0.006250 0.340625 0.015625 0.015625
0 0.906250 0.340625 0.015625 0.015625
0 0.828125 0.340625 0.015625 0.015625
0 0.984375 0.343750 0.015625 0.015625
0 0.607812 0.345313 0.015625 0.015625
0 0.312500 0.345313 0.015625 0.015625
0 0.709375 0.362500 0.015625 0.015625
0 0.237500 0.373437 0.015625 0.015625
0 0.484375 0.395313 0.015625 0.015625
0 0.790625 0.398438 0.015625 0.015625
0 0.015625 0.407813 0.015625 0.015625
0 0.940625 0.409375 0.015625 0.015625
0 0.865625 0.412500 0.015625 0.015625
0 0.090625 0.417187 0.015625 0.015625
0 0.154688 0.418750 0.015625 0.015625
0 0.732812 0.420312 0.015625 0.015625
0 0.657813 0.442188 0.015625 0.015625
0 0.217188 0.456250 0.015625 0.015625
0 0.376563 0.457813 0.015625 0.015625
0 0.035937 0.459375 0.015625 0.015625
0 0.440625 0.464062 0.015625 0.015625
0 0.304688 0.464062 0.015625 0.015625
0 0.831250 0.465625 0.015625 0.015625
0 0.904687 0.471875 0.015625 0.015625
0 0.978125 0.471875 0.015625 0.015625
0 0.110937 0.484375 0.015625 0.015625
0 0.690625 0.514062 0.015625 0.015625
0 0.407813 0.523438 0.015625 0.015625
0 0.260937 0.535937 0.015625 0.015625
0 0.339062 0.537500 0.015625 0.015625
0 0.190625 0.542188 0.015625 0.015625
0 0.132812 0.543750 0.015625 0.015625
0 0.573438 0.556250 0.015625 0.015625
0 0.621875 0.557813 0.015625 0.015625
0 0.082812 0.560937 0.015625 0.015625
0 0.293750 0.581250 0.015625 0.015625
0 0.528125 0.589063 0.015625 0.015625
0 0.187500 0.604688 0.015625 0.015625
0 0.878125 0.623437 0.015625 0.015625
0 0.048438 0.639062 0.015625 0.015625
0 0.637500 0.642188 0.015625 0.015625
0 0.331250 0.645312 0.015625 0.015625
0 0.740625 0.650000 0.015625 0.015625
0 0.484375 0.651563 0.015625 0.015625
0 0.006250 0.687500 0.015625 0.015625
0 0.298438 0.687500 0.015625 0.015625
0 0.207813 0.687500 0.015625 0.015625
0 0.928125 0.693750 0.015625 0.015625
0 0.368750 0.695312 0.015625 0.015625
0 0.453125 0.700000 0.015625 0.015625
0 0.564063 0.710938 0.015625 0.015625
0 0.976562 0.737500 0.015625 0.015625
0 0.268750 0.751563 0.015625 0.015625
0 0.484375 0.779687 0.015625 0.015625
0 0.231250 0.809375 0.015625 0.015625
0 0.312500 0.817187 0.015625 0.015625
0 0.582812 0.817187 0.015625 0.015625
0 0.662500 0.818750 0.015625 0.015625
0 0.409375 0.818750 0.015625 0.015625
0 0.067187 0.820312 0.015625 0.015625
0 0.140625 0.825000 0.015625 0.015625
0 0.973437 0.857812 0.015625 0.015625
0 0.842187 0.862500 0.015625 0.015625
0 0.773438 0.884375 0.015625 0.015625
0 0.107813 0.893750 0.015625 0.015625
0 0.337500 0.896875 0.015625 0.015625
0 0.031250 0.898438 0.015625 0.015625
0 0.187500 0.901563 0.015625 0.015625
0 0.812500 0.928125 0.015625 0.015625
0 0.012500 0.937500 0.015625 0.015625
0 0.929688 0.939063 0.015625 0.015625
0 0.089063 0.943750 0.015625 0.015625
0 0.356250 0.945312 0.015625 0.015625
0 0.135937 0.945312 0.015625 0.015625
0 0.578125 0.946875 0.015625 0.015625
0 0.462500 0.950000 0.015625 0.015625
0 0.753125 0.992188 0.015625 0.015625
0 0.904687 0.995313 0.015625 0.015625
0 0.670312 0.996875 0.015625 0.015625
