0 0.000000 0.007812 0.015625 0.015625
0 0.189062 0.010937 0.015625 0.015625
0 0.151562 0.012500 0.015625 0.015625
0 0.226562 0.012500 0.015625 0.015625
0 0.376563 0.015625 0.015625 0.015625
0 0.337500 0.017188 0.015625 0.015625
0 0.415625 0.017188 0.015625 0.015625
0 0.454688 0.018750 0.015625 0.015625
0 0.490625 0.018750 0.015625 0.015625
0 0.531250 0.020313 0.015625 0.015625
0 0.570312 0.020313 0.015625 0.015625
0 0.018750 0.043750 0.015625 0.015625
0 0.131250 0.043750 0.015625 0.015625
0 0.095312 0.043750 0.015625 0.015625
0 0.057813 0.043750 0.015625 0.015625
0 0.209375 0.043750 0.015625 0.015625
0 0.246875 0.045312 0.015625 0.015625
0 0.170313 0.045312 0.015625 0.015625
0 0.282813 0.045312 0.015625 0.015625
0 0.320312 0.048438 0.015625 0.015625
0 0.396875 0.050000 0.015625 0.015625
0 0.359375 0.050000 0.015625 0.015625
0 0.434375 0.050000 0.015625 0.015625
0 0.471875 0.050000 0.015625 0.015625
0 0.510938 0.053125 0.015625 0.015625
0 0.587500 0.053125 0.015625 0.015625
0 0.548438 0.053125 0.015625 0.015625
0 0.625000 0.054688 0.015625 0.015625
0 0.035937 0.075000 0.015625 0.015625
0 0.075000 0.075000 0.015625 0.015625
0 0.112500 0.076563 0.015625 0.015625
0 0.187500 0.076563 0.015625 0.015625
0 0.264062 0.078125 0.015625 0.015625
0 0.150000 0.078125 0.015625 0.015625
0 0.226562 0.078125 0.015625 0.015625
0 0.301563 0.079687 0.015625 0.015625
0 0.339062 0.079687 0.015625 0.015625
0 0.376563 0.081250 0.015625 0.015625
0 0.415625 0.082812 0.015625 0.015625
0 0.453125 0.082812 0.015625 0.015625
0 0.489063 0.084375 0.015625 0.015625
0 0.529687 0.084375 0.015625 0.015625
0 0.568750 0.085938 0.015625 0.015625
0 0.606250 0.085938 0.015625 0.015625
0 0.643750 0.085938 0.015625 0.015625
0 0.017188 0.106250 0.015625 0.015625
0 0.056250 0.107813 0.015625 0.015625
0 0.095312 0.109375 0.015625 0.015625
0 0.132812 0.109375 0.015625 0.015625
0 0.245312 0.110937 0.015625 0.015625
0 0.170313 0.110937 0.015625 0.015625
0 0.284375 0.110937 0.015625 0.015625
0 0.206250 0.110937 0.015625 0.015625
0 0.435937 0.112500 0.015625 0.015625
0 0.359375 0.114062 0.015625 0.015625
0 0.398438 0.114062 0.015625 0.015625
0 0.321875 0.114062 0.015625 0.015625
0 0.509375 0.115625 0.015625 0.015625
0 0.623437 0.115625 0.015625 0.015625
0 0.473438 0.115625 0.015625 0.015625
0 0.550000 0.117188 0.015625 0.015625
0 0.587500 0.117188 0.015625 0.015625
0 0.660937 0.118750 0.015625 0.015625
0 0.075000 0.140625 0.015625 0.015625
0 0.037500 0.140625 0.015625 0.015625
0 0.112500 0.140625 0.015625 0.015625
0 0.150000 0.142187 0.015625 0.015625
0 0.262500 0.143750 0.015625 0.015625
0 0.187500 0.143750 0.015625 0.015625
0 0.225000 0.143750 0.015625 0.015625
0 0.376563 0.145313 0.015625 0.015625
0 0.339062 0.145313 0.015625 0.015625
0 0.300000 0.146875 0.015625 0.015625
0 0.415625 0.148438 0.015625 0.015625
0 0.453125 0.148438 0.015625 0.015625
0 0.492188 0.150000 0.015625 0.015625
0 0.567187 0.150000 0.015625 0.015625
0 0.529687 0.150000 0.015625 0.015625
0 0.606250 0.151562 0.015625 0.015625
0 0.643750 0.151562 0.015625 0.015625
0 0.682813 0.153125 0.015625 0.015625
0 0.093750 0.175000 0.015625 0.015625
0 0.018750 0.175000 0.015625 0.015625
0 0.057813 0.175000 0.015625 0.015625
0 0.168750 0.176563 0.015625 0.015625
0 0.243750 0.178125 0.015625 0.015625
0 0.132812 0.178125 0.015625 0.015625
0 0.207813 0.179688 0.015625 0.015625
0 0.359375 0.179688 0.015625 0.015625
0 0.473438 0.179688 0.015625 0.015625
0 0.320312 0.181250 0.015625 0.015625
0 0.396875 0.181250 0.015625 0.015625
0 0.435937 0.181250 0.015625 0.015625
0 0.512500 0.182812 0.015625 0.015625
0 0.548438 0.182812 0.015625 0.015625
0 0.621875 0.184375 0.015625 0.015625
0 0.662500 0.184375 0.015625 0.015625
0 0.585938 0.184375 0.015625 0.015625
0 0.698438 0.184375 0.015625 0.015625
0 0.035937 0.207813 0.015625 0.015625
0 0.073438 0.207813 0.015625 0.015625
0 0.112500 0.207813 0.015625 0.015625
0 0.185938 0.209375 0.015625 0.015625
0 0.414062 0.212500 0.015625 0.015625
0 0.375000 0.212500 0.015625 0.015625
0 0.450000 0.212500 0.015625 0.015625
0 0.337500 0.212500 0.015625 0.015625
0 0.148438 0.214062 0.015625 0.015625
0 0.489063 0.214062 0.015625 0.015625
0 0.528125 0.215625 0.015625 0.015625
0 0.640625 0.215625 0.015625 0.015625
0 0.223438 0.215625 0.015625 0.015625
0 0.603125 0.217188 0.015625 0.015625
0 0.567187 0.217188 0.015625 0.015625
0 0.679688 0.217188 0.015625 0.015625
0 0.714063 0.218750 0.015625 0.015625
0 0.303125 0.220312 0.015625 0.015625
0 0.015625 0.240625 0.015625 0.015625
0 0.053125 0.240625 0.015625 0.015625
0 0.090625 0.242188 0.015625 0.015625
0 0.128125 0.242188 0.015625 0.015625
0 0.165625 0.243750 0.015625 0.015625
0 0.203125 0.245312 0.015625 0.015625
0 0.434375 0.245312 0.015625 0.015625
0 0.242188 0.245312 0.015625 0.015625
0 0.356250 0.246875 0.015625 0.015625
0 0.393750 0.246875 0.015625 0.015625
0 0.510938 0.246875 0.015625 0.015625
0 0.471875 0.246875 0.015625 0.015625
0 0.278125 0.246875 0.015625 0.015625
0 0.320312 0.248438 0.015625 0.015625
0 0.660937 0.248438 0.015625 0.015625
0 0.621875 0.248438 0.015625 0.015625
0 0.548438 0.248438 0.015625 0.015625
0 0.585938 0.250000 0.015625 0.015625
0 0.696875 0.251563 0.015625 0.015625
0 0.732812 0.251563 0.015625 0.015625
0 0.073438 0.273438 0.015625 0.015625
0 0.185938 0.273438 0.015625 0.015625
0 0.109375 0.275000 0.015625 0.015625
0 0.034375 0.275000 0.015625 0.015625
0 0.148438 0.275000 0.015625 0.015625
0 0.220312 0.275000 0.015625 0.015625
0 0.371875 0.278125 0.015625 0.015625
0 0.259375 0.278125 0.015625 0.015625
0 0.337500 0.278125 0.015625 0.015625
0 0.298438 0.279687 0.015625 0.015625
0 0.489063 0.279687 0.015625 0.015625
0 0.450000 0.279687 0.015625 0.015625
0 0.410938 0.279687 0.015625 0.015625
0 0.526563 0.279687 0.015625 0.015625
0 0.565625 0.281250 0.015625 0.015625
0 0.603125 0.282813 0.015625 0.015625
0 0.678125 0.282813 0.015625 0.015625
0 0.639062 0.282813 0.015625 0.015625
0 0.715625 0.284375 0.015625 0.015625
0 0.750000 0.285938 0.015625 0.015625
0 0.975000 0.303125 0.015625 0.015625
0 0.128125 0.307812 0.015625 0.015625
0 0.015625 0.307812 0.015625 0.015625
0 0.090625 0.307812 0.015625 0.015625
0 0.164062 0.309375 0.015625 0.015625
0 0.201563 0.309375 0.015625 0.015625
0 0.053125 0.309375 0.015625 0.015625
0 0.237500 0.309375 0.015625 0.015625
0 0.278125 0.310937 0.015625 0.015625
0 0.317188 0.310937 0.015625 0.015625
0 0.507812 0.314063 0.015625 0.015625
0 0.465625 0.315625 0.015625 0.015625
0 0.621875 0.315625 0.015625 0.015625
0 0.659375 0.315625 0.015625 0.015625
0 0.696875 0.317188 0.015625 0.015625
0 0.546875 0.317188 0.015625 0.015625
0 0.734375 0.317188 0.015625 0.015625
0 0.771875 0.320312 0.015625 0.015625
0 0.034375 0.342187 0.015625 0.015625
0 0.071875 0.342187 0.015625 0.015625
0 0.146875 0.342187 0.015625 0.015625
0 0.184375 0.342187 0.015625 0.015625
0 0.109375 0.342187 0.015625 0.015625
0 0.221875 0.343750 0.015625 0.015625
0 0.296875 0.343750 0.015625 0.015625
0 0.259375 0.343750 0.015625 0.015625
0 0.635938 0.348438 0.015625 0.015625
0 0.598437 0.353125 0.015625 0.015625
0 0.709375 0.357812 0.015625 0.015625
0 0.785937 0.360938 0.015625 0.015625
0 0.910937 0.368750 0.015625 0.015625
0 0.962500 0.370312 0.015625 0.015625
0 0.846875 0.373437 0.015625 0.015625
0 0.543750 0.379688 0.015625 0.015625
0 0.945312 0.406250 0.015625 0.015625
0 0.632812 0.406250 0.015625 0.015625
0 0.982812 0.409375 0.015625 0.015625
0 0.214062 0.417187 0.015625 0.015625
0 0.785937 0.421875 0.015625 0.015625
0 0.485938 0.423438 0.015625 0.015625
0 0.285938 0.423438 0.015625 0.015625
0 0.542188 0.423438 0.015625 0.015625
0 0.439063 0.423438 0.015625 0.015625
0 0.375000 0.425000 0.015625 0.015625
0 0.346875 0.426563 0.015625 0.015625
0 0.590625 0.428125 0.015625 0.015625
0 0.662500 0.429688 0.015625 0.015625
0 0.709375 0.431250 0.015625 0.015625
0 0.621875 0.431250 0.015625 0.015625
0 0.218750 0.453125 0.015625 0.015625
0 0.262500 0.456250 0.015625 0.015625
0 0.400000 0.457813 0.015625 0.015625
0 0.635938 0.457813 0.015625 0.015625
0 0.579688 0.459375 0.015625 0.015625
0 0.159375 0.460938 0.015625 0.015625
0 0.300000 0.460938 0.015625 0.015625
0 0.010937 0.496875 0.015625 0.015625
0 0.209375 0.510938 0.015625 0.015625
0 0.882812 0.525000 0.015625 0.015625
0 0.067187 0.553125 0.015625 0.015625
0 0.154688 0.585938 0.015625 0.015625
0 0.271875 0.587500 0.015625 0.015625
0 0.476562 0.592187 0.015625 0.015625
0 0.695312 0.592187 0.015625 0.015625
0 0.353125 0.592187 0.015625 0.015625
0 0.590625 0.593750 0.015625 0.015625
0 0.026562 0.595313 0.015625 0.015625
0 0.078125 0.596875 0.015625 0.015625
0 0.826562 0.604688 0.015625 0.015625
0 0.007812 0.628125 0.015625 0.015625
0 0.050000 0.634375 0.015625 0.015625
0 0.101562 0.639062 0.015625 0.015625
0 0.440625 0.653125 0.015625 0.015625
0 0.218750 0.654687 0.015625 0.015625
0 0.585938 0.657813 0.015625 0.015625
0 0.662500 0.659375 0.015625 0.015625
0 0.704688 0.662500 0.015625 0.015625
0 0.748437 0.664062 0.015625 0.015625
0 0.029687 0.664062 0.015625 0.015625
0 0.846875 0.665625 0.015625 0.015625
0 0.918750 0.667188 0.015625 0.015625
0 0.885938 0.667188 0.015625 0.015625
0 0.785937 0.668750 0.015625 0.015625
0 0.970313 0.668750 0.015625 0.015625
0 0.151562 0.670312 0.015625 0.015625
0 0.821875 0.670312 0.015625 0.015625
0 0.084375 0.700000 0.015625 0.015625
0 0.121875 0.700000 0.015625 0.015625
0 0.976562 0.706250 0.015625 0.015625
0 0.362500 0.721875 0.015625 0.015625
0 0.570312 0.721875 0.015625 0.015625
0 0.617188 0.723437 0.015625 0.015625
0 0.414062 0.723437 0.015625 0.015625
0 0.450000 0.723437 0.015625 0.015625
0 0.528125 0.725000 0.015625 0.015625
0 0.714063 0.725000 0.015625 0.015625
0 0.487500 0.725000 0.015625 0.015625
0 0.189062 0.725000 0.015625 0.015625
0 0.951562 0.728125 0.015625 0.015625
0 0.921875 0.729688 0.015625 0.015625
0 0.848437 0.731250 0.015625 0.015625
0 0.760938 0.732812 0.015625 0.015625
0 0.104688 0.732812 0.015625 0.015625
0 0.139063 0.732812 0.015625 0.015625
0 0.048438 0.743750 0.015625 0.015625
0 0.120313 0.765625 0.015625 0.015625
0 0.165625 0.775000 0.015625 0.015625
0 0.460938 0.779687 0.015625 0.015625
0 0.535937 0.779687 0.015625 0.015625
0 0.731250 0.782813 0.015625 0.015625
0 0.506250 0.782813 0.015625 0.015625
0 0.382812 0.787500 0.015625 0.015625
0 0.810937 0.789062 0.015625 0.015625
0 0.768750 0.789062 0.015625 0.015625
0 0.876563 0.790625 0.015625 0.015625
0 0.025000 0.792188 0.015625 0.015625
0 0.957812 0.793750 0.015625 0.015625
0 0.917188 0.795312 0.015625 0.015625
0 0.134375 0.801562 0.015625 0.015625
0 0.518750 0.804688 0.015625 0.015625
0 0.059375 0.806250 0.015625 0.015625
0 0.476562 0.806250 0.015625 0.015625
0 0.435937 0.807813 0.015625 0.015625
0 0.114062 0.821875 0.015625 0.015625
0 0.157812 0.825000 0.015625 0.015625
0 0.004687 0.828125 0.015625 0.015625
0 0.045312 0.828125 0.015625 0.015625
0 0.075000 0.831250 0.015625 0.015625
0 0.195312 0.832812 0.015625 0.015625
0 0.401562 0.845313 0.015625 0.015625
0 0.432812 0.846875 0.015625 0.015625
0 0.256250 0.846875 0.015625 0.015625
0 0.368750 0.848437 0.015625 0.015625
0 0.581250 0.850000 0.015625 0.015625
0 0.687500 0.853125 0.015625 0.015625
0 0.643750 0.853125 0.015625 0.015625
0 0.839063 0.854688 0.015625 0.015625
0 0.804688 0.854688 0.015625 0.015625
0 0.767188 0.856250 0.015625 0.015625
0 0.884375 0.859375 0.015625 0.015625
0 0.096875 0.859375 0.015625 0.015625
0 0.984375 0.859375 0.015625 0.015625
0 0.134375 0.860938 0.015625 0.015625
0 0.059375 0.862500 0.015625 0.015625
0 0.021875 0.864062 0.015625 0.015625
0 0.932813 0.864062 0.015625 0.015625
0 0.210938 0.867188 0.015625 0.015625
0 0.112500 0.893750 0.015625 0.015625
0 0.081250 0.895312 0.015625 0.015625
0 0.037500 0.895312 0.015625 0.015625
0 0.437500 0.909375 0.015625 0.015625
0 0.495312 0.912500 0.015625 0.015625
0 0.635938 0.912500 0.015625 0.015625
0 0.459375 0.915625 0.015625 0.015625
0 0.873437 0.915625 0.015625 0.015625
0 0.809375 0.917188 0.015625 0.015625
0 0.781250 0.918750 0.015625 0.015625
0 0.025000 0.920312 0.015625 0.015625
0 0.725000 0.921875 0.015625 0.015625
0 0.975000 0.925000 0.015625 0.015625
0 0.062500 0.926562 0.015625 0.015625
0 0.135937 0.928125 0.015625 0.015625
0 0.096875 0.929688 0.015625 0.015625
0 0.248438 0.929688 0.015625 0.015625
0 0.190625 0.946875 0.015625 0.015625
0 0.168750 0.946875 0.015625 0.015625
0 0.212500 0.946875 0.015625 0.015625
0 0.000000 0.954688 0.015625 0.015625
0 0.234375 0.959375 0.015625 0.015625
0 0.040625 0.959375 0.015625 0.015625
0 0.078125 0.959375 0.015625 0.015625
0 0.117188 0.960938 0.015625 0.015625
0 0.270313 0.962500 0.015625 0.015625
0 0.582812 0.971875 0.015625 0.015625
0 0.521875 0.979688 0.015625 0.015625
0 0.654687 0.979688 0.015625 0.015625
0 0.700000 0.981250 0.015625 0.015625
0 0.467187 0.981250 0.015625 0.015625
0 0.739062 0.982812 0.015625 0.015625
0 0.781250 0.984375 0.015625 0.015625
0 0.925000 0.984375 0.015625 0.015625
0 0.960938 0.984375 0.015625 0.015625
0 0.098437 0.990625 0.015625 0.015625
0 0.023438 0.992188 0.015625 0.015625
0 0.209375 0.992188 0.015625 0.015625
0 0.059375 0.995313 0.015625 0.015625
0 0.250000 0.996875 0.015625 0.015625
0 0.756250 0.220312 0.015625 0.015625
0 0.789062 0.220312 0.015625 0.015625
0 0.829688 0.220312 0.015625 0.015625
0 0.867188 0.223438 0.015625 0.015625
0 0.914062 0.218750 0.015625 0.015625
0 0.982812 0.228125 0.015625 0.015625
