0 0.906250 0.001563 0.015625 0.015625
0 0.459375 0.007812 0.015625 0.015625
0 0.984375 0.014063 0.015625 0.015625
0 0.717187 0.064062 0.015625 0.015625
0 0.034375 0.064062 0.015625 0.015625
0 0.854688 0.064062 0.015625 0.015625
0 0.787500 0.068750 0.015625 0.015625
0 0.353125 0.071875 0.015625 0.015625
0 0.943750 0.073438 0.015625 0.015625
0 0.760938 0.121875 0.015625 0.015625
0 0.456250 0.128125 0.015625 0.015625
0 0.592187 0.131250 0.015625 0.015625
0 0.682813 0.132812 0.015625 0.015625
0 0.829688 0.137500 0.015625 0.015625
0 0.904687 0.145313 0.015625 0.015625
0 0.415625 0.168750 0.015625 0.015625
0 0.337500 0.170313 0.015625 0.015625
0 0.235937 0.184375 0.015625 0.015625
0 0.789062 0.195312 0.015625 0.015625
0 0.560937 0.196875 0.015625 0.015625
0 0.489063 0.196875 0.015625 0.015625
0 0.715625 0.200000 0.015625 0.015625
0 0.637500 0.200000 0.015625 0.015625
0 0.867188 0.201563 0.015625 0.015625
0 0.943750 0.206250 0.015625 0.015625
0 0.071875 0.209375 0.015625 0.015625
0 0.304688 0.250000 0.015625 0.015625
0 0.379688 0.253125 0.015625 0.015625
0 0.454688 0.257812 0.015625 0.015625
0 0.526563 0.259375 0.015625 0.015625
0 0.604688 0.262500 0.015625 0.015625
0 0.679688 0.264062 0.015625 0.015625
0 0.754687 0.265625 0.015625 0.015625
0 0.829688 0.267188 0.015625 0.015625
0 0.906250 0.271875 0.015625 0.015625
0 0.984375 0.273438 0.015625 0.015625
0 0.037500 0.278125 0.015625 0.015625
0 0.112500 0.317188 0.015625 0.015625
0 0.190625 0.318750 0.015625 0.015625
0 0.260937 0.321875 0.015625 0.015625
0 0.337500 0.321875 0.015625 0.015625
0 0.412500 0.323437 0.015625 0.015625
0 0.485938 0.325000 0.015625 0.015625
0 0.562500 0.326562 0.015625 0.015625
0 0.637500 0.332813 0.015625 0.015625
0 0.710938 0.334375 0.015625 0.015625
0 0.785937 0.337500 0.015625 0.015625
0 0.062500 0.384375 0.015625 0.015625
0 0.443750 0.385937 0.015625 0.015625
0 0.143750 0.390625 0.015625 0.015625
0 0.868750 0.401562 0.015625 0.015625
0 0.373437 0.404687 0.015625 0.015625
0 0.614062 0.412500 0.015625 0.015625
0 0.535937 0.412500 0.015625 0.015625
0 0.685937 0.414062 0.015625 0.015625
0 0.945312 0.426563 0.015625 0.015625
0 0.014063 0.446875 0.015625 0.015625
0 0.359375 0.470313 0.015625 0.015625
0 0.642188 0.471875 0.015625 0.015625
0 0.856250 0.473438 0.015625 0.015625
0 0.579688 0.482812 0.015625 0.015625
0 0.429688 0.485938 0.015625 0.015625
0 0.239063 0.489063 0.015625 0.015625
0 0.504687 0.489063 0.015625 0.015625
0 0.764062 0.498437 0.015625 0.015625
0 0.332813 0.548438 0.015625 0.015625
0 0.406250 0.553125 0.015625 0.015625
0 0.490625 0.562500 0.015625 0.015625
0 0.751563 0.579688 0.015625 0.015625
0 0.139063 0.587500 0.015625 0.015625
0 0.512500 0.600000 0.015625 0.015625
0 0.975000 0.604688 0.015625 0.015625
0 0.806250 0.646875 0.015625 0.015625
0 0.706250 0.660937 0.015625 0.015625
0 0.629687 0.664062 0.015625 0.015625
0 0.140625 0.665625 0.015625 0.015625
0 0.476562 0.665625 0.015625 0.015625
0 0.881250 0.670312 0.015625 0.015625
0 0.371875 0.670312 0.015625 0.015625
0 0.217188 0.700000 0.015625 0.015625
0 0.993750 0.703125 0.015625 0.015625
0 0.804688 0.704688 0.015625 0.015625
0 0.767188 0.785937 0.015625 0.015625
0 0.889062 0.795312 0.015625 0.015625
0 0.284375 0.798438 0.015625 0.015625
0 0.564063 0.800000 0.015625 0.015625
0 0.195312 0.803125 0.015625 0.015625
0 0.617188 0.803125 0.015625 0.015625
0 0.312500 0.845313 0.015625 0.015625
0 0.015625 0.846875 0.015625 0.015625
0 0.414062 0.848437 0.015625 0.015625
0 0.917188 0.857812 0.015625 0.015625
0 0.853125 0.860938 0.015625 0.015625
0 0.479687 0.868750 0.015625 0.015625
0 0.753125 0.871875 0.015625 0.015625
0 0.565625 0.884375 0.015625 0.015625
0 0.367188 0.906250 0.015625 0.015625
0 0.296875 0.923438 0.015625 0.015625
0 0.442188 0.928125 0.015625 0.015625
0 0.915625 0.945312 0.015625 0.015625
0 0.526563 0.948438 0.015625 0.015625
0 0.612500 0.959375 0.015625 0.015625
0 0.370312 0.998437 0.015625 0.015625
