0 0.803125 0.014063 0.015625 0.015625
0 0.693750 0.046875 0.015625 0.015625
0 0.532813 0.048438 0.015625 0.015625
0 0.610938 0.050000 0.015625 0.015625
0 0.917188 0.050000 0.015625 0.015625
0 0.492188 0.112500 0.015625 0.015625
0 0.876563 0.112500 0.015625 0.015625
0 0.954688 0.115625 0.015625 0.015625
0 0.804688 0.117188 0.015625 0.015625
0 0.642188 0.118750 0.015625 0.015625
0 0.457813 0.175000 0.015625 0.015625
0 0.539062 0.179688 0.015625 0.015625
0 0.612500 0.181250 0.015625 0.015625
0 0.689063 0.182812 0.015625 0.015625
0 0.726562 0.237500 0.015625 0.015625
0 0.581250 0.239063 0.015625 0.015625
0 0.806250 0.243750 0.015625 0.015625
0 0.535937 0.300000 0.015625 0.015625
0 0.459375 0.300000 0.015625 0.015625
0 0.614062 0.303125 0.015625 0.015625
0 0.685937 0.306250 0.015625 0.015625
0 0.762500 0.306250 0.015625 0.015625
0 0.989062 0.312500 0.015625 0.015625
0 0.643750 0.368750 0.015625 0.015625
0 0.492188 0.368750 0.015625 0.015625
0 0.570312 0.370312 0.015625 0.015625
0 0.723437 0.371875 0.015625 0.015625
0 0.806250 0.378125 0.015625 0.015625
0 0.610938 0.435937 0.015625 0.015625
0 0.682813 0.435937 0.015625 0.015625
0 0.760938 0.442188 0.015625 0.015625
0 0.909375 0.443750 0.015625 0.015625
0 0.834375 0.446875 0.015625 0.015625
0 0.489063 0.473438 0.015625 0.015625
0 0.714063 0.493750 0.015625 0.015625
0 0.456250 0.546875 0.015625 0.015625
0 0.528125 0.546875 0.015625 0.015625
0 0.612500 0.556250 0.015625 0.015625
0 0.685937 0.557813 0.015625 0.015625
0 0.981250 0.564063 0.015625 0.015625
0 0.832812 0.565625 0.015625 0.015625
0 0.906250 0.568750 0.015625 0.015625
0 0.415625 0.618750 0.015625 0.015625
0 0.492188 0.623437 0.015625 0.015625
0 0.568750 0.625000 0.015625 0.015625
0 0.807813 0.637500 0.015625 0.015625
0 0.878125 0.639062 0.015625 0.015625
0 0.943750 0.643750 0.015625 0.015625
0 0.453125 0.684375 0.015625 0.015625
0 0.531250 0.687500 0.015625 0.015625
0 0.606250 0.690625 0.015625 0.015625
0 0.682813 0.693750 0.015625 0.015625
0 0.757812 0.698438 0.015625 0.015625
0 0.492188 0.751563 0.015625 0.015625
0 0.565625 0.753125 0.015625 0.015625
0 0.639062 0.757812 0.015625 0.015625
0 0.937500 0.757812 0.015625 0.015625
0 0.715625 0.757812 0.015625 0.015625
0 0.860938 0.759375 0.015625 0.015625
0 0.790625 0.760938 0.015625 0.015625
0 0.526563 0.818750 0.015625 0.015625
0 0.904687 0.834375 0.015625 0.015625
0 0.981250 0.835938 0.015625 0.015625
0 0.560937 0.885938 0.015625 0.015625
0 0.485938 0.885938 0.015625 0.015625
0 0.409375 0.885938 0.015625 0.015625
0 0.639062 0.889062 0.015625 0.015625
0 0.712500 0.892188 0.015625 0.015625
0 0.942187 0.895312 0.015625 0.015625
0 0.787500 0.895312 0.015625 0.015625
0 0.871875 0.896875 0.015625 0.015625
0 0.453125 0.956250 0.015625 0.015625
0 0.600000 0.956250 0.015625 0.015625
0 0.675000 0.957812 0.015625 0.015625
0 0.748437 0.960938 0.015625 0.015625
0 0.828125 0.962500 0.015625 0.015625
0 0.723437 0.123438 0.015625 0.015625
0 0.767188 0.179688 0.015625 0.015625
0 0.839063 0.179688 0.015625 0.015625
0 0.925000 0.184375 0.015625 0.015625
0 0.996875 0.190625 0.015625 0.015625
0 0.945312 0.251563 0.015625 0.015625
0 0.879687 0.242188 0.015625 0.015625
0 0.910937 0.298438 0.015625 0.015625
0 0.837500 0.312500 0.015625 0.015625
0 0.946875 0.382812 0.015625 0.015625
0 0.943750 0.509375 0.015625 0.015625
0 0.854688 0.504687 0.015625 0.015625
0 0.784375 0.493750 0.015625 0.015625
0 0.635938 0.484375 0.015625 0.015625
0 0.570312 0.475000 0.015625 0.015625
0 0.979688 0.709375 0.015625 0.015625
0 0.912500 0.703125 0.015625 0.015625
0 0.845313 0.706250 0.015625 0.015625
0 0.904687 0.956250 0.015625 0.015625
0 0.978125 0.967187 0.015625 0.015625
0 0.518750 0.951562 0.015625 0.015625
0 0.368750 0.948438 0.015625 0.015625
0 0.998437 0.057813 0.015625 0.015625
0 0.543750 0.429688 0.015625 0.015625
0 0.825000 0.829688 0.015625 0.015625
0 0.742188 0.826562 0.015625 0.015625
0 0.673438 0.820312 0.015625 0.015625
0 0.604688 0.825000 0.015625 0.015625
0 0.442188 0.820312 0.015625 0.015625
0 0.381250 0.823438 0.015625 0.015625
