0 0.623437 0.032813 0.015625 0.015625
0 0.040625 0.043750 0.015625 0.015625
0 0.212500 0.056250 0.015625 0.015625
0 0.426563 0.059375 0.015625 0.015625
0 0.106250 0.093750 0.015625 0.015625
0 0.764062 0.100000 0.015625 0.015625
0 0.162500 0.114062 0.015625 0.015625
0 0.237500 0.115625 0.015625 0.015625
0 0.462500 0.121875 0.015625 0.015625
0 0.673438 0.131250 0.015625 0.015625
0 0.912500 0.153125 0.015625 0.015625
0 0.532813 0.156250 0.015625 0.015625
0 0.978125 0.156250 0.015625 0.015625
0 0.800000 0.162500 0.015625 0.015625
0 0.734375 0.164062 0.015625 0.015625
0 0.065625 0.165625 0.015625 0.015625
0 0.870313 0.176563 0.015625 0.015625
0 0.279687 0.187500 0.015625 0.015625
0 0.182812 0.201563 0.015625 0.015625
0 0.026562 0.210938 0.015625 0.015625
0 0.087500 0.225000 0.015625 0.015625
0 0.756250 0.243750 0.015625 0.015625
0 0.346875 0.250000 0.015625 0.015625
0 0.834375 0.253125 0.015625 0.015625
0 0.987500 0.260937 0.015625 0.015625
0 0.614062 0.262500 0.015625 0.015625
0 0.243750 0.265625 0.015625 0.015625
0 0.478125 0.267188 0.015625 0.015625
0 0.540625 0.270313 0.015625 0.015625
0 0.934375 0.282813 0.015625 0.015625
0 0.154688 0.296875 0.015625 0.015625
0 0.062500 0.309375 0.015625 0.015625
0 0.376563 0.317188 0.015625 0.015625
0 0.571875 0.320312 0.015625 0.015625
0 0.650000 0.321875 0.015625 0.015625
0 0.501563 0.321875 0.015625 0.015625
0 0.956250 0.334375 0.015625 0.015625
0 0.806250 0.340625 0.015625 0.015625
0 0.298438 0.342187 0.015625 0.015625
0 0.406250 0.382812 0.015625 0.015625
0 0.359375 0.382812 0.015625 0.015625
0 0.684375 0.389062 0.015625 0.015625
0 0.600000 0.396875 0.015625 0.015625
0 0.815625 0.407813 0.015625 0.015625
0 0.890625 0.417187 0.015625 0.015625
0 0.954688 0.418750 0.015625 0.015625
0 0.379688 0.446875 0.015625 0.015625
0 0.835938 0.459375 0.015625 0.015625
0 0.910937 0.484375 0.015625 0.015625
0 0.610938 0.493750 0.015625 0.015625
0 0.684375 0.506250 0.015625 0.015625
0 0.390625 0.512500 0.015625 0.015625
0 0.990625 0.542188 0.015625 0.015625
0 0.932813 0.543750 0.015625 0.015625
0 0.685937 0.546875 0.015625 0.015625
0 0.882812 0.560937 0.015625 0.015625
0 0.790625 0.564063 0.015625 0.015625
0 0.560937 0.571875 0.015625 0.015625
0 0.635938 0.575000 0.015625 0.015625
0 0.434375 0.578125 0.015625 0.015625
0 0.270313 0.579688 0.015625 0.015625
0 0.987500 0.604688 0.015625 0.015625
0 0.376563 0.612500 0.015625 0.015625
0 0.848437 0.639062 0.015625 0.015625
0 0.759375 0.640625 0.015625 0.015625
0 0.467187 0.643750 0.015625 0.015625
0 0.276562 0.643750 0.015625 0.015625
0 0.589063 0.667188 0.015625 0.015625
0 0.660937 0.673438 0.015625 0.015625
0 0.806250 0.687500 0.015625 0.015625
0 0.729688 0.687500 0.015625 0.015625
0 0.356250 0.706250 0.015625 0.015625
0 0.431250 0.710938 0.015625 0.015625
0 0.487500 0.712500 0.015625 0.015625
0 0.564063 0.715625 0.015625 0.015625
0 0.635938 0.718750 0.015625 0.015625
0 0.489063 0.776563 0.015625 0.015625
0 0.678125 0.776563 0.015625 0.015625
0 0.751563 0.778125 0.015625 0.015625
0 0.323437 0.781250 0.015625 0.015625
0 0.604688 0.807813 0.015625 0.015625
0 0.790625 0.818750 0.015625 0.015625
0 0.867188 0.820312 0.015625 0.015625
0 0.940625 0.825000 0.015625 0.015625
0 0.348438 0.842187 0.015625 0.015625
0 0.510938 0.843750 0.015625 0.015625
0 0.764062 0.854688 0.015625 0.015625
0 0.631250 0.854688 0.015625 0.015625
0 0.907813 0.893750 0.015625 0.015625
0 0.831250 0.898438 0.015625 0.015625
0 0.987500 0.901563 0.015625 0.015625
0 0.600000 0.904687 0.015625 0.015625
0 0.375000 0.906250 0.015625 0.015625
0 0.746875 0.910937 0.015625 0.015625
0 0.529687 0.912500 0.015625 0.015625
0 0.684375 0.929688 0.015625 0.015625
0 0.812500 0.937500 0.015625 0.015625
0 0.889062 0.943750 0.015625 0.015625
0 0.935937 0.945312 0.015625 0.015625
0 0.634375 0.987500 0.015625 0.015625
0 0.710938 0.996875 0.015625 0.015625
