0 0.840625 0.000000 0.015625 0.015625
0 0.301563 0.000000 0.015625 0.015625
0 0.756250 0.003125 0.015625 0.015625
0 0.465625 0.006250 0.015625 0.015625
0 0.529687 0.007812 0.015625 0.015625
0 0.689063 0.009375 0.015625 0.015625
0 0.614062 0.009375 0.015625 0.015625
0 0.992188 0.018750 0.015625 0.015625
0 0.043750 0.059375 0.015625 0.015625
0 0.117188 0.062500 0.015625 0.015625
0 0.192188 0.065625 0.015625 0.015625
0 0.270313 0.065625 0.015625 0.015625
0 0.415625 0.067187 0.015625 0.015625
0 0.570312 0.073438 0.015625 0.015625
0 0.645312 0.076563 0.015625 0.015625
0 0.876563 0.079687 0.015625 0.015625
0 0.721875 0.079687 0.015625 0.015625
0 0.795312 0.081250 0.015625 0.015625
0 0.951562 0.082812 0.015625 0.015625
0 0.001563 0.126562 0.015625 0.015625
0 0.153125 0.129688 0.015625 0.015625
0 0.232813 0.131250 0.015625 0.015625
0 0.076563 0.131250 0.015625 0.015625
0 0.307812 0.135937 0.015625 0.015625
0 0.453125 0.137500 0.015625 0.015625
0 0.842187 0.142187 0.015625 0.015625
0 0.985938 0.145313 0.015625 0.015625
0 0.762500 0.146875 0.015625 0.015625
0 0.909375 0.146875 0.015625 0.015625
0 0.040625 0.192188 0.015625 0.015625
0 0.192188 0.193750 0.015625 0.015625
0 0.115625 0.193750 0.015625 0.015625
0 0.268750 0.198437 0.015625 0.015625
0 0.495312 0.200000 0.015625 0.015625
0 0.343750 0.201563 0.015625 0.015625
0 0.573438 0.203125 0.015625 0.015625
0 0.418750 0.204687 0.015625 0.015625
0 0.803125 0.204687 0.015625 0.015625
0 0.728125 0.206250 0.015625 0.015625
0 0.646875 0.206250 0.015625 0.015625
0 0.879687 0.207813 0.015625 0.015625
0 0.950000 0.214062 0.015625 0.015625
0 0.151562 0.262500 0.015625 0.015625
0 0.303125 0.264062 0.015625 0.015625
0 0.226562 0.264062 0.015625 0.015625
0 0.457813 0.265625 0.015625 0.015625
0 0.375000 0.265625 0.015625 0.015625
0 0.085938 0.265625 0.015625 0.015625
0 0.532813 0.268750 0.015625 0.015625
0 0.606250 0.271875 0.015625 0.015625
0 0.762500 0.275000 0.015625 0.015625
0 0.685937 0.275000 0.015625 0.015625
0 0.842187 0.279687 0.015625 0.015625
0 0.915625 0.281250 0.015625 0.015625
0 0.984375 0.284375 0.015625 0.015625
0 0.110937 0.332813 0.015625 0.015625
0 0.493750 0.332813 0.015625 0.015625
0 0.187500 0.334375 0.015625 0.015625
0 0.264062 0.335938 0.015625 0.015625
0 0.410938 0.340625 0.015625 0.015625
0 0.340625 0.340625 0.015625 0.015625
0 0.568750 0.340625 0.015625 0.015625
0 0.798438 0.340625 0.015625 0.015625
0 0.717187 0.343750 0.015625 0.015625
0 0.640625 0.345313 0.015625 0.015625
0 0.940625 0.351562 0.015625 0.015625
0 0.871875 0.351562 0.015625 0.015625
0 0.146875 0.398438 0.015625 0.015625
0 0.376563 0.400000 0.015625 0.015625
0 0.446875 0.401562 0.015625 0.015625
0 0.293750 0.401562 0.015625 0.015625
0 0.526563 0.404687 0.015625 0.015625
0 0.676562 0.407813 0.015625 0.015625
0 0.610938 0.407813 0.015625 0.015625
0 0.754687 0.409375 0.015625 0.015625
0 0.901563 0.412500 0.015625 0.015625
0 0.829688 0.414062 0.015625 0.015625
0 0.975000 0.417187 0.015625 0.015625
0 0.201563 0.440625 0.015625 0.015625
0 0.942187 0.462500 0.015625 0.015625
0 0.029687 0.462500 0.015625 0.015625
0 0.642188 0.462500 0.015625 0.015625
0 0.718750 0.467187 0.015625 0.015625
0 0.487500 0.467187 0.015625 0.015625
0 0.567187 0.467187 0.015625 0.015625
0 0.407813 0.468750 0.015625 0.015625
0 0.870313 0.468750 0.015625 0.015625
0 0.793750 0.473438 0.015625 0.015625
0 0.221875 0.528125 0.015625 0.015625
0 0.598437 0.532813 0.015625 0.015625
0 0.673438 0.532813 0.015625 0.015625
0 0.443750 0.535937 0.015625 0.015625
0 0.370312 0.535937 0.015625 0.015625
0 0.521875 0.537500 0.015625 0.015625
0 0.904687 0.539062 0.015625 0.015625
0 0.832812 0.539062 0.015625 0.015625
0 0.292187 0.540625 0.015625 0.015625
0 0.750000 0.540625 0.015625 0.015625
0 0.975000 0.546875 0.015625 0.015625
0 0.115625 0.578125 0.015625 0.015625
0 0.345313 0.592187 0.015625 0.015625
0 0.026562 0.593750 0.015625 0.015625
0 0.414062 0.598437 0.015625 0.015625
0 0.639062 0.600000 0.015625 0.015625
0 0.554688 0.603125 0.015625 0.015625
0 0.867188 0.604688 0.015625 0.015625
0 0.940625 0.609375 0.015625 0.015625
0 0.820312 0.643750 0.015625 0.015625
0 0.135937 0.659375 0.015625 0.015625
0 0.595313 0.664062 0.015625 0.015625
0 0.367188 0.665625 0.015625 0.015625
0 0.668750 0.670312 0.015625 0.015625
0 0.748437 0.675000 0.015625 0.015625
0 0.970313 0.675000 0.015625 0.015625
0 0.200000 0.698438 0.015625 0.015625
0 0.021875 0.721875 0.015625 0.015625
0 0.096875 0.729688 0.015625 0.015625
0 0.548438 0.732812 0.015625 0.015625
0 0.396875 0.732812 0.015625 0.015625
0 0.625000 0.737500 0.015625 0.015625
0 0.789062 0.739062 0.015625 0.015625
0 0.704688 0.739062 0.015625 0.015625
0 0.865625 0.742188 0.015625 0.015625
0 0.940625 0.750000 0.015625 0.015625
0 0.545312 0.859375 0.015625 0.015625
0 0.320312 0.860938 0.015625 0.015625
0 0.700000 0.871875 0.015625 0.015625
0 0.062500 0.912500 0.015625 0.015625
0 0.137500 0.915625 0.015625 0.015625
0 0.293750 0.937500 0.015625 0.015625
0 0.090625 0.984375 0.015625 0.015625
0 0.167187 0.984375 0.015625 0.015625
0 0.517188 0.928125 0.015625 0.015625
0 0.546875 0.995313 0.015625 0.015625
0 0.620313 0.998437 0.015625 0.015625
0 0.096875 0.464062 0.015625 0.015625
0 0.057813 0.529687 0.015625 0.015625
0 0.139063 0.531250 0.015625 0.015625
0 0.182812 0.593750 0.015625 0.015625
0 0.843750 0.865625 0.015625 0.015625
0 0.782813 0.860938 0.015625 0.015625
0 0.818750 0.939063 0.015625 0.015625
0 0.860938 0.998437 0.015625 0.015625
0 0.896875 0.937500 0.015625 0.015625
0 0.970313 0.935937 0.015625 0.015625
0 0.931250 0.867188 0.015625 0.015625
0 0.018750 0.273438 0.015625 0.015625
0 0.034375 0.332813 0.015625 0.015625
0 0.062500 0.401562 0.015625 0.015625
0 0.707812 0.603125 0.015625 0.015625
0 0.689063 0.140625 0.015625 0.015625
0 0.614062 0.139063 0.015625 0.015625
0 0.375000 0.135937 0.015625 0.015625
0 0.343750 0.067187 0.015625 0.015625
0 0.387500 0.000000 0.015625 0.015625
0 0.621875 0.867188 0.015625 0.015625
0 0.587500 0.934375 0.015625 0.015625
0 0.676562 0.929688 0.015625 0.015625
0 0.732812 0.932813 0.015625 0.015625
0 0.401562 0.859375 0.015625 0.015625
0 0.481250 0.859375 0.015625 0.015625
0 0.434375 0.926562 0.015625 0.015625
0 0.348438 0.923438 0.015625 0.015625
0 0.201563 0.920312 0.015625 0.015625
0 0.248438 0.985938 0.015625 0.015625
0 0.320312 0.989062 0.015625 0.015625
0 0.015625 0.979688 0.015625 0.015625
