0 0.106250 0.004687 0.015625 0.015625
0 0.037500 0.006250 0.015625 0.015625
0 0.182812 0.060937 0.015625 0.015625
0 0.154688 0.095312 0.015625 0.015625
0 0.090625 0.125000 0.015625 0.015625
0 0.007812 0.171875 0.015625 0.015625
0 0.057813 0.187500 0.015625 0.015625
0 0.135937 0.192188 0.015625 0.015625
0 0.209375 0.195312 0.015625 0.015625
0 0.018750 0.245312 0.015625 0.015625
0 0.321875 0.306250 0.015625 0.015625
0 0.242188 0.392188 0.015625 0.015625
0 0.343750 0.395313 0.015625 0.015625
0 0.204687 0.457813 0.015625 0.015625
0 0.289062 0.468750 0.015625 0.015625
0 0.392188 0.478125 0.015625 0.015625
0 0.248438 0.528125 0.015625 0.015625
0 0.356250 0.600000 0.015625 0.015625
0 0.432812 0.600000 0.015625 0.015625
0 0.009375 0.657813 0.015625 0.015625
0 0.160938 0.657813 0.015625 0.015625
0 0.082812 0.659375 0.015625 0.015625
0 0.396875 0.665625 0.015625 0.015625
0 0.467187 0.667188 0.015625 0.015625
0 0.284375 0.687500 0.015625 0.015625
0 0.125000 0.721875 0.015625 0.015625
0 0.054688 0.723437 0.015625 0.015625
0 0.429688 0.731250 0.015625 0.015625
0 0.518750 0.751563 0.015625 0.015625
0 0.239063 0.785937 0.015625 0.015625
0 0.007812 0.787500 0.015625 0.015625
0 0.160938 0.793750 0.015625 0.015625
0 0.456250 0.803125 0.015625 0.015625
0 0.307812 0.812500 0.015625 0.015625
0 0.415625 0.843750 0.015625 0.015625
0 0.503125 0.851562 0.015625 0.015625
0 0.198437 0.857812 0.015625 0.015625
0 0.278125 0.857812 0.015625 0.015625
0 0.339062 0.864062 0.015625 0.015625
0 0.578125 0.865625 0.015625 0.015625
0 0.700000 0.895312 0.015625 0.015625
0 0.010937 0.912500 0.015625 0.015625
0 0.382812 0.918750 0.015625 0.015625
0 0.457813 0.923438 0.015625 0.015625
0 0.307812 0.926562 0.015625 0.015625
0 0.231250 0.928125 0.015625 0.015625
0 0.609375 0.934375 0.015625 0.015625
0 0.128125 0.957812 0.015625 0.015625
0 0.042188 0.985938 0.015625 0.015625
0 0.414062 0.987500 0.015625 0.015625
0 0.350000 0.990625 0.015625 0.015625
0 0.264062 0.990625 0.015625 0.015625
0 0.164062 0.992188 0.015625 0.015625
0 0.756250 0.798438 0.015625 0.015625
0 0.696875 0.809375 0.015625 0.015625
0 0.918750 0.810937 0.015625 0.015625
0 0.992188 0.814063 0.015625 0.015625
0 0.473438 0.007812 0.015625 0.015625
0 0.548438 0.012500 0.015625 0.015625
0 0.629687 0.017188 0.015625 0.015625
0 0.700000 0.018750 0.015625 0.015625
0 0.740625 0.207813 0.015625 0.015625
0 0.662500 0.198437 0.015625 0.015625
0 0.906250 0.282813 0.015625 0.015625
0 0.837500 0.279687 0.015625 0.015625
0 0.771875 0.279687 0.015625 0.015625
0 0.689063 0.275000 0.015625 0.015625
0 0.607812 0.278125 0.015625 0.015625
0 0.545312 0.278125 0.015625 0.015625
0 0.571875 0.340625 0.015625 0.015625
0 0.960938 0.481250 0.015625 0.015625
0 0.881250 0.478125 0.015625 0.015625
0 0.854688 0.418750 0.015625 0.015625
0 0.931250 0.414062 0.015625 0.015625
0 0.895312 0.343750 0.015625 0.015625
0 0.970313 0.340625 0.015625 0.015625
0 0.990625 0.414062 0.015625 0.015625
0 0.743750 0.342187 0.015625 0.015625
0 0.690625 0.415625 0.015625 0.015625
0 0.617188 0.406250 0.015625 0.015625
0 0.584375 0.465625 0.015625 0.015625
0 0.517188 0.460938 0.015625 0.015625
0 0.712500 0.110937 0.015625 0.015625
0 0.629687 0.101562 0.015625 0.015625
0 0.560937 0.106250 0.015625 0.015625
0 0.800000 0.110937 0.015625 0.015625
0 0.864062 0.110937 0.015625 0.015625
0 0.917188 0.109375 0.015625 0.015625
0 0.989062 0.107813 0.015625 0.015625
0 0.959375 0.214062 0.015625 0.015625
0 0.893750 0.214062 0.015625 0.015625
0 0.814063 0.217188 0.015625 0.015625
0 0.896875 0.614062 0.015625 0.015625
0 0.954688 0.615625 0.015625 0.015625
0 0.817187 0.614062 0.015625 0.015625
0 0.926562 0.678125 0.015625 0.015625
0 0.996875 0.671875 0.015625 0.015625
0 0.873437 0.740625 0.015625 0.015625
0 0.848437 0.673438 0.015625 0.015625
0 0.960938 0.868750 0.015625 0.015625
0 0.895312 0.868750 0.015625 0.015625
0 0.834375 0.867188 0.015625 0.015625
0 0.832812 0.804688 0.015625 0.015625
0 0.796875 0.867188 0.015625 0.015625
0 0.725000 0.864062 0.015625 0.015625
0 0.731250 0.939063 0.015625 0.015625
