0 0.334375 0.029687 0.015625 0.015625
0 0.262500 0.051562 0.015625 0.015625
0 0.178125 0.075000 0.015625 0.015625
0 0.310937 0.151562 0.015625 0.015625
0 0.412500 0.151562 0.015625 0.015625
0 0.456250 0.226562 0.015625 0.015625
0 0.204687 0.242188 0.015625 0.015625
0 0.339062 0.253125 0.015625 0.015625
0 0.112500 0.262500 0.015625 0.015625
0 0.514062 0.271875 0.015625 0.015625
0 0.281250 0.273438 0.015625 0.015625
0 0.025000 0.301563 0.015625 0.015625
0 0.364063 0.315625 0.015625 0.015625
0 0.231250 0.342187 0.015625 0.015625
0 0.581250 0.354687 0.015625 0.015625
0 0.120313 0.359375 0.015625 0.015625
0 0.048438 0.365625 0.015625 0.015625
0 0.490625 0.406250 0.015625 0.015625
0 0.406250 0.409375 0.015625 0.015625
0 0.632812 0.431250 0.015625 0.015625
0 0.537500 0.435937 0.015625 0.015625
0 0.070312 0.446875 0.015625 0.015625
0 0.459375 0.462500 0.015625 0.015625
0 0.665625 0.482812 0.015625 0.015625
0 0.328125 0.489063 0.015625 0.015625
0 0.231250 0.493750 0.015625 0.015625
0 0.525000 0.501563 0.015625 0.015625
0 0.034375 0.503125 0.015625 0.015625
0 0.106250 0.514062 0.015625 0.015625
0 0.581250 0.520312 0.015625 0.015625
0 0.643750 0.532813 0.015625 0.015625
0 0.417187 0.534375 0.015625 0.015625
0 0.482812 0.551562 0.015625 0.015625
0 0.596875 0.606250 0.015625 0.015625
0 0.671875 0.610938 0.015625 0.015625
0 0.745313 0.612500 0.015625 0.015625
0 0.457813 0.617188 0.015625 0.015625
0 0.389062 0.618750 0.015625 0.015625
0 0.054688 0.623437 0.015625 0.015625
0 0.175000 0.626563 0.015625 0.015625
0 0.257812 0.628125 0.015625 0.015625
0 0.406250 0.679688 0.015625 0.015625
0 0.564063 0.681250 0.015625 0.015625
0 0.807813 0.685937 0.015625 0.015625
0 0.709375 0.689063 0.015625 0.015625
0 0.118750 0.692187 0.015625 0.015625
0 0.609375 0.698438 0.015625 0.015625
0 0.498437 0.700000 0.015625 0.015625
0 0.220312 0.703125 0.015625 0.015625
0 0.071875 0.748437 0.015625 0.015625
0 0.360938 0.757812 0.015625 0.015625
0 0.221875 0.759375 0.015625 0.015625
0 0.150000 0.759375 0.015625 0.015625
0 0.285938 0.760938 0.015625 0.015625
0 0.434375 0.760938 0.015625 0.015625
0 0.514062 0.765625 0.015625 0.015625
0 0.582812 0.770312 0.015625 0.015625
0 0.673438 0.770312 0.015625 0.015625
0 0.835938 0.781250 0.015625 0.015625
0 0.764062 0.782813 0.015625 0.015625
0 0.092188 0.820312 0.015625 0.015625
0 0.320312 0.825000 0.015625 0.015625
0 0.182812 0.828125 0.015625 0.015625
0 0.423438 0.832812 0.015625 0.015625
0 0.707812 0.837500 0.015625 0.015625
0 0.900000 0.848437 0.015625 0.015625
0 0.051562 0.884375 0.015625 0.015625
0 0.129688 0.890625 0.015625 0.015625
0 0.379688 0.890625 0.015625 0.015625
0 0.656250 0.890625 0.015625 0.015625
0 0.579688 0.890625 0.015625 0.015625
0 0.764062 0.892188 0.015625 0.015625
0 0.204687 0.892188 0.015625 0.015625
0 0.832812 0.892188 0.015625 0.015625
0 0.267188 0.892188 0.015625 0.015625
0 0.721875 0.893750 0.015625 0.015625
0 0.498437 0.898438 0.015625 0.015625
0 0.910937 0.900000 0.015625 0.015625
0 0.021875 0.928125 0.015625 0.015625
0 0.703125 0.934375 0.015625 0.015625
0 0.628125 0.934375 0.015625 0.015625
0 0.859375 0.937500 0.015625 0.015625
0 0.785937 0.939063 0.015625 0.015625
0 0.545312 0.939063 0.015625 0.015625
0 0.417187 0.970313 0.015625 0.015625
0 0.907813 0.998437 0.015625 0.015625
