0 0.879687 0.000000 0.015625 0.015625
0 0.087500 0.057813 0.015625 0.015625
0 0.160938 0.059375 0.015625 0.015625
0 0.367188 0.646875 0.015625 0.015625
0 0.717187 0.651563 0.015625 0.015625
0 0.495312 0.125000 0.015625 0.015625
0 0.385937 0.065625 0.015625 0.015625
0 0.421875 0.126562 0.015625 0.015625
0 0.793750 0.654687 0.015625 0.015625
0 0.610938 0.326562 0.015625 0.015625
0 0.065625 0.839063 0.015625 0.015625
0 0.437500 0.648438 0.015625 0.015625
0 0.717187 0.523438 0.015625 0.015625
0 0.371875 0.978125 0.015625 0.015625
0 0.995313 0.339062 0.015625 0.015625
0 0.832812 0.725000 0.015625 0.015625
0 0.646875 0.646875 0.015625 0.015625
0 0.031250 0.778125 0.015625 0.015625
0 0.915625 0.192188 0.015625 0.015625
0 0.489063 0.395313 0.015625 0.015625
0 0.292187 0.976562 0.015625 0.015625
0 0.957812 0.396875 0.015625 0.015625
0 0.445312 0.978125 0.015625 0.015625
0 0.520312 0.989062 0.015625 0.015625
0 0.978125 0.990625 0.015625 0.015625
0 0.048438 0.125000 0.015625 0.015625
0 0.123438 0.126562 0.015625 0.015625
0 0.196875 0.126562 0.015625 0.015625
0 0.275000 0.129688 0.015625 0.015625
0 0.534375 0.071875 0.015625 0.015625
0 0.617188 0.060937 0.015625 0.015625
0 0.584375 0.001563 0.015625 0.015625
0 0.004687 0.295312 0.015625 0.015625
0 0.004687 0.459375 0.015625 0.015625
0 0.004687 0.189062 0.015625 0.015625
0 0.573438 0.651563 0.015625 0.015625
0 0.382812 0.854688 0.015625 0.015625
0 0.334375 0.906250 0.015625 0.015625
0 0.451562 0.854688 0.015625 0.015625
0 0.545312 0.860938 0.015625 0.015625
0 0.565625 0.909375 0.015625 0.015625
0 0.484375 0.907813 0.015625 0.015625
0 0.617188 0.859375 0.015625 0.015625
0 0.653125 0.909375 0.015625 0.015625
0 0.720313 0.925000 0.015625 0.015625
0 0.768750 0.992188 0.015625 0.015625
0 0.298438 0.843750 0.015625 0.015625
0 0.220312 0.853125 0.015625 0.015625
0 0.939063 0.929688 0.015625 0.015625
0 0.870313 0.925000 0.015625 0.015625
0 0.792188 0.928125 0.015625 0.015625
0 0.835938 0.990625 0.015625 0.015625
0 0.675000 0.984375 0.015625 0.015625
0 0.220312 0.973437 0.015625 0.015625
0 0.148438 0.970313 0.015625 0.015625
0 0.139063 0.839063 0.015625 0.015625
0 0.753125 0.718750 0.015625 0.015625
0 0.098437 0.779687 0.015625 0.015625
0 0.070312 0.707812 0.015625 0.015625
0 0.010937 0.054688 0.015625 0.015625
0 0.160938 0.192188 0.015625 0.015625
0 0.234375 0.192188 0.015625 0.015625
0 0.315625 0.190625 0.015625 0.015625
0 0.385937 0.195312 0.015625 0.015625
0 0.459375 0.196875 0.015625 0.015625
0 0.535937 0.198437 0.015625 0.015625
0 0.565625 0.264062 0.015625 0.015625
0 0.482812 0.260937 0.015625 0.015625
0 0.421875 0.259375 0.015625 0.015625
0 0.337500 0.254688 0.015625 0.015625
0 0.270313 0.254688 0.015625 0.015625
0 0.189062 0.256250 0.015625 0.015625
0 0.231250 0.318750 0.015625 0.015625
0 0.190625 0.385937 0.015625 0.015625
0 0.281250 0.387500 0.015625 0.015625
0 0.348438 0.389062 0.015625 0.015625
0 0.106250 0.514062 0.015625 0.015625
0 0.145313 0.585938 0.015625 0.015625
0 0.226562 0.582812 0.015625 0.015625
0 0.079687 0.440625 0.015625 0.015625
0 0.107813 0.379688 0.015625 0.015625
