0 0.390625 0.001563 0.015625 0.015625
0 0.429688 0.003125 0.015625 0.015625
0 0.507812 0.003125 0.015625 0.015625
0 0.467187 0.004687 0.015625 0.015625
0 0.539062 0.007812 0.015625 0.015625
0 0.657813 0.007812 0.015625 0.015625
0 0.071875 0.026562 0.015625 0.015625
0 0.148438 0.028125 0.015625 0.015625
0 0.106250 0.029687 0.015625 0.015625
0 0.028125 0.029687 0.015625 0.015625
0 0.217188 0.031250 0.015625 0.015625
0 0.292187 0.032813 0.015625 0.015625
0 0.409375 0.035937 0.015625 0.015625
0 0.373437 0.035937 0.015625 0.015625
0 0.448437 0.037500 0.015625 0.015625
0 0.559375 0.037500 0.015625 0.015625
0 0.523438 0.037500 0.015625 0.015625
0 0.635938 0.039062 0.015625 0.015625
0 0.598437 0.039062 0.015625 0.015625
0 0.675000 0.040625 0.015625 0.015625
0 0.485938 0.040625 0.015625 0.015625
0 0.710938 0.043750 0.015625 0.015625
0 0.007812 0.062500 0.015625 0.015625
0 0.123438 0.062500 0.015625 0.015625
0 0.085938 0.062500 0.015625 0.015625
0 0.048438 0.062500 0.015625 0.015625
0 0.159375 0.065625 0.015625 0.015625
0 0.196875 0.067187 0.015625 0.015625
0 0.271875 0.068750 0.015625 0.015625
0 0.387500 0.068750 0.015625 0.015625
0 0.464062 0.071875 0.015625 0.015625
0 0.579688 0.071875 0.015625 0.015625
0 0.539062 0.071875 0.015625 0.015625
0 0.656250 0.073438 0.015625 0.015625
0 0.617188 0.075000 0.015625 0.015625
0 0.103125 0.095312 0.015625 0.015625
0 0.140625 0.095312 0.015625 0.015625
0 0.065625 0.098437 0.015625 0.015625
0 0.860938 0.098437 0.015625 0.015625
0 0.212500 0.101562 0.015625 0.015625
0 0.368750 0.101562 0.015625 0.015625
0 0.560937 0.101562 0.015625 0.015625
0 0.406250 0.103125 0.015625 0.015625
0 0.484375 0.104688 0.015625 0.015625
0 0.596875 0.106250 0.015625 0.015625
0 0.673438 0.106250 0.015625 0.015625
0 0.634375 0.106250 0.015625 0.015625
0 0.709375 0.106250 0.015625 0.015625
0 0.748437 0.107813 0.015625 0.015625
0 0.695312 0.128125 0.015625 0.015625
0 0.123438 0.131250 0.015625 0.015625
0 0.196875 0.132812 0.015625 0.015625
0 0.271875 0.132812 0.015625 0.015625
0 0.229687 0.134375 0.015625 0.015625
0 0.835938 0.134375 0.015625 0.015625
0 0.462500 0.135937 0.015625 0.015625
0 0.657813 0.135937 0.015625 0.015625
0 0.385937 0.137500 0.015625 0.015625
0 0.504687 0.137500 0.015625 0.015625
0 0.539062 0.139063 0.015625 0.015625
0 0.615625 0.139063 0.015625 0.015625
0 0.765625 0.140625 0.015625 0.015625
0 0.726562 0.142187 0.015625 0.015625
0 0.957812 0.146875 0.015625 0.015625
0 0.182812 0.160938 0.015625 0.015625
0 0.289062 0.167187 0.015625 0.015625
0 0.368750 0.168750 0.015625 0.015625
0 0.445312 0.170313 0.015625 0.015625
0 0.521875 0.170313 0.015625 0.015625
0 0.407813 0.171875 0.015625 0.015625
0 0.482812 0.171875 0.015625 0.015625
0 0.560937 0.171875 0.015625 0.015625
0 0.635938 0.171875 0.015625 0.015625
0 0.596875 0.173437 0.015625 0.015625
0 0.675000 0.173437 0.015625 0.015625
0 0.714063 0.175000 0.015625 0.015625
0 0.746875 0.175000 0.015625 0.015625
0 0.821875 0.176563 0.015625 0.015625
0 0.785937 0.176563 0.015625 0.015625
0 0.867188 0.176563 0.015625 0.015625
0 0.896875 0.179688 0.015625 0.015625
0 0.973437 0.181250 0.015625 0.015625
0 0.935937 0.182812 0.015625 0.015625
0 0.157812 0.192188 0.015625 0.015625
0 0.387500 0.201563 0.015625 0.015625
0 0.423438 0.203125 0.015625 0.015625
0 0.498437 0.204687 0.015625 0.015625
0 0.537500 0.204687 0.015625 0.015625
0 0.576562 0.206250 0.015625 0.015625
0 0.654687 0.209375 0.015625 0.015625
0 0.767188 0.210938 0.015625 0.015625
0 0.695312 0.210938 0.015625 0.015625
0 0.845313 0.212500 0.015625 0.015625
0 0.956250 0.214062 0.015625 0.015625
0 0.993750 0.215625 0.015625 0.015625
0 0.025000 0.223438 0.015625 0.015625
0 0.064062 0.225000 0.015625 0.015625
0 0.140625 0.225000 0.015625 0.015625
0 0.101562 0.228125 0.015625 0.015625
0 0.214062 0.228125 0.015625 0.015625
0 0.289062 0.232813 0.015625 0.015625
0 0.367188 0.232813 0.015625 0.015625
0 0.440625 0.234375 0.015625 0.015625
0 0.520312 0.234375 0.015625 0.015625
0 0.482812 0.234375 0.015625 0.015625
0 0.559375 0.234375 0.015625 0.015625
0 0.403125 0.235937 0.015625 0.015625
0 0.671875 0.240625 0.015625 0.015625
0 0.746875 0.242188 0.015625 0.015625
0 0.709375 0.243750 0.015625 0.015625
0 0.935937 0.245312 0.015625 0.015625
0 0.821875 0.245312 0.015625 0.015625
0 0.859375 0.245312 0.015625 0.015625
0 0.973437 0.248438 0.015625 0.015625
0 0.160938 0.259375 0.015625 0.015625
0 0.045312 0.259375 0.015625 0.015625
0 0.271875 0.262500 0.015625 0.015625
0 0.121875 0.264062 0.015625 0.015625
0 0.232813 0.265625 0.015625 0.015625
0 0.384375 0.267188 0.015625 0.015625
0 0.423438 0.268750 0.015625 0.015625
0 0.537500 0.270313 0.015625 0.015625
0 0.651563 0.270313 0.015625 0.015625
0 0.498437 0.271875 0.015625 0.015625
0 0.462500 0.271875 0.015625 0.015625
0 0.689063 0.273438 0.015625 0.015625
0 0.915625 0.276562 0.015625 0.015625
0 0.573438 0.276562 0.015625 0.015625
0 0.956250 0.279687 0.015625 0.015625
0 0.726562 0.279687 0.015625 0.015625
0 0.612500 0.279687 0.015625 0.015625
0 0.992188 0.279687 0.015625 0.015625
0 0.023438 0.290625 0.015625 0.015625
0 0.210938 0.295312 0.015625 0.015625
0 0.250000 0.296875 0.015625 0.015625
0 0.290625 0.298438 0.015625 0.015625
0 0.403125 0.300000 0.015625 0.015625
0 0.440625 0.301563 0.015625 0.015625
0 0.364063 0.301563 0.015625 0.015625
0 0.515625 0.304688 0.015625 0.015625
0 0.553125 0.304688 0.015625 0.015625
0 0.632812 0.304688 0.015625 0.015625
0 0.595313 0.306250 0.015625 0.015625
0 0.673438 0.306250 0.015625 0.015625
0 0.712500 0.309375 0.015625 0.015625
0 0.823438 0.309375 0.015625 0.015625
0 0.860938 0.310937 0.015625 0.015625
0 0.084375 0.321875 0.015625 0.015625
0 0.001563 0.325000 0.015625 0.015625
0 0.193750 0.326562 0.015625 0.015625
0 0.232813 0.328125 0.015625 0.015625
0 0.459375 0.329688 0.015625 0.015625
0 0.270313 0.329688 0.015625 0.015625
0 0.496875 0.334375 0.015625 0.015625
0 0.762500 0.340625 0.015625 0.015625
0 0.801562 0.340625 0.015625 0.015625
0 0.982812 0.351562 0.015625 0.015625
0 0.100000 0.354687 0.015625 0.015625
0 0.137500 0.356250 0.015625 0.015625
0 0.212500 0.360938 0.015625 0.015625
0 0.250000 0.360938 0.015625 0.015625
0 0.439063 0.360938 0.015625 0.015625
0 0.476562 0.362500 0.015625 0.015625
0 0.400000 0.364063 0.015625 0.015625
0 0.362500 0.365625 0.015625 0.015625
0 0.551562 0.367188 0.015625 0.015625
0 0.592187 0.368750 0.015625 0.015625
0 0.742188 0.373437 0.015625 0.015625
0 0.782813 0.373437 0.015625 0.015625
0 0.821875 0.373437 0.015625 0.015625
0 0.898438 0.375000 0.015625 0.015625
0 0.707812 0.375000 0.015625 0.015625
0 0.039062 0.390625 0.015625 0.015625
0 0.270313 0.393750 0.015625 0.015625
0 0.231250 0.393750 0.015625 0.015625
0 0.421875 0.395313 0.015625 0.015625
0 0.650000 0.396875 0.015625 0.015625
0 0.689063 0.398438 0.015625 0.015625
0 0.382812 0.398438 0.015625 0.015625
0 0.460938 0.398438 0.015625 0.015625
0 0.496875 0.398438 0.015625 0.015625
0 0.612500 0.400000 0.015625 0.015625
0 0.534375 0.400000 0.015625 0.015625
0 0.571875 0.401562 0.015625 0.015625
0 0.723437 0.404687 0.015625 0.015625
0 0.915625 0.406250 0.015625 0.015625
0 0.760938 0.406250 0.015625 0.015625
0 0.837500 0.406250 0.015625 0.015625
0 0.876563 0.406250 0.015625 0.015625
0 0.800000 0.407813 0.015625 0.015625
0 0.953125 0.410938 0.015625 0.015625
0 0.060937 0.420312 0.015625 0.015625
0 0.098437 0.420312 0.015625 0.015625
0 0.021875 0.423438 0.015625 0.015625
0 0.135937 0.425000 0.015625 0.015625
0 0.212500 0.425000 0.015625 0.015625
0 0.248438 0.428125 0.015625 0.015625
0 0.401562 0.429688 0.015625 0.015625
0 0.359375 0.431250 0.015625 0.015625
0 0.439063 0.432812 0.015625 0.015625
0 0.475000 0.432812 0.015625 0.015625
0 0.551562 0.434375 0.015625 0.015625
0 0.592187 0.434375 0.015625 0.015625
0 0.667188 0.434375 0.015625 0.015625
0 0.512500 0.434375 0.015625 0.015625
0 0.629687 0.435937 0.015625 0.015625
0 0.704688 0.435937 0.015625 0.015625
0 0.742188 0.437500 0.015625 0.015625
0 0.857812 0.437500 0.015625 0.015625
0 0.779687 0.439063 0.015625 0.015625
0 0.820312 0.440625 0.015625 0.015625
0 0.895312 0.440625 0.015625 0.015625
0 0.932813 0.442188 0.015625 0.015625
0 0.035937 0.456250 0.015625 0.015625
0 0.117188 0.456250 0.015625 0.015625
0 0.226562 0.459375 0.015625 0.015625
0 0.684375 0.465625 0.015625 0.015625
0 0.610938 0.465625 0.015625 0.015625
0 0.571875 0.467187 0.015625 0.015625
0 0.648438 0.467187 0.015625 0.015625
0 0.723437 0.471875 0.015625 0.015625
0 0.839063 0.473438 0.015625 0.015625
0 0.798438 0.473438 0.015625 0.015625
0 0.760938 0.473438 0.015625 0.015625
0 0.876563 0.473438 0.015625 0.015625
0 0.989062 0.475000 0.015625 0.015625
0 0.912500 0.475000 0.015625 0.015625
0 0.948438 0.476562 0.015625 0.015625
0 0.134375 0.484375 0.015625 0.015625
0 0.246875 0.490625 0.015625 0.015625
0 0.020313 0.492188 0.015625 0.015625
0 0.285938 0.495312 0.015625 0.015625
0 0.059375 0.495312 0.015625 0.015625
0 0.396875 0.496875 0.015625 0.015625
0 0.435937 0.498437 0.015625 0.015625
0 0.548438 0.501563 0.015625 0.015625
0 0.589063 0.501563 0.015625 0.015625
0 0.706250 0.501563 0.015625 0.015625
0 0.626563 0.501563 0.015625 0.015625
0 0.665625 0.503125 0.015625 0.015625
0 0.743750 0.504687 0.015625 0.015625
0 0.779687 0.504687 0.015625 0.015625
0 0.817187 0.506250 0.015625 0.015625
0 0.856250 0.506250 0.015625 0.015625
0 0.892188 0.506250 0.015625 0.015625
0 0.929688 0.507812 0.015625 0.015625
0 0.970313 0.509375 0.015625 0.015625
0 0.153125 0.520312 0.015625 0.015625
0 0.226562 0.521875 0.015625 0.015625
0 0.000000 0.521875 0.015625 0.015625
0 0.076563 0.521875 0.015625 0.015625
0 0.112500 0.523438 0.015625 0.015625
0 0.268750 0.525000 0.015625 0.015625
0 0.335938 0.528125 0.015625 0.015625
0 0.414062 0.529687 0.015625 0.015625
0 0.376563 0.529687 0.015625 0.015625
0 0.453125 0.532813 0.015625 0.015625
0 0.490625 0.534375 0.015625 0.015625
0 0.528125 0.534375 0.015625 0.015625
0 0.609375 0.535937 0.015625 0.015625
0 0.684375 0.535937 0.015625 0.015625
0 0.646875 0.535937 0.015625 0.015625
0 0.568750 0.535937 0.015625 0.015625
0 0.798438 0.537500 0.015625 0.015625
0 0.723437 0.539062 0.015625 0.015625
0 0.759375 0.539062 0.015625 0.015625
0 0.910937 0.540625 0.015625 0.015625
0 0.989062 0.540625 0.015625 0.015625
0 0.873437 0.540625 0.015625 0.015625
0 0.951562 0.542188 0.015625 0.015625
0 0.837500 0.542188 0.015625 0.015625
0 0.018750 0.556250 0.015625 0.015625
0 0.057813 0.556250 0.015625 0.015625
0 0.095312 0.557813 0.015625 0.015625
0 0.284375 0.557813 0.015625 0.015625
0 0.209375 0.557813 0.015625 0.015625
0 0.134375 0.559375 0.015625 0.015625
0 0.173437 0.559375 0.015625 0.015625
0 0.246875 0.560937 0.015625 0.015625
0 0.357812 0.560937 0.015625 0.015625
0 0.396875 0.564063 0.015625 0.015625
0 0.432812 0.565625 0.015625 0.015625
0 0.470313 0.567187 0.015625 0.015625
0 0.510938 0.570312 0.015625 0.015625
0 0.664062 0.570312 0.015625 0.015625
0 0.548438 0.571875 0.015625 0.015625
0 0.625000 0.571875 0.015625 0.015625
0 0.704688 0.571875 0.015625 0.015625
0 0.587500 0.571875 0.015625 0.015625
0 0.740625 0.571875 0.015625 0.015625
0 0.778125 0.573438 0.015625 0.015625
0 0.815625 0.573438 0.015625 0.015625
0 0.856250 0.573438 0.015625 0.015625
0 0.970313 0.573438 0.015625 0.015625
0 0.893750 0.575000 0.015625 0.015625
0 0.934375 0.575000 0.015625 0.015625
0 0.035937 0.587500 0.015625 0.015625
0 0.112500 0.587500 0.015625 0.015625
0 0.075000 0.589063 0.015625 0.015625
0 0.151562 0.590625 0.015625 0.015625
0 0.226562 0.590625 0.015625 0.015625
0 0.189062 0.590625 0.015625 0.015625
0 0.264062 0.592187 0.015625 0.015625
0 0.410938 0.600000 0.015625 0.015625
0 0.450000 0.600000 0.015625 0.015625
0 0.489063 0.601562 0.015625 0.015625
0 0.607812 0.604688 0.015625 0.015625
0 0.759375 0.604688 0.015625 0.015625
0 0.567187 0.604688 0.015625 0.015625
0 0.798438 0.604688 0.015625 0.015625
0 0.721875 0.604688 0.015625 0.015625
0 0.648438 0.604688 0.015625 0.015625
0 0.987500 0.604688 0.015625 0.015625
0 0.835938 0.606250 0.015625 0.015625
0 0.873437 0.606250 0.015625 0.015625
0 0.950000 0.607812 0.015625 0.015625
0 0.910937 0.609375 0.015625 0.015625
0 0.093750 0.621875 0.015625 0.015625
0 0.054688 0.621875 0.015625 0.015625
0 0.018750 0.621875 0.015625 0.015625
0 0.170313 0.623437 0.015625 0.015625
0 0.207813 0.623437 0.015625 0.015625
0 0.132812 0.623437 0.015625 0.015625
0 0.245312 0.623437 0.015625 0.015625
0 0.285938 0.625000 0.015625 0.015625
0 0.432812 0.631250 0.015625 0.015625
0 0.395313 0.631250 0.015625 0.015625
0 0.470313 0.631250 0.015625 0.015625
0 0.507812 0.634375 0.015625 0.015625
0 0.584375 0.635938 0.015625 0.015625
0 0.626563 0.635938 0.015625 0.015625
0 0.701562 0.635938 0.015625 0.015625
0 0.665625 0.635938 0.015625 0.015625
0 0.546875 0.635938 0.015625 0.015625
0 0.853125 0.635938 0.015625 0.015625
0 0.817187 0.637500 0.015625 0.015625
0 0.739062 0.637500 0.015625 0.015625
0 0.889062 0.637500 0.015625 0.015625
0 0.778125 0.637500 0.015625 0.015625
0 0.934375 0.640625 0.015625 0.015625
0 0.110937 0.654687 0.015625 0.015625
0 0.264062 0.654687 0.015625 0.015625
0 0.187500 0.654687 0.015625 0.015625
0 0.226562 0.656250 0.015625 0.015625
0 0.150000 0.656250 0.015625 0.015625
0 0.489063 0.665625 0.015625 0.015625
0 0.410938 0.665625 0.015625 0.015625
0 0.604688 0.667188 0.015625 0.015625
0 0.526563 0.667188 0.015625 0.015625
0 0.564063 0.668750 0.015625 0.015625
0 0.870313 0.668750 0.015625 0.015625
0 0.645312 0.668750 0.015625 0.015625
0 0.682813 0.670312 0.015625 0.015625
0 0.757812 0.670312 0.015625 0.015625
0 0.835938 0.670312 0.015625 0.015625
0 0.985938 0.671875 0.015625 0.015625
0 0.907813 0.671875 0.015625 0.015625
0 0.948438 0.671875 0.015625 0.015625
0 0.720313 0.671875 0.015625 0.015625
0 0.335938 0.675000 0.015625 0.015625
0 0.075000 0.678125 0.015625 0.015625
0 0.357812 0.695312 0.015625 0.015625
0 0.395313 0.695312 0.015625 0.015625
0 0.434375 0.696875 0.015625 0.015625
0 0.546875 0.698438 0.015625 0.015625
0 0.585938 0.700000 0.015625 0.015625
0 0.471875 0.700000 0.015625 0.015625
0 0.510938 0.700000 0.015625 0.015625
0 0.817187 0.700000 0.015625 0.015625
0 0.623437 0.701562 0.015625 0.015625
0 0.967187 0.701562 0.015625 0.015625
0 0.737500 0.701562 0.015625 0.015625
0 0.662500 0.701562 0.015625 0.015625
0 0.851562 0.701562 0.015625 0.015625
0 0.892188 0.701562 0.015625 0.015625
0 0.700000 0.703125 0.015625 0.015625
0 0.928125 0.704688 0.015625 0.015625
0 0.035937 0.718750 0.015625 0.015625
0 0.260937 0.721875 0.015625 0.015625
0 0.148438 0.721875 0.015625 0.015625
0 0.225000 0.721875 0.015625 0.015625
0 0.109375 0.723437 0.015625 0.015625
0 0.185938 0.725000 0.015625 0.015625
0 0.335938 0.729688 0.015625 0.015625
0 0.450000 0.729688 0.015625 0.015625
0 0.412500 0.731250 0.015625 0.015625
0 0.564063 0.732812 0.015625 0.015625
0 0.370312 0.732812 0.015625 0.015625
0 0.832812 0.734375 0.015625 0.015625
0 0.795312 0.734375 0.015625 0.015625
0 0.720313 0.734375 0.015625 0.015625
0 0.640625 0.734375 0.015625 0.015625
0 0.601562 0.734375 0.015625 0.015625
0 0.681250 0.735938 0.015625 0.015625
0 0.759375 0.735938 0.015625 0.015625
0 0.870313 0.735938 0.015625 0.015625
0 0.907813 0.735938 0.015625 0.015625
0 0.948438 0.737500 0.015625 0.015625
0 0.996875 0.750000 0.015625 0.015625
0 0.014063 0.753125 0.015625 0.015625
0 0.050000 0.753125 0.015625 0.015625
0 0.164062 0.754687 0.015625 0.015625
0 0.242188 0.754687 0.015625 0.015625
0 0.126562 0.756250 0.015625 0.015625
0 0.278125 0.759375 0.015625 0.015625
0 0.203125 0.759375 0.015625 0.015625
0 0.850000 0.767188 0.015625 0.015625
0 0.621875 0.767188 0.015625 0.015625
0 0.700000 0.767188 0.015625 0.015625
0 0.660937 0.767188 0.015625 0.015625
0 0.582812 0.767188 0.015625 0.015625
0 0.545312 0.767188 0.015625 0.015625
0 0.734375 0.767188 0.015625 0.015625
0 0.812500 0.767188 0.015625 0.015625
0 0.926562 0.768750 0.015625 0.015625
0 0.773438 0.768750 0.015625 0.015625
0 0.885938 0.768750 0.015625 0.015625
0 0.031250 0.785937 0.015625 0.015625
0 0.070312 0.785937 0.015625 0.015625
0 0.146875 0.785937 0.015625 0.015625
0 0.184375 0.787500 0.015625 0.015625
0 0.262500 0.790625 0.015625 0.015625
0 0.223438 0.790625 0.015625 0.015625
0 0.373437 0.793750 0.015625 0.015625
0 0.487500 0.795312 0.015625 0.015625
0 0.412500 0.795312 0.015625 0.015625
0 0.450000 0.795312 0.015625 0.015625
0 0.526563 0.796875 0.015625 0.015625
0 0.565625 0.796875 0.015625 0.015625
0 0.640625 0.798438 0.015625 0.015625
0 0.718750 0.798438 0.015625 0.015625
0 0.676562 0.798438 0.015625 0.015625
0 0.601562 0.800000 0.015625 0.015625
0 0.870313 0.800000 0.015625 0.015625
0 0.832812 0.800000 0.015625 0.015625
0 0.756250 0.800000 0.015625 0.015625
0 0.950000 0.801562 0.015625 0.015625
0 0.793750 0.801562 0.015625 0.015625
0 0.909375 0.801562 0.015625 0.015625
0 0.987500 0.801562 0.015625 0.015625
0 0.014063 0.818750 0.015625 0.015625
0 0.051562 0.818750 0.015625 0.015625
0 0.087500 0.820312 0.015625 0.015625
0 0.164062 0.821875 0.015625 0.015625
0 0.203125 0.823438 0.015625 0.015625
0 0.282813 0.823438 0.015625 0.015625
0 0.242188 0.823438 0.015625 0.015625
0 0.392188 0.826562 0.015625 0.015625
0 0.431250 0.829688 0.015625 0.015625
0 0.470313 0.829688 0.015625 0.015625
0 0.507812 0.829688 0.015625 0.015625
0 0.545312 0.831250 0.015625 0.015625
0 0.621875 0.831250 0.015625 0.015625
0 0.698438 0.831250 0.015625 0.015625
0 0.582812 0.832812 0.015625 0.015625
0 0.659375 0.832812 0.015625 0.015625
0 0.850000 0.834375 0.015625 0.015625
0 0.735938 0.835938 0.015625 0.015625
0 0.926562 0.835938 0.015625 0.015625
0 0.885938 0.835938 0.015625 0.015625
0 0.773438 0.835938 0.015625 0.015625
0 0.068750 0.856250 0.015625 0.015625
0 0.259375 0.856250 0.015625 0.015625
0 0.220312 0.856250 0.015625 0.015625
0 0.375000 0.857812 0.015625 0.015625
0 0.489063 0.860938 0.015625 0.015625
0 0.412500 0.862500 0.015625 0.015625
0 0.450000 0.862500 0.015625 0.015625
0 0.525000 0.864062 0.015625 0.015625
0 0.601562 0.865625 0.015625 0.015625
0 0.562500 0.865625 0.015625 0.015625
0 0.640625 0.865625 0.015625 0.015625
0 0.714063 0.865625 0.015625 0.015625
0 0.753125 0.867188 0.015625 0.015625
0 0.793750 0.867188 0.015625 0.015625
0 0.870313 0.867188 0.015625 0.015625
0 0.831250 0.867188 0.015625 0.015625
0 0.945312 0.868750 0.015625 0.015625
0 0.982812 0.870313 0.015625 0.015625
0 0.087500 0.882812 0.015625 0.015625
0 0.012500 0.884375 0.015625 0.015625
0 0.051562 0.884375 0.015625 0.015625
0 0.125000 0.884375 0.015625 0.015625
0 0.239063 0.890625 0.015625 0.015625
0 0.357812 0.892188 0.015625 0.015625
0 0.393750 0.893750 0.015625 0.015625
0 0.431250 0.893750 0.015625 0.015625
0 0.473438 0.893750 0.015625 0.015625
0 0.506250 0.895312 0.015625 0.015625
0 0.656250 0.896875 0.015625 0.015625
0 0.582812 0.896875 0.015625 0.015625
0 0.543750 0.896875 0.015625 0.015625
0 0.734375 0.896875 0.015625 0.015625
0 0.618750 0.898438 0.015625 0.015625
0 0.698438 0.898438 0.015625 0.015625
0 0.889062 0.900000 0.015625 0.015625
0 0.850000 0.900000 0.015625 0.015625
0 0.812500 0.900000 0.015625 0.015625
0 0.773438 0.900000 0.015625 0.015625
0 0.964063 0.901563 0.015625 0.015625
0 0.032813 0.915625 0.015625 0.015625
0 0.068750 0.917188 0.015625 0.015625
0 0.220312 0.921875 0.015625 0.015625
0 0.487500 0.928125 0.015625 0.015625
0 0.523438 0.929688 0.015625 0.015625
0 0.712500 0.929688 0.015625 0.015625
0 0.750000 0.929688 0.015625 0.015625
0 0.676562 0.931250 0.015625 0.015625
0 0.637500 0.932813 0.015625 0.015625
0 0.865625 0.932813 0.015625 0.015625
0 0.826562 0.934375 0.015625 0.015625
0 0.010937 0.948438 0.015625 0.015625
0 0.087500 0.948438 0.015625 0.015625
0 0.162500 0.950000 0.015625 0.015625
0 0.048438 0.950000 0.015625 0.015625
0 0.123438 0.953125 0.015625 0.015625
0 0.237500 0.953125 0.015625 0.015625
0 0.393750 0.954688 0.015625 0.015625
0 0.356250 0.956250 0.015625 0.015625
0 0.432812 0.956250 0.015625 0.015625
0 0.468750 0.959375 0.015625 0.015625
0 0.507812 0.960938 0.015625 0.015625
0 0.582812 0.962500 0.015625 0.015625
0 0.657813 0.964063 0.015625 0.015625
0 0.771875 0.964063 0.015625 0.015625
0 0.734375 0.964063 0.015625 0.015625
0 0.618750 0.964063 0.015625 0.015625
0 0.698438 0.964063 0.015625 0.015625
0 0.807813 0.965625 0.015625 0.015625
0 0.846875 0.967187 0.015625 0.015625
0 0.885938 0.967187 0.015625 0.015625
0 0.921875 0.968750 0.015625 0.015625
0 0.960938 0.968750 0.015625 0.015625
0 0.998437 0.970313 0.015625 0.015625
0 0.068750 0.984375 0.015625 0.015625
0 0.026562 0.984375 0.015625 0.015625
0 0.101562 0.984375 0.015625 0.015625
0 0.142187 0.984375 0.015625 0.015625
0 0.410938 0.990625 0.015625 0.015625
0 0.448437 0.990625 0.015625 0.015625
0 0.485938 0.992188 0.015625 0.015625
0 0.562500 0.993750 0.015625 0.015625
0 0.600000 0.995313 0.015625 0.015625
0 0.521875 0.995313 0.015625 0.015625
0 0.675000 0.996875 0.015625 0.015625
0 0.750000 0.996875 0.015625 0.015625
0 0.637500 0.996875 0.015625 0.015625
0 0.940625 0.998437 0.015625 0.015625
0 0.714063 0.998437 0.015625 0.015625
0 0.028125 0.164062 0.015625 0.015625
0 0.001563 0.196875 0.015625 0.015625
0 0.042188 0.192188 0.015625 0.015625
0 0.032813 0.095312 0.015625 0.015625
0 0.040625 0.128125 0.015625 0.015625
0 0.009375 0.129688 0.015625 0.015625
0 0.065625 0.162500 0.015625 0.015625
0 0.098437 0.159375 0.015625 0.015625
0 0.084375 0.128125 0.015625 0.015625
0 0.082812 0.265625 0.015625 0.015625
0 0.101562 0.290625 0.015625 0.015625
0 0.060937 0.295312 0.015625 0.015625
0 0.043750 0.323437 0.015625 0.015625
0 0.059375 0.357812 0.015625 0.015625
0 0.028125 0.356250 0.015625 0.015625
0 0.175000 0.356250 0.015625 0.015625
0 0.175000 0.426563 0.015625 0.015625
0 0.193750 0.456250 0.015625 0.015625
0 0.287500 0.368750 0.015625 0.015625
0 0.289062 0.428125 0.015625 0.015625
0 0.262500 0.454688 0.015625 0.015625
0 0.254688 0.093750 0.015625 0.015625
0 0.298438 0.101562 0.015625 0.015625
0 0.296875 0.068750 0.015625 0.015625
0 0.254688 0.032813 0.015625 0.015625
0 0.159375 0.128125 0.015625 0.015625
