0 0.351562 0.021875 0.015625 0.015625
0 0.318750 0.023438 0.015625 0.015625
0 0.389062 0.017188 0.015625 0.015625
0 0.539062 0.023438 0.015625 0.015625
0 0.620313 0.026562 0.015625 0.015625
0 0.662500 0.026562 0.015625 0.015625
0 0.698438 0.028125 0.015625 0.015625
0 0.765625 0.028125 0.015625 0.015625
0 0.845313 0.029687 0.015625 0.015625
0 0.598437 0.054688 0.015625 0.015625
0 0.639062 0.056250 0.015625 0.015625
0 0.678125 0.056250 0.015625 0.015625
0 0.721875 0.057813 0.015625 0.015625
0 0.754687 0.057813 0.015625 0.015625
0 0.795312 0.056250 0.015625 0.015625
0 0.851562 0.057813 0.015625 0.015625
0 0.865625 0.059375 0.015625 0.015625
0 0.903125 0.059375 0.015625 0.015625
0 0.935937 0.059375 0.015625 0.015625
0 0.954688 0.031250 0.015625 0.015625
0 0.406250 0.117188 0.015625 0.015625
0 0.425000 0.087500 0.015625 0.015625
0 0.446875 0.117188 0.015625 0.015625
0 0.520312 0.120313 0.015625 0.015625
0 0.557813 0.123438 0.015625 0.015625
0 0.598437 0.125000 0.015625 0.015625
0 0.631250 0.125000 0.015625 0.015625
0 0.671875 0.126562 0.015625 0.015625
0 0.653125 0.095312 0.015625 0.015625
0 0.712500 0.126562 0.015625 0.015625
0 0.732812 0.093750 0.015625 0.015625
0 0.751563 0.128125 0.015625 0.015625
0 0.770312 0.095312 0.015625 0.015625
0 0.785937 0.129688 0.015625 0.015625
0 0.809375 0.093750 0.015625 0.015625
0 0.826562 0.128125 0.015625 0.015625
0 0.842187 0.093750 0.015625 0.015625
0 0.862500 0.128125 0.015625 0.015625
0 0.881250 0.096875 0.015625 0.015625
0 0.906250 0.131250 0.015625 0.015625
0 0.923438 0.100000 0.015625 0.015625
0 0.937500 0.131250 0.015625 0.015625
0 0.957812 0.096875 0.015625 0.015625
0 0.981250 0.125000 0.015625 0.015625
0 0.998437 0.098437 0.015625 0.015625
0 0.421875 0.150000 0.015625 0.015625
0 0.462500 0.153125 0.015625 0.015625
0 0.501563 0.153125 0.015625 0.015625
0 0.539062 0.154688 0.015625 0.015625
0 0.575000 0.154688 0.015625 0.015625
0 0.615625 0.156250 0.015625 0.015625
0 0.689063 0.157812 0.015625 0.015625
0 0.726562 0.157812 0.015625 0.015625
0 0.765625 0.160938 0.015625 0.015625
0 0.807813 0.162500 0.015625 0.015625
0 0.887500 0.162500 0.015625 0.015625
0 0.920312 0.162500 0.015625 0.015625
0 0.979688 0.165625 0.015625 0.015625
0 0.445312 0.182812 0.015625 0.015625
0 0.484375 0.185938 0.015625 0.015625
0 0.518750 0.187500 0.015625 0.015625
0 0.556250 0.187500 0.015625 0.015625
0 0.600000 0.190625 0.015625 0.015625
0 0.668750 0.190625 0.015625 0.015625
0 0.704688 0.193750 0.015625 0.015625
0 0.740625 0.195312 0.015625 0.015625
0 0.534375 0.217188 0.015625 0.015625
0 0.495312 0.218750 0.015625 0.015625
0 0.575000 0.218750 0.015625 0.015625
0 0.612500 0.221875 0.015625 0.015625
0 0.648438 0.221875 0.015625 0.015625
0 0.684375 0.221875 0.015625 0.015625
0 0.729688 0.226562 0.015625 0.015625
0 0.764062 0.226562 0.015625 0.015625
0 0.804688 0.228125 0.015625 0.015625
0 0.840625 0.226562 0.015625 0.015625
0 0.882812 0.226562 0.015625 0.015625
0 0.917188 0.228125 0.015625 0.015625
0 0.956250 0.229687 0.015625 0.015625
0 0.668750 0.256250 0.015625 0.015625
0 0.710938 0.256250 0.015625 0.015625
0 0.748437 0.257812 0.015625 0.015625
0 0.787500 0.262500 0.015625 0.015625
0 0.828125 0.260937 0.015625 0.015625
0 0.857812 0.260937 0.015625 0.015625
0 0.937500 0.259375 0.015625 0.015625
0 0.973437 0.262500 0.015625 0.015625
0 0.632812 0.256250 0.015625 0.015625
0 0.592187 0.254688 0.015625 0.015625
0 0.553125 0.254688 0.015625 0.015625
0 0.585938 0.454688 0.015625 0.015625
0 0.621875 0.450000 0.015625 0.015625
0 0.664062 0.453125 0.015625 0.015625
0 0.701562 0.453125 0.015625 0.015625
0 0.742188 0.454688 0.015625 0.015625
0 0.781250 0.454688 0.015625 0.015625
0 0.815625 0.456250 0.015625 0.015625
0 0.859375 0.457813 0.015625 0.015625
0 0.895312 0.457813 0.015625 0.015625
0 0.934375 0.457813 0.015625 0.015625
0 0.971875 0.459375 0.015625 0.015625
0 0.948438 0.423438 0.015625 0.015625
0 0.904687 0.425000 0.015625 0.015625
0 0.878125 0.421875 0.015625 0.015625
0 0.832812 0.420312 0.015625 0.015625
0 0.990625 0.428125 0.015625 0.015625
0 0.646875 0.489063 0.015625 0.015625
0 0.664062 0.517188 0.015625 0.015625
0 0.718750 0.487500 0.015625 0.015625
0 0.735938 0.512500 0.015625 0.015625
0 0.760938 0.489063 0.015625 0.015625
0 0.782813 0.521875 0.015625 0.015625
0 0.795312 0.489063 0.015625 0.015625
0 0.815625 0.523438 0.015625 0.015625
0 0.832812 0.490625 0.015625 0.015625
0 0.851562 0.526563 0.015625 0.015625
0 0.870313 0.492188 0.015625 0.015625
0 0.892188 0.525000 0.015625 0.015625
0 0.912500 0.490625 0.015625 0.015625
0 0.928125 0.521875 0.015625 0.015625
0 0.950000 0.487500 0.015625 0.015625
0 0.968750 0.523438 0.015625 0.015625
0 0.982812 0.489063 0.015625 0.015625
0 0.720313 0.551562 0.015625 0.015625
0 0.756250 0.551562 0.015625 0.015625
0 0.795312 0.553125 0.015625 0.015625
0 0.832812 0.553125 0.015625 0.015625
0 0.873437 0.553125 0.015625 0.015625
0 0.948438 0.557813 0.015625 0.015625
0 0.989062 0.557813 0.015625 0.015625
0 0.664062 0.582812 0.015625 0.015625
0 0.701562 0.582812 0.015625 0.015625
0 0.740625 0.584375 0.015625 0.015625
0 0.773438 0.645312 0.015625 0.015625
0 0.809375 0.651563 0.015625 0.015625
0 0.851562 0.651563 0.015625 0.015625
0 0.887500 0.653125 0.015625 0.015625
0 0.868750 0.618750 0.015625 0.015625
0 0.906250 0.621875 0.015625 0.015625
0 0.945312 0.625000 0.015625 0.015625
0 0.981250 0.621875 0.015625 0.015625
0 0.929688 0.650000 0.015625 0.015625
0 0.964063 0.654687 0.015625 0.015625
0 0.981250 0.690625 0.015625 0.015625
0 0.943750 0.687500 0.015625 0.015625
0 0.906250 0.682813 0.015625 0.015625
0 0.870313 0.685937 0.015625 0.015625
0 0.832812 0.682813 0.015625 0.015625
0 0.792188 0.684375 0.015625 0.015625
0 0.753125 0.682813 0.015625 0.015625
0 0.720313 0.682813 0.015625 0.015625
0 0.770312 0.714063 0.015625 0.015625
0 0.815625 0.717187 0.015625 0.015625
0 0.851562 0.717187 0.015625 0.015625
0 0.887500 0.717187 0.015625 0.015625
0 0.750000 0.748437 0.015625 0.015625
0 0.792188 0.748437 0.015625 0.015625
0 0.828125 0.748437 0.015625 0.015625
0 0.864062 0.750000 0.015625 0.015625
0 0.895312 0.750000 0.015625 0.015625
0 0.942187 0.753125 0.015625 0.015625
0 0.981250 0.754687 0.015625 0.015625
0 0.729688 0.779687 0.015625 0.015625
0 0.779687 0.781250 0.015625 0.015625
0 0.810937 0.781250 0.015625 0.015625
0 0.840625 0.782813 0.015625 0.015625
0 0.879687 0.784375 0.015625 0.015625
0 0.925000 0.782813 0.015625 0.015625
0 0.953125 0.785937 0.015625 0.015625
0 0.756250 0.823438 0.015625 0.015625
0 0.790625 0.818750 0.015625 0.015625
0 0.829688 0.818750 0.015625 0.015625
0 0.864062 0.825000 0.015625 0.015625
0 0.901563 0.823438 0.015625 0.015625
0 0.939063 0.826562 0.015625 0.015625
0 0.978125 0.825000 0.015625 0.015625
0 0.787500 0.879687 0.015625 0.015625
0 0.810937 0.851562 0.015625 0.015625
0 0.848437 0.848437 0.015625 0.015625
0 0.884375 0.851562 0.015625 0.015625
0 0.918750 0.851562 0.015625 0.015625
0 0.956250 0.851562 0.015625 0.015625
0 0.998437 0.853125 0.015625 0.015625
0 0.867188 0.884375 0.015625 0.015625
0 0.901563 0.884375 0.015625 0.015625
0 0.942187 0.885938 0.015625 0.015625
0 0.978125 0.887500 0.015625 0.015625
0 0.846875 0.917188 0.015625 0.015625
0 0.807813 0.914062 0.015625 0.015625
0 0.829688 0.945312 0.015625 0.015625
0 0.882812 0.915625 0.015625 0.015625
0 0.860938 0.951562 0.015625 0.015625
0 0.903125 0.948438 0.015625 0.015625
0 0.926562 0.915625 0.015625 0.015625
0 0.960938 0.914062 0.015625 0.015625
0 0.981250 0.943750 0.015625 0.015625
0 0.993750 0.917188 0.015625 0.015625
0 0.840625 0.981250 0.015625 0.015625
0 0.882812 0.982812 0.015625 0.015625
0 0.918750 0.982812 0.015625 0.015625
0 0.954688 0.985938 0.015625 0.015625
0 0.996875 0.984375 0.015625 0.015625
0 0.251563 0.182812 0.015625 0.015625
0 0.215625 0.250000 0.015625 0.015625
0 0.160938 0.084375 0.015625 0.015625
0 0.123438 0.017188 0.015625 0.015625
0 0.215625 0.184375 0.015625 0.015625
0 0.078125 0.278125 0.015625 0.015625
0 0.060937 0.245312 0.015625 0.015625
0 0.139063 0.248438 0.015625 0.015625
0 0.290625 0.184375 0.015625 0.015625
0 0.326562 0.248438 0.015625 0.015625
0 0.235937 0.150000 0.015625 0.015625
0 0.043750 0.210938 0.015625 0.015625
0 0.139063 0.048438 0.015625 0.015625
0 0.178125 0.182812 0.015625 0.015625
0 0.142187 0.117188 0.015625 0.015625
0 0.118750 0.148438 0.015625 0.015625
0 0.251563 0.118750 0.015625 0.015625
0 0.096875 0.245312 0.015625 0.015625
0 0.234375 0.081250 0.015625 0.015625
0 0.381250 0.350000 0.015625 0.015625
0 0.273438 0.150000 0.015625 0.015625
0 0.248438 0.314063 0.015625 0.015625
0 0.289062 0.248438 0.015625 0.015625
0 0.306250 0.282813 0.015625 0.015625
0 0.025000 0.110937 0.015625 0.015625
0 0.159375 0.212500 0.015625 0.015625
0 0.028125 0.045312 0.015625 0.015625
0 0.268750 0.282813 0.015625 0.015625
0 0.321875 0.384375 0.015625 0.015625
0 0.123438 0.081250 0.015625 0.015625
0 0.025000 0.176563 0.015625 0.015625
0 0.198437 0.082812 0.015625 0.015625
0 0.289062 0.314063 0.015625 0.015625
0 0.232813 0.282813 0.015625 0.015625
0 0.006250 0.079687 0.015625 0.015625
0 0.215625 0.115625 0.015625 0.015625
0 0.326562 0.314063 0.015625 0.015625
0 0.078125 0.148438 0.015625 0.015625
0 0.192188 0.281250 0.015625 0.015625
0 0.342187 0.346875 0.015625 0.015625
0 0.175000 0.310937 0.015625 0.015625
0 0.140625 0.181250 0.015625 0.015625
0 0.064062 0.181250 0.015625 0.015625
0 0.104688 0.181250 0.015625 0.015625
0 0.100000 0.114062 0.015625 0.015625
0 0.235937 0.018750 0.015625 0.015625
0 0.343750 0.282813 0.015625 0.015625
0 0.040625 0.275000 0.015625 0.015625
0 0.196875 0.215625 0.015625 0.015625
0 0.179688 0.250000 0.015625 0.015625
0 0.526563 0.681250 0.015625 0.015625
0 0.526563 0.746875 0.015625 0.015625
0 0.387500 0.971875 0.015625 0.015625
0 0.510938 0.648438 0.015625 0.015625
0 0.351562 0.970313 0.015625 0.015625
0 0.426563 0.973437 0.015625 0.015625
0 0.298438 0.871875 0.015625 0.015625
0 0.564063 0.876563 0.015625 0.015625
0 0.485938 0.809375 0.015625 0.015625
0 0.601562 0.748437 0.015625 0.015625
0 0.565625 0.746875 0.015625 0.015625
0 0.028125 0.996875 0.015625 0.015625
0 0.462500 0.973437 0.015625 0.015625
0 0.248438 0.445312 0.015625 0.015625
0 0.485938 0.875000 0.015625 0.015625
0 0.526563 0.618750 0.015625 0.015625
0 0.579688 0.973437 0.015625 0.015625
0 0.065625 0.870313 0.015625 0.015625
0 0.414062 0.745313 0.015625 0.015625
0 0.312500 0.971875 0.015625 0.015625
0 0.490625 0.745313 0.015625 0.015625
0 0.048438 0.901563 0.015625 0.015625
0 0.540625 0.973437 0.015625 0.015625
0 0.473438 0.579688 0.015625 0.015625
0 0.285938 0.645312 0.015625 0.015625
0 0.545312 0.584375 0.015625 0.015625
0 0.540625 0.909375 0.015625 0.015625
0 0.276562 0.906250 0.015625 0.015625
0 0.009375 0.962500 0.015625 0.015625
0 0.340625 0.545312 0.015625 0.015625
0 0.450000 0.875000 0.015625 0.015625
0 0.490625 0.681250 0.015625 0.015625
0 0.140625 0.935937 0.015625 0.015625
0 0.259375 0.873437 0.015625 0.015625
0 0.287500 0.446875 0.015625 0.015625
0 0.293750 0.937500 0.015625 0.015625
0 0.314063 0.906250 0.015625 0.015625
0 0.187500 0.539062 0.015625 0.015625
0 0.453125 0.617188 0.015625 0.015625
0 0.028125 0.932813 0.015625 0.015625
0 0.335938 0.873437 0.015625 0.015625
0 0.143750 0.871875 0.015625 0.015625
0 0.328125 0.185938 0.015625 0.015625
0 0.525000 0.875000 0.015625 0.015625
0 0.340625 0.612500 0.015625 0.015625
0 0.404687 0.942187 0.015625 0.015625
0 0.462500 0.907813 0.015625 0.015625
0 0.162500 0.443750 0.015625 0.015625
0 0.504687 0.843750 0.015625 0.015625
0 0.198437 0.901563 0.015625 0.015625
0 0.284375 0.573438 0.015625 0.015625
0 0.031250 0.679688 0.015625 0.015625
0 0.028125 0.870313 0.015625 0.015625
0 0.503125 0.910937 0.015625 0.015625
0 0.051562 0.964063 0.015625 0.015625
0 0.451562 0.743750 0.015625 0.015625
0 0.075000 0.468750 0.015625 0.015625
0 0.218750 0.870313 0.015625 0.015625
0 0.207813 0.445312 0.015625 0.015625
0 0.346875 0.217188 0.015625 0.015625
0 0.509375 0.517188 0.015625 0.015625
0 0.164062 0.901563 0.015625 0.015625
0 0.478125 0.943750 0.015625 0.015625
0 0.581250 0.910937 0.015625 0.015625
0 0.601562 0.879687 0.015625 0.015625
0 0.162500 0.835938 0.015625 0.015625
0 0.467187 0.843750 0.015625 0.015625
0 0.256250 0.937500 0.015625 0.015625
0 0.620313 0.975000 0.015625 0.015625
0 0.321875 0.645312 0.015625 0.015625
0 0.010937 0.898438 0.015625 0.015625
0 0.181250 0.870313 0.015625 0.015625
0 0.490625 0.617188 0.015625 0.015625
0 0.521875 0.943750 0.015625 0.015625
0 0.087500 0.610938 0.015625 0.015625
0 0.217188 0.935937 0.015625 0.015625
0 0.335938 0.809375 0.015625 0.015625
0 0.675000 0.945312 0.015625 0.015625
0 0.389062 0.907813 0.015625 0.015625
0 0.676562 0.882812 0.015625 0.015625
0 0.640625 0.748437 0.015625 0.015625
0 0.654687 0.848437 0.015625 0.015625
0 0.692187 0.979688 0.015625 0.015625
0 0.198437 0.020313 0.015625 0.015625
0 0.009375 0.017188 0.015625 0.015625
0 0.120313 0.279687 0.015625 0.015625
0 0.151562 0.284375 0.015625 0.015625
0 0.085938 0.014063 0.015625 0.015625
0 0.040625 0.017188 0.015625 0.015625
0 0.253125 0.250000 0.015625 0.015625
0 0.232813 0.214062 0.015625 0.015625
0 0.271875 0.214062 0.015625 0.015625
0 0.300000 0.217188 0.015625 0.015625
0 0.360938 0.310937 0.015625 0.015625
0 0.375000 0.479687 0.015625 0.015625
0 0.278125 0.839063 0.015625 0.015625
0 0.239063 0.842187 0.015625 0.015625
0 0.196875 0.839063 0.015625 0.015625
0 0.317188 0.843750 0.015625 0.015625
0 0.354687 0.842187 0.015625 0.015625
0 0.389062 0.842187 0.015625 0.015625
0 0.371875 0.868750 0.015625 0.015625
0 0.409375 0.876563 0.015625 0.015625
0 0.432812 0.779687 0.015625 0.015625
0 0.470313 0.778125 0.015625 0.015625
0 0.507812 0.782813 0.015625 0.015625
0 0.350000 0.775000 0.015625 0.015625
0 0.314063 0.775000 0.015625 0.015625
0 0.275000 0.770312 0.015625 0.015625
0 0.525000 0.814063 0.015625 0.015625
0 0.545312 0.846875 0.015625 0.015625
0 0.579688 0.846875 0.015625 0.015625
0 0.625000 0.845313 0.015625 0.015625
0 0.412500 0.807813 0.015625 0.015625
0 0.445312 0.809375 0.015625 0.015625
0 0.432812 0.843750 0.015625 0.015625
0 0.642188 0.882812 0.015625 0.015625
0 0.598437 0.946875 0.015625 0.015625
0 0.634375 0.946875 0.015625 0.015625
0 0.564063 0.945312 0.015625 0.015625
0 0.445312 0.942187 0.015625 0.015625
0 0.368750 0.939063 0.015625 0.015625
0 0.321875 0.939063 0.015625 0.015625
0 0.175000 0.935937 0.015625 0.015625
0 0.062500 0.935937 0.015625 0.015625
0 0.123438 0.971875 0.015625 0.015625
0 0.181250 0.998437 0.015625 0.015625
0 0.162500 0.968750 0.015625 0.015625
0 0.081250 0.078125 0.015625 0.015625
0 0.064062 0.050000 0.015625 0.015625
0 0.109375 0.050000 0.015625 0.015625
0 0.170313 0.053125 0.015625 0.015625
0 0.215625 0.051562 0.015625 0.015625
0 0.250000 0.050000 0.015625 0.015625
0 0.265625 0.081250 0.015625 0.015625
0 0.200000 0.148438 0.015625 0.015625
0 0.159375 0.148438 0.015625 0.015625
0 0.009375 0.143750 0.015625 0.015625
0 0.043750 0.142187 0.015625 0.015625
0 0.059375 0.110937 0.015625 0.015625
