0 0.318750 0.060937 0.015625 0.015625
0 0.393750 0.059375 0.015625 0.015625
0 0.503125 0.003125 0.015625 0.015625
0 0.468750 0.057813 0.015625 0.015625
0 0.576562 0.003125 0.015625 0.015625
0 0.548438 0.065625 0.015625 0.015625
0 0.657813 0.001563 0.015625 0.015625
0 0.618750 0.062500 0.015625 0.015625
0 0.735938 0.003125 0.015625 0.015625
0 0.698438 0.065625 0.015625 0.015625
0 0.803125 0.006250 0.015625 0.015625
0 0.768750 0.068750 0.015625 0.015625
0 0.842187 0.075000 0.015625 0.015625
0 0.359375 0.126562 0.015625 0.015625
0 0.392188 0.196875 0.015625 0.015625
0 0.431250 0.125000 0.015625 0.015625
0 0.462500 0.203125 0.015625 0.015625
0 0.517188 0.131250 0.015625 0.015625
0 0.550000 0.201563 0.015625 0.015625
0 0.614062 0.195312 0.015625 0.015625
0 0.685937 0.201563 0.015625 0.015625
0 0.654687 0.264062 0.015625 0.015625
0 0.578125 0.262500 0.015625 0.015625
0 0.487500 0.265625 0.015625 0.015625
0 0.428125 0.260937 0.015625 0.015625
0 0.579688 0.129688 0.015625 0.015625
0 0.659375 0.132812 0.015625 0.015625
0 0.731250 0.132812 0.015625 0.015625
0 0.804688 0.135937 0.015625 0.015625
0 0.767188 0.206250 0.015625 0.015625
0 0.842187 0.203125 0.015625 0.015625
0 0.885938 0.135937 0.015625 0.015625
0 0.917188 0.203125 0.015625 0.015625
0 0.959375 0.137500 0.015625 0.015625
0 0.998437 0.203125 0.015625 0.015625
0 0.726562 0.264062 0.015625 0.015625
0 0.801562 0.270313 0.015625 0.015625
0 0.879687 0.265625 0.015625 0.015625
0 0.959375 0.267188 0.015625 0.015625
0 0.539062 0.326562 0.015625 0.015625
0 0.467187 0.326562 0.015625 0.015625
0 0.503125 0.392188 0.015625 0.015625
0 0.614062 0.329688 0.015625 0.015625
0 0.576562 0.393750 0.015625 0.015625
0 0.687500 0.326562 0.015625 0.015625
0 0.657813 0.396875 0.015625 0.015625
0 0.762500 0.332813 0.015625 0.015625
0 0.725000 0.392188 0.015625 0.015625
0 0.800000 0.400000 0.015625 0.015625
0 0.839063 0.332813 0.015625 0.015625
0 0.876563 0.396875 0.015625 0.015625
0 0.914062 0.334375 0.015625 0.015625
0 0.959375 0.401562 0.015625 0.015625
0 0.998437 0.331250 0.015625 0.015625
0 0.542188 0.460938 0.015625 0.015625
0 0.621875 0.467187 0.015625 0.015625
0 0.693750 0.464062 0.015625 0.015625
0 0.831250 0.468750 0.015625 0.015625
0 0.915625 0.470313 0.015625 0.015625
0 0.993750 0.468750 0.015625 0.015625
0 0.645312 0.525000 0.015625 0.015625
0 0.682813 0.593750 0.015625 0.015625
0 0.723437 0.529687 0.015625 0.015625
0 0.753125 0.596875 0.015625 0.015625
0 0.790625 0.534375 0.015625 0.015625
0 0.832812 0.595313 0.015625 0.015625
0 0.875000 0.532813 0.015625 0.015625
0 0.907813 0.595313 0.015625 0.015625
0 0.953125 0.543750 0.015625 0.015625
0 0.987500 0.596875 0.015625 0.015625
0 0.720313 0.656250 0.015625 0.015625
0 0.759375 0.725000 0.015625 0.015625
0 0.800000 0.662500 0.015625 0.015625
0 0.829688 0.726562 0.015625 0.015625
0 0.871875 0.659375 0.015625 0.015625
0 0.906250 0.728125 0.015625 0.015625
0 0.946875 0.664062 0.015625 0.015625
0 0.987500 0.728125 0.015625 0.015625
0 0.796875 0.785937 0.015625 0.015625
0 0.832812 0.851562 0.015625 0.015625
0 0.868750 0.784375 0.015625 0.015625
0 0.906250 0.843750 0.015625 0.015625
0 0.951562 0.789062 0.015625 0.015625
0 0.987500 0.857812 0.015625 0.015625
0 0.803125 0.918750 0.015625 0.015625
0 0.868750 0.921875 0.015625 0.015625
0 0.939063 0.925000 0.015625 0.015625
0 0.842187 0.990625 0.015625 0.015625
0 0.903125 0.990625 0.015625 0.015625
0 0.981250 0.985938 0.015625 0.015625
0 0.009375 0.057813 0.015625 0.015625
0 0.090625 0.056250 0.015625 0.015625
0 0.037500 0.120313 0.015625 0.015625
0 0.118750 0.128125 0.015625 0.015625
0 0.010937 0.179688 0.015625 0.015625
0 0.085938 0.187500 0.015625 0.015625
0 0.168750 0.189062 0.015625 0.015625
0 0.018750 0.315625 0.015625 0.015625
0 0.046875 0.259375 0.015625 0.015625
0 0.082812 0.312500 0.015625 0.015625
0 0.112500 0.260937 0.015625 0.015625
0 0.154688 0.315625 0.015625 0.015625
0 0.193750 0.256250 0.015625 0.015625
0 0.231250 0.328125 0.015625 0.015625
0 0.012500 0.440625 0.015625 0.015625
0 0.043750 0.381250 0.015625 0.015625
0 0.082812 0.439063 0.015625 0.015625
0 0.128125 0.381250 0.015625 0.015625
0 0.160938 0.445312 0.015625 0.015625
0 0.195312 0.384375 0.015625 0.015625
0 0.232813 0.450000 0.015625 0.015625
0 0.275000 0.392188 0.015625 0.015625
0 0.312500 0.454688 0.015625 0.015625
0 0.039062 0.514062 0.015625 0.015625
0 0.120313 0.525000 0.015625 0.015625
0 0.079687 0.587500 0.015625 0.015625
0 0.192188 0.520312 0.015625 0.015625
0 0.156250 0.581250 0.015625 0.015625
0 0.259375 0.529687 0.015625 0.015625
0 0.243750 0.578125 0.015625 0.015625
0 0.334375 0.518750 0.015625 0.015625
0 0.375000 0.581250 0.015625 0.015625
0 0.304688 0.590625 0.015625 0.015625
0 0.143750 0.720313 0.015625 0.015625
0 0.078125 0.715625 0.015625 0.015625
0 0.214062 0.715625 0.015625 0.015625
0 0.264062 0.653125 0.015625 0.015625
0 0.303125 0.707812 0.015625 0.015625
0 0.339062 0.651563 0.015625 0.015625
0 0.381250 0.718750 0.015625 0.015625
0 0.031250 0.781250 0.015625 0.015625
0 0.112500 0.779687 0.015625 0.015625
0 0.176563 0.779687 0.015625 0.015625
0 0.270313 0.784375 0.015625 0.015625
0 0.342187 0.787500 0.015625 0.015625
0 0.412500 0.787500 0.015625 0.015625
0 0.023438 0.898438 0.015625 0.015625
0 0.065625 0.971875 0.015625 0.015625
0 0.098437 0.921875 0.015625 0.015625
0 0.150000 0.970313 0.015625 0.015625
0 0.171875 0.915625 0.015625 0.015625
0 0.215625 0.976562 0.015625 0.015625
0 0.248438 0.910937 0.015625 0.015625
0 0.296875 0.981250 0.015625 0.015625
0 0.332813 0.918750 0.015625 0.015625
0 0.362500 0.973437 0.015625 0.015625
0 0.409375 0.926562 0.015625 0.015625
0 0.443750 0.967187 0.015625 0.015625
0 0.484375 0.931250 0.015625 0.015625
0 0.528125 0.982812 0.015625 0.015625
0 0.564063 0.921875 0.015625 0.015625
0 0.596875 0.979688 0.015625 0.015625
0 0.635938 0.918750 0.015625 0.015625
0 0.657813 0.987500 0.015625 0.015625
0 0.714063 0.929688 0.015625 0.015625
0 0.770312 0.998437 0.015625 0.015625
0 0.237500 0.059375 0.015625 0.015625
0 0.270313 0.123438 0.015625 0.015625
0 0.314063 0.195312 0.015625 0.015625
0 0.351562 0.256250 0.015625 0.015625
0 0.384375 0.331250 0.015625 0.015625
0 0.417187 0.385937 0.015625 0.015625
0 0.462500 0.460938 0.015625 0.015625
0 0.404687 0.457813 0.015625 0.015625
0 0.437500 0.528125 0.015625 0.015625
0 0.496875 0.528125 0.015625 0.015625
0 0.462500 0.592187 0.015625 0.015625
0 0.542188 0.601562 0.015625 0.015625
0 0.489063 0.646875 0.015625 0.015625
0 0.578125 0.664062 0.015625 0.015625
0 0.485938 0.795312 0.015625 0.015625
0 0.529687 0.712500 0.015625 0.015625
0 0.576562 0.781250 0.015625 0.015625
0 0.646875 0.784375 0.015625 0.015625
0 0.681250 0.818750 0.015625 0.015625
0 0.698438 0.717187 0.015625 0.015625
0 0.726562 0.789062 0.015625 0.015625
0 0.767188 0.859375 0.015625 0.015625
0 0.587500 0.532813 0.015625 0.015625
0 0.190625 0.648438 0.015625 0.015625
0 0.125000 0.646875 0.015625 0.015625
0 0.028125 0.646875 0.015625 0.015625
0 0.004687 0.590625 0.015625 0.015625
0 0.073438 0.845313 0.015625 0.015625
0 0.153125 0.845313 0.015625 0.015625
0 0.231250 0.845313 0.015625 0.015625
0 0.290625 0.839063 0.015625 0.015625
0 0.381250 0.846875 0.015625 0.015625
0 0.456250 0.846875 0.015625 0.015625
0 0.525000 0.848437 0.015625 0.015625
0 0.421875 0.651563 0.015625 0.015625
0 0.450000 0.709375 0.015625 0.015625
0 0.621875 0.848437 0.015625 0.015625
0 0.681250 0.853125 0.015625 0.015625
