0 0.060937 0.360938 0.015625 0.015625
0 0.098437 0.364063 0.015625 0.015625
0 0.023438 0.364063 0.015625 0.015625
0 0.209375 0.367188 0.015625 0.015625
0 0.135937 0.367188 0.015625 0.015625
0 0.246875 0.367188 0.015625 0.015625
0 0.173437 0.368750 0.015625 0.015625
0 0.587500 0.368750 0.015625 0.015625
0 0.285938 0.370312 0.015625 0.015625
0 0.323437 0.371875 0.015625 0.015625
0 0.398438 0.373437 0.015625 0.015625
0 0.362500 0.375000 0.015625 0.015625
0 0.435937 0.375000 0.015625 0.015625
0 0.473438 0.376563 0.015625 0.015625
0 0.226562 0.392188 0.015625 0.015625
0 0.085938 0.406250 0.015625 0.015625
0 0.046875 0.407813 0.015625 0.015625
0 0.010937 0.407813 0.015625 0.015625
0 0.157812 0.410938 0.015625 0.015625
0 0.270313 0.415625 0.015625 0.015625
0 0.196875 0.417187 0.015625 0.015625
0 0.500000 0.418750 0.015625 0.015625
0 0.346875 0.418750 0.015625 0.015625
0 0.384375 0.418750 0.015625 0.015625
0 0.423438 0.420312 0.015625 0.015625
0 0.465625 0.420312 0.015625 0.015625
0 0.310937 0.421875 0.015625 0.015625
0 0.234375 0.425000 0.015625 0.015625
0 0.353125 0.460938 0.015625 0.015625
0 0.275000 0.464062 0.015625 0.015625
0 0.235937 0.467187 0.015625 0.015625
0 0.200000 0.468750 0.015625 0.015625
0 0.464062 0.475000 0.015625 0.015625
0 0.425000 0.476562 0.015625 0.015625
0 0.389062 0.478125 0.015625 0.015625
0 0.539062 0.481250 0.015625 0.015625
0 0.498437 0.485938 0.015625 0.015625
0 0.140625 0.498437 0.015625 0.015625
0 0.035937 0.498437 0.015625 0.015625
0 0.214062 0.500000 0.015625 0.015625
0 0.260937 0.503125 0.015625 0.015625
0 0.335938 0.504687 0.015625 0.015625
0 0.285938 0.504687 0.015625 0.015625
0 0.370312 0.507812 0.015625 0.015625
0 0.407813 0.509375 0.015625 0.015625
0 0.565625 0.510938 0.015625 0.015625
0 0.454688 0.525000 0.015625 0.015625
0 0.018750 0.526563 0.015625 0.015625
0 0.526563 0.529687 0.015625 0.015625
0 0.548438 0.531250 0.015625 0.015625
0 0.231250 0.532813 0.015625 0.015625
0 0.121875 0.537500 0.015625 0.015625
0 0.159375 0.537500 0.015625 0.015625
0 0.275000 0.539062 0.015625 0.015625
0 0.314063 0.539062 0.015625 0.015625
0 0.351562 0.540625 0.015625 0.015625
0 0.387500 0.542188 0.015625 0.015625
0 0.582812 0.542188 0.015625 0.015625
0 0.425000 0.542188 0.015625 0.015625
0 0.546875 0.565625 0.015625 0.015625
0 0.068750 0.568750 0.015625 0.015625
0 0.106250 0.570312 0.015625 0.015625
0 0.259375 0.570312 0.015625 0.015625
0 0.337500 0.571875 0.015625 0.015625
0 0.301563 0.571875 0.015625 0.015625
0 0.143750 0.571875 0.015625 0.015625
0 0.598437 0.573438 0.015625 0.015625
0 0.368750 0.573438 0.015625 0.015625
0 0.484375 0.573438 0.015625 0.015625
0 0.521875 0.575000 0.015625 0.015625
0 0.445312 0.575000 0.015625 0.015625
0 0.407813 0.575000 0.015625 0.015625
0 0.237500 0.603125 0.015625 0.015625
0 0.085938 0.603125 0.015625 0.015625
0 0.010937 0.603125 0.015625 0.015625
0 0.045312 0.603125 0.015625 0.015625
0 0.125000 0.604688 0.015625 0.015625
0 0.543750 0.604688 0.015625 0.015625
0 0.198437 0.604688 0.015625 0.015625
0 0.501563 0.604688 0.015625 0.015625
0 0.276562 0.604688 0.015625 0.015625
0 0.159375 0.606250 0.015625 0.015625
0 0.462500 0.606250 0.015625 0.015625
0 0.389062 0.606250 0.015625 0.015625
0 0.314063 0.606250 0.015625 0.015625
0 0.351562 0.606250 0.015625 0.015625
0 0.578125 0.607812 0.015625 0.015625
0 0.426563 0.607812 0.015625 0.015625
0 0.614062 0.615625 0.015625 0.015625
0 0.660937 0.618750 0.015625 0.015625
0 0.412500 0.634375 0.015625 0.015625
0 0.029687 0.634375 0.015625 0.015625
0 0.450000 0.637500 0.015625 0.015625
0 0.565625 0.637500 0.015625 0.015625
0 0.526563 0.637500 0.015625 0.015625
0 0.484375 0.642188 0.015625 0.015625
0 0.175000 0.643750 0.015625 0.015625
0 0.637500 0.651563 0.015625 0.015625
0 0.295312 0.653125 0.015625 0.015625
0 0.603125 0.654687 0.015625 0.015625
0 0.237500 0.657813 0.015625 0.015625
0 0.559375 0.657813 0.015625 0.015625
0 0.525000 0.659375 0.015625 0.015625
0 0.498437 0.659375 0.015625 0.015625
0 0.348438 0.659375 0.015625 0.015625
0 0.315625 0.667188 0.015625 0.015625
0 0.464062 0.667188 0.015625 0.015625
0 0.010937 0.668750 0.015625 0.015625
0 0.387500 0.668750 0.015625 0.015625
0 0.087500 0.670312 0.015625 0.015625
0 0.426563 0.670312 0.015625 0.015625
0 0.651563 0.682813 0.015625 0.015625
0 0.704688 0.689063 0.015625 0.015625
0 0.185938 0.690625 0.015625 0.015625
0 0.376563 0.690625 0.015625 0.015625
0 0.245312 0.692187 0.015625 0.015625
0 0.582812 0.693750 0.015625 0.015625
0 0.148438 0.693750 0.015625 0.015625
0 0.293750 0.695312 0.015625 0.015625
0 0.551562 0.696875 0.015625 0.015625
0 0.334375 0.701562 0.015625 0.015625
0 0.103125 0.704688 0.015625 0.015625
0 0.067187 0.704688 0.015625 0.015625
0 0.031250 0.704688 0.015625 0.015625
0 0.484375 0.709375 0.015625 0.015625
0 0.706250 0.718750 0.015625 0.015625
0 0.448437 0.720313 0.015625 0.015625
0 0.403125 0.723437 0.015625 0.015625
0 0.012500 0.737500 0.015625 0.015625
0 0.125000 0.739062 0.015625 0.015625
0 0.050000 0.739062 0.015625 0.015625
0 0.089063 0.740625 0.015625 0.015625
0 0.620313 0.748437 0.015625 0.015625
0 0.264062 0.748437 0.015625 0.015625
0 0.651563 0.748437 0.015625 0.015625
0 0.720313 0.751563 0.015625 0.015625
0 0.684375 0.751563 0.015625 0.015625
0 0.340625 0.754687 0.015625 0.015625
0 0.562500 0.756250 0.015625 0.015625
0 0.378125 0.756250 0.015625 0.015625
0 0.453125 0.757812 0.015625 0.015625
0 0.487500 0.759375 0.015625 0.015625
0 0.417187 0.768750 0.015625 0.015625
0 0.070312 0.770312 0.015625 0.015625
0 0.175000 0.770312 0.015625 0.015625
0 0.026562 0.775000 0.015625 0.015625
0 0.593750 0.776563 0.015625 0.015625
0 0.118750 0.778125 0.015625 0.015625
0 0.746875 0.778125 0.015625 0.015625
0 0.143750 0.779687 0.015625 0.015625
0 0.300000 0.781250 0.015625 0.015625
0 0.709375 0.782813 0.015625 0.015625
0 0.548438 0.784375 0.015625 0.015625
0 0.396875 0.785937 0.015625 0.015625
0 0.356250 0.785937 0.015625 0.015625
0 0.446875 0.787500 0.015625 0.015625
0 0.487500 0.790625 0.015625 0.015625
0 0.200000 0.790625 0.015625 0.015625
0 0.676562 0.792188 0.015625 0.015625
0 0.235937 0.793750 0.015625 0.015625
0 0.645312 0.795312 0.015625 0.015625
0 0.010937 0.800000 0.015625 0.015625
0 0.079687 0.803125 0.015625 0.015625
0 0.162500 0.804688 0.015625 0.015625
0 0.042188 0.804688 0.015625 0.015625
0 0.120313 0.804688 0.015625 0.015625
0 0.575000 0.806250 0.015625 0.015625
0 0.314063 0.806250 0.015625 0.015625
0 0.612500 0.807813 0.015625 0.015625
0 0.428125 0.810937 0.015625 0.015625
0 0.381250 0.814063 0.015625 0.015625
0 0.542188 0.815625 0.015625 0.015625
0 0.695312 0.817187 0.015625 0.015625
0 0.465625 0.817187 0.015625 0.015625
0 0.507812 0.818750 0.015625 0.015625
0 0.187500 0.821875 0.015625 0.015625
0 0.257812 0.832812 0.015625 0.015625
0 0.634375 0.839063 0.015625 0.015625
0 0.559375 0.842187 0.015625 0.015625
0 0.596875 0.842187 0.015625 0.015625
0 0.673438 0.842187 0.015625 0.015625
0 0.032813 0.843750 0.015625 0.015625
0 0.750000 0.845313 0.015625 0.015625
0 0.710938 0.845313 0.015625 0.015625
0 0.339062 0.846875 0.015625 0.015625
0 0.120313 0.848437 0.015625 0.015625
0 0.245312 0.854688 0.015625 0.015625
0 0.389062 0.860938 0.015625 0.015625
0 0.192188 0.862500 0.015625 0.015625
0 0.426563 0.864062 0.015625 0.015625
0 0.273438 0.865625 0.015625 0.015625
0 0.001563 0.867188 0.015625 0.015625
0 0.465625 0.870313 0.015625 0.015625
0 0.503125 0.870313 0.015625 0.015625
0 0.537500 0.870313 0.015625 0.015625
0 0.359375 0.870313 0.015625 0.015625
0 0.651563 0.871875 0.015625 0.015625
0 0.770312 0.876563 0.015625 0.015625
0 0.690625 0.876563 0.015625 0.015625
0 0.575000 0.876563 0.015625 0.015625
0 0.729688 0.876563 0.015625 0.015625
0 0.614062 0.878125 0.015625 0.015625
0 0.104688 0.893750 0.015625 0.015625
0 0.140625 0.898438 0.015625 0.015625
0 0.026562 0.898438 0.015625 0.015625
0 0.295312 0.898438 0.015625 0.015625
0 0.065625 0.898438 0.015625 0.015625
0 0.176563 0.898438 0.015625 0.015625
0 0.335938 0.901563 0.015625 0.015625
0 0.370312 0.904687 0.015625 0.015625
0 0.407813 0.904687 0.015625 0.015625
0 0.671875 0.906250 0.015625 0.015625
0 0.445312 0.906250 0.015625 0.015625
0 0.484375 0.906250 0.015625 0.015625
0 0.523438 0.907813 0.015625 0.015625
0 0.559375 0.907813 0.015625 0.015625
0 0.787500 0.907813 0.015625 0.015625
0 0.632812 0.907813 0.015625 0.015625
0 0.748437 0.909375 0.015625 0.015625
0 0.595313 0.912500 0.015625 0.015625
0 0.828125 0.915625 0.015625 0.015625
0 0.260937 0.921875 0.015625 0.015625
0 0.210938 0.921875 0.015625 0.015625
0 0.121875 0.921875 0.015625 0.015625
0 0.164062 0.923438 0.015625 0.015625
0 0.298438 0.923438 0.015625 0.015625
0 0.023438 0.923438 0.015625 0.015625
0 0.348438 0.935937 0.015625 0.015625
0 0.387500 0.939063 0.015625 0.015625
0 0.690625 0.940625 0.015625 0.015625
0 0.614062 0.940625 0.015625 0.015625
0 0.651563 0.940625 0.015625 0.015625
0 0.726562 0.942187 0.015625 0.015625
0 0.187500 0.942187 0.015625 0.015625
0 0.465625 0.942187 0.015625 0.015625
0 0.578125 0.943750 0.015625 0.015625
0 0.767188 0.943750 0.015625 0.015625
0 0.504687 0.943750 0.015625 0.015625
0 0.809375 0.945312 0.015625 0.015625
0 0.543750 0.948438 0.015625 0.015625
0 0.295312 0.959375 0.015625 0.015625
0 0.025000 0.960938 0.015625 0.015625
0 0.251563 0.964063 0.015625 0.015625
0 0.100000 0.967187 0.015625 0.015625
0 0.064062 0.967187 0.015625 0.015625
0 0.484375 0.968750 0.015625 0.015625
0 0.214062 0.968750 0.015625 0.015625
0 0.175000 0.968750 0.015625 0.015625
0 0.445312 0.970313 0.015625 0.015625
0 0.707812 0.971875 0.015625 0.015625
0 0.557813 0.971875 0.015625 0.015625
0 0.521875 0.971875 0.015625 0.015625
0 0.670312 0.971875 0.015625 0.015625
0 0.370312 0.971875 0.015625 0.015625
0 0.632812 0.973437 0.015625 0.015625
0 0.595313 0.973437 0.015625 0.015625
0 0.406250 0.976562 0.015625 0.015625
0 0.746875 0.979688 0.015625 0.015625
0 0.785937 0.979688 0.015625 0.015625
0 0.325000 0.984375 0.015625 0.015625
0 0.125000 0.984375 0.015625 0.015625
0 0.289062 0.985938 0.015625 0.015625
0 0.240625 0.992188 0.015625 0.015625
0 0.835938 0.993750 0.015625 0.015625
0 0.737500 0.995313 0.015625 0.015625
0 0.465625 0.996875 0.015625 0.015625
0 0.006250 0.325000 0.015625 0.015625
0 0.023438 0.293750 0.015625 0.015625
0 0.046875 0.325000 0.015625 0.015625
0 0.064062 0.296875 0.015625 0.015625
0 0.087500 0.321875 0.015625 0.015625
0 0.103125 0.298438 0.015625 0.015625
0 0.120313 0.325000 0.015625 0.015625
0 0.137500 0.296875 0.015625 0.015625
0 0.159375 0.328125 0.015625 0.015625
0 0.173437 0.300000 0.015625 0.015625
0 0.196875 0.332813 0.015625 0.015625
0 0.215625 0.301563 0.015625 0.015625
0 0.235937 0.325000 0.015625 0.015625
0 0.251563 0.298438 0.015625 0.015625
0 0.271875 0.331250 0.015625 0.015625
0 0.289062 0.300000 0.015625 0.015625
0 0.306250 0.328125 0.015625 0.015625
0 0.325000 0.301563 0.015625 0.015625
0 0.343750 0.331250 0.015625 0.015625
0 0.356250 0.303125 0.015625 0.015625
0 0.382812 0.332813 0.015625 0.015625
0 0.398438 0.304688 0.015625 0.015625
0 0.421875 0.332813 0.015625 0.015625
0 0.435937 0.306250 0.015625 0.015625
0 0.457813 0.334375 0.015625 0.015625
0 0.475000 0.300000 0.015625 0.015625
0 0.493750 0.332813 0.015625 0.015625
0 0.550000 0.303125 0.015625 0.015625
0 0.571875 0.339062 0.015625 0.015625
0 0.006250 0.471875 0.015625 0.015625
0 0.051562 0.468750 0.015625 0.015625
0 0.065625 0.503125 0.015625 0.015625
0 0.067187 0.637500 0.015625 0.015625
0 0.109375 0.635938 0.015625 0.015625
0 0.140625 0.635938 0.015625 0.015625
0 0.120313 0.668750 0.015625 0.015625
0 0.048438 0.668750 0.015625 0.015625
