0 0.906250 0.000000 0.015625 0.015625
0 0.943750 0.000000 0.015625 0.015625
0 0.982812 0.000000 0.015625 0.015625
0 0.510938 0.025000 0.015625 0.015625
0 0.529687 0.054688 0.015625 0.015625
0 0.542188 0.026562 0.015625 0.015625
0 0.564063 0.051562 0.015625 0.015625
0 0.579688 0.026562 0.015625 0.015625
0 0.598437 0.057813 0.015625 0.015625
0 0.618750 0.025000 0.015625 0.015625
0 0.639062 0.057813 0.015625 0.015625
0 0.657813 0.028125 0.015625 0.015625
0 0.675000 0.060937 0.015625 0.015625
0 0.692187 0.026562 0.015625 0.015625
0 0.712500 0.059375 0.015625 0.015625
0 0.729688 0.029687 0.015625 0.015625
0 0.748437 0.060937 0.015625 0.015625
0 0.770312 0.029687 0.015625 0.015625
0 0.787500 0.060937 0.015625 0.015625
0 0.807813 0.028125 0.015625 0.015625
0 0.825000 0.062500 0.015625 0.015625
0 0.845313 0.029687 0.015625 0.015625
0 0.865625 0.060937 0.015625 0.015625
0 0.879687 0.029687 0.015625 0.015625
0 0.901563 0.065625 0.015625 0.015625
0 0.923438 0.028125 0.015625 0.015625
0 0.939063 0.065625 0.015625 0.015625
0 0.957812 0.032813 0.015625 0.015625
0 0.976562 0.065625 0.015625 0.015625
0 0.995313 0.032813 0.015625 0.015625
0 0.550000 0.090625 0.015625 0.015625
0 0.568750 0.121875 0.015625 0.015625
0 0.578125 0.090625 0.015625 0.015625
0 0.596875 0.126562 0.015625 0.015625
0 0.617188 0.090625 0.015625 0.015625
0 0.634375 0.125000 0.015625 0.015625
0 0.657813 0.090625 0.015625 0.015625
0 0.671875 0.125000 0.015625 0.015625
0 0.690625 0.093750 0.015625 0.015625
0 0.709375 0.126562 0.015625 0.015625
0 0.728125 0.095312 0.015625 0.015625
0 0.746875 0.126562 0.015625 0.015625
0 0.768750 0.096875 0.015625 0.015625
0 0.785937 0.126562 0.015625 0.015625
0 0.806250 0.098437 0.015625 0.015625
0 0.823438 0.129688 0.015625 0.015625
0 0.843750 0.096875 0.015625 0.015625
0 0.862500 0.129688 0.015625 0.015625
0 0.881250 0.098437 0.015625 0.015625
0 0.903125 0.129688 0.015625 0.015625
0 0.918750 0.100000 0.015625 0.015625
0 0.937500 0.129688 0.015625 0.015625
0 0.956250 0.096875 0.015625 0.015625
0 0.973437 0.129688 0.015625 0.015625
0 0.993750 0.096875 0.015625 0.015625
0 0.587500 0.156250 0.015625 0.015625
0 0.603125 0.189062 0.015625 0.015625
0 0.615625 0.154688 0.015625 0.015625
0 0.632812 0.190625 0.015625 0.015625
0 0.651563 0.159375 0.015625 0.015625
0 0.671875 0.192188 0.015625 0.015625
0 0.689063 0.156250 0.015625 0.015625
0 0.712500 0.190625 0.015625 0.015625
0 0.729688 0.157812 0.015625 0.015625
0 0.748437 0.192188 0.015625 0.015625
0 0.765625 0.162500 0.015625 0.015625
0 0.784375 0.192188 0.015625 0.015625
0 0.803125 0.162500 0.015625 0.015625
0 0.823438 0.193750 0.015625 0.015625
0 0.842187 0.160938 0.015625 0.015625
0 0.860938 0.195312 0.015625 0.015625
0 0.879687 0.162500 0.015625 0.015625
0 0.901563 0.195312 0.015625 0.015625
0 0.917188 0.162500 0.015625 0.015625
0 0.932813 0.196875 0.015625 0.015625
0 0.953125 0.162500 0.015625 0.015625
0 0.971875 0.196875 0.015625 0.015625
0 0.992188 0.164062 0.015625 0.015625
0 0.645312 0.223438 0.015625 0.015625
0 0.673438 0.257812 0.015625 0.015625
0 0.690625 0.226562 0.015625 0.015625
0 0.709375 0.260937 0.015625 0.015625
0 0.725000 0.226562 0.015625 0.015625
0 0.746875 0.259375 0.015625 0.015625
0 0.767188 0.226562 0.015625 0.015625
0 0.781250 0.259375 0.015625 0.015625
0 0.803125 0.229687 0.015625 0.015625
0 0.821875 0.259375 0.015625 0.015625
0 0.839063 0.228125 0.015625 0.015625
0 0.859375 0.262500 0.015625 0.015625
0 0.879687 0.232813 0.015625 0.015625
0 0.898438 0.259375 0.015625 0.015625
0 0.917188 0.228125 0.015625 0.015625
0 0.935937 0.264062 0.015625 0.015625
0 0.954688 0.228125 0.015625 0.015625
0 0.973437 0.262500 0.015625 0.015625
0 0.993750 0.231250 0.015625 0.015625
0 0.178125 0.115625 0.015625 0.015625
0 0.026562 0.114062 0.015625 0.015625
0 0.085938 0.017188 0.015625 0.015625
0 0.043750 0.146875 0.015625 0.015625
0 0.009375 0.082812 0.015625 0.015625
0 0.101562 0.181250 0.015625 0.015625
0 0.026562 0.179688 0.015625 0.015625
0 0.050000 0.017188 0.015625 0.015625
0 0.064062 0.114062 0.015625 0.015625
0 0.064062 0.181250 0.015625 0.015625
0 0.046875 0.214062 0.015625 0.015625
0 0.142187 0.117188 0.015625 0.015625
0 0.006250 0.146875 0.015625 0.015625
0 0.103125 0.115625 0.015625 0.015625
0 0.159375 0.082812 0.015625 0.015625
0 0.010937 0.017188 0.015625 0.015625
0 0.193750 0.217188 0.015625 0.015625
0 0.256250 0.118750 0.015625 0.015625
0 0.460938 0.220312 0.015625 0.015625
0 0.346875 0.220312 0.015625 0.015625
0 0.423438 0.154688 0.015625 0.015625
0 0.142187 0.050000 0.015625 0.015625
0 0.295312 0.051562 0.015625 0.015625
0 0.332813 0.053125 0.015625 0.015625
0 0.407813 0.054688 0.015625 0.015625
0 0.271875 0.217188 0.015625 0.015625
0 0.217188 0.117188 0.015625 0.015625
0 0.537500 0.221875 0.015625 0.015625
0 0.384375 0.221875 0.015625 0.015625
0 0.443750 0.120313 0.015625 0.015625
0 0.217188 0.181250 0.015625 0.015625
0 0.498437 0.220312 0.015625 0.015625
0 0.443750 0.054688 0.015625 0.015625
0 0.329688 0.118750 0.015625 0.015625
0 0.387500 0.018750 0.015625 0.015625
0 0.368750 0.120313 0.015625 0.015625
0 0.404687 0.120313 0.015625 0.015625
0 0.368750 0.053125 0.015625 0.015625
0 0.460938 0.154688 0.015625 0.015625
0 0.481250 0.185938 0.015625 0.015625
0 0.406250 0.184375 0.015625 0.015625
0 0.234375 0.150000 0.015625 0.015625
0 0.171875 0.181250 0.015625 0.015625
0 0.159375 0.018750 0.015625 0.015625
0 0.006250 0.214062 0.015625 0.015625
0 0.120313 0.150000 0.015625 0.015625
0 0.500000 0.154688 0.015625 0.015625
0 0.329688 0.182812 0.015625 0.015625
0 0.482812 0.120313 0.015625 0.015625
0 0.120313 0.214062 0.015625 0.015625
0 0.442188 0.185938 0.015625 0.015625
0 0.310937 0.218750 0.015625 0.015625
0 0.425000 0.089063 0.015625 0.015625
0 0.367188 0.184375 0.015625 0.015625
0 0.045312 0.082812 0.015625 0.015625
0 0.103125 0.046875 0.015625 0.015625
0 0.064062 0.245312 0.015625 0.015625
0 0.028125 0.048438 0.015625 0.015625
0 0.157812 0.214062 0.015625 0.015625
0 0.196875 0.150000 0.015625 0.015625
0 0.271875 0.150000 0.015625 0.015625
0 0.179688 0.250000 0.015625 0.015625
0 0.460938 0.087500 0.015625 0.015625
0 0.082812 0.214062 0.015625 0.015625
0 0.520312 0.187500 0.015625 0.015625
0 0.520312 0.121875 0.015625 0.015625
0 0.256250 0.050000 0.015625 0.015625
0 0.426563 0.221875 0.015625 0.015625
0 0.384375 0.085938 0.015625 0.015625
0 0.315625 0.017188 0.015625 0.015625
0 0.271875 0.018750 0.015625 0.015625
0 0.237500 0.020313 0.015625 0.015625
0 0.031250 0.243750 0.015625 0.015625
0 0.067187 0.050000 0.015625 0.015625
0 0.082812 0.081250 0.015625 0.015625
0 0.287500 0.117188 0.015625 0.015625
0 0.198437 0.081250 0.015625 0.015625
0 0.232813 0.084375 0.015625 0.015625
0 0.314063 0.089063 0.015625 0.015625
0 0.267188 0.082812 0.015625 0.015625
0 0.298438 0.182812 0.015625 0.015625
0 0.250000 0.181250 0.015625 0.015625
0 0.082812 0.145313 0.015625 0.015625
0 0.137500 0.181250 0.015625 0.015625
0 0.165625 0.150000 0.015625 0.015625
0 0.307812 0.151562 0.015625 0.015625
0 0.351562 0.151562 0.015625 0.015625
0 0.382812 0.151562 0.015625 0.015625
0 0.540625 0.159375 0.015625 0.015625
0 0.557813 0.189062 0.015625 0.015625
0 0.575000 0.225000 0.015625 0.015625
0 0.482812 0.057813 0.015625 0.015625
0 0.498437 0.082812 0.015625 0.015625
0 0.467187 0.021875 0.015625 0.015625
0 0.425000 0.023438 0.015625 0.015625
0 0.109375 0.242188 0.015625 0.015625
0 0.142187 0.245312 0.015625 0.015625
0 0.220312 0.248438 0.015625 0.015625
0 0.253125 0.251563 0.015625 0.015625
0 0.290625 0.251563 0.015625 0.015625
0 0.318750 0.253125 0.015625 0.015625
0 0.353125 0.251563 0.015625 0.015625
0 0.384375 0.253125 0.015625 0.015625
0 0.425000 0.254688 0.015625 0.015625
0 0.456250 0.256250 0.015625 0.015625
0 0.484375 0.254688 0.015625 0.015625
0 0.515625 0.256250 0.015625 0.015625
0 0.553125 0.259375 0.015625 0.015625
0 0.589063 0.259375 0.015625 0.015625
0 0.214062 0.046875 0.015625 0.015625
0 0.201563 0.018750 0.015625 0.015625
0 0.350000 0.087500 0.015625 0.015625
0 0.351562 0.017188 0.015625 0.015625
0 0.123438 0.018750 0.015625 0.015625
0 0.114062 0.085938 0.015625 0.015625
0 0.237500 0.217188 0.015625 0.015625
