0 0.965625 0.070312 0.015625 0.015625
0 0.031250 0.962500 0.015625 0.015625
0 0.762500 0.000000 0.015625 0.015625
0 0.840625 0.003125 0.015625 0.015625
0 0.885938 0.065625 0.015625 0.015625
0 0.920312 0.134375 0.015625 0.015625
0 0.851562 0.134375 0.015625 0.015625
0 0.773438 0.120313 0.015625 0.015625
0 0.739062 0.060937 0.015625 0.015625
0 0.693750 0.129688 0.015625 0.015625
0 0.665625 0.067187 0.015625 0.015625
0 0.609375 0.128125 0.015625 0.015625
0 0.576562 0.070312 0.015625 0.015625
0 0.531250 0.129688 0.015625 0.015625
0 0.504687 0.059375 0.015625 0.015625
0 0.470313 0.121875 0.015625 0.015625
0 0.432812 0.056250 0.015625 0.015625
0 0.389062 0.120313 0.015625 0.015625
0 0.357812 0.053125 0.015625 0.015625
0 0.325000 0.128125 0.015625 0.015625
0 0.287500 0.046875 0.015625 0.015625
0 0.254688 0.120313 0.015625 0.015625
0 0.198437 0.057813 0.015625 0.015625
0 0.167187 0.120313 0.015625 0.015625
0 0.134375 0.053125 0.015625 0.015625
0 0.085938 0.121875 0.015625 0.015625
0 0.056250 0.060937 0.015625 0.015625
0 0.017188 0.121875 0.015625 0.015625
0 0.037500 0.179688 0.015625 0.015625
0 0.073438 0.243750 0.015625 0.015625
0 0.121875 0.187500 0.015625 0.015625
0 0.154688 0.250000 0.015625 0.015625
0 0.185938 0.187500 0.015625 0.015625
0 0.225000 0.253125 0.015625 0.015625
0 0.264062 0.196875 0.015625 0.015625
0 0.295312 0.256250 0.015625 0.015625
0 0.337500 0.187500 0.015625 0.015625
0 0.384375 0.257812 0.015625 0.015625
0 0.467187 0.253125 0.015625 0.015625
0 0.543750 0.265625 0.015625 0.015625
0 0.610938 0.251563 0.015625 0.015625
0 0.693750 0.260937 0.015625 0.015625
0 0.737500 0.200000 0.015625 0.015625
0 0.773438 0.257812 0.015625 0.015625
0 0.800000 0.204687 0.015625 0.015625
0 0.839063 0.264062 0.015625 0.015625
0 0.879687 0.207813 0.015625 0.015625
0 0.910937 0.260937 0.015625 0.015625
0 0.960938 0.193750 0.015625 0.015625
0 0.996875 0.264062 0.015625 0.015625
0 0.001563 0.378125 0.015625 0.015625
0 0.045312 0.314063 0.015625 0.015625
0 0.084375 0.392188 0.015625 0.015625
0 0.120313 0.318750 0.015625 0.015625
0 0.143750 0.379688 0.015625 0.015625
0 0.192188 0.315625 0.015625 0.015625
0 0.228125 0.378125 0.015625 0.015625
0 0.271875 0.312500 0.015625 0.015625
0 0.300000 0.385937 0.015625 0.015625
0 0.343750 0.315625 0.015625 0.015625
0 0.368750 0.381250 0.015625 0.015625
0 0.498437 0.315625 0.015625 0.015625
0 0.423438 0.314063 0.015625 0.015625
0 0.468750 0.384375 0.015625 0.015625
0 0.564063 0.317188 0.015625 0.015625
0 0.539062 0.387500 0.015625 0.015625
0 0.650000 0.320312 0.015625 0.015625
0 0.607812 0.396875 0.015625 0.015625
0 0.720313 0.331250 0.015625 0.015625
0 0.795312 0.325000 0.015625 0.015625
0 0.773438 0.396875 0.015625 0.015625
0 0.881250 0.320312 0.015625 0.015625
0 0.918750 0.396875 0.015625 0.015625
0 0.843750 0.392188 0.015625 0.015625
0 0.965625 0.331250 0.015625 0.015625
0 0.996875 0.396875 0.015625 0.015625
0 0.962500 0.473438 0.015625 0.015625
0 0.871875 0.448437 0.015625 0.015625
0 0.837500 0.535937 0.015625 0.015625
0 0.806250 0.454688 0.015625 0.015625
0 0.773438 0.523438 0.015625 0.015625
0 0.723437 0.464062 0.015625 0.015625
0 0.684375 0.521875 0.015625 0.015625
0 0.645312 0.456250 0.015625 0.015625
0 0.607812 0.525000 0.015625 0.015625
0 0.571875 0.437500 0.015625 0.015625
0 0.537500 0.512500 0.015625 0.015625
0 0.507812 0.459375 0.015625 0.015625
0 0.473438 0.521875 0.015625 0.015625
0 0.420312 0.448437 0.015625 0.015625
0 0.385937 0.521875 0.015625 0.015625
0 0.353125 0.451562 0.015625 0.015625
0 0.298438 0.509375 0.015625 0.015625
0 0.275000 0.445312 0.015625 0.015625
0 0.237500 0.503125 0.015625 0.015625
0 0.214062 0.445312 0.015625 0.015625
0 0.164062 0.517188 0.015625 0.015625
0 0.123438 0.443750 0.015625 0.015625
0 0.079687 0.517188 0.015625 0.015625
0 0.048438 0.576562 0.015625 0.015625
0 0.073438 0.632812 0.015625 0.015625
0 0.118750 0.581250 0.015625 0.015625
0 0.153125 0.643750 0.015625 0.015625
0 0.185938 0.579688 0.015625 0.015625
0 0.262500 0.579688 0.015625 0.015625
0 0.235937 0.642188 0.015625 0.015625
0 0.345313 0.587500 0.015625 0.015625
0 0.314063 0.639062 0.015625 0.015625
0 0.387500 0.646875 0.015625 0.015625
0 0.426563 0.585938 0.015625 0.015625
0 0.500000 0.581250 0.015625 0.015625
0 0.465625 0.646875 0.015625 0.015625
0 0.571875 0.589063 0.015625 0.015625
0 0.625000 0.646875 0.015625 0.015625
0 0.535937 0.646875 0.015625 0.015625
0 0.653125 0.589063 0.015625 0.015625
0 0.731250 0.584375 0.015625 0.015625
0 0.689063 0.650000 0.015625 0.015625
0 0.770312 0.662500 0.015625 0.015625
0 0.787500 0.610938 0.015625 0.015625
0 0.870313 0.596875 0.015625 0.015625
0 0.834375 0.664062 0.015625 0.015625
0 0.950000 0.595313 0.015625 0.015625
0 0.910937 0.664062 0.015625 0.015625
0 0.989062 0.790625 0.015625 0.015625
0 0.943750 0.726562 0.015625 0.015625
0 0.906250 0.798438 0.015625 0.015625
0 0.879687 0.726562 0.015625 0.015625
0 0.820312 0.793750 0.015625 0.015625
0 0.789062 0.720313 0.015625 0.015625
0 0.764062 0.782813 0.015625 0.015625
0 0.728125 0.717187 0.015625 0.015625
0 0.689063 0.787500 0.015625 0.015625
0 0.657813 0.720313 0.015625 0.015625
0 0.610938 0.798438 0.015625 0.015625
0 0.570312 0.721875 0.015625 0.015625
0 0.531250 0.789062 0.015625 0.015625
0 0.496875 0.723437 0.015625 0.015625
0 0.446875 0.781250 0.015625 0.015625
0 0.429688 0.715625 0.015625 0.015625
0 0.379688 0.771875 0.015625 0.015625
0 0.345313 0.720313 0.015625 0.015625
0 0.303125 0.795312 0.015625 0.015625
0 0.264062 0.712500 0.015625 0.015625
0 0.228125 0.776563 0.015625 0.015625
0 0.190625 0.703125 0.015625 0.015625
0 0.143750 0.782813 0.015625 0.015625
0 0.104688 0.707812 0.015625 0.015625
0 0.031250 0.703125 0.015625 0.015625
0 0.935937 0.981250 0.015625 0.015625
0 0.873437 0.985938 0.015625 0.015625
0 0.812500 0.985938 0.015625 0.015625
0 0.714063 0.985938 0.015625 0.015625
0 0.639062 0.978125 0.015625 0.015625
0 0.575000 0.978125 0.015625 0.015625
0 0.935937 0.859375 0.015625 0.015625
0 0.975000 0.926562 0.015625 0.015625
0 0.910937 0.921875 0.015625 0.015625
0 0.875000 0.856250 0.015625 0.015625
0 0.829688 0.918750 0.015625 0.015625
0 0.789062 0.864062 0.015625 0.015625
0 0.754687 0.917188 0.015625 0.015625
0 0.720313 0.854688 0.015625 0.015625
0 0.668750 0.907813 0.015625 0.015625
0 0.642188 0.843750 0.015625 0.015625
0 0.598437 0.910937 0.015625 0.015625
0 0.567187 0.843750 0.015625 0.015625
0 0.525000 0.904687 0.015625 0.015625
0 0.501563 0.854688 0.015625 0.015625
0 0.418750 0.917188 0.015625 0.015625
0 0.414062 0.843750 0.015625 0.015625
0 0.368750 0.914062 0.015625 0.015625
0 0.350000 0.840625 0.015625 0.015625
0 0.257812 0.842187 0.015625 0.015625
0 0.048438 0.437500 0.015625 0.015625
0 0.023438 0.521875 0.015625 0.015625
0 0.995313 0.134375 0.015625 0.015625
0 0.923438 0.525000 0.015625 0.015625
0 0.431250 0.192188 0.015625 0.015625
0 0.501563 0.192188 0.015625 0.015625
0 0.578125 0.195312 0.015625 0.015625
0 0.639062 0.196875 0.015625 0.015625
0 0.543750 0.000000 0.015625 0.015625
0 0.689063 0.389062 0.015625 0.015625
0 0.921875 0.003125 0.015625 0.015625
0 0.810937 0.065625 0.015625 0.015625
