0 0.657813 0.260937 0.015625 0.015625
0 0.317188 0.057813 0.015625 0.015625
0 0.542188 0.459375 0.015625 0.015625
0 0.048438 0.385937 0.015625 0.015625
0 0.812500 0.264062 0.015625 0.015625
0 0.467187 0.456250 0.015625 0.015625
0 0.739062 0.132812 0.015625 0.015625
0 0.125000 0.384375 0.015625 0.015625
0 0.892188 0.004687 0.015625 0.015625
0 0.767188 0.459375 0.015625 0.015625
0 0.620313 0.198437 0.015625 0.015625
0 0.395313 0.453125 0.015625 0.015625
0 0.843750 0.465625 0.015625 0.015625
0 0.739062 0.000000 0.015625 0.015625
0 0.468750 0.054688 0.015625 0.015625
0 0.589063 0.001563 0.015625 0.015625
0 0.510938 0.525000 0.015625 0.015625
0 0.735938 0.400000 0.015625 0.015625
0 0.092188 0.451562 0.015625 0.015625
0 0.356250 0.254688 0.015625 0.015625
0 0.964063 0.264062 0.015625 0.015625
0 0.995313 0.465625 0.015625 0.015625
0 0.998437 0.332813 0.015625 0.015625
0 0.471875 0.331250 0.015625 0.015625
0 0.735938 0.262500 0.015625 0.015625
0 0.546875 0.062500 0.015625 0.015625
0 0.806250 0.400000 0.015625 0.015625
0 0.617188 0.457813 0.015625 0.015625
0 0.887500 0.534375 0.015625 0.015625
0 0.965625 0.537500 0.015625 0.015625
0 0.543750 0.331250 0.015625 0.015625
0 0.815625 0.132812 0.015625 0.015625
0 0.660937 0.131250 0.015625 0.015625
0 0.700000 0.201563 0.015625 0.015625
0 0.575000 0.253125 0.015625 0.015625
0 0.590625 0.131250 0.015625 0.015625
0 0.776563 0.200000 0.015625 0.015625
0 0.917188 0.462500 0.015625 0.015625
0 0.967187 0.004687 0.015625 0.015625
0 0.579688 0.395313 0.015625 0.015625
0 0.506250 0.256250 0.015625 0.015625
0 0.889062 0.267188 0.015625 0.015625
0 0.504687 0.395313 0.015625 0.015625
0 0.618750 0.332813 0.015625 0.015625
0 0.776563 0.060937 0.015625 0.015625
0 0.967187 0.403125 0.015625 0.015625
0 0.662500 0.531250 0.015625 0.015625
0 0.584375 0.528125 0.015625 0.015625
0 0.693750 0.326562 0.015625 0.015625
0 0.928125 0.200000 0.015625 0.015625
0 0.964063 0.137500 0.015625 0.015625
0 0.856250 0.334375 0.015625 0.015625
0 0.695312 0.462500 0.015625 0.015625
0 0.881250 0.400000 0.015625 0.015625
0 0.470313 0.193750 0.015625 0.015625
0 0.051562 0.512500 0.015625 0.015625
0 0.117188 0.515625 0.015625 0.015625
0 0.201563 0.520312 0.015625 0.015625
0 0.409375 0.195312 0.015625 0.015625
0 0.337500 0.331250 0.015625 0.015625
0 0.393750 0.331250 0.015625 0.015625
0 0.773438 0.334375 0.015625 0.015625
0 0.810937 0.529687 0.015625 0.015625
0 0.739062 0.526563 0.015625 0.015625
0 0.651563 0.398438 0.015625 0.015625
0 0.248438 0.193750 0.015625 0.015625
0 0.854688 0.200000 0.015625 0.015625
0 0.921875 0.328125 0.015625 0.015625
0 0.007812 0.451562 0.015625 0.015625
0 0.393750 0.057813 0.015625 0.015625
0 0.057813 0.253125 0.015625 0.015625
0 0.167187 0.450000 0.015625 0.015625
0 0.237500 0.450000 0.015625 0.015625
0 0.209375 0.262500 0.015625 0.015625
0 0.240625 0.329688 0.015625 0.015625
0 0.284375 0.385937 0.015625 0.015625
0 0.168750 0.189062 0.015625 0.015625
0 0.139063 0.121875 0.015625 0.015625
0 0.093750 0.043750 0.015625 0.015625
0 0.503125 0.129688 0.015625 0.015625
0 0.434375 0.126562 0.015625 0.015625
0 0.359375 0.126562 0.015625 0.015625
0 0.270313 0.123438 0.015625 0.015625
0 0.204687 0.123438 0.015625 0.015625
0 0.167187 0.050000 0.015625 0.015625
0 0.015625 0.201563 0.015625 0.015625
