0 0.164062 0.001563 0.015625 0.015625
0 0.015625 0.001563 0.015625 0.015625
0 0.310937 0.006250 0.015625 0.015625
0 0.090625 0.007812 0.015625 0.015625
0 0.393750 0.009375 0.015625 0.015625
0 0.470313 0.012500 0.015625 0.015625
0 0.854688 0.014063 0.015625 0.015625
0 0.782813 0.015625 0.015625 0.015625
0 0.129688 0.065625 0.015625 0.015625
0 0.050000 0.068750 0.015625 0.015625
0 0.200000 0.068750 0.015625 0.015625
0 0.889062 0.075000 0.015625 0.015625
0 0.809375 0.081250 0.015625 0.015625
0 0.242188 0.134375 0.015625 0.015625
0 0.014063 0.135937 0.015625 0.015625
0 0.089063 0.135937 0.015625 0.015625
0 0.164062 0.135937 0.015625 0.015625
0 0.118750 0.206250 0.015625 0.015625
0 0.015625 0.245312 0.015625 0.015625
0 0.045312 0.328125 0.015625 0.015625
0 0.123438 0.339062 0.015625 0.015625
0 0.081250 0.396875 0.015625 0.015625
