0 0.146875 0.028125 0.015625 0.015625
0 0.065625 0.031250 0.015625 0.015625
0 0.221875 0.032813 0.015625 0.015625
0 0.370312 0.035937 0.015625 0.015625
0 0.448437 0.040625 0.015625 0.015625
0 0.593750 0.042188 0.015625 0.015625
0 0.520312 0.042188 0.015625 0.015625
0 0.671875 0.045312 0.015625 0.015625
0 0.746875 0.048438 0.015625 0.015625
0 0.823438 0.050000 0.015625 0.015625
0 0.898438 0.050000 0.015625 0.015625
0 0.975000 0.056250 0.015625 0.015625
0 0.107813 0.092188 0.015625 0.015625
0 0.260937 0.095312 0.015625 0.015625
0 0.025000 0.095312 0.015625 0.015625
0 0.184375 0.096875 0.015625 0.015625
0 0.409375 0.103125 0.015625 0.015625
0 0.485938 0.104688 0.015625 0.015625
0 0.559375 0.109375 0.015625 0.015625
0 0.635938 0.110937 0.015625 0.015625
0 0.710938 0.112500 0.015625 0.015625
0 0.787500 0.112500 0.015625 0.015625
0 0.860938 0.117188 0.015625 0.015625
0 0.939063 0.118750 0.015625 0.015625
0 0.064062 0.159375 0.015625 0.015625
0 0.146875 0.160938 0.015625 0.015625
0 0.220312 0.162500 0.015625 0.015625
0 0.295312 0.162500 0.015625 0.015625
0 0.442188 0.170313 0.015625 0.015625
0 0.520312 0.173437 0.015625 0.015625
0 0.595313 0.176563 0.015625 0.015625
0 0.668750 0.178125 0.015625 0.015625
0 0.735938 0.179688 0.015625 0.015625
0 0.971875 0.181250 0.015625 0.015625
0 0.820312 0.182812 0.015625 0.015625
0 0.895312 0.182812 0.015625 0.015625
0 0.023438 0.221875 0.015625 0.015625
0 0.098437 0.223438 0.015625 0.015625
0 0.181250 0.225000 0.015625 0.015625
0 0.334375 0.226562 0.015625 0.015625
0 0.254688 0.226562 0.015625 0.015625
0 0.559375 0.235937 0.015625 0.015625
0 0.632812 0.239063 0.015625 0.015625
0 0.479687 0.239063 0.015625 0.015625
0 0.704688 0.242188 0.015625 0.015625
0 0.782813 0.245312 0.015625 0.015625
0 0.935937 0.246875 0.015625 0.015625
0 0.860938 0.248438 0.015625 0.015625
0 0.826562 0.281250 0.015625 0.015625
0 0.975000 0.309375 0.015625 0.015625
0 0.512500 0.303125 0.015625 0.015625
0 0.585938 0.306250 0.015625 0.015625
0 0.671875 0.309375 0.015625 0.015625
0 0.739062 0.312500 0.015625 0.015625
0 0.829688 0.312500 0.015625 0.015625
0 0.893750 0.312500 0.015625 0.015625
0 0.856250 0.381250 0.015625 0.015625
0 0.948438 0.376563 0.015625 0.015625
0 0.056250 0.296875 0.015625 0.015625
0 0.135937 0.292187 0.015625 0.015625
0 0.212500 0.293750 0.015625 0.015625
0 0.287500 0.301563 0.015625 0.015625
0 0.362500 0.303125 0.015625 0.015625
