0 0.000000 0.457813 0.015625 0.015625
0 0.062500 0.459375 0.015625 0.015625
0 0.012500 0.523438 0.015625 0.015625
0 0.067187 0.523438 0.015625 0.015625
0 0.051562 0.581250 0.015625 0.015625
0 0.135937 0.576562 0.015625 0.015625
0 0.032813 0.653125 0.015625 0.015625
0 0.112500 0.653125 0.015625 0.015625
0 0.073438 0.728125 0.015625 0.015625
0 0.143750 0.723437 0.015625 0.015625
0 0.109375 0.792188 0.015625 0.015625
0 0.192188 0.792188 0.015625 0.015625
0 0.220312 0.860938 0.015625 0.015625
0 0.137500 0.856250 0.015625 0.015625
0 0.064062 0.853125 0.015625 0.015625
0 0.020313 0.790625 0.015625 0.015625
0 0.032813 0.914062 0.015625 0.015625
0 0.103125 0.915625 0.015625 0.015625
0 0.179688 0.921875 0.015625 0.015625
0 0.223438 0.989062 0.015625 0.015625
0 0.289062 0.992188 0.015625 0.015625
0 0.370312 0.987500 0.015625 0.015625
0 0.289062 0.853125 0.015625 0.015625
0 0.259375 0.910937 0.015625 0.015625
0 0.035937 0.396875 0.015625 0.015625
0 0.273438 0.000000 0.015625 0.015625
0 0.171875 0.037500 0.015625 0.015625
0 0.089063 0.054688 0.015625 0.015625
0 0.239063 0.064062 0.015625 0.015625
0 0.471875 0.065625 0.015625 0.015625
0 0.389062 0.071875 0.015625 0.015625
0 0.542188 0.073438 0.015625 0.015625
0 0.617188 0.078125 0.015625 0.015625
0 0.690625 0.079687 0.015625 0.015625
0 0.768750 0.082812 0.015625 0.015625
0 0.990625 0.085938 0.015625 0.015625
0 0.121875 0.126562 0.015625 0.015625
0 0.045312 0.128125 0.015625 0.015625
0 0.196875 0.128125 0.015625 0.015625
0 0.271875 0.128125 0.015625 0.015625
0 0.348438 0.132812 0.015625 0.015625
0 0.425000 0.134375 0.015625 0.015625
0 0.654687 0.139063 0.015625 0.015625
0 0.504687 0.140625 0.015625 0.015625
0 0.896875 0.140625 0.015625 0.015625
0 0.959375 0.143750 0.015625 0.015625
0 0.804688 0.145313 0.015625 0.015625
0 0.725000 0.145313 0.015625 0.015625
0 0.235937 0.192188 0.015625 0.015625
0 0.156250 0.196875 0.015625 0.015625
0 0.309375 0.196875 0.015625 0.015625
0 0.385937 0.200000 0.015625 0.015625
0 0.073438 0.200000 0.015625 0.015625
0 0.840625 0.206250 0.015625 0.015625
0 0.614062 0.206250 0.015625 0.015625
0 0.692187 0.209375 0.015625 0.015625
0 0.764062 0.209375 0.015625 0.015625
0 0.995313 0.210938 0.015625 0.015625
0 0.421875 0.253125 0.015625 0.015625
0 0.195312 0.260937 0.015625 0.015625
0 0.268750 0.260937 0.015625 0.015625
0 0.115625 0.262500 0.015625 0.015625
0 0.348438 0.265625 0.015625 0.015625
0 0.873437 0.275000 0.015625 0.015625
0 0.150000 0.329688 0.015625 0.015625
0 0.385937 0.331250 0.015625 0.015625
0 0.459375 0.332813 0.015625 0.015625
0 0.535937 0.334375 0.015625 0.015625
0 0.796875 0.398438 0.015625 0.015625
0 0.567187 0.398438 0.015625 0.015625
0 0.192188 0.400000 0.015625 0.015625
0 0.343750 0.400000 0.015625 0.015625
0 0.496875 0.403125 0.015625 0.015625
0 0.645312 0.404687 0.015625 0.015625
0 0.720313 0.407813 0.015625 0.015625
0 0.943750 0.410938 0.015625 0.015625
0 0.529687 0.470313 0.015625 0.015625
0 0.907813 0.471875 0.015625 0.015625
0 0.989062 0.471875 0.015625 0.015625
0 0.753125 0.473438 0.015625 0.015625
0 0.603125 0.473438 0.015625 0.015625
0 0.679688 0.475000 0.015625 0.015625
0 0.265625 0.525000 0.015625 0.015625
0 0.339062 0.525000 0.015625 0.015625
0 0.417187 0.526563 0.015625 0.015625
0 0.945312 0.532813 0.015625 0.015625
0 0.493750 0.532813 0.015625 0.015625
0 0.870313 0.532813 0.015625 0.015625
0 0.640625 0.535937 0.015625 0.015625
0 0.568750 0.535937 0.015625 0.015625
0 0.718750 0.535937 0.015625 0.015625
0 0.795312 0.537500 0.015625 0.015625
0 0.301563 0.592187 0.015625 0.015625
0 0.451562 0.595313 0.015625 0.015625
0 0.375000 0.595313 0.015625 0.015625
0 0.600000 0.598437 0.015625 0.015625
0 0.525000 0.598437 0.015625 0.015625
0 0.671875 0.598437 0.015625 0.015625
0 0.903125 0.600000 0.015625 0.015625
0 0.751563 0.600000 0.015625 0.015625
0 0.978125 0.606250 0.015625 0.015625
0 0.418750 0.651563 0.015625 0.015625
0 0.568750 0.654687 0.015625 0.015625
0 0.798438 0.654687 0.015625 0.015625
0 0.334375 0.657813 0.015625 0.015625
0 0.637500 0.662500 0.015625 0.015625
0 0.490625 0.662500 0.015625 0.015625
0 0.710938 0.664062 0.015625 0.015625
0 0.450000 0.729688 0.015625 0.015625
0 0.407813 0.782813 0.015625 0.015625
0 0.792188 0.787500 0.015625 0.015625
0 0.862500 0.793750 0.015625 0.015625
0 0.710938 0.795312 0.015625 0.015625
0 0.940625 0.796875 0.015625 0.015625
0 0.439063 0.857812 0.015625 0.015625
0 0.595313 0.857812 0.015625 0.015625
0 0.673438 0.859375 0.015625 0.015625
0 0.750000 0.859375 0.015625 0.015625
0 0.518750 0.859375 0.015625 0.015625
0 0.825000 0.860938 0.015625 0.015625
0 0.978125 0.862500 0.015625 0.015625
0 0.901563 0.865625 0.015625 0.015625
0 0.559375 0.921875 0.015625 0.015625
0 0.639062 0.921875 0.015625 0.015625
0 0.789062 0.925000 0.015625 0.015625
0 0.864062 0.925000 0.015625 0.015625
0 0.940625 0.929688 0.015625 0.015625
0 0.489063 0.937500 0.015625 0.015625
0 0.592187 0.990625 0.015625 0.015625
0 0.896875 0.992188 0.015625 0.015625
0 0.740625 0.992188 0.015625 0.015625
0 0.820312 0.996875 0.015625 0.015625
0 0.517188 0.006250 0.015625 0.015625
0 0.590625 0.006250 0.015625 0.015625
0 0.651563 0.009375 0.015625 0.015625
0 0.728125 0.012500 0.015625 0.015625
0 0.498437 0.271875 0.015625 0.015625
0 0.593750 0.270313 0.015625 0.015625
0 0.657813 0.270313 0.015625 0.015625
0 0.725000 0.271875 0.015625 0.015625
0 0.800000 0.278125 0.015625 0.015625
0 0.981250 0.281250 0.015625 0.015625
0 0.915625 0.206250 0.015625 0.015625
0 0.867188 0.662500 0.015625 0.015625
0 0.946875 0.670312 0.015625 0.015625
0 0.665625 0.729688 0.015625 0.015625
0 0.598437 0.729688 0.015625 0.015625
0 0.534375 0.726562 0.015625 0.015625
0 0.484375 0.793750 0.015625 0.015625
0 0.565625 0.800000 0.015625 0.015625
0 0.645312 0.793750 0.015625 0.015625
0 0.762500 0.732812 0.015625 0.015625
0 0.826562 0.732812 0.015625 0.015625
0 0.971875 0.735938 0.015625 0.015625
0 0.010937 0.190625 0.015625 0.015625
0 0.373437 0.726562 0.015625 0.015625
0 0.992188 0.340625 0.015625 0.015625
0 0.873437 0.393750 0.015625 0.015625
0 0.831250 0.335938 0.015625 0.015625
0 0.760938 0.335938 0.015625 0.015625
0 0.670312 0.332813 0.015625 0.015625
0 0.606250 0.334375 0.015625 0.015625
0 0.454688 0.459375 0.015625 0.015625
0 0.382812 0.465625 0.015625 0.015625
0 0.290625 0.457813 0.015625 0.015625
0 0.225000 0.464062 0.015625 0.015625
0 0.185938 0.520312 0.015625 0.015625
0 0.303125 0.326562 0.015625 0.015625
0 0.296875 0.390625 0.015625 0.015625
0 0.240625 0.339062 0.015625 0.015625
0 0.540625 0.204687 0.015625 0.015625
0 0.573438 0.129688 0.015625 0.015625
0 0.307812 0.064062 0.015625 0.015625
0 0.317188 0.153125 0.015625 0.015625
0 0.342187 0.003125 0.015625 0.015625
0 0.960938 0.009375 0.015625 0.015625
