0 0.093750 0.376563 0.015625 0.015625
0 0.215625 0.051562 0.015625 0.015625
0 0.098437 0.246875 0.015625 0.015625
0 0.018750 0.378125 0.015625 0.015625
0 0.107813 0.117188 0.015625 0.015625
0 0.170313 0.243750 0.015625 0.015625
0 0.142187 0.050000 0.015625 0.015625
0 0.064062 0.178125 0.015625 0.015625
0 0.065625 0.045312 0.015625 0.015625
0 0.170313 0.378125 0.015625 0.015625
0 0.246875 0.379688 0.015625 0.015625
0 0.064062 0.443750 0.015625 0.015625
0 0.212500 0.315625 0.015625 0.015625
0 0.132812 0.445312 0.015625 0.015625
0 0.714063 0.000000 0.015625 0.015625
0 0.790625 0.000000 0.015625 0.015625
0 0.785937 0.387500 0.015625 0.015625
0 0.860938 0.390625 0.015625 0.015625
0 0.673438 0.062500 0.015625 0.015625
0 0.593750 0.189062 0.015625 0.015625
0 0.635938 0.254688 0.015625 0.015625
0 0.712500 0.257812 0.015625 0.015625
0 0.567187 0.253125 0.015625 0.015625
0 0.323437 0.378125 0.015625 0.015625
0 0.707812 0.387500 0.015625 0.015625
0 0.710938 0.120313 0.015625 0.015625
0 0.865625 0.003125 0.015625 0.015625
0 0.862500 0.264062 0.015625 0.015625
0 0.290625 0.310937 0.015625 0.015625
0 0.932813 0.393750 0.015625 0.015625
0 0.906250 0.198437 0.015625 0.015625
0 0.210938 0.442188 0.015625 0.015625
0 0.360938 0.312500 0.015625 0.015625
0 0.364063 0.446875 0.015625 0.015625
0 0.898438 0.065625 0.015625 0.015625
0 0.895312 0.454688 0.015625 0.015625
0 0.968750 0.457813 0.015625 0.015625
0 0.975000 0.332813 0.015625 0.015625
0 0.745313 0.454688 0.015625 0.015625
0 0.560937 0.125000 0.015625 0.015625
0 0.671875 0.189062 0.015625 0.015625
0 0.092188 0.903125 0.015625 0.015625
0 0.020313 0.773438 0.015625 0.015625
0 0.134375 0.973437 0.015625 0.015625
0 0.018750 0.900000 0.015625 0.015625
0 0.096875 0.510938 0.015625 0.015625
0 0.135937 0.709375 0.015625 0.015625
0 0.168750 0.906250 0.015625 0.015625
0 0.060937 0.307812 0.015625 0.015625
0 0.173437 0.510938 0.015625 0.015625
0 0.060937 0.975000 0.015625 0.015625
0 0.050000 0.834375 0.015625 0.015625
0 0.137500 0.176563 0.015625 0.015625
0 0.059375 0.706250 0.015625 0.015625
0 0.137500 0.581250 0.015625 0.015625
0 0.090625 0.778125 0.015625 0.015625
0 0.096875 0.639062 0.015625 0.015625
0 0.140625 0.314063 0.015625 0.015625
0 0.242188 0.909375 0.015625 0.015625
0 0.214062 0.581250 0.015625 0.015625
0 0.206250 0.709375 0.015625 0.015625
0 0.321875 0.910937 0.015625 0.015625
0 0.468750 0.912500 0.015625 0.015625
0 0.542188 0.912500 0.015625 0.015625
0 0.364063 0.712500 0.015625 0.015625
0 0.662500 0.984375 0.015625 0.015625
0 0.518750 0.584375 0.015625 0.015625
0 0.439063 0.850000 0.015625 0.015625
0 0.739062 0.984375 0.015625 0.015625
0 0.484375 0.517188 0.015625 0.015625
0 0.246875 0.512500 0.015625 0.015625
0 0.823438 0.456250 0.015625 0.015625
0 0.789062 0.129688 0.015625 0.015625
0 0.285938 0.978125 0.015625 0.015625
0 0.285938 0.843750 0.015625 0.015625
0 0.248438 0.648438 0.015625 0.015625
0 0.395313 0.912500 0.015625 0.015625
0 0.364063 0.582812 0.015625 0.015625
0 0.507812 0.982812 0.015625 0.015625
0 0.362500 0.846875 0.015625 0.015625
0 0.896875 0.332813 0.015625 0.015625
0 0.785937 0.260937 0.015625 0.015625
0 0.785937 0.523438 0.015625 0.015625
0 0.285938 0.712500 0.015625 0.015625
0 0.440625 0.712500 0.015625 0.015625
0 0.895312 0.587500 0.015625 0.015625
0 0.328125 0.514062 0.015625 0.015625
0 0.748437 0.062500 0.015625 0.015625
0 0.948438 0.006250 0.015625 0.015625
0 0.860938 0.129688 0.015625 0.015625
0 0.509375 0.850000 0.015625 0.015625
0 0.632812 0.657813 0.015625 0.015625
0 0.292187 0.179688 0.015625 0.015625
0 0.479687 0.648438 0.015625 0.015625
0 0.243750 0.779687 0.015625 0.015625
0 0.860938 0.521875 0.015625 0.015625
0 0.406250 0.779687 0.015625 0.015625
0 0.970313 0.200000 0.015625 0.015625
0 0.823438 0.326562 0.015625 0.015625
0 0.937500 0.525000 0.015625 0.015625
0 0.285938 0.443750 0.015625 0.015625
0 0.509375 0.710938 0.015625 0.015625
0 0.559375 0.523438 0.015625 0.015625
0 0.593750 0.856250 0.015625 0.015625
0 0.656250 0.862500 0.015625 0.015625
0 0.750000 0.865625 0.015625 0.015625
0 0.975000 0.073438 0.015625 0.015625
0 0.181250 0.120313 0.015625 0.015625
0 0.354687 0.982812 0.015625 0.015625
0 0.982812 0.585938 0.015625 0.015625
0 0.954688 0.126562 0.015625 0.015625
0 0.579688 0.064062 0.015625 0.015625
0 0.459375 0.053125 0.015625 0.015625
0 0.021875 0.512500 0.015625 0.015625
0 0.404687 0.517188 0.015625 0.015625
0 0.435937 0.445312 0.015625 0.015625
0 0.506250 0.448437 0.015625 0.015625
0 0.434375 0.592187 0.015625 0.015625
0 0.398438 0.650000 0.015625 0.015625
0 0.325000 0.650000 0.015625 0.015625
0 0.279687 0.578125 0.015625 0.015625
0 0.178125 0.635938 0.015625 0.015625
0 0.056250 0.585938 0.015625 0.015625
0 0.862500 0.651563 0.015625 0.015625
0 0.901563 0.723437 0.015625 0.015625
0 0.934375 0.792188 0.015625 0.015625
0 0.826562 0.068750 0.015625 0.015625
0 0.631250 0.921875 0.015625 0.015625
0 0.968750 0.989062 0.015625 0.015625
0 0.939063 0.921875 0.015625 0.015625
0 0.893750 0.843750 0.015625 0.015625
0 0.967187 0.850000 0.015625 0.015625
0 0.971875 0.726562 0.015625 0.015625
0 0.785937 0.662500 0.015625 0.015625
0 0.851562 0.782813 0.015625 0.015625
0 0.820312 0.725000 0.015625 0.015625
0 0.739062 0.592187 0.015625 0.015625
0 0.704688 0.518750 0.015625 0.015625
0 0.656250 0.462500 0.015625 0.015625
0 0.542188 0.779687 0.015625 0.015625
0 0.434375 0.985938 0.015625 0.015625
0 0.576562 0.989062 0.015625 0.015625
0 0.026562 0.117188 0.015625 0.015625
