0 0.589063 0.003125 0.015625 0.015625
0 0.401562 0.006250 0.015625 0.015625
0 0.010937 0.012500 0.015625 0.015625
0 0.489063 0.015625 0.015625 0.015625
0 0.810937 0.020313 0.015625 0.015625
0 0.150000 0.020313 0.015625 0.015625
0 0.318750 0.064062 0.015625 0.015625
0 0.226562 0.067187 0.015625 0.015625
0 0.054688 0.087500 0.015625 0.015625
0 0.481250 0.087500 0.015625 0.015625
0 0.421875 0.092188 0.015625 0.015625
0 0.620313 0.098437 0.015625 0.015625
0 0.148438 0.120313 0.015625 0.015625
0 0.195312 0.121875 0.015625 0.015625
0 0.770312 0.128125 0.015625 0.015625
0 0.845313 0.137500 0.015625 0.015625
0 0.459375 0.143750 0.015625 0.015625
0 0.621875 0.154688 0.015625 0.015625
0 0.567187 0.165625 0.015625 0.015625
0 0.046875 0.167187 0.015625 0.015625
0 0.318750 0.175000 0.015625 0.015625
0 0.710938 0.212500 0.015625 0.015625
0 0.156250 0.215625 0.015625 0.015625
0 0.489063 0.217188 0.015625 0.015625
0 0.393750 0.221875 0.015625 0.015625
0 0.587500 0.235937 0.015625 0.015625
0 0.057813 0.239063 0.015625 0.015625
0 0.920312 0.264062 0.015625 0.015625
0 0.264062 0.270313 0.015625 0.015625
0 0.557813 0.275000 0.015625 0.015625
0 0.201563 0.292187 0.015625 0.015625
0 0.340625 0.292187 0.015625 0.015625
0 0.412500 0.295312 0.015625 0.015625
0 0.790625 0.295312 0.015625 0.015625
0 0.042188 0.310937 0.015625 0.015625
0 0.882812 0.318750 0.015625 0.015625
0 0.953125 0.335938 0.015625 0.015625
0 0.370312 0.342187 0.015625 0.015625
0 0.167187 0.345313 0.015625 0.015625
0 0.251563 0.354687 0.015625 0.015625
0 0.753125 0.360938 0.015625 0.015625
0 0.459375 0.367188 0.015625 0.015625
0 0.295312 0.367188 0.015625 0.015625
0 0.829688 0.370312 0.015625 0.015625
0 0.670312 0.375000 0.015625 0.015625
0 0.579688 0.376563 0.015625 0.015625
0 0.153125 0.389062 0.015625 0.015625
0 0.070312 0.390625 0.015625 0.015625
0 0.912500 0.406250 0.015625 0.015625
0 0.256250 0.434375 0.015625 0.015625
0 0.675000 0.434375 0.015625 0.015625
0 0.415625 0.435937 0.015625 0.015625
0 0.112500 0.443750 0.015625 0.015625
0 0.800000 0.453125 0.015625 0.015625
0 0.495312 0.456250 0.015625 0.015625
0 0.029687 0.462500 0.015625 0.015625
0 0.350000 0.475000 0.015625 0.015625
0 0.410938 0.478125 0.015625 0.015625
0 0.075000 0.481250 0.015625 0.015625
0 0.287500 0.482812 0.015625 0.015625
0 0.653125 0.487500 0.015625 0.015625
0 0.220312 0.498437 0.015625 0.015625
0 0.964063 0.506250 0.015625 0.015625
0 0.145313 0.507812 0.015625 0.015625
0 0.450000 0.520312 0.015625 0.015625
0 0.528125 0.528125 0.015625 0.015625
0 0.060937 0.539062 0.015625 0.015625
0 0.865625 0.554688 0.015625 0.015625
0 0.100000 0.567187 0.015625 0.015625
0 0.484375 0.567187 0.015625 0.015625
0 0.251563 0.578125 0.015625 0.015625
0 0.945312 0.589063 0.015625 0.015625
0 0.720313 0.595313 0.015625 0.015625
0 0.323437 0.596875 0.015625 0.015625
0 0.465625 0.607812 0.015625 0.015625
0 0.521875 0.609375 0.015625 0.015625
0 0.418750 0.610938 0.015625 0.015625
0 0.370312 0.614062 0.015625 0.015625
0 0.842187 0.648438 0.015625 0.015625
0 0.910937 0.657813 0.015625 0.015625
0 0.471875 0.690625 0.015625 0.015625
0 0.550000 0.706250 0.015625 0.015625
0 0.729688 0.714063 0.015625 0.015625
0 0.337500 0.718750 0.015625 0.015625
0 0.800000 0.720313 0.015625 0.015625
0 0.946875 0.725000 0.015625 0.015625
0 0.867188 0.731250 0.015625 0.015625
0 0.432812 0.746875 0.015625 0.015625
0 0.076563 0.776563 0.015625 0.015625
0 0.368750 0.776563 0.015625 0.015625
0 0.293750 0.787500 0.015625 0.015625
0 0.757812 0.789062 0.015625 0.015625
0 0.659375 0.790625 0.015625 0.015625
0 0.832812 0.793750 0.015625 0.015625
0 0.968750 0.796875 0.015625 0.015625
0 0.885938 0.796875 0.015625 0.015625
0 0.564063 0.804688 0.015625 0.015625
0 0.196875 0.821875 0.015625 0.015625
0 0.334375 0.834375 0.015625 0.015625
0 0.642188 0.845313 0.015625 0.015625
0 0.125000 0.851562 0.015625 0.015625
0 0.868750 0.854688 0.015625 0.015625
0 0.021875 0.856250 0.015625 0.015625
0 0.792188 0.857812 0.015625 0.015625
0 0.720313 0.860938 0.015625 0.015625
0 0.942187 0.862500 0.015625 0.015625
0 0.285938 0.868750 0.015625 0.015625
0 0.371875 0.871875 0.015625 0.015625
0 0.434375 0.879687 0.015625 0.015625
0 0.550000 0.904687 0.015625 0.015625
0 0.626563 0.912500 0.015625 0.015625
0 0.209375 0.912500 0.015625 0.015625
0 0.289062 0.917188 0.015625 0.015625
0 0.840625 0.921875 0.015625 0.015625
0 0.689063 0.921875 0.015625 0.015625
0 0.912500 0.921875 0.015625 0.015625
0 0.370312 0.923438 0.015625 0.015625
0 0.990625 0.923438 0.015625 0.015625
0 0.754687 0.923438 0.015625 0.015625
0 0.584375 0.967187 0.015625 0.015625
0 0.257812 0.968750 0.015625 0.015625
0 0.490625 0.970313 0.015625 0.015625
0 0.185938 0.970313 0.015625 0.015625
0 0.021875 0.973437 0.015625 0.015625
0 0.326562 0.978125 0.015625 0.015625
0 0.939063 0.985938 0.015625 0.015625
0 0.637500 0.989062 0.015625 0.015625
0 0.848437 0.993750 0.015625 0.015625
