0 0.092188 0.020313 0.015625 0.015625
0 0.320312 0.025000 0.015625 0.015625
0 0.182812 0.028125 0.015625 0.015625
0 0.423438 0.032813 0.015625 0.015625
0 0.707812 0.037500 0.015625 0.015625
0 0.900000 0.048438 0.015625 0.015625
0 0.051562 0.084375 0.015625 0.015625
0 0.129688 0.090625 0.015625 0.015625
0 0.379688 0.090625 0.015625 0.015625
0 0.656250 0.090625 0.015625 0.015625
0 0.579688 0.090625 0.015625 0.015625
0 0.764062 0.092188 0.015625 0.015625
0 0.204687 0.092188 0.015625 0.015625
0 0.832812 0.092188 0.015625 0.015625
0 0.267188 0.092188 0.015625 0.015625
0 0.721875 0.093750 0.015625 0.015625
0 0.498437 0.098437 0.015625 0.015625
0 0.910937 0.100000 0.015625 0.015625
0 0.021875 0.128125 0.015625 0.015625
0 0.703125 0.134375 0.015625 0.015625
0 0.628125 0.134375 0.015625 0.015625
0 0.859375 0.137500 0.015625 0.015625
0 0.785937 0.139063 0.015625 0.015625
0 0.545312 0.139063 0.015625 0.015625
0 0.417187 0.170313 0.015625 0.015625
0 0.907813 0.198437 0.015625 0.015625
0 0.826562 0.203125 0.015625 0.015625
0 0.006250 0.218750 0.015625 0.015625
0 0.137500 0.223438 0.015625 0.015625
0 0.325000 0.226562 0.015625 0.015625
0 0.385937 0.228125 0.015625 0.015625
0 0.467187 0.229687 0.015625 0.015625
0 0.251563 0.229687 0.015625 0.015625
0 0.773438 0.229687 0.015625 0.015625
0 0.643750 0.232813 0.015625 0.015625
0 0.857812 0.234375 0.015625 0.015625
0 0.704688 0.245312 0.015625 0.015625
0 0.931250 0.270313 0.015625 0.015625
0 0.784375 0.276562 0.015625 0.015625
0 0.851562 0.276562 0.015625 0.015625
0 0.520312 0.285938 0.015625 0.015625
0 0.425000 0.298438 0.015625 0.015625
0 0.268750 0.298438 0.015625 0.015625
0 0.659375 0.303125 0.015625 0.015625
0 0.131250 0.307812 0.015625 0.015625
0 0.962500 0.318750 0.015625 0.015625
0 0.892188 0.337500 0.015625 0.015625
0 0.818750 0.339062 0.015625 0.015625
0 0.745313 0.339062 0.015625 0.015625
0 0.017188 0.357812 0.015625 0.015625
0 0.370312 0.359375 0.015625 0.015625
0 0.660937 0.359375 0.015625 0.015625
0 0.581250 0.359375 0.015625 0.015625
0 0.228125 0.360938 0.015625 0.015625
0 0.490625 0.360938 0.015625 0.015625
0 0.081250 0.360938 0.015625 0.015625
0 0.432812 0.362500 0.015625 0.015625
0 0.296875 0.364063 0.015625 0.015625
0 0.164062 0.390625 0.015625 0.015625
0 0.778125 0.401562 0.015625 0.015625
0 0.856250 0.401562 0.015625 0.015625
0 0.928125 0.401562 0.015625 0.015625
0 0.404687 0.425000 0.015625 0.015625
0 0.259375 0.426563 0.015625 0.015625
0 0.107813 0.426563 0.015625 0.015625
0 0.617188 0.428125 0.015625 0.015625
0 0.534375 0.428125 0.015625 0.015625
0 0.335938 0.429688 0.015625 0.015625
0 0.460938 0.431250 0.015625 0.015625
0 0.807813 0.464062 0.015625 0.015625
0 0.967187 0.465625 0.015625 0.015625
0 0.062500 0.485938 0.015625 0.015625
0 0.164062 0.487500 0.015625 0.015625
0 0.879687 0.490625 0.015625 0.015625
0 0.434375 0.490625 0.015625 0.015625
0 0.296875 0.492188 0.015625 0.015625
0 0.490625 0.493750 0.015625 0.015625
0 0.381250 0.493750 0.015625 0.015625
0 0.640625 0.498437 0.015625 0.015625
0 0.576562 0.500000 0.015625 0.015625
0 0.929688 0.507812 0.015625 0.015625
0 0.009375 0.520312 0.015625 0.015625
0 0.237500 0.525000 0.015625 0.015625
0 0.457813 0.535937 0.015625 0.015625
0 0.932813 0.546875 0.015625 0.015625
0 0.056250 0.553125 0.015625 0.015625
0 0.489063 0.557813 0.015625 0.015625
0 0.679688 0.562500 0.015625 0.015625
0 0.354687 0.568750 0.015625 0.015625
0 0.607812 0.573438 0.015625 0.015625
0 0.737500 0.578125 0.015625 0.015625
0 0.806250 0.584375 0.015625 0.015625
0 0.114062 0.615625 0.015625 0.015625
0 0.062500 0.617188 0.015625 0.015625
0 0.268750 0.621875 0.015625 0.015625
0 0.334375 0.621875 0.015625 0.015625
0 0.184375 0.623437 0.015625 0.015625
0 0.426563 0.625000 0.015625 0.015625
0 0.517188 0.625000 0.015625 0.015625
0 0.006250 0.628125 0.015625 0.015625
0 0.893750 0.629687 0.015625 0.015625
0 0.589063 0.629687 0.015625 0.015625
0 0.650000 0.632812 0.015625 0.015625
0 0.806250 0.634375 0.015625 0.015625
0 0.956250 0.634375 0.015625 0.015625
0 0.732812 0.639062 0.015625 0.015625
0 0.035937 0.689063 0.015625 0.015625
0 0.195312 0.692187 0.015625 0.015625
0 0.481250 0.692187 0.015625 0.015625
0 0.409375 0.693750 0.015625 0.015625
0 0.278125 0.701562 0.015625 0.015625
0 0.881250 0.704688 0.015625 0.015625
0 0.964063 0.720313 0.015625 0.015625
