0 0.507812 0.000000 0.015625 0.015625
0 0.581250 0.000000 0.015625 0.015625
0 0.659375 0.001563 0.015625 0.015625
0 0.731250 0.004687 0.015625 0.015625
0 0.810937 0.006250 0.015625 0.015625
0 0.885938 0.009375 0.015625 0.015625
0 0.309375 0.059375 0.015625 0.015625
0 0.389062 0.060937 0.015625 0.015625
0 0.465625 0.060937 0.015625 0.015625
0 0.618750 0.068750 0.015625 0.015625
0 0.539062 0.068750 0.015625 0.015625
0 0.692187 0.070312 0.015625 0.015625
0 0.767188 0.071875 0.015625 0.015625
0 0.846875 0.073438 0.015625 0.015625
0 0.929688 0.076563 0.015625 0.015625
0 0.350000 0.123438 0.015625 0.015625
0 0.426563 0.126562 0.015625 0.015625
0 0.503125 0.131250 0.015625 0.015625
0 0.581250 0.131250 0.015625 0.015625
0 0.654687 0.132812 0.015625 0.015625
0 0.729688 0.135937 0.015625 0.015625
0 0.806250 0.140625 0.015625 0.015625
0 0.959375 0.142187 0.015625 0.015625
0 0.885938 0.143750 0.015625 0.015625
0 0.385937 0.192188 0.015625 0.015625
0 0.460938 0.195312 0.015625 0.015625
0 0.537500 0.196875 0.015625 0.015625
0 0.692187 0.198437 0.015625 0.015625
0 0.615625 0.198437 0.015625 0.015625
0 0.765625 0.198437 0.015625 0.015625
0 0.918750 0.204687 0.015625 0.015625
0 0.843750 0.204687 0.015625 0.015625
0 0.992188 0.207813 0.015625 0.015625
0 0.420312 0.259375 0.015625 0.015625
0 0.578125 0.260937 0.015625 0.015625
0 0.500000 0.262500 0.015625 0.015625
0 0.729688 0.264062 0.015625 0.015625
0 0.656250 0.265625 0.015625 0.015625
0 0.804688 0.267188 0.015625 0.015625
0 0.956250 0.271875 0.015625 0.015625
0 0.881250 0.271875 0.015625 0.015625
0 0.384375 0.321875 0.015625 0.015625
0 0.459375 0.323437 0.015625 0.015625
0 0.535937 0.325000 0.015625 0.015625
0 0.610938 0.328125 0.015625 0.015625
0 0.762500 0.332813 0.015625 0.015625
0 0.840625 0.334375 0.015625 0.015625
0 0.912500 0.334375 0.015625 0.015625
0 0.990625 0.335938 0.015625 0.015625
0 0.726562 0.390625 0.015625 0.015625
0 0.651563 0.395313 0.015625 0.015625
0 0.570312 0.395313 0.015625 0.015625
0 0.878125 0.398438 0.015625 0.015625
0 0.803125 0.398438 0.015625 0.015625
0 0.951562 0.404687 0.015625 0.015625
0 0.381250 0.454688 0.015625 0.015625
0 0.457813 0.456250 0.015625 0.015625
0 0.684375 0.457813 0.015625 0.015625
0 0.532813 0.457813 0.015625 0.015625
0 0.606250 0.460938 0.015625 0.015625
0 0.760938 0.465625 0.015625 0.015625
0 0.989062 0.470313 0.015625 0.015625
0 0.912500 0.471875 0.015625 0.015625
0 0.339062 0.520312 0.015625 0.015625
0 0.414062 0.521875 0.015625 0.015625
0 0.490625 0.523438 0.015625 0.015625
0 0.642188 0.525000 0.015625 0.015625
0 0.565625 0.525000 0.015625 0.015625
0 0.879687 0.559375 0.015625 0.015625
0 0.378125 0.587500 0.015625 0.015625
0 0.453125 0.587500 0.015625 0.015625
0 0.531250 0.589063 0.015625 0.015625
0 0.606250 0.590625 0.015625 0.015625
0 0.410938 0.654687 0.015625 0.015625
0 0.489063 0.656250 0.015625 0.015625
0 0.562500 0.659375 0.015625 0.015625
0 0.640625 0.660937 0.015625 0.015625
0 0.800000 0.668750 0.015625 0.015625
0 0.453125 0.721875 0.015625 0.015625
0 0.603125 0.726562 0.015625 0.015625
0 0.331250 0.782813 0.015625 0.015625
0 0.409375 0.785937 0.015625 0.015625
0 0.485938 0.792188 0.015625 0.015625
0 0.559375 0.795312 0.015625 0.015625
0 0.365625 0.851562 0.015625 0.015625
0 0.442188 0.856250 0.015625 0.015625
0 0.829688 0.859375 0.015625 0.015625
0 0.331250 0.917188 0.015625 0.015625
0 0.406250 0.918750 0.015625 0.015625
0 0.626563 0.920312 0.015625 0.015625
0 0.482812 0.921875 0.015625 0.015625
0 0.365625 0.979688 0.015625 0.015625
0 0.515625 0.985938 0.015625 0.015625
0 0.439063 0.987500 0.015625 0.015625
0 0.592187 0.989062 0.015625 0.015625
0 0.743750 0.990625 0.015625 0.015625
0 0.665625 0.992188 0.015625 0.015625
0 0.823438 0.993750 0.015625 0.015625
0 0.976562 0.995313 0.015625 0.015625
0 0.901563 0.995313 0.015625 0.015625
0 0.665625 0.581250 0.015625 0.015625
0 0.739062 0.584375 0.015625 0.015625
0 0.731250 0.514062 0.015625 0.015625
0 0.823438 0.495312 0.015625 0.015625
0 0.960938 0.570312 0.015625 0.015625
0 0.679688 0.859375 0.015625 0.015625
0 0.739062 0.862500 0.015625 0.015625
0 0.592187 0.857812 0.015625 0.015625
0 0.518750 0.857812 0.015625 0.015625
0 0.934375 0.926562 0.015625 0.015625
0 0.787500 0.931250 0.015625 0.015625
0 0.290625 0.978125 0.015625 0.015625
0 0.493750 0.392188 0.015625 0.015625
0 0.417187 0.385937 0.015625 0.015625
0 0.340625 0.373437 0.015625 0.015625
0 0.314063 0.323437 0.015625 0.015625
0 0.345313 0.251563 0.015625 0.015625
0 0.306250 0.454688 0.015625 0.015625
0 0.362500 0.714063 0.015625 0.015625
0 0.329688 0.643750 0.015625 0.015625
