0 0.226562 0.001563 0.015625 0.015625
0 0.078125 0.010937 0.015625 0.015625
0 0.153125 0.012500 0.015625 0.015625
0 0.531250 0.012500 0.015625 0.015625
0 0.007812 0.014063 0.015625 0.015625
0 0.603125 0.017188 0.015625 0.015625
0 0.832812 0.026562 0.015625 0.015625
0 0.759375 0.026562 0.015625 0.015625
0 0.906250 0.032813 0.015625 0.015625
0 0.984375 0.034375 0.015625 0.015625
0 0.189062 0.075000 0.015625 0.015625
0 0.262500 0.079687 0.015625 0.015625
0 0.565625 0.085938 0.015625 0.015625
0 0.637500 0.089063 0.015625 0.015625
0 0.793750 0.092188 0.015625 0.015625
0 0.717187 0.092188 0.015625 0.015625
0 0.940625 0.092188 0.015625 0.015625
0 0.867188 0.093750 0.015625 0.015625
0 0.304688 0.140625 0.015625 0.015625
0 0.150000 0.140625 0.015625 0.015625
0 0.007812 0.140625 0.015625 0.015625
0 0.081250 0.142187 0.015625 0.015625
0 0.442188 0.143750 0.015625 0.015625
0 0.228125 0.146875 0.015625 0.015625
0 0.376563 0.146875 0.015625 0.015625
0 0.531250 0.148438 0.015625 0.015625
0 0.603125 0.154688 0.015625 0.015625
0 0.679688 0.157812 0.015625 0.015625
0 0.756250 0.159375 0.015625 0.015625
0 0.910937 0.160938 0.015625 0.015625
0 0.832812 0.160938 0.015625 0.015625
0 0.984375 0.165625 0.015625 0.015625
0 0.114062 0.206250 0.015625 0.015625
0 0.260937 0.209375 0.015625 0.015625
0 0.187500 0.210938 0.015625 0.015625
0 0.407813 0.214062 0.015625 0.015625
0 0.565625 0.217188 0.015625 0.015625
0 0.714063 0.223438 0.015625 0.015625
0 0.943750 0.228125 0.015625 0.015625
0 0.004687 0.271875 0.015625 0.015625
0 0.078125 0.273438 0.015625 0.015625
0 0.151562 0.275000 0.015625 0.015625
0 0.217188 0.279687 0.015625 0.015625
0 0.678125 0.287500 0.015625 0.015625
0 0.754687 0.289062 0.015625 0.015625
0 0.904687 0.292187 0.015625 0.015625
0 0.984375 0.295312 0.015625 0.015625
0 0.031250 0.337500 0.015625 0.015625
0 0.109375 0.340625 0.015625 0.015625
0 0.187500 0.342187 0.015625 0.015625
0 0.409375 0.343750 0.015625 0.015625
0 0.260937 0.343750 0.015625 0.015625
0 0.334375 0.345313 0.015625 0.015625
0 0.487500 0.345313 0.015625 0.015625
0 0.560937 0.348438 0.015625 0.015625
0 0.639062 0.356250 0.015625 0.015625
0 0.939063 0.359375 0.015625 0.015625
0 0.709375 0.360938 0.015625 0.015625
0 0.071875 0.403125 0.015625 0.015625
0 0.307812 0.406250 0.015625 0.015625
0 0.231250 0.407813 0.015625 0.015625
0 0.981250 0.418750 0.015625 0.015625
0 0.101562 0.470313 0.015625 0.015625
0 0.184375 0.471875 0.015625 0.015625
0 0.253125 0.475000 0.015625 0.015625
0 0.785937 0.487500 0.015625 0.015625
0 0.707812 0.490625 0.015625 0.015625
0 0.142187 0.531250 0.015625 0.015625
0 0.217188 0.540625 0.015625 0.015625
0 0.518750 0.542188 0.015625 0.015625
0 0.901563 0.551562 0.015625 0.015625
0 0.104688 0.601562 0.015625 0.015625
0 0.025000 0.603125 0.015625 0.015625
0 0.323437 0.603125 0.015625 0.015625
0 0.479687 0.606250 0.015625 0.015625
0 0.626563 0.606250 0.015625 0.015625
0 0.406250 0.609375 0.015625 0.015625
0 0.557813 0.609375 0.015625 0.015625
0 0.704688 0.610938 0.015625 0.015625
0 0.781250 0.614062 0.015625 0.015625
0 0.932813 0.620313 0.015625 0.015625
0 0.857812 0.620313 0.015625 0.015625
0 0.060937 0.670312 0.015625 0.015625
0 0.135937 0.671875 0.015625 0.015625
0 0.285938 0.671875 0.015625 0.015625
0 0.210938 0.673438 0.015625 0.015625
0 0.664062 0.681250 0.015625 0.015625
0 0.590625 0.681250 0.015625 0.015625
0 0.737500 0.681250 0.015625 0.015625
0 0.815625 0.682813 0.015625 0.015625
0 0.892188 0.687500 0.015625 0.015625
0 0.054688 0.729688 0.015625 0.015625
0 0.400000 0.740625 0.015625 0.015625
0 0.476562 0.745313 0.015625 0.015625
0 0.703125 0.746875 0.015625 0.015625
0 0.775000 0.748437 0.015625 0.015625
0 0.623437 0.748437 0.015625 0.015625
0 0.132812 0.795312 0.015625 0.015625
0 0.284375 0.796875 0.015625 0.015625
0 0.209375 0.798438 0.015625 0.015625
0 0.582812 0.806250 0.015625 0.015625
0 0.970313 0.809375 0.015625 0.015625
0 0.657813 0.809375 0.015625 0.015625
0 0.732812 0.810937 0.015625 0.015625
0 0.814063 0.812500 0.015625 0.015625
0 0.889062 0.814063 0.015625 0.015625
0 0.017188 0.857812 0.015625 0.015625
0 0.471875 0.860938 0.015625 0.015625
0 0.626563 0.873437 0.015625 0.015625
0 0.776563 0.881250 0.015625 0.015625
0 0.845313 0.884375 0.015625 0.015625
0 0.917188 0.885938 0.015625 0.015625
0 0.203125 0.931250 0.015625 0.015625
0 0.129688 0.932813 0.015625 0.015625
0 0.662500 0.939063 0.015625 0.015625
0 0.585938 0.940625 0.015625 0.015625
0 0.735938 0.943750 0.015625 0.015625
0 0.959375 0.948438 0.015625 0.015625
0 0.162500 0.998437 0.015625 0.015625
0 0.059375 0.803125 0.015625 0.015625
0 0.093750 0.857812 0.015625 0.015625
0 0.093750 0.729688 0.015625 0.015625
0 0.081250 0.985938 0.015625 0.015625
0 0.018750 0.984375 0.015625 0.015625
0 0.242188 0.995313 0.015625 0.015625
0 0.275000 0.917188 0.015625 0.015625
0 0.229687 0.862500 0.015625 0.015625
0 0.162500 0.867188 0.015625 0.015625
0 0.064062 0.929688 0.015625 0.015625
0 0.357812 0.798438 0.015625 0.015625
0 0.315625 0.726562 0.015625 0.015625
0 0.248438 0.728125 0.015625 0.015625
0 0.178125 0.732812 0.015625 0.015625
0 0.368750 0.676562 0.015625 0.015625
0 0.439063 0.668750 0.015625 0.015625
0 0.517188 0.676562 0.015625 0.015625
0 0.439063 0.803125 0.015625 0.015625
0 0.553125 0.746875 0.015625 0.015625
0 0.540625 0.868750 0.015625 0.015625
0 0.395313 0.875000 0.015625 0.015625
0 0.321875 0.868750 0.015625 0.015625
0 0.368750 0.940625 0.015625 0.015625
0 0.432812 0.934375 0.015625 0.015625
0 0.509375 0.945312 0.015625 0.015625
0 0.543750 0.414062 0.015625 0.015625
0 0.598437 0.412500 0.015625 0.015625
0 0.596875 0.278125 0.015625 0.015625
0 0.507812 0.284375 0.015625 0.015625
0 0.437500 0.282813 0.015625 0.015625
0 0.293750 0.279687 0.015625 0.015625
0 0.340625 0.218750 0.015625 0.015625
0 0.453125 0.415625 0.015625 0.015625
0 0.400000 0.479687 0.015625 0.015625
0 0.326562 0.473438 0.015625 0.015625
0 0.312500 0.539062 0.015625 0.015625
0 0.590625 0.535937 0.015625 0.015625
0 0.559375 0.481250 0.015625 0.015625
0 0.500000 0.485938 0.015625 0.015625
0 0.673438 0.543750 0.015625 0.015625
0 0.742188 0.546875 0.015625 0.015625
0 0.815625 0.546875 0.015625 0.015625
0 0.750000 0.415625 0.015625 0.015625
0 0.675000 0.445312 0.015625 0.015625
0 0.635938 0.476562 0.015625 0.015625
0 0.792188 0.350000 0.015625 0.015625
0 0.828125 0.279687 0.015625 0.015625
0 0.798438 0.223438 0.015625 0.015625
0 0.856250 0.225000 0.015625 0.015625
0 0.887500 0.940625 0.015625 0.015625
0 0.817187 0.953125 0.015625 0.015625
0 0.859375 0.420312 0.015625 0.015625
0 0.935937 0.493750 0.015625 0.015625
0 0.850000 0.487500 0.015625 0.015625
0 0.293750 0.007812 0.015625 0.015625
0 0.376563 0.009375 0.015625 0.015625
0 0.448437 0.007812 0.015625 0.015625
0 0.348438 0.084375 0.015625 0.015625
0 0.418750 0.079687 0.015625 0.015625
0 0.487500 0.089063 0.015625 0.015625
0 0.034375 0.081250 0.015625 0.015625
0 0.006250 0.401562 0.015625 0.015625
0 0.031250 0.464062 0.015625 0.015625
0 0.073438 0.517188 0.015625 0.015625
0 0.143750 0.406250 0.015625 0.015625
0 0.184375 0.606250 0.015625 0.015625
0 0.251563 0.603125 0.015625 0.015625
0 0.668750 0.004687 0.015625 0.015625
0 0.843750 0.750000 0.015625 0.015625
0 0.914062 0.746875 0.015625 0.015625
0 0.976562 0.556250 0.015625 0.015625
