0 0.623437 0.000000 0.015625 0.015625
0 0.585938 0.000000 0.015625 0.015625
0 0.548438 0.001563 0.015625 0.015625
0 0.660937 0.001563 0.015625 0.015625
0 0.698438 0.003125 0.015625 0.015625
0 0.814063 0.004687 0.015625 0.015625
0 0.737500 0.004687 0.015625 0.015625
0 0.775000 0.004687 0.015625 0.015625
0 0.929688 0.007812 0.015625 0.015625
0 0.968750 0.007812 0.015625 0.015625
0 0.034375 0.025000 0.015625 0.015625
0 0.148438 0.026562 0.015625 0.015625
0 0.071875 0.026562 0.015625 0.015625
0 0.110937 0.026562 0.015625 0.015625
0 0.264062 0.028125 0.015625 0.015625
0 0.187500 0.028125 0.015625 0.015625
0 0.301563 0.028125 0.015625 0.015625
0 0.225000 0.029687 0.015625 0.015625
0 0.339062 0.029687 0.015625 0.015625
0 0.412500 0.029687 0.015625 0.015625
0 0.493750 0.029687 0.015625 0.015625
0 0.376563 0.031250 0.015625 0.015625
0 0.565625 0.032813 0.015625 0.015625
0 0.603125 0.032813 0.015625 0.015625
0 0.528125 0.034375 0.015625 0.015625
0 0.642188 0.034375 0.015625 0.015625
0 0.679688 0.035937 0.015625 0.015625
0 0.718750 0.035937 0.015625 0.015625
0 0.756250 0.035937 0.015625 0.015625
0 0.832812 0.035937 0.015625 0.015625
0 0.795312 0.037500 0.015625 0.015625
0 0.948438 0.040625 0.015625 0.015625
0 0.987500 0.042188 0.015625 0.015625
0 0.012500 0.057813 0.015625 0.015625
0 0.089063 0.057813 0.015625 0.015625
0 0.050000 0.057813 0.015625 0.015625
0 0.282813 0.060937 0.015625 0.015625
0 0.167187 0.060937 0.015625 0.015625
0 0.434375 0.060937 0.015625 0.015625
0 0.128125 0.060937 0.015625 0.015625
0 0.243750 0.060937 0.015625 0.015625
0 0.320312 0.062500 0.015625 0.015625
0 0.357812 0.062500 0.015625 0.015625
0 0.471875 0.062500 0.015625 0.015625
0 0.396875 0.064062 0.015625 0.015625
0 0.509375 0.064062 0.015625 0.015625
0 0.623437 0.065625 0.015625 0.015625
0 0.584375 0.065625 0.015625 0.015625
0 0.546875 0.065625 0.015625 0.015625
0 0.660937 0.067187 0.015625 0.015625
0 0.698438 0.068750 0.015625 0.015625
0 0.735938 0.068750 0.015625 0.015625
0 0.812500 0.071875 0.015625 0.015625
0 0.851562 0.071875 0.015625 0.015625
0 0.771875 0.071875 0.015625 0.015625
0 0.965625 0.073438 0.015625 0.015625
0 0.109375 0.090625 0.015625 0.015625
0 0.071875 0.092188 0.015625 0.015625
0 0.185938 0.092188 0.015625 0.015625
0 0.223438 0.093750 0.015625 0.015625
0 0.451562 0.093750 0.015625 0.015625
0 0.148438 0.093750 0.015625 0.015625
0 0.375000 0.093750 0.015625 0.015625
0 0.300000 0.093750 0.015625 0.015625
0 0.414062 0.093750 0.015625 0.015625
0 0.337500 0.093750 0.015625 0.015625
0 0.262500 0.095312 0.015625 0.015625
0 0.490625 0.095312 0.015625 0.015625
0 0.601562 0.096875 0.015625 0.015625
0 0.640625 0.096875 0.015625 0.015625
0 0.564063 0.098437 0.015625 0.015625
0 0.678125 0.098437 0.015625 0.015625
0 0.717187 0.100000 0.015625 0.015625
0 0.754687 0.101562 0.015625 0.015625
0 0.868750 0.103125 0.015625 0.015625
0 0.793750 0.103125 0.015625 0.015625
0 0.831250 0.104688 0.015625 0.015625
0 0.946875 0.104688 0.015625 0.015625
0 0.984375 0.104688 0.015625 0.015625
0 0.014063 0.121875 0.015625 0.015625
0 0.125000 0.123438 0.015625 0.015625
0 0.087500 0.123438 0.015625 0.015625
0 0.392188 0.126562 0.015625 0.015625
0 0.356250 0.126562 0.015625 0.015625
0 0.432812 0.126562 0.015625 0.015625
0 0.468750 0.128125 0.015625 0.015625
0 0.584375 0.129688 0.015625 0.015625
0 0.509375 0.129688 0.015625 0.015625
0 0.657813 0.132812 0.015625 0.015625
0 0.620313 0.132812 0.015625 0.015625
0 0.696875 0.134375 0.015625 0.015625
0 0.734375 0.134375 0.015625 0.015625
0 0.810937 0.135937 0.015625 0.015625
0 0.887500 0.135937 0.015625 0.015625
0 0.773438 0.135937 0.015625 0.015625
0 0.848437 0.137500 0.015625 0.015625
0 0.070312 0.156250 0.015625 0.015625
0 0.184375 0.156250 0.015625 0.015625
0 0.221875 0.157812 0.015625 0.015625
0 0.334375 0.157812 0.015625 0.015625
0 0.298438 0.159375 0.015625 0.015625
0 0.375000 0.159375 0.015625 0.015625
0 0.412500 0.160938 0.015625 0.015625
0 0.450000 0.160938 0.015625 0.015625
0 0.487500 0.162500 0.015625 0.015625
0 0.562500 0.162500 0.015625 0.015625
0 0.525000 0.164062 0.015625 0.015625
0 0.600000 0.164062 0.015625 0.015625
0 0.676562 0.165625 0.015625 0.015625
0 0.639062 0.165625 0.015625 0.015625
0 0.753125 0.167187 0.015625 0.015625
0 0.714063 0.167187 0.015625 0.015625
0 0.790625 0.168750 0.015625 0.015625
0 0.828125 0.168750 0.015625 0.015625
0 0.903125 0.168750 0.015625 0.015625
0 0.870313 0.170313 0.015625 0.015625
0 0.010937 0.185938 0.015625 0.015625
0 0.162500 0.187500 0.015625 0.015625
0 0.317188 0.189062 0.015625 0.015625
0 0.243750 0.189062 0.015625 0.015625
0 0.281250 0.189062 0.015625 0.015625
0 0.353125 0.189062 0.015625 0.015625
0 0.393750 0.192188 0.015625 0.015625
0 0.432812 0.192188 0.015625 0.015625
0 0.470313 0.193750 0.015625 0.015625
0 0.507812 0.195312 0.015625 0.015625
0 0.582812 0.195312 0.015625 0.015625
0 0.545312 0.195312 0.015625 0.015625
0 0.620313 0.196875 0.015625 0.015625
0 0.695312 0.198437 0.015625 0.015625
0 0.771875 0.198437 0.015625 0.015625
0 0.734375 0.198437 0.015625 0.015625
0 0.657813 0.198437 0.015625 0.015625
0 0.809375 0.200000 0.015625 0.015625
0 0.925000 0.201563 0.015625 0.015625
0 0.887500 0.201563 0.015625 0.015625
0 0.850000 0.203125 0.015625 0.015625
0 0.031250 0.217188 0.015625 0.015625
0 0.070312 0.217188 0.015625 0.015625
0 0.110937 0.217188 0.015625 0.015625
0 0.185938 0.218750 0.015625 0.015625
0 0.225000 0.218750 0.015625 0.015625
0 0.145313 0.220312 0.015625 0.015625
0 0.259375 0.221875 0.015625 0.015625
0 0.296875 0.221875 0.015625 0.015625
0 0.337500 0.221875 0.015625 0.015625
0 0.412500 0.223438 0.015625 0.015625
0 0.450000 0.225000 0.015625 0.015625
0 0.489063 0.225000 0.015625 0.015625
0 0.525000 0.226562 0.015625 0.015625
0 0.560937 0.226562 0.015625 0.015625
0 0.601562 0.228125 0.015625 0.015625
0 0.635938 0.229687 0.015625 0.015625
0 0.714063 0.229687 0.015625 0.015625
0 0.675000 0.229687 0.015625 0.015625
0 0.751563 0.231250 0.015625 0.015625
0 0.787500 0.231250 0.015625 0.015625
0 0.828125 0.232813 0.015625 0.015625
0 0.865625 0.232813 0.015625 0.015625
0 0.940625 0.234375 0.015625 0.015625
0 0.010937 0.246875 0.015625 0.015625
0 0.087500 0.250000 0.015625 0.015625
0 0.162500 0.250000 0.015625 0.015625
0 0.050000 0.250000 0.015625 0.015625
0 0.201563 0.251563 0.015625 0.015625
0 0.315625 0.254688 0.015625 0.015625
0 0.276562 0.254688 0.015625 0.015625
0 0.353125 0.256250 0.015625 0.015625
0 0.392188 0.257812 0.015625 0.015625
0 0.465625 0.259375 0.015625 0.015625
0 0.506250 0.259375 0.015625 0.015625
0 0.543750 0.260937 0.015625 0.015625
0 0.582812 0.260937 0.015625 0.015625
0 0.620313 0.262500 0.015625 0.015625
0 0.656250 0.262500 0.015625 0.015625
0 0.732812 0.264062 0.015625 0.015625
0 0.770312 0.264062 0.015625 0.015625
0 0.696875 0.264062 0.015625 0.015625
0 0.809375 0.265625 0.015625 0.015625
0 0.959375 0.267188 0.015625 0.015625
0 0.921875 0.267188 0.015625 0.015625
0 0.846875 0.267188 0.015625 0.015625
0 0.884375 0.267188 0.015625 0.015625
0 0.070312 0.282813 0.015625 0.015625
0 0.031250 0.284375 0.015625 0.015625
0 0.185938 0.285938 0.015625 0.015625
0 0.223438 0.285938 0.015625 0.015625
0 0.259375 0.287500 0.015625 0.015625
0 0.298438 0.290625 0.015625 0.015625
0 0.523438 0.292187 0.015625 0.015625
0 0.450000 0.292187 0.015625 0.015625
0 0.410938 0.292187 0.015625 0.015625
0 0.487500 0.292187 0.015625 0.015625
0 0.562500 0.293750 0.015625 0.015625
0 0.639062 0.295312 0.015625 0.015625
0 0.600000 0.295312 0.015625 0.015625
0 0.675000 0.295312 0.015625 0.015625
0 0.789062 0.296875 0.015625 0.015625
0 0.750000 0.296875 0.015625 0.015625
0 0.714063 0.296875 0.015625 0.015625
0 0.865625 0.298438 0.015625 0.015625
0 0.903125 0.298438 0.015625 0.015625
0 0.940625 0.300000 0.015625 0.015625
0 0.978125 0.300000 0.015625 0.015625
0 0.164062 0.315625 0.015625 0.015625
0 0.048438 0.315625 0.015625 0.015625
0 0.010937 0.317188 0.015625 0.015625
0 0.125000 0.317188 0.015625 0.015625
0 0.085938 0.317188 0.015625 0.015625
0 0.239063 0.320312 0.015625 0.015625
0 0.201563 0.320312 0.015625 0.015625
0 0.353125 0.321875 0.015625 0.015625
0 0.278125 0.321875 0.015625 0.015625
0 0.317188 0.323437 0.015625 0.015625
0 0.393750 0.323437 0.015625 0.015625
0 0.468750 0.325000 0.015625 0.015625
0 0.545312 0.325000 0.015625 0.015625
0 0.582812 0.325000 0.015625 0.015625
0 0.506250 0.326562 0.015625 0.015625
0 0.657813 0.328125 0.015625 0.015625
0 0.620313 0.328125 0.015625 0.015625
0 0.696875 0.328125 0.015625 0.015625
0 0.768750 0.329688 0.015625 0.015625
0 0.732812 0.329688 0.015625 0.015625
0 0.845313 0.331250 0.015625 0.015625
0 0.882812 0.332813 0.015625 0.015625
0 0.807813 0.332813 0.015625 0.015625
0 0.998437 0.332813 0.015625 0.015625
0 0.923438 0.334375 0.015625 0.015625
0 0.960938 0.334375 0.015625 0.015625
0 0.029687 0.348438 0.015625 0.015625
0 0.143750 0.350000 0.015625 0.015625
0 0.068750 0.350000 0.015625 0.015625
0 0.106250 0.350000 0.015625 0.015625
0 0.182812 0.351562 0.015625 0.015625
0 0.220312 0.353125 0.015625 0.015625
0 0.257812 0.354687 0.015625 0.015625
0 0.296875 0.356250 0.015625 0.015625
0 0.373437 0.357812 0.015625 0.015625
0 0.334375 0.357812 0.015625 0.015625
0 0.409375 0.359375 0.015625 0.015625
0 0.485938 0.359375 0.015625 0.015625
0 0.523438 0.359375 0.015625 0.015625
0 0.448437 0.359375 0.015625 0.015625
0 0.562500 0.359375 0.015625 0.015625
0 0.600000 0.360938 0.015625 0.015625
0 0.637500 0.362500 0.015625 0.015625
0 0.675000 0.362500 0.015625 0.015625
0 0.712500 0.362500 0.015625 0.015625
0 0.750000 0.362500 0.015625 0.015625
0 0.787500 0.364063 0.015625 0.015625
0 0.862500 0.365625 0.015625 0.015625
0 0.825000 0.365625 0.015625 0.015625
0 0.939063 0.365625 0.015625 0.015625
0 0.901563 0.367188 0.015625 0.015625
0 0.048438 0.382812 0.015625 0.015625
0 0.201563 0.384375 0.015625 0.015625
0 0.162500 0.384375 0.015625 0.015625
0 0.239063 0.387500 0.015625 0.015625
0 0.276562 0.387500 0.015625 0.015625
0 0.312500 0.389062 0.015625 0.015625
0 0.351562 0.389062 0.015625 0.015625
0 0.389062 0.390625 0.015625 0.015625
0 0.428125 0.390625 0.015625 0.015625
0 0.503125 0.390625 0.015625 0.015625
0 0.465625 0.390625 0.015625 0.015625
0 0.617188 0.392188 0.015625 0.015625
0 0.579688 0.392188 0.015625 0.015625
0 0.542188 0.393750 0.015625 0.015625
0 0.653125 0.393750 0.015625 0.015625
0 0.689063 0.393750 0.015625 0.015625
0 0.767188 0.395313 0.015625 0.015625
0 0.806250 0.395313 0.015625 0.015625
0 0.726562 0.395313 0.015625 0.015625
0 0.845313 0.396875 0.015625 0.015625
0 0.882812 0.398438 0.015625 0.015625
0 0.959375 0.398438 0.015625 0.015625
0 0.920312 0.398438 0.015625 0.015625
0 0.998437 0.401562 0.015625 0.015625
0 0.068750 0.414062 0.015625 0.015625
0 0.104688 0.417187 0.015625 0.015625
0 0.182812 0.417187 0.015625 0.015625
0 0.142187 0.417187 0.015625 0.015625
0 0.220312 0.418750 0.015625 0.015625
0 0.257812 0.420312 0.015625 0.015625
0 0.295312 0.421875 0.015625 0.015625
0 0.371875 0.421875 0.015625 0.015625
0 0.334375 0.421875 0.015625 0.015625
0 0.410938 0.423438 0.015625 0.015625
0 0.485938 0.423438 0.015625 0.015625
0 0.448437 0.423438 0.015625 0.015625
0 0.560937 0.425000 0.015625 0.015625
0 0.523438 0.425000 0.015625 0.015625
0 0.596875 0.425000 0.015625 0.015625
0 0.635938 0.426563 0.015625 0.015625
0 0.673438 0.426563 0.015625 0.015625
0 0.787500 0.426563 0.015625 0.015625
0 0.709375 0.428125 0.015625 0.015625
0 0.748437 0.428125 0.015625 0.015625
0 0.864062 0.429688 0.015625 0.015625
0 0.825000 0.429688 0.015625 0.015625
0 0.900000 0.431250 0.015625 0.015625
0 0.939063 0.431250 0.015625 0.015625
0 0.976562 0.432812 0.015625 0.015625
0 0.009375 0.445312 0.015625 0.015625
0 0.085938 0.448437 0.015625 0.015625
0 0.123438 0.448437 0.015625 0.015625
0 0.159375 0.450000 0.015625 0.015625
0 0.200000 0.450000 0.015625 0.015625
0 0.237500 0.451562 0.015625 0.015625
0 0.276562 0.451562 0.015625 0.015625
0 0.312500 0.453125 0.015625 0.015625
0 0.351562 0.453125 0.015625 0.015625
0 0.425000 0.456250 0.015625 0.015625
0 0.389062 0.456250 0.015625 0.015625
0 0.501563 0.456250 0.015625 0.015625
0 0.540625 0.456250 0.015625 0.015625
0 0.464062 0.456250 0.015625 0.015625
0 0.576562 0.457813 0.015625 0.015625
0 0.689063 0.457813 0.015625 0.015625
0 0.651563 0.459375 0.015625 0.015625
0 0.615625 0.459375 0.015625 0.015625
0 0.767188 0.459375 0.015625 0.015625
0 0.728125 0.460938 0.015625 0.015625
0 0.843750 0.462500 0.015625 0.015625
0 0.881250 0.462500 0.015625 0.015625
0 0.803125 0.462500 0.015625 0.015625
0 0.920312 0.464062 0.015625 0.015625
0 0.957812 0.464062 0.015625 0.015625
0 0.996875 0.467187 0.015625 0.015625
0 0.025000 0.479687 0.015625 0.015625
0 0.104688 0.481250 0.015625 0.015625
0 0.142187 0.482812 0.015625 0.015625
0 0.178125 0.482812 0.015625 0.015625
0 0.220312 0.484375 0.015625 0.015625
0 0.257812 0.484375 0.015625 0.015625
0 0.370312 0.485938 0.015625 0.015625
0 0.334375 0.485938 0.015625 0.015625
0 0.295312 0.485938 0.015625 0.015625
0 0.446875 0.487500 0.015625 0.015625
0 0.484375 0.487500 0.015625 0.015625
0 0.410938 0.487500 0.015625 0.015625
0 0.559375 0.489063 0.015625 0.015625
0 0.596875 0.490625 0.015625 0.015625
0 0.521875 0.490625 0.015625 0.015625
0 0.709375 0.492188 0.015625 0.015625
0 0.634375 0.492188 0.015625 0.015625
0 0.671875 0.492188 0.015625 0.015625
0 0.748437 0.495312 0.015625 0.015625
0 0.825000 0.495312 0.015625 0.015625
0 0.862500 0.496875 0.015625 0.015625
0 0.976562 0.496875 0.015625 0.015625
0 0.900000 0.496875 0.015625 0.015625
0 0.937500 0.498437 0.015625 0.015625
0 0.007812 0.510938 0.015625 0.015625
0 0.046875 0.514062 0.015625 0.015625
0 0.121875 0.514062 0.015625 0.015625
0 0.159375 0.515625 0.015625 0.015625
0 0.196875 0.517188 0.015625 0.015625
0 0.235937 0.517188 0.015625 0.015625
0 0.275000 0.517188 0.015625 0.015625
0 0.348438 0.520312 0.015625 0.015625
0 0.312500 0.520312 0.015625 0.015625
0 0.464062 0.520312 0.015625 0.015625
0 0.426563 0.520312 0.015625 0.015625
0 0.387500 0.521875 0.015625 0.015625
0 0.539062 0.521875 0.015625 0.015625
0 0.501563 0.521875 0.015625 0.015625
0 0.576562 0.525000 0.015625 0.015625
0 0.687500 0.526563 0.015625 0.015625
0 0.801562 0.526563 0.015625 0.015625
0 0.762500 0.528125 0.015625 0.015625
0 0.728125 0.528125 0.015625 0.015625
0 0.918750 0.529687 0.015625 0.015625
0 0.953125 0.529687 0.015625 0.015625
0 0.840625 0.529687 0.015625 0.015625
0 0.992188 0.532813 0.015625 0.015625
0 0.025000 0.546875 0.015625 0.015625
0 0.065625 0.546875 0.015625 0.015625
0 0.139063 0.550000 0.015625 0.015625
0 0.367188 0.550000 0.015625 0.015625
0 0.256250 0.553125 0.015625 0.015625
0 0.293750 0.553125 0.015625 0.015625
0 0.331250 0.553125 0.015625 0.015625
0 0.445312 0.553125 0.015625 0.015625
0 0.482812 0.554688 0.015625 0.015625
0 0.557813 0.556250 0.015625 0.015625
0 0.521875 0.556250 0.015625 0.015625
0 0.595313 0.557813 0.015625 0.015625
0 0.823438 0.560937 0.015625 0.015625
0 0.859375 0.560937 0.015625 0.015625
0 0.900000 0.562500 0.015625 0.015625
0 0.973437 0.562500 0.015625 0.015625
0 0.937500 0.562500 0.015625 0.015625
0 0.007812 0.576562 0.015625 0.015625
0 0.045312 0.578125 0.015625 0.015625
0 0.159375 0.581250 0.015625 0.015625
0 0.196875 0.581250 0.015625 0.015625
0 0.234375 0.582812 0.015625 0.015625
0 0.273438 0.584375 0.015625 0.015625
0 0.310937 0.584375 0.015625 0.015625
0 0.346875 0.584375 0.015625 0.015625
0 0.387500 0.584375 0.015625 0.015625
0 0.426563 0.585938 0.015625 0.015625
0 0.462500 0.585938 0.015625 0.015625
0 0.501563 0.589063 0.015625 0.015625
0 0.575000 0.590625 0.015625 0.015625
0 0.539062 0.590625 0.015625 0.015625
0 0.614062 0.590625 0.015625 0.015625
0 0.651563 0.590625 0.015625 0.015625
0 0.689063 0.592187 0.015625 0.015625
0 0.726562 0.592187 0.015625 0.015625
0 0.803125 0.593750 0.015625 0.015625
0 0.957812 0.595313 0.015625 0.015625
0 0.995313 0.595313 0.015625 0.015625
0 0.918750 0.595313 0.015625 0.015625
0 0.175000 0.615625 0.015625 0.015625
0 0.212500 0.615625 0.015625 0.015625
0 0.251563 0.617188 0.015625 0.015625
0 0.289062 0.617188 0.015625 0.015625
0 0.406250 0.617188 0.015625 0.015625
0 0.326562 0.617188 0.015625 0.015625
0 0.365625 0.618750 0.015625 0.015625
0 0.442188 0.618750 0.015625 0.015625
0 0.479687 0.620313 0.015625 0.015625
0 0.867188 0.620313 0.015625 0.015625
0 0.557813 0.621875 0.015625 0.015625
0 0.517188 0.621875 0.015625 0.015625
0 0.595313 0.621875 0.015625 0.015625
0 0.632812 0.623437 0.015625 0.015625
0 0.707812 0.623437 0.015625 0.015625
0 0.746875 0.623437 0.015625 0.015625
0 0.668750 0.625000 0.015625 0.015625
0 0.782813 0.625000 0.015625 0.015625
0 0.820312 0.626563 0.015625 0.015625
0 0.934375 0.628125 0.015625 0.015625
0 0.971875 0.629687 0.015625 0.015625
0 0.114062 0.645312 0.015625 0.015625
0 0.076563 0.645312 0.015625 0.015625
0 0.193750 0.648438 0.015625 0.015625
0 0.270313 0.650000 0.015625 0.015625
0 0.232813 0.650000 0.015625 0.015625
0 0.309375 0.650000 0.015625 0.015625
0 0.423438 0.651563 0.015625 0.015625
0 0.460938 0.651563 0.015625 0.015625
0 0.346875 0.651563 0.015625 0.015625
0 0.384375 0.653125 0.015625 0.015625
0 0.500000 0.653125 0.015625 0.015625
0 0.575000 0.654687 0.015625 0.015625
0 0.537500 0.656250 0.015625 0.015625
0 0.650000 0.656250 0.015625 0.015625
0 0.610938 0.656250 0.015625 0.015625
0 0.725000 0.659375 0.015625 0.015625
0 0.687500 0.659375 0.015625 0.015625
0 0.762500 0.659375 0.015625 0.015625
0 0.800000 0.660937 0.015625 0.015625
0 0.837500 0.660937 0.015625 0.015625
0 0.914062 0.660937 0.015625 0.015625
0 0.876563 0.662500 0.015625 0.015625
0 0.993750 0.664062 0.015625 0.015625
