0 0.045312 0.860938 0.015625 0.015625
0 0.048438 0.993750 0.015625 0.015625
0 0.023438 0.007812 0.015625 0.015625
0 0.060937 0.079687 0.015625 0.015625
0 0.100000 0.012500 0.015625 0.015625
0 0.135937 0.073438 0.015625 0.015625
0 0.185938 0.001563 0.015625 0.015625
0 0.209375 0.076563 0.015625 0.015625
0 0.250000 0.014063 0.015625 0.015625
0 0.285938 0.081250 0.015625 0.015625
0 0.331250 0.014063 0.015625 0.015625
0 0.367188 0.075000 0.015625 0.015625
0 0.396875 0.021875 0.015625 0.015625
0 0.429688 0.078125 0.015625 0.015625
0 0.517188 0.089063 0.015625 0.015625
0 0.034375 0.142187 0.015625 0.015625
0 0.090625 0.142187 0.015625 0.015625
0 0.064062 0.215625 0.015625 0.015625
0 0.129688 0.212500 0.015625 0.015625
0 0.173437 0.151562 0.015625 0.015625
0 0.207813 0.220312 0.015625 0.015625
0 0.245312 0.154688 0.015625 0.015625
0 0.285938 0.223438 0.015625 0.015625
0 0.320312 0.150000 0.015625 0.015625
0 0.365625 0.212500 0.015625 0.015625
0 0.398438 0.151562 0.015625 0.015625
0 0.439063 0.217188 0.015625 0.015625
0 0.479687 0.150000 0.015625 0.015625
0 0.510938 0.220312 0.015625 0.015625
0 0.545312 0.157812 0.015625 0.015625
0 0.587500 0.220312 0.015625 0.015625
0 0.623437 0.154688 0.015625 0.015625
0 0.010937 0.270313 0.015625 0.015625
0 0.045312 0.343750 0.015625 0.015625
0 0.085938 0.275000 0.015625 0.015625
0 0.126562 0.335938 0.015625 0.015625
0 0.167187 0.276562 0.015625 0.015625
0 0.207813 0.335938 0.015625 0.015625
0 0.246875 0.264062 0.015625 0.015625
0 0.321875 0.276562 0.015625 0.015625
0 0.360938 0.342187 0.015625 0.015625
0 0.428125 0.346875 0.015625 0.015625
0 0.471875 0.282813 0.015625 0.015625
0 0.503125 0.353125 0.015625 0.015625
0 0.542188 0.290625 0.015625 0.015625
0 0.584375 0.351562 0.015625 0.015625
0 0.617188 0.287500 0.015625 0.015625
0 0.090625 0.404687 0.015625 0.015625
0 0.126562 0.467187 0.015625 0.015625
0 0.159375 0.407813 0.015625 0.015625
0 0.201563 0.467187 0.015625 0.015625
0 0.234375 0.406250 0.015625 0.015625
0 0.276562 0.470313 0.015625 0.015625
0 0.309375 0.404687 0.015625 0.015625
0 0.384375 0.407813 0.015625 0.015625
0 0.359375 0.473438 0.015625 0.015625
0 0.426563 0.479687 0.015625 0.015625
0 0.512500 0.473438 0.015625 0.015625
0 0.548438 0.414062 0.015625 0.015625
0 0.582812 0.476562 0.015625 0.015625
0 0.004687 0.534375 0.015625 0.015625
0 0.046875 0.596875 0.015625 0.015625
0 0.123438 0.603125 0.015625 0.015625
0 0.162500 0.537500 0.015625 0.015625
0 0.198437 0.620313 0.015625 0.015625
0 0.309375 0.535937 0.015625 0.015625
0 0.278125 0.600000 0.015625 0.015625
0 0.389062 0.539062 0.015625 0.015625
0 0.351562 0.604688 0.015625 0.015625
0 0.462500 0.543750 0.015625 0.015625
0 0.426563 0.609375 0.015625 0.015625
0 0.531250 0.546875 0.015625 0.015625
0 0.506250 0.609375 0.015625 0.015625
0 0.617188 0.548438 0.015625 0.015625
0 0.585938 0.606250 0.015625 0.015625
0 0.012500 0.668750 0.015625 0.015625
0 0.048438 0.731250 0.015625 0.015625
0 0.081250 0.667188 0.015625 0.015625
0 0.121875 0.729688 0.015625 0.015625
0 0.159375 0.667188 0.015625 0.015625
0 0.198437 0.739062 0.015625 0.015625
0 0.237500 0.673438 0.015625 0.015625
0 0.275000 0.731250 0.015625 0.015625
0 0.384375 0.671875 0.015625 0.015625
0 0.353125 0.737500 0.015625 0.015625
0 0.462500 0.678125 0.015625 0.015625
0 0.545312 0.678125 0.015625 0.015625
0 0.621875 0.678125 0.015625 0.015625
0 0.585938 0.742188 0.015625 0.015625
0 0.504687 0.743750 0.015625 0.015625
0 0.429688 0.737500 0.015625 0.015625
0 0.087500 0.801562 0.015625 0.015625
0 0.118750 0.857812 0.015625 0.015625
0 0.159375 0.809375 0.015625 0.015625
0 0.189062 0.864062 0.015625 0.015625
0 0.229687 0.804688 0.015625 0.015625
0 0.278125 0.865625 0.015625 0.015625
0 0.309375 0.807813 0.015625 0.015625
0 0.346875 0.864062 0.015625 0.015625
0 0.385937 0.807813 0.015625 0.015625
0 0.420312 0.870313 0.015625 0.015625
0 0.456250 0.807813 0.015625 0.015625
0 0.503125 0.870313 0.015625 0.015625
0 0.531250 0.817187 0.015625 0.015625
0 0.578125 0.870313 0.015625 0.015625
0 0.612500 0.812500 0.015625 0.015625
0 0.300000 0.931250 0.015625 0.015625
0 0.456250 0.948438 0.015625 0.015625
0 0.540625 0.950000 0.015625 0.015625
0 0.610938 0.948438 0.015625 0.015625
0 0.006250 0.400000 0.015625 0.015625
0 0.051562 0.470313 0.015625 0.015625
0 0.378125 0.939063 0.015625 0.015625
0 0.226562 0.926562 0.015625 0.015625
0 0.184375 0.996875 0.015625 0.015625
0 0.150000 0.918750 0.015625 0.015625
0 0.007812 0.803125 0.015625 0.015625
0 0.007812 0.929688 0.015625 0.015625
0 0.121875 0.995313 0.015625 0.015625
0 0.557813 0.023438 0.015625 0.015625
0 0.643750 0.021875 0.015625 0.015625
0 0.593750 0.087500 0.015625 0.015625
0 0.084375 0.540625 0.015625 0.015625
0 0.243750 0.539062 0.015625 0.015625
0 0.306250 0.670312 0.015625 0.015625
