0 0.510938 0.009375 0.015625 0.015625
0 0.976562 0.010937 0.015625 0.015625
0 0.639062 0.021875 0.015625 0.015625
0 0.321875 0.056250 0.015625 0.015625
0 0.250000 0.057813 0.015625 0.015625
0 0.393750 0.059375 0.015625 0.015625
0 0.470313 0.060937 0.015625 0.015625
0 0.853125 0.068750 0.015625 0.015625
0 0.928125 0.071875 0.015625 0.015625
0 0.996875 0.082812 0.015625 0.015625
0 0.542188 0.112500 0.015625 0.015625
0 0.687500 0.118750 0.015625 0.015625
0 0.207813 0.118750 0.015625 0.015625
0 0.282813 0.120313 0.015625 0.015625
0 0.357812 0.121875 0.015625 0.015625
0 0.431250 0.123438 0.015625 0.015625
0 0.604688 0.151562 0.015625 0.015625
0 0.165625 0.184375 0.015625 0.015625
0 0.318750 0.187500 0.015625 0.015625
0 0.243750 0.187500 0.015625 0.015625
0 0.393750 0.189062 0.015625 0.015625
0 0.471875 0.192188 0.015625 0.015625
0 0.853125 0.203125 0.015625 0.015625
0 0.759375 0.204687 0.015625 0.015625
0 0.928125 0.204687 0.015625 0.015625
0 0.998437 0.209375 0.015625 0.015625
0 0.559375 0.210938 0.015625 0.015625
0 0.635938 0.212500 0.015625 0.015625
0 0.057813 0.248438 0.015625 0.015625
0 0.203125 0.250000 0.015625 0.015625
0 0.128125 0.250000 0.015625 0.015625
0 0.279687 0.250000 0.015625 0.015625
0 0.354687 0.251563 0.015625 0.015625
0 0.429688 0.259375 0.015625 0.015625
0 0.882812 0.268750 0.015625 0.015625
0 0.510938 0.270313 0.015625 0.015625
0 0.756250 0.292187 0.015625 0.015625
0 0.964063 0.295312 0.015625 0.015625
0 0.015625 0.315625 0.015625 0.015625
0 0.093750 0.317188 0.015625 0.015625
0 0.164062 0.317188 0.015625 0.015625
0 0.239063 0.320312 0.015625 0.015625
0 0.315625 0.320312 0.015625 0.015625
0 0.464062 0.321875 0.015625 0.015625
0 0.389062 0.321875 0.015625 0.015625
0 0.996875 0.335938 0.015625 0.015625
0 0.129688 0.382812 0.015625 0.015625
0 0.054688 0.382812 0.015625 0.015625
0 0.203125 0.384375 0.015625 0.015625
0 0.434375 0.384375 0.015625 0.015625
0 0.382812 0.400000 0.015625 0.015625
0 0.954688 0.401562 0.015625 0.015625
0 0.292187 0.421875 0.015625 0.015625
0 0.089063 0.445312 0.015625 0.015625
0 0.015625 0.446875 0.015625 0.015625
0 0.542188 0.460938 0.015625 0.015625
0 0.462500 0.464062 0.015625 0.015625
0 0.312500 0.465625 0.015625 0.015625
0 0.403125 0.467187 0.015625 0.015625
0 0.181250 0.484375 0.015625 0.015625
0 0.865625 0.515625 0.015625 0.015625
0 0.192188 0.543750 0.015625 0.015625
0 0.053125 0.545312 0.015625 0.015625
0 0.912500 0.582812 0.015625 0.015625
0 0.007812 0.584375 0.015625 0.015625
0 0.159375 0.584375 0.015625 0.015625
0 0.309375 0.590625 0.015625 0.015625
0 0.385937 0.590625 0.015625 0.015625
0 0.465625 0.595313 0.015625 0.015625
0 0.782813 0.603125 0.015625 0.015625
0 0.862500 0.606250 0.015625 0.015625
0 0.690625 0.607812 0.015625 0.015625
0 0.050000 0.645312 0.015625 0.015625
0 0.423438 0.660937 0.015625 0.015625
0 0.687500 0.676562 0.015625 0.015625
0 0.837500 0.678125 0.015625 0.015625
0 0.907813 0.684375 0.015625 0.015625
0 0.631250 0.689063 0.015625 0.015625
0 0.081250 0.715625 0.015625 0.015625
0 0.157812 0.715625 0.015625 0.015625
0 0.692187 0.720313 0.015625 0.015625
0 0.382812 0.729688 0.015625 0.015625
0 0.765625 0.731250 0.015625 0.015625
0 0.471875 0.739062 0.015625 0.015625
0 0.654687 0.743750 0.015625 0.015625
0 0.126562 0.792188 0.015625 0.015625
0 0.273438 0.806250 0.015625 0.015625
0 0.406250 0.815625 0.015625 0.015625
0 0.881250 0.820312 0.015625 0.015625
0 0.159375 0.843750 0.015625 0.015625
0 0.082812 0.845313 0.015625 0.015625
0 0.310937 0.851562 0.015625 0.015625
0 0.529687 0.856250 0.015625 0.015625
0 0.926562 0.859375 0.015625 0.015625
0 0.764062 0.859375 0.015625 0.015625
0 0.989062 0.865625 0.015625 0.015625
0 0.837500 0.871875 0.015625 0.015625
0 0.715625 0.885938 0.015625 0.015625
0 0.359375 0.920312 0.015625 0.015625
0 0.234375 0.928125 0.015625 0.015625
0 0.151562 0.931250 0.015625 0.015625
0 0.982812 0.956250 0.015625 0.015625
0 0.932813 0.960938 0.015625 0.015625
0 0.606250 0.984375 0.015625 0.015625
0 0.678125 0.987500 0.015625 0.015625
0 0.304688 0.989062 0.015625 0.015625
0 0.532813 0.990625 0.015625 0.015625
0 0.904687 0.993750 0.015625 0.015625
