0 0.056250 0.025000 0.015625 0.015625
0 0.132812 0.025000 0.015625 0.015625
0 0.287500 0.028125 0.015625 0.015625
0 0.362500 0.028125 0.015625 0.015625
0 0.209375 0.028125 0.015625 0.015625
0 0.510938 0.029687 0.015625 0.015625
0 0.678125 0.032813 0.015625 0.015625
0 0.589063 0.034375 0.015625 0.015625
0 0.742188 0.037500 0.015625 0.015625
0 0.826562 0.037500 0.015625 0.015625
0 0.893750 0.039062 0.015625 0.015625
0 0.978125 0.043750 0.015625 0.015625
0 0.014063 0.090625 0.015625 0.015625
0 0.093750 0.092188 0.015625 0.015625
0 0.170313 0.093750 0.015625 0.015625
0 0.246875 0.095312 0.015625 0.015625
0 0.328125 0.098437 0.015625 0.015625
0 0.404687 0.098437 0.015625 0.015625
0 0.629687 0.101562 0.015625 0.015625
0 0.473438 0.103125 0.015625 0.015625
0 0.706250 0.104688 0.015625 0.015625
0 0.862500 0.106250 0.015625 0.015625
0 0.776563 0.106250 0.015625 0.015625
0 0.937500 0.109375 0.015625 0.015625
0 0.134375 0.157812 0.015625 0.015625
0 0.057813 0.159375 0.015625 0.015625
0 0.210938 0.159375 0.015625 0.015625
0 0.285938 0.160938 0.015625 0.015625
0 0.364063 0.162500 0.015625 0.015625
0 0.437500 0.167187 0.015625 0.015625
0 0.585938 0.168750 0.015625 0.015625
0 0.510938 0.168750 0.015625 0.015625
0 0.665625 0.170313 0.015625 0.015625
0 0.742188 0.173437 0.015625 0.015625
0 0.817187 0.173437 0.015625 0.015625
0 0.900000 0.178125 0.015625 0.015625
0 0.976562 0.178125 0.015625 0.015625
0 0.015625 0.225000 0.015625 0.015625
0 0.090625 0.226562 0.015625 0.015625
0 0.168750 0.229687 0.015625 0.015625
0 0.317188 0.231250 0.015625 0.015625
0 0.475000 0.232813 0.015625 0.015625
0 0.550000 0.234375 0.015625 0.015625
0 0.628125 0.234375 0.015625 0.015625
0 0.706250 0.239063 0.015625 0.015625
0 0.854688 0.242188 0.015625 0.015625
0 0.932813 0.245312 0.015625 0.015625
0 0.051562 0.292187 0.015625 0.015625
0 0.206250 0.295312 0.015625 0.015625
0 0.129688 0.295312 0.015625 0.015625
0 0.359375 0.295312 0.015625 0.015625
0 0.509375 0.296875 0.015625 0.015625
0 0.665625 0.296875 0.015625 0.015625
0 0.589063 0.296875 0.015625 0.015625
0 0.434375 0.298438 0.015625 0.015625
0 0.737500 0.306250 0.015625 0.015625
0 0.814063 0.306250 0.015625 0.015625
0 0.893750 0.306250 0.015625 0.015625
0 0.970313 0.307812 0.015625 0.015625
0 0.007812 0.357812 0.015625 0.015625
0 0.631250 0.359375 0.015625 0.015625
0 0.467187 0.360938 0.015625 0.015625
0 0.392188 0.360938 0.015625 0.015625
0 0.312500 0.362500 0.015625 0.015625
0 0.084375 0.364063 0.015625 0.015625
0 0.164062 0.365625 0.015625 0.015625
0 0.243750 0.368750 0.015625 0.015625
0 0.856250 0.370312 0.015625 0.015625
0 0.781250 0.370312 0.015625 0.015625
0 0.929688 0.373437 0.015625 0.015625
0 0.504687 0.420312 0.015625 0.015625
0 0.584375 0.425000 0.015625 0.015625
0 0.964063 0.435937 0.015625 0.015625
0 0.885938 0.439063 0.015625 0.015625
0 0.303125 0.487500 0.015625 0.015625
0 0.382812 0.487500 0.015625 0.015625
0 0.459375 0.490625 0.015625 0.015625
0 0.078125 0.492188 0.015625 0.015625
0 0.153125 0.495312 0.015625 0.015625
0 0.614062 0.504687 0.015625 0.015625
0 0.273438 0.546875 0.015625 0.015625
0 0.351562 0.553125 0.015625 0.015625
0 0.042188 0.553125 0.015625 0.015625
0 0.425000 0.554688 0.015625 0.015625
0 0.115625 0.556250 0.015625 0.015625
0 0.192188 0.557813 0.015625 0.015625
0 0.500000 0.557813 0.015625 0.015625
0 0.579688 0.560937 0.015625 0.015625
0 0.887500 0.565625 0.015625 0.015625
0 0.967187 0.568750 0.015625 0.015625
0 0.081250 0.620313 0.015625 0.015625
0 0.006250 0.620313 0.015625 0.015625
0 0.387500 0.623437 0.015625 0.015625
0 0.237500 0.623437 0.015625 0.015625
0 0.462500 0.625000 0.015625 0.015625
0 0.309375 0.625000 0.015625 0.015625
0 0.540625 0.628125 0.015625 0.015625
0 0.775000 0.629687 0.015625 0.015625
0 0.614062 0.631250 0.015625 0.015625
0 0.692187 0.632812 0.015625 0.015625
0 0.853125 0.634375 0.015625 0.015625
0 0.928125 0.635938 0.015625 0.015625
0 0.048438 0.684375 0.015625 0.015625
0 0.125000 0.687500 0.015625 0.015625
0 0.428125 0.689063 0.015625 0.015625
0 0.353125 0.693750 0.015625 0.015625
0 0.278125 0.693750 0.015625 0.015625
0 0.504687 0.693750 0.015625 0.015625
0 0.579688 0.696875 0.015625 0.015625
0 0.654687 0.696875 0.015625 0.015625
0 0.728125 0.698438 0.015625 0.015625
0 0.807813 0.700000 0.015625 0.015625
0 0.964063 0.701562 0.015625 0.015625
0 0.006250 0.748437 0.015625 0.015625
0 0.160938 0.756250 0.015625 0.015625
0 0.237500 0.757812 0.015625 0.015625
0 0.312500 0.757812 0.015625 0.015625
0 0.392188 0.759375 0.015625 0.015625
0 0.462500 0.759375 0.015625 0.015625
0 0.540625 0.760938 0.015625 0.015625
0 0.617188 0.764062 0.015625 0.015625
0 0.843750 0.767188 0.015625 0.015625
0 0.118750 0.820312 0.015625 0.015625
0 0.273438 0.820312 0.015625 0.015625
0 0.196875 0.821875 0.015625 0.015625
0 0.353125 0.821875 0.015625 0.015625
0 0.501563 0.825000 0.015625 0.015625
0 0.428125 0.825000 0.015625 0.015625
0 0.962500 0.825000 0.015625 0.015625
0 0.804688 0.828125 0.015625 0.015625
0 0.885938 0.829688 0.015625 0.015625
0 0.082812 0.884375 0.015625 0.015625
0 0.314063 0.885938 0.015625 0.015625
0 0.157812 0.885938 0.015625 0.015625
0 0.237500 0.887500 0.015625 0.015625
0 0.390625 0.887500 0.015625 0.015625
0 0.006250 0.889062 0.015625 0.015625
0 0.464062 0.889062 0.015625 0.015625
0 0.539062 0.890625 0.015625 0.015625
0 0.610938 0.890625 0.015625 0.015625
0 0.692187 0.893750 0.015625 0.015625
0 0.842187 0.893750 0.015625 0.015625
0 0.921875 0.895312 0.015625 0.015625
0 0.767188 0.895312 0.015625 0.015625
0 0.351562 0.950000 0.015625 0.015625
0 0.273438 0.951562 0.015625 0.015625
0 0.114062 0.953125 0.015625 0.015625
0 0.425000 0.953125 0.015625 0.015625
0 0.503125 0.957812 0.015625 0.015625
0 0.579688 0.957812 0.015625 0.015625
0 0.656250 0.957812 0.015625 0.015625
0 0.804688 0.959375 0.015625 0.015625
0 0.879687 0.960938 0.015625 0.015625
0 0.726562 0.962500 0.015625 0.015625
0 0.959375 0.964063 0.015625 0.015625
0 0.439063 0.034375 0.015625 0.015625
0 0.556250 0.101562 0.015625 0.015625
0 0.396875 0.229687 0.015625 0.015625
0 0.239063 0.228125 0.015625 0.015625
0 0.042188 0.418750 0.015625 0.015625
0 0.112500 0.423438 0.015625 0.015625
0 0.207813 0.426563 0.015625 0.015625
0 0.346875 0.431250 0.015625 0.015625
0 0.431250 0.426563 0.015625 0.015625
0 0.660937 0.429688 0.015625 0.015625
0 0.817187 0.435937 0.015625 0.015625
0 0.767188 0.760938 0.015625 0.015625
0 0.695312 0.762500 0.015625 0.015625
0 0.084375 0.753125 0.015625 0.015625
0 0.037500 0.818750 0.015625 0.015625
0 0.195312 0.953125 0.015625 0.015625
0 0.878125 0.701562 0.015625 0.015625
0 0.643750 0.601562 0.015625 0.015625
0 0.196875 0.685937 0.015625 0.015625
0 0.656250 0.831250 0.015625 0.015625
0 0.573438 0.826562 0.015625 0.015625
