0 0.857812 0.042188 0.015625 0.015625
0 0.885938 0.498437 0.015625 0.015625
0 0.507812 0.492188 0.015625 0.015625
0 0.892188 0.110937 0.015625 0.015625
0 0.095312 0.028125 0.015625 0.015625
0 0.018750 0.029687 0.015625 0.015625
0 0.582812 0.495312 0.015625 0.015625
0 0.889062 0.368750 0.015625 0.015625
0 0.818750 0.110937 0.015625 0.015625
0 0.782813 0.040625 0.015625 0.015625
0 0.009375 0.417187 0.015625 0.015625
0 0.204687 0.354687 0.015625 0.015625
0 0.439063 0.103125 0.015625 0.015625
0 0.773438 0.296875 0.015625 0.015625
0 0.248438 0.028125 0.015625 0.015625
0 0.657813 0.496875 0.015625 0.015625
0 0.473438 0.295312 0.015625 0.015625
0 0.423438 0.359375 0.015625 0.015625
0 0.810937 0.370312 0.015625 0.015625
0 0.240625 0.289062 0.015625 0.015625
0 0.507812 0.360938 0.015625 0.015625
0 0.434375 0.489063 0.015625 0.015625
0 0.550000 0.037500 0.015625 0.015625
0 0.479687 0.035937 0.015625 0.015625
0 0.121875 0.354687 0.015625 0.015625
0 0.087500 0.420312 0.015625 0.015625
0 0.165625 0.292187 0.015625 0.015625
0 0.543750 0.295312 0.015625 0.015625
0 0.629687 0.039062 0.015625 0.015625
0 0.662500 0.104688 0.015625 0.015625
0 0.212500 0.098437 0.015625 0.015625
0 0.848437 0.296875 0.015625 0.015625
0 0.590625 0.235937 0.015625 0.015625
0 0.207813 0.226562 0.015625 0.015625
0 0.964063 0.370312 0.015625 0.015625
0 0.962500 0.496875 0.015625 0.015625
0 0.926562 0.042188 0.015625 0.015625
0 0.514062 0.109375 0.015625 0.015625
0 0.743750 0.107813 0.015625 0.015625
0 0.468750 0.426563 0.015625 0.015625
0 0.704688 0.039062 0.015625 0.015625
0 0.923438 0.435937 0.015625 0.015625
0 0.618750 0.171875 0.015625 0.015625
0 0.735938 0.235937 0.015625 0.015625
0 0.843750 0.437500 0.015625 0.015625
0 0.590625 0.109375 0.015625 0.015625
0 0.695312 0.295312 0.015625 0.015625
0 0.887500 0.239063 0.015625 0.015625
0 0.665625 0.237500 0.015625 0.015625
0 0.545312 0.426563 0.015625 0.015625
0 0.920312 0.301563 0.015625 0.015625
0 0.620313 0.298438 0.015625 0.015625
0 0.623437 0.429688 0.015625 0.015625
0 0.735938 0.370312 0.015625 0.015625
0 0.964063 0.110937 0.015625 0.015625
0 0.771875 0.432812 0.015625 0.015625
0 0.695312 0.173437 0.015625 0.015625
0 0.734375 0.493750 0.015625 0.015625
0 0.964063 0.239063 0.015625 0.015625
0 0.476562 0.175000 0.015625 0.015625
0 0.818750 0.237500 0.015625 0.015625
0 0.840625 0.828125 0.015625 0.015625
0 0.314063 0.820312 0.015625 0.015625
0 0.687500 0.562500 0.015625 0.015625
0 0.762500 0.825000 0.015625 0.015625
0 0.157812 0.946875 0.015625 0.015625
0 0.159375 0.687500 0.015625 0.015625
0 0.839063 0.695312 0.015625 0.015625
0 0.162500 0.820312 0.015625 0.015625
0 0.082812 0.684375 0.015625 0.015625
0 0.614062 0.560937 0.015625 0.015625
0 0.225000 0.943750 0.015625 0.015625
0 0.842187 0.565625 0.015625 0.015625
0 0.196875 0.484375 0.015625 0.015625
0 0.159375 0.551562 0.015625 0.015625
0 0.393750 0.820312 0.015625 0.015625
0 0.118750 0.615625 0.015625 0.015625
0 0.915625 0.564063 0.015625 0.015625
0 0.467187 0.692187 0.015625 0.015625
0 0.465625 0.554688 0.015625 0.015625
0 0.200000 0.620313 0.015625 0.015625
0 0.082812 0.550000 0.015625 0.015625
0 0.007812 0.548438 0.015625 0.015625
0 0.043750 0.478125 0.015625 0.015625
0 0.170313 0.164062 0.015625 0.015625
0 0.539062 0.689063 0.015625 0.015625
0 0.237500 0.545312 0.015625 0.015625
0 0.167187 0.418750 0.015625 0.015625
0 0.084375 0.815625 0.015625 0.015625
0 0.440625 0.235937 0.015625 0.015625
0 0.615625 0.690625 0.015625 0.015625
0 0.539062 0.556250 0.015625 0.015625
0 0.614062 0.821875 0.015625 0.015625
0 0.043750 0.351562 0.015625 0.015625
0 0.242188 0.423438 0.015625 0.015625
0 0.915625 0.828125 0.015625 0.015625
0 0.993750 0.568750 0.015625 0.015625
0 0.468750 0.942187 0.015625 0.015625
0 0.993750 0.703125 0.015625 0.015625
0 0.914062 0.700000 0.015625 0.015625
0 0.990625 0.960938 0.015625 0.015625
0 0.957812 0.635938 0.015625 0.015625
0 0.726562 0.757812 0.015625 0.015625
0 0.914062 0.954688 0.015625 0.015625
0 0.507812 0.878125 0.015625 0.015625
0 0.878125 0.634375 0.015625 0.015625
0 0.689063 0.692187 0.015625 0.015625
0 0.496875 0.753125 0.015625 0.015625
0 0.539062 0.821875 0.015625 0.015625
0 0.878125 0.760938 0.015625 0.015625
0 0.571875 0.754687 0.015625 0.015625
0 0.651563 0.757812 0.015625 0.015625
0 0.575000 0.875000 0.015625 0.015625
0 0.762500 0.560937 0.015625 0.015625
0 0.837500 0.953125 0.015625 0.015625
0 0.698438 0.434375 0.015625 0.015625
0 0.953125 0.764062 0.015625 0.015625
0 0.857812 0.171875 0.015625 0.015625
0 0.729688 0.628125 0.015625 0.015625
0 0.787500 0.176563 0.015625 0.015625
0 0.993750 0.831250 0.015625 0.015625
0 0.800000 0.760938 0.015625 0.015625
0 0.584375 0.626563 0.015625 0.015625
0 0.540625 0.175000 0.015625 0.015625
0 0.615625 0.946875 0.015625 0.015625
0 0.765625 0.690625 0.015625 0.015625
0 0.884375 0.895312 0.015625 0.015625
0 0.667188 0.871875 0.015625 0.015625
0 0.132812 0.093750 0.015625 0.015625
0 0.031250 0.934375 0.015625 0.015625
0 0.312500 0.943750 0.015625 0.015625
0 0.385937 0.945312 0.015625 0.015625
0 0.003125 0.814063 0.015625 0.015625
0 0.120313 0.751563 0.015625 0.015625
0 0.237500 0.684375 0.015625 0.015625
0 0.318750 0.687500 0.015625 0.015625
0 0.396875 0.684375 0.015625 0.015625
0 0.318750 0.548438 0.015625 0.015625
0 0.362500 0.550000 0.015625 0.015625
0 0.362500 0.482812 0.015625 0.015625
0 0.287500 0.484375 0.015625 0.015625
0 0.115625 0.485938 0.015625 0.015625
0 0.284375 0.365625 0.015625 0.015625
0 0.348438 0.365625 0.015625 0.015625
0 0.359375 0.237500 0.015625 0.015625
0 0.293750 0.229687 0.015625 0.015625
0 0.512500 0.235937 0.015625 0.015625
0 0.198437 0.746875 0.015625 0.015625
0 0.268750 0.757812 0.015625 0.015625
0 0.343750 0.757812 0.015625 0.015625
0 0.025000 0.610938 0.015625 0.015625
0 0.017188 0.678125 0.015625 0.015625
0 0.278125 0.617188 0.015625 0.015625
0 0.351562 0.621875 0.015625 0.015625
0 0.431250 0.621875 0.015625 0.015625
0 0.500000 0.623437 0.015625 0.015625
0 0.656250 0.626563 0.015625 0.015625
0 0.803125 0.632812 0.015625 0.015625
0 0.110937 0.881250 0.015625 0.015625
0 0.153125 0.881250 0.015625 0.015625
0 0.220312 0.881250 0.015625 0.015625
0 0.264062 0.879687 0.015625 0.015625
0 0.392188 0.035937 0.015625 0.015625
0 0.010937 0.162500 0.015625 0.015625
0 0.057813 0.092188 0.015625 0.015625
0 0.356250 0.096875 0.015625 0.015625
