0 0.993750 0.035937 0.015625 0.015625
0 0.917188 0.037500 0.015625 0.015625
0 0.839063 0.031250 0.015625 0.015625
0 0.762500 0.025000 0.015625 0.015625
0 0.690625 0.029687 0.015625 0.015625
0 0.612500 0.025000 0.015625 0.015625
0 0.535937 0.017188 0.015625 0.015625
0 0.459375 0.020313 0.015625 0.015625
0 0.385937 0.020313 0.015625 0.015625
0 0.307812 0.012500 0.015625 0.015625
0 0.231250 0.020313 0.015625 0.015625
0 0.165625 0.010937 0.015625 0.015625
0 0.096875 0.015625 0.015625 0.015625
0 0.117188 0.081250 0.015625 0.015625
0 0.201563 0.082812 0.015625 0.015625
0 0.148438 0.139063 0.015625 0.015625
0 0.229687 0.143750 0.015625 0.015625
0 0.268750 0.079687 0.015625 0.015625
0 0.309375 0.146875 0.015625 0.015625
0 0.345313 0.076563 0.015625 0.015625
0 0.432812 0.082812 0.015625 0.015625
0 0.384375 0.139063 0.015625 0.015625
0 0.451562 0.148438 0.015625 0.015625
0 0.498437 0.087500 0.015625 0.015625
0 0.535937 0.148438 0.015625 0.015625
0 0.557813 0.085938 0.015625 0.015625
0 0.615625 0.145313 0.015625 0.015625
0 0.660937 0.087500 0.015625 0.015625
0 0.693750 0.156250 0.015625 0.015625
0 0.735938 0.093750 0.015625 0.015625
0 0.767188 0.162500 0.015625 0.015625
0 0.809375 0.093750 0.015625 0.015625
0 0.845313 0.160938 0.015625 0.015625
0 0.884375 0.095312 0.015625 0.015625
0 0.915625 0.164062 0.015625 0.015625
0 0.959375 0.100000 0.015625 0.015625
0 0.995313 0.289062 0.015625 0.015625
0 0.878125 0.226562 0.015625 0.015625
0 0.910937 0.289062 0.015625 0.015625
0 0.834375 0.295312 0.015625 0.015625
0 0.793750 0.231250 0.015625 0.015625
0 0.726562 0.229687 0.015625 0.015625
0 0.760938 0.290625 0.015625 0.015625
0 0.678125 0.287500 0.015625 0.015625
0 0.648438 0.223438 0.015625 0.015625
0 0.603125 0.284375 0.015625 0.015625
0 0.571875 0.218750 0.015625 0.015625
0 0.518750 0.289062 0.015625 0.015625
0 0.492188 0.217188 0.015625 0.015625
0 0.456250 0.279687 0.015625 0.015625
0 0.417187 0.217188 0.015625 0.015625
0 0.379688 0.282813 0.015625 0.015625
0 0.339062 0.209375 0.015625 0.015625
0 0.307812 0.278125 0.015625 0.015625
0 0.271875 0.217188 0.015625 0.015625
0 0.223438 0.278125 0.015625 0.015625
0 0.207813 0.214062 0.015625 0.015625
0 0.137500 0.212500 0.015625 0.015625
0 0.154688 0.281250 0.015625 0.015625
0 0.073438 0.275000 0.015625 0.015625
0 0.067187 0.215625 0.015625 0.015625
0 0.045312 0.350000 0.015625 0.015625
0 0.065625 0.406250 0.015625 0.015625
0 0.114062 0.346875 0.015625 0.015625
0 0.150000 0.401562 0.015625 0.015625
0 0.190625 0.337500 0.015625 0.015625
0 0.228125 0.412500 0.015625 0.015625
0 0.259375 0.345313 0.015625 0.015625
0 0.304688 0.417187 0.015625 0.015625
0 0.345313 0.340625 0.015625 0.015625
0 0.387500 0.414062 0.015625 0.015625
0 0.418750 0.353125 0.015625 0.015625
0 0.451562 0.412500 0.015625 0.015625
0 0.492188 0.348438 0.015625 0.015625
0 0.529687 0.426563 0.015625 0.015625
0 0.573438 0.356250 0.015625 0.015625
0 0.606250 0.423438 0.015625 0.015625
0 0.650000 0.351562 0.015625 0.015625
0 0.682813 0.410938 0.015625 0.015625
0 0.720313 0.353125 0.015625 0.015625
0 0.756250 0.418750 0.015625 0.015625
0 0.806250 0.356250 0.015625 0.015625
0 0.843750 0.418750 0.015625 0.015625
0 0.871875 0.357812 0.015625 0.015625
0 0.907813 0.420312 0.015625 0.015625
0 0.962500 0.362500 0.015625 0.015625
0 0.998437 0.429688 0.015625 0.015625
0 0.068750 0.540625 0.015625 0.015625
0 0.150000 0.540625 0.015625 0.015625
0 0.220312 0.543750 0.015625 0.015625
0 0.301563 0.543750 0.015625 0.015625
0 0.381250 0.543750 0.015625 0.015625
0 0.451562 0.548438 0.015625 0.015625
0 0.534375 0.553125 0.015625 0.015625
0 0.601562 0.551562 0.015625 0.015625
0 0.679688 0.550000 0.015625 0.015625
0 0.751563 0.550000 0.015625 0.015625
0 0.826562 0.551562 0.015625 0.015625
0 0.906250 0.553125 0.015625 0.015625
0 0.037500 0.465625 0.015625 0.015625
0 0.109375 0.478125 0.015625 0.015625
0 0.201563 0.478125 0.015625 0.015625
0 0.257812 0.478125 0.015625 0.015625
0 0.340625 0.478125 0.015625 0.015625
0 0.412500 0.481250 0.015625 0.015625
0 0.496875 0.479687 0.015625 0.015625
0 0.564063 0.479687 0.015625 0.015625
0 0.640625 0.479687 0.015625 0.015625
0 0.726562 0.481250 0.015625 0.015625
0 0.795312 0.481250 0.015625 0.015625
0 0.875000 0.487500 0.015625 0.015625
0 0.943750 0.484375 0.015625 0.015625
0 0.014063 0.654687 0.015625 0.015625
0 0.029687 0.604688 0.015625 0.015625
0 0.082812 0.668750 0.015625 0.015625
0 0.131250 0.603125 0.015625 0.015625
0 0.145313 0.668750 0.015625 0.015625
0 0.187500 0.609375 0.015625 0.015625
0 0.223438 0.671875 0.015625 0.015625
0 0.278125 0.607812 0.015625 0.015625
0 0.307812 0.681250 0.015625 0.015625
0 0.348438 0.625000 0.015625 0.015625
0 0.379688 0.676562 0.015625 0.015625
0 0.414062 0.603125 0.015625 0.015625
0 0.454688 0.676562 0.015625 0.015625
0 0.485938 0.614062 0.015625 0.015625
0 0.529687 0.678125 0.015625 0.015625
0 0.564063 0.615625 0.015625 0.015625
0 0.607812 0.678125 0.015625 0.015625
0 0.640625 0.617188 0.015625 0.015625
0 0.679688 0.681250 0.015625 0.015625
0 0.712500 0.614062 0.015625 0.015625
0 0.750000 0.675000 0.015625 0.015625
0 0.796875 0.612500 0.015625 0.015625
0 0.825000 0.679688 0.015625 0.015625
0 0.868750 0.621875 0.015625 0.015625
0 0.898438 0.687500 0.015625 0.015625
0 0.939063 0.623437 0.015625 0.015625
0 0.981250 0.681250 0.015625 0.015625
0 0.982812 0.556250 0.015625 0.015625
0 0.104688 0.731250 0.015625 0.015625
0 0.328125 0.739062 0.015625 0.015625
0 0.396875 0.743750 0.015625 0.015625
0 0.634375 0.745313 0.015625 0.015625
0 0.707812 0.743750 0.015625 0.015625
0 0.784375 0.746875 0.015625 0.015625
0 0.865625 0.748437 0.015625 0.015625
0 0.940625 0.746875 0.015625 0.015625
0 0.973437 0.817187 0.015625 0.015625
0 0.898438 0.807813 0.015625 0.015625
0 0.807813 0.806250 0.015625 0.015625
0 0.742188 0.810937 0.015625 0.015625
0 0.103125 0.867188 0.015625 0.015625
0 0.184375 0.868750 0.015625 0.015625
0 0.256250 0.875000 0.015625 0.015625
0 0.293750 0.801562 0.015625 0.015625
0 0.373437 0.803125 0.015625 0.015625
0 0.445312 0.803125 0.015625 0.015625
0 0.518750 0.806250 0.015625 0.015625
0 0.596875 0.804688 0.015625 0.015625
0 0.664062 0.806250 0.015625 0.015625
0 0.217188 0.795312 0.015625 0.015625
0 0.182812 0.735938 0.015625 0.015625
0 0.253125 0.996875 0.015625 0.015625
0 0.478125 0.996875 0.015625 0.015625
0 0.568750 0.998437 0.015625 0.015625
0 0.639062 0.882812 0.015625 0.015625
0 0.609375 0.937500 0.015625 0.015625
0 0.539062 0.935937 0.015625 0.015625
0 0.545312 0.881250 0.015625 0.015625
0 0.471875 0.881250 0.015625 0.015625
0 0.473438 0.937500 0.015625 0.015625
0 0.410938 0.928125 0.015625 0.015625
0 0.351562 0.934375 0.015625 0.015625
0 0.292187 0.939063 0.015625 0.015625
0 0.237500 0.937500 0.015625 0.015625
0 0.715625 0.884375 0.015625 0.015625
0 0.670312 0.937500 0.015625 0.015625
0 0.746875 0.942187 0.015625 0.015625
0 0.785937 0.887500 0.015625 0.015625
0 0.825000 0.940625 0.015625 0.015625
0 0.864062 0.890625 0.015625 0.015625
0 0.900000 0.939063 0.015625 0.015625
0 0.973437 0.946875 0.015625 0.015625
0 0.953125 0.232813 0.015625 0.015625
