0 0.021875 0.000000 0.015625 0.015625
0 0.096875 0.000000 0.015625 0.015625
0 0.131250 0.065625 0.015625 0.015625
0 0.051562 0.067187 0.015625 0.015625
0 0.046875 0.198437 0.015625 0.015625
0 0.087500 0.129688 0.015625 0.015625
0 0.131250 0.192188 0.015625 0.015625
0 0.170313 0.132812 0.015625 0.015625
0 0.206250 0.198437 0.015625 0.015625
0 0.050000 0.321875 0.015625 0.015625
0 0.117188 0.320312 0.015625 0.015625
0 0.070312 0.259375 0.015625 0.015625
0 0.162500 0.262500 0.015625 0.015625
0 0.242188 0.262500 0.015625 0.015625
0 0.195312 0.326562 0.015625 0.015625
0 0.264062 0.328125 0.015625 0.015625
0 0.000000 0.385937 0.015625 0.015625
0 0.040625 0.451562 0.015625 0.015625
0 0.075000 0.393750 0.015625 0.015625
0 0.114062 0.451562 0.015625 0.015625
0 0.151562 0.392188 0.015625 0.015625
0 0.185938 0.459375 0.015625 0.015625
0 0.270313 0.448437 0.015625 0.015625
0 0.009375 0.525000 0.015625 0.015625
0 0.046875 0.590625 0.015625 0.015625
0 0.079687 0.520312 0.015625 0.015625
0 0.125000 0.590625 0.015625 0.015625
0 0.153125 0.518750 0.015625 0.015625
0 0.189062 0.581250 0.015625 0.015625
0 0.223438 0.517188 0.015625 0.015625
0 0.267188 0.576562 0.015625 0.015625
0 0.301563 0.528125 0.015625 0.015625
0 0.343750 0.595313 0.015625 0.015625
0 0.373437 0.525000 0.015625 0.015625
0 0.410938 0.593750 0.015625 0.015625
0 0.004687 0.642188 0.015625 0.015625
0 0.078125 0.648438 0.015625 0.015625
0 0.150000 0.650000 0.015625 0.015625
0 0.225000 0.656250 0.015625 0.015625
0 0.376563 0.650000 0.015625 0.015625
0 0.014063 0.129688 0.015625 0.015625
