0 0.710938 0.007812 0.015625 0.015625
0 0.257812 0.010937 0.015625 0.015625
0 0.107813 0.010937 0.015625 0.015625
0 0.331250 0.010937 0.015625 0.015625
0 0.789062 0.010937 0.015625 0.015625
0 0.485938 0.012500 0.015625 0.015625
0 0.407813 0.014063 0.015625 0.015625
0 0.182812 0.014063 0.015625 0.015625
0 0.557813 0.017188 0.015625 0.015625
0 0.654687 0.050000 0.015625 0.015625
0 0.893750 0.082812 0.015625 0.015625
0 0.978125 0.084375 0.015625 0.015625
0 0.256250 0.135937 0.015625 0.015625
0 0.182812 0.135937 0.015625 0.015625
0 0.637500 0.140625 0.015625 0.015625
0 0.037500 0.142187 0.015625 0.015625
0 0.932813 0.146875 0.015625 0.015625
0 0.859375 0.148438 0.015625 0.015625
0 0.554688 0.153125 0.015625 0.015625
0 0.140625 0.207813 0.015625 0.015625
0 0.212500 0.209375 0.015625 0.015625
0 0.735938 0.209375 0.015625 0.015625
0 0.385937 0.210938 0.015625 0.015625
0 0.903125 0.212500 0.015625 0.015625
0 0.512500 0.212500 0.015625 0.015625
0 0.064062 0.214062 0.015625 0.015625
0 0.590625 0.217188 0.015625 0.015625
0 0.106250 0.273438 0.015625 0.015625
0 0.784375 0.281250 0.015625 0.015625
0 0.393750 0.284375 0.015625 0.015625
0 0.940625 0.289062 0.015625 0.015625
0 0.359375 0.340625 0.015625 0.015625
0 0.670312 0.345313 0.015625 0.015625
0 0.587500 0.346875 0.015625 0.015625
0 0.748437 0.348438 0.015625 0.015625
0 0.507812 0.353125 0.015625 0.015625
0 0.904687 0.356250 0.015625 0.015625
0 0.331250 0.376563 0.015625 0.015625
0 0.628125 0.393750 0.015625 0.015625
0 0.781250 0.407813 0.015625 0.015625
0 0.929688 0.412500 0.015625 0.015625
0 0.554688 0.414062 0.015625 0.015625
0 0.709375 0.414062 0.015625 0.015625
0 0.220312 0.451562 0.015625 0.015625
0 0.739062 0.464062 0.015625 0.015625
0 0.376563 0.465625 0.015625 0.015625
0 0.454688 0.470313 0.015625 0.015625
0 0.521875 0.470313 0.015625 0.015625
0 0.023438 0.520312 0.015625 0.015625
0 0.562500 0.528125 0.015625 0.015625
0 0.256250 0.532813 0.015625 0.015625
0 0.412500 0.534375 0.015625 0.015625
0 0.487500 0.539062 0.015625 0.015625
0 0.512500 0.575000 0.015625 0.015625
0 0.443750 0.600000 0.015625 0.015625
0 0.640625 0.601562 0.015625 0.015625
0 0.289062 0.607812 0.015625 0.015625
0 0.957812 0.610938 0.015625 0.015625
0 0.560937 0.631250 0.015625 0.015625
0 0.021875 0.651563 0.015625 0.015625
0 0.170313 0.653125 0.015625 0.015625
0 0.246875 0.657813 0.015625 0.015625
0 0.096875 0.659375 0.015625 0.015625
0 0.329688 0.662500 0.015625 0.015625
0 0.778125 0.662500 0.015625 0.015625
0 0.706250 0.664062 0.015625 0.015625
0 0.856250 0.665625 0.015625 0.015625
0 0.920312 0.670312 0.015625 0.015625
0 0.493750 0.693750 0.015625 0.015625
0 0.209375 0.717187 0.015625 0.015625
0 0.132812 0.718750 0.015625 0.015625
0 0.056250 0.720313 0.015625 0.015625
0 0.284375 0.720313 0.015625 0.015625
0 0.439063 0.725000 0.015625 0.015625
0 0.360938 0.725000 0.015625 0.015625
0 0.587500 0.726562 0.015625 0.015625
0 0.665625 0.726562 0.015625 0.015625
0 0.739062 0.731250 0.015625 0.015625
0 0.812500 0.731250 0.015625 0.015625
0 0.889062 0.734375 0.015625 0.015625
0 0.093750 0.782813 0.015625 0.015625
0 0.168750 0.784375 0.015625 0.015625
0 0.017188 0.784375 0.015625 0.015625
0 0.243750 0.785937 0.015625 0.015625
0 0.320312 0.789062 0.015625 0.015625
0 0.395313 0.790625 0.015625 0.015625
0 0.475000 0.792188 0.015625 0.015625
0 0.626563 0.792188 0.015625 0.015625
0 0.550000 0.793750 0.015625 0.015625
0 0.701562 0.793750 0.015625 0.015625
0 0.776563 0.795312 0.015625 0.015625
0 0.853125 0.796875 0.015625 0.015625
0 0.131250 0.846875 0.015625 0.015625
0 0.054688 0.846875 0.015625 0.015625
0 0.357812 0.851562 0.015625 0.015625
0 0.278125 0.853125 0.015625 0.015625
0 0.659375 0.857812 0.015625 0.015625
0 0.431250 0.857812 0.015625 0.015625
0 0.510938 0.857812 0.015625 0.015625
0 0.737500 0.859375 0.015625 0.015625
0 0.814063 0.864062 0.015625 0.015625
0 0.089063 0.912500 0.015625 0.015625
0 0.014063 0.914062 0.015625 0.015625
0 0.240625 0.914062 0.015625 0.015625
0 0.314063 0.914062 0.015625 0.015625
0 0.165625 0.914062 0.015625 0.015625
0 0.393750 0.915625 0.015625 0.015625
0 0.545312 0.917188 0.015625 0.015625
0 0.470313 0.917188 0.015625 0.015625
0 0.618750 0.921875 0.015625 0.015625
0 0.698438 0.923438 0.015625 0.015625
0 0.776563 0.926562 0.015625 0.015625
0 0.131250 0.970313 0.015625 0.015625
0 0.054688 0.973437 0.015625 0.015625
0 0.206250 0.975000 0.015625 0.015625
0 0.354687 0.984375 0.015625 0.015625
0 0.281250 0.984375 0.015625 0.015625
0 0.431250 0.985938 0.015625 0.015625
0 0.507812 0.987500 0.015625 0.015625
0 0.582812 0.989062 0.015625 0.015625
0 0.734375 0.989062 0.015625 0.015625
0 0.659375 0.989062 0.015625 0.015625
0 0.026562 0.392188 0.015625 0.015625
0 0.067187 0.071875 0.015625 0.015625
0 0.140625 0.065625 0.015625 0.015625
0 0.114062 0.129688 0.015625 0.015625
0 0.442188 0.076563 0.015625 0.015625
0 0.403125 0.137500 0.015625 0.015625
0 0.345313 0.160938 0.015625 0.015625
0 0.296875 0.198437 0.015625 0.015625
0 0.246875 0.268750 0.015625 0.015625
0 0.192188 0.273438 0.015625 0.015625
0 0.218750 0.331250 0.015625 0.015625
0 0.175000 0.331250 0.015625 0.015625
0 0.182812 0.396875 0.015625 0.015625
0 0.260937 0.401562 0.015625 0.015625
0 0.114062 0.396875 0.015625 0.015625
0 0.140625 0.462500 0.015625 0.015625
0 0.203125 0.504687 0.015625 0.015625
0 0.309375 0.435937 0.015625 0.015625
0 0.279687 0.473438 0.015625 0.015625
0 0.343750 0.500000 0.015625 0.015625
0 0.417187 0.392188 0.015625 0.015625
0 0.434375 0.343750 0.015625 0.015625
0 0.485938 0.407813 0.015625 0.015625
0 0.595313 0.460938 0.015625 0.015625
0 0.642188 0.445312 0.015625 0.015625
0 0.643750 0.496875 0.015625 0.015625
0 0.687500 0.476562 0.015625 0.015625
0 0.576562 0.562500 0.015625 0.015625
0 0.635938 0.546875 0.015625 0.015625
0 0.698438 0.525000 0.015625 0.015625
0 0.717187 0.565625 0.015625 0.015625
0 0.779687 0.506250 0.015625 0.015625
0 0.782813 0.542188 0.015625 0.015625
0 0.734375 0.603125 0.015625 0.015625
0 0.676562 0.628125 0.015625 0.015625
0 0.623437 0.646875 0.015625 0.015625
0 0.559375 0.667188 0.015625 0.015625
0 0.803125 0.446875 0.015625 0.015625
0 0.823438 0.487500 0.015625 0.015625
0 0.842187 0.514062 0.015625 0.015625
0 0.889062 0.448437 0.015625 0.015625
0 0.865625 0.412500 0.015625 0.015625
0 0.843750 0.346875 0.015625 0.015625
0 0.871875 0.276562 0.015625 0.015625
0 0.967187 0.214062 0.015625 0.015625
0 0.990625 0.150000 0.015625 0.015625
0 0.998437 0.287500 0.015625 0.015625
0 0.968750 0.343750 0.015625 0.015625
0 0.981250 0.418750 0.015625 0.015625
0 0.967187 0.482812 0.015625 0.015625
0 0.942187 0.460938 0.015625 0.015625
0 0.917188 0.485938 0.015625 0.015625
0 0.920312 0.518750 0.015625 0.015625
0 0.867188 0.548438 0.015625 0.015625
0 0.804688 0.578125 0.015625 0.015625
0 0.582812 0.857812 0.015625 0.015625
0 0.518750 0.082812 0.015625 0.015625
0 0.329688 0.246875 0.015625 0.015625
0 0.303125 0.318750 0.015625 0.015625
0 0.204687 0.851562 0.015625 0.015625
