0 0.031250 0.014063 0.015625 0.015625
0 0.106250 0.017188 0.015625 0.015625
0 0.182812 0.017188 0.015625 0.015625
0 0.490625 0.021875 0.015625 0.015625
0 0.564063 0.021875 0.015625 0.015625
0 0.412500 0.025000 0.015625 0.015625
0 0.865625 0.032813 0.015625 0.015625
0 0.940625 0.035937 0.015625 0.015625
0 0.293750 0.081250 0.015625 0.015625
0 0.139063 0.082812 0.015625 0.015625
0 0.214062 0.084375 0.015625 0.015625
0 0.454688 0.090625 0.015625 0.015625
0 0.604688 0.092188 0.015625 0.015625
0 0.982812 0.096875 0.015625 0.015625
0 0.904687 0.103125 0.015625 0.015625
0 0.337500 0.143750 0.015625 0.015625
0 0.026562 0.143750 0.015625 0.015625
0 0.103125 0.146875 0.015625 0.015625
0 0.562500 0.150000 0.015625 0.015625
0 0.410938 0.154688 0.015625 0.015625
0 0.485938 0.156250 0.015625 0.015625
0 0.870313 0.160938 0.015625 0.015625
0 0.940625 0.165625 0.015625 0.015625
0 0.065625 0.209375 0.015625 0.015625
0 0.139063 0.212500 0.015625 0.015625
0 0.218750 0.214062 0.015625 0.015625
0 0.289062 0.215625 0.015625 0.015625
0 0.368750 0.217188 0.015625 0.015625
0 0.978125 0.234375 0.015625 0.015625
0 0.101562 0.276562 0.015625 0.015625
0 0.179688 0.278125 0.015625 0.015625
0 0.251563 0.278125 0.015625 0.015625
0 0.332813 0.281250 0.015625 0.015625
0 0.407813 0.284375 0.015625 0.015625
0 0.484375 0.287500 0.015625 0.015625
0 0.860938 0.292187 0.015625 0.015625
0 0.940625 0.293750 0.015625 0.015625
0 0.062500 0.339062 0.015625 0.015625
0 0.135937 0.343750 0.015625 0.015625
0 0.364063 0.345313 0.015625 0.015625
0 0.210938 0.346875 0.015625 0.015625
0 0.290625 0.346875 0.015625 0.015625
0 0.439063 0.348438 0.015625 0.015625
0 0.914062 0.348438 0.015625 0.015625
0 0.818750 0.356250 0.015625 0.015625
0 0.975000 0.364063 0.015625 0.015625
0 0.175000 0.404687 0.015625 0.015625
0 0.095312 0.406250 0.015625 0.015625
0 0.250000 0.407813 0.015625 0.015625
0 0.328125 0.412500 0.015625 0.015625
0 0.400000 0.414062 0.015625 0.015625
0 0.017188 0.417187 0.015625 0.015625
0 0.476562 0.417187 0.015625 0.015625
0 0.784375 0.425000 0.015625 0.015625
0 0.859375 0.425000 0.015625 0.015625
0 0.932813 0.429688 0.015625 0.015625
0 0.134375 0.471875 0.015625 0.015625
0 0.209375 0.473438 0.015625 0.015625
0 0.285938 0.476562 0.015625 0.015625
0 0.362500 0.479687 0.015625 0.015625
0 0.892188 0.495312 0.015625 0.015625
0 0.968750 0.496875 0.015625 0.015625
0 0.028125 0.534375 0.015625 0.015625
0 0.095312 0.537500 0.015625 0.015625
0 0.175000 0.540625 0.015625 0.015625
0 0.254688 0.542188 0.015625 0.015625
0 0.328125 0.543750 0.015625 0.015625
0 0.401562 0.545312 0.015625 0.015625
0 0.470313 0.545312 0.015625 0.015625
0 0.929688 0.557813 0.015625 0.015625
0 0.857812 0.559375 0.015625 0.015625
0 0.060937 0.601562 0.015625 0.015625
0 0.517188 0.603125 0.015625 0.015625
0 0.137500 0.603125 0.015625 0.015625
0 0.360938 0.606250 0.015625 0.015625
0 0.287500 0.607812 0.015625 0.015625
0 0.214062 0.609375 0.015625 0.015625
0 0.435937 0.609375 0.015625 0.015625
0 0.892188 0.621875 0.015625 0.015625
0 0.968750 0.621875 0.015625 0.015625
0 0.253125 0.670312 0.015625 0.015625
0 0.017188 0.670312 0.015625 0.015625
0 0.092188 0.670312 0.015625 0.015625
0 0.406250 0.673438 0.015625 0.015625
0 0.851562 0.690625 0.015625 0.015625
0 0.932813 0.692187 0.015625 0.015625
0 0.139063 0.739062 0.015625 0.015625
0 0.059375 0.742188 0.015625 0.015625
0 0.164062 0.801562 0.015625 0.015625
0 0.015625 0.801562 0.015625 0.015625
0 0.310937 0.806250 0.015625 0.015625
0 0.090625 0.807813 0.015625 0.015625
0 0.393750 0.809375 0.015625 0.015625
0 0.470313 0.812500 0.015625 0.015625
0 0.854688 0.814063 0.015625 0.015625
0 0.782813 0.815625 0.015625 0.015625
0 0.129688 0.865625 0.015625 0.015625
0 0.050000 0.868750 0.015625 0.015625
0 0.200000 0.868750 0.015625 0.015625
0 0.889062 0.875000 0.015625 0.015625
0 0.809375 0.881250 0.015625 0.015625
0 0.242188 0.934375 0.015625 0.015625
0 0.014063 0.935937 0.015625 0.015625
0 0.089063 0.935937 0.015625 0.015625
0 0.164062 0.935937 0.015625 0.015625
0 0.060937 0.084375 0.015625 0.015625
0 0.218750 0.743750 0.015625 0.015625
