0 0.045312 0.181250 0.015625 0.015625
0 0.128125 0.181250 0.015625 0.015625
0 0.195312 0.181250 0.015625 0.015625
0 0.014063 0.248438 0.015625 0.015625
0 0.087500 0.248438 0.015625 0.015625
0 0.173437 0.250000 0.015625 0.015625
0 0.225000 0.250000 0.015625 0.015625
0 0.053125 0.307812 0.015625 0.015625
0 0.126562 0.312500 0.015625 0.015625
0 0.203125 0.312500 0.015625 0.015625
0 0.346875 0.315625 0.015625 0.015625
0 0.315625 0.248438 0.015625 0.015625
0 0.014063 0.376563 0.015625 0.015625
0 0.087500 0.376563 0.015625 0.015625
0 0.151562 0.376563 0.015625 0.015625
0 0.228125 0.375000 0.015625 0.015625
0 0.309375 0.378125 0.015625 0.015625
0 0.085938 0.506250 0.015625 0.015625
0 0.118750 0.571875 0.015625 0.015625
0 0.189062 0.571875 0.015625 0.015625
0 0.278125 0.573438 0.015625 0.015625
0 0.332813 0.573438 0.015625 0.015625
0 0.382812 0.382812 0.015625 0.015625
0 0.420312 0.446875 0.015625 0.015625
0 0.456250 0.512500 0.015625 0.015625
0 0.495312 0.582812 0.015625 0.015625
0 0.532813 0.653125 0.015625 0.015625
0 0.445312 0.648438 0.015625 0.015625
0 0.370312 0.651563 0.015625 0.015625
0 0.287500 0.651563 0.015625 0.015625
0 0.215625 0.648438 0.015625 0.015625
0 0.148438 0.645312 0.015625 0.015625
0 0.075000 0.639062 0.015625 0.015625
0 0.073438 0.767188 0.015625 0.015625
0 0.270313 0.712500 0.015625 0.015625
0 0.334375 0.714063 0.015625 0.015625
0 0.373437 0.770312 0.015625 0.015625
0 0.456250 0.776563 0.015625 0.015625
0 0.481250 0.721875 0.015625 0.015625
0 0.493750 0.859375 0.015625 0.015625
0 0.040625 0.832812 0.015625 0.015625
0 0.104688 0.835938 0.015625 0.015625
0 0.060937 0.898438 0.015625 0.015625
0 0.182812 0.845313 0.015625 0.015625
0 0.121875 0.912500 0.015625 0.015625
0 0.221875 0.903125 0.015625 0.015625
0 0.457813 0.915625 0.015625 0.015625
0 0.535937 0.915625 0.015625 0.015625
0 0.589063 0.915625 0.015625 0.015625
0 0.559375 0.853125 0.015625 0.015625
0 0.568750 0.731250 0.015625 0.015625
0 0.600000 0.790625 0.015625 0.015625
0 0.635938 0.854688 0.015625 0.015625
0 0.648438 0.879687 0.015625 0.015625
0 0.681250 0.926562 0.015625 0.015625
0 0.023438 0.967187 0.015625 0.015625
0 0.092188 0.970313 0.015625 0.015625
0 0.178125 0.971875 0.015625 0.015625
0 0.253125 0.971875 0.015625 0.015625
0 0.417187 0.971875 0.015625 0.015625
0 0.490625 0.973437 0.015625 0.015625
0 0.554688 0.973437 0.015625 0.015625
0 0.639062 0.981250 0.015625 0.015625
0 0.051562 0.707812 0.015625 0.015625
0 0.106250 0.706250 0.015625 0.015625
0 0.257812 0.843750 0.015625 0.015625
0 0.339062 0.846875 0.015625 0.015625
0 0.293750 0.914062 0.015625 0.015625
0 0.273438 0.045312 0.015625 0.015625
0 0.360938 0.051562 0.015625 0.015625
0 0.465625 0.115625 0.015625 0.015625
0 0.421875 0.053125 0.015625 0.015625
0 0.510938 0.048438 0.015625 0.015625
0 0.531250 0.120313 0.015625 0.015625
0 0.620313 0.125000 0.015625 0.015625
0 0.654687 0.192188 0.015625 0.015625
0 0.576562 0.184375 0.015625 0.015625
0 0.498437 0.189062 0.015625 0.015625
0 0.420312 0.195312 0.015625 0.015625
0 0.379688 0.256250 0.015625 0.015625
0 0.460938 0.253125 0.015625 0.015625
0 0.532813 0.245312 0.015625 0.015625
0 0.617188 0.248438 0.015625 0.015625
0 0.501563 0.321875 0.015625 0.015625
0 0.575000 0.320312 0.015625 0.015625
0 0.540625 0.384375 0.015625 0.015625
0 0.503125 0.456250 0.015625 0.015625
0 0.570312 0.456250 0.015625 0.015625
0 0.643750 0.450000 0.015625 0.015625
0 0.725000 0.457813 0.015625 0.015625
0 0.800000 0.457813 0.015625 0.015625
0 0.862500 0.459375 0.015625 0.015625
0 0.600000 0.520312 0.015625 0.015625
0 0.671875 0.526563 0.015625 0.015625
0 0.750000 0.525000 0.015625 0.015625
0 0.812500 0.523438 0.015625 0.015625
0 0.867188 0.523438 0.015625 0.015625
0 0.643750 0.578125 0.015625 0.015625
0 0.720313 0.582812 0.015625 0.015625
0 0.790625 0.589063 0.015625 0.015625
0 0.851562 0.581250 0.015625 0.015625
0 0.935937 0.576562 0.015625 0.015625
0 0.681250 0.653125 0.015625 0.015625
0 0.760938 0.659375 0.015625 0.015625
0 0.832812 0.653125 0.015625 0.015625
0 0.912500 0.653125 0.015625 0.015625
0 0.195312 0.448437 0.015625 0.015625
0 0.267188 0.445312 0.015625 0.015625
0 0.339062 0.446875 0.015625 0.015625
0 0.728125 0.718750 0.015625 0.015625
0 0.873437 0.728125 0.015625 0.015625
0 0.943750 0.723437 0.015625 0.015625
0 0.909375 0.792188 0.015625 0.015625
0 0.992188 0.792188 0.015625 0.015625
0 0.937500 0.856250 0.015625 0.015625
0 0.864062 0.853125 0.015625 0.015625
0 0.820312 0.790625 0.015625 0.015625
0 0.754687 0.790625 0.015625 0.015625
0 0.789062 0.857812 0.015625 0.015625
0 0.832812 0.914062 0.015625 0.015625
0 0.754687 0.910937 0.015625 0.015625
0 0.903125 0.915625 0.015625 0.015625
0 0.979688 0.921875 0.015625 0.015625
0 0.042188 0.440625 0.015625 0.015625
0 0.117188 0.437500 0.015625 0.015625
0 0.246875 0.512500 0.015625 0.015625
0 0.298438 0.510938 0.015625 0.015625
0 0.271875 0.310937 0.015625 0.015625
0 0.160938 0.120313 0.015625 0.015625
0 0.006250 0.109375 0.015625 0.015625
0 0.051562 0.043750 0.015625 0.015625
0 0.645312 0.315625 0.015625 0.015625
0 0.612500 0.382812 0.015625 0.015625
0 0.690625 0.384375 0.015625 0.015625
0 0.762500 0.395313 0.015625 0.015625
0 0.835938 0.396875 0.015625 0.015625
0 0.454688 0.379688 0.015625 0.015625
0 0.971875 0.037500 0.015625 0.015625
0 0.889062 0.054688 0.015625 0.015625
0 0.921875 0.126562 0.015625 0.015625
0 0.845313 0.128125 0.015625 0.015625
0 0.996875 0.128125 0.015625 0.015625
0 0.956250 0.196875 0.015625 0.015625
0 0.873437 0.200000 0.015625 0.015625
0 0.995313 0.260937 0.015625 0.015625
0 0.915625 0.262500 0.015625 0.015625
0 0.950000 0.329688 0.015625 0.015625
0 0.992188 0.400000 0.015625 0.015625
0 0.118750 0.051562 0.015625 0.015625
0 0.725000 0.056250 0.015625 0.015625
0 0.773438 0.125000 0.015625 0.015625
0 0.810937 0.190625 0.015625 0.015625
0 0.681250 0.125000 0.015625 0.015625
0 0.985938 0.520312 0.015625 0.015625
