0 0.246875 0.296875 0.015625 0.015625
0 0.325000 0.295312 0.015625 0.015625
0 0.403125 0.295312 0.015625 0.015625
0 0.479687 0.295312 0.015625 0.015625
0 0.548438 0.296875 0.015625 0.015625
0 0.626563 0.298438 0.015625 0.015625
0 0.703125 0.301563 0.015625 0.015625
0 0.779687 0.304688 0.015625 0.015625
0 0.853125 0.304688 0.015625 0.015625
0 0.928125 0.306250 0.015625 0.015625
0 0.282813 0.359375 0.015625 0.015625
0 0.203125 0.359375 0.015625 0.015625
0 0.354687 0.359375 0.015625 0.015625
0 0.443750 0.362500 0.015625 0.015625
0 0.512500 0.364063 0.015625 0.015625
0 0.592187 0.364063 0.015625 0.015625
0 0.665625 0.370312 0.015625 0.015625
0 0.745313 0.370312 0.015625 0.015625
0 0.823438 0.370312 0.015625 0.015625
0 0.895312 0.373437 0.015625 0.015625
0 0.971875 0.373437 0.015625 0.015625
0 0.246875 0.423438 0.015625 0.015625
0 0.320312 0.423438 0.015625 0.015625
0 0.395313 0.426563 0.015625 0.015625
0 0.471875 0.426563 0.015625 0.015625
0 0.546875 0.429688 0.015625 0.015625
0 0.618750 0.432812 0.015625 0.015625
0 0.698438 0.434375 0.015625 0.015625
0 0.776563 0.435937 0.015625 0.015625
0 0.857812 0.429688 0.015625 0.015625
0 0.931250 0.435937 0.015625 0.015625
0 0.245312 0.556250 0.015625 0.015625
0 0.314063 0.556250 0.015625 0.015625
0 0.390625 0.556250 0.015625 0.015625
0 0.351562 0.490625 0.015625 0.015625
0 0.273438 0.489063 0.015625 0.015625
0 0.212500 0.492188 0.015625 0.015625
0 0.429688 0.490625 0.015625 0.015625
0 0.509375 0.492188 0.015625 0.015625
0 0.590625 0.492188 0.015625 0.015625
0 0.684375 0.495312 0.015625 0.015625
0 0.739062 0.498437 0.015625 0.015625
0 0.818750 0.498437 0.015625 0.015625
0 0.903125 0.498437 0.015625 0.015625
0 0.973437 0.503125 0.015625 0.015625
0 0.459375 0.562500 0.015625 0.015625
0 0.537500 0.562500 0.015625 0.015625
0 0.614062 0.562500 0.015625 0.015625
0 0.696875 0.562500 0.015625 0.015625
0 0.845313 0.568750 0.015625 0.015625
0 0.312500 0.687500 0.015625 0.015625
0 0.385937 0.693750 0.015625 0.015625
0 0.460938 0.689063 0.015625 0.015625
0 0.540625 0.689063 0.015625 0.015625
0 0.615625 0.689063 0.015625 0.015625
0 0.690625 0.693750 0.015625 0.015625
0 0.771875 0.693750 0.015625 0.015625
0 0.890625 0.634375 0.015625 0.015625
0 0.807813 0.632812 0.015625 0.015625
0 0.734375 0.631250 0.015625 0.015625
0 0.660937 0.632812 0.015625 0.015625
0 0.575000 0.628125 0.015625 0.015625
0 0.967187 0.632812 0.015625 0.015625
0 0.854688 0.696875 0.015625 0.015625
0 0.921875 0.696875 0.015625 0.015625
0 0.995313 0.701562 0.015625 0.015625
0 0.320312 0.817187 0.015625 0.015625
0 0.390625 0.818750 0.015625 0.015625
0 0.471875 0.820312 0.015625 0.015625
0 0.534375 0.821875 0.015625 0.015625
0 0.607812 0.826562 0.015625 0.015625
0 0.760938 0.831250 0.015625 0.015625
0 0.684375 0.831250 0.015625 0.015625
0 0.842187 0.829688 0.015625 0.015625
0 0.921875 0.835938 0.015625 0.015625
0 0.996875 0.840625 0.015625 0.015625
0 0.351562 0.896875 0.015625 0.015625
0 0.368750 0.951562 0.015625 0.015625
0 0.437500 0.951562 0.015625 0.015625
0 0.548438 0.953125 0.015625 0.015625
0 0.685937 0.953125 0.015625 0.015625
0 0.767188 0.953125 0.015625 0.015625
0 0.829688 0.954688 0.015625 0.015625
0 0.909375 0.956250 0.015625 0.015625
0 0.996875 0.960938 0.015625 0.015625
0 0.939063 0.567187 0.015625 0.015625
0 0.553125 0.167187 0.015625 0.015625
0 0.592187 0.231250 0.015625 0.015625
0 0.629687 0.171875 0.015625 0.015625
0 0.670312 0.229687 0.015625 0.015625
0 0.704688 0.171875 0.015625 0.015625
0 0.743750 0.231250 0.015625 0.015625
0 0.782813 0.171875 0.015625 0.015625
0 0.817187 0.242188 0.015625 0.015625
0 0.585938 0.100000 0.015625 0.015625
0 0.667188 0.103125 0.015625 0.015625
0 0.746875 0.100000 0.015625 0.015625
0 0.821875 0.106250 0.015625 0.015625
0 0.901563 0.109375 0.015625 0.015625
0 0.868750 0.040625 0.015625 0.015625
0 0.935937 0.042188 0.015625 0.015625
0 0.987500 0.110937 0.015625 0.015625
0 0.635938 0.037500 0.015625 0.015625
0 0.559375 0.037500 0.015625 0.015625
0 0.482812 0.032813 0.015625 0.015625
0 0.407813 0.032813 0.015625 0.015625
0 0.318750 0.034375 0.015625 0.015625
0 0.251563 0.031250 0.015625 0.015625
0 0.176563 0.029687 0.015625 0.015625
0 0.095312 0.032813 0.015625 0.015625
0 0.026562 0.028125 0.015625 0.015625
0 0.068750 0.092188 0.015625 0.015625
0 0.018750 0.162500 0.015625 0.015625
0 0.096875 0.165625 0.015625 0.015625
0 0.207813 0.092188 0.015625 0.015625
0 0.298438 0.092188 0.015625 0.015625
0 0.367188 0.093750 0.015625 0.015625
0 0.165625 0.159375 0.015625 0.015625
0 0.214062 0.226562 0.015625 0.015625
0 0.290625 0.232813 0.015625 0.015625
0 0.479687 0.154688 0.015625 0.015625
0 0.851562 0.175000 0.015625 0.015625
0 0.964063 0.178125 0.015625 0.015625
0 0.971875 0.246875 0.015625 0.015625
0 0.326562 0.757812 0.015625 0.015625
0 0.439063 0.759375 0.015625 0.015625
0 0.506250 0.760938 0.015625 0.015625
0 0.582812 0.760938 0.015625 0.015625
0 0.646875 0.760938 0.015625 0.015625
0 0.734375 0.760938 0.015625 0.015625
0 0.803125 0.764062 0.015625 0.015625
0 0.878125 0.764062 0.015625 0.015625
0 0.964063 0.768750 0.015625 0.015625
0 0.434375 0.626563 0.015625 0.015625
