0 0.856250 0.007812 0.015625 0.015625
0 0.057813 0.007812 0.015625 0.015625
0 0.204687 0.021875 0.015625 0.015625
0 0.432812 0.028125 0.015625 0.015625
0 0.909375 0.032813 0.015625 0.015625
0 0.587500 0.032813 0.015625 0.015625
0 0.662500 0.035937 0.015625 0.015625
0 0.809375 0.035937 0.015625 0.015625
0 0.737500 0.037500 0.015625 0.015625
0 0.965625 0.039062 0.015625 0.015625
0 0.514062 0.057813 0.015625 0.015625
0 0.289062 0.060937 0.015625 0.015625
0 0.090625 0.084375 0.015625 0.015625
0 0.164062 0.089063 0.015625 0.015625
0 0.014063 0.089063 0.015625 0.015625
0 0.239063 0.092188 0.015625 0.015625
0 0.471875 0.092188 0.015625 0.015625
0 0.390625 0.095312 0.015625 0.015625
0 0.542188 0.098437 0.015625 0.015625
0 0.626563 0.101562 0.015625 0.015625
0 0.696875 0.103125 0.015625 0.015625
0 0.778125 0.104688 0.015625 0.015625
0 0.853125 0.104688 0.015625 0.015625
0 0.931250 0.106250 0.015625 0.015625
0 0.128125 0.153125 0.015625 0.015625
0 0.054688 0.154688 0.015625 0.015625
0 0.510938 0.156250 0.015625 0.015625
0 0.198437 0.156250 0.015625 0.015625
0 0.434375 0.157812 0.015625 0.015625
0 0.279687 0.159375 0.015625 0.015625
0 0.585938 0.160938 0.015625 0.015625
0 0.356250 0.164062 0.015625 0.015625
0 0.660937 0.164062 0.015625 0.015625
0 0.735938 0.165625 0.015625 0.015625
0 0.892188 0.167187 0.015625 0.015625
0 0.812500 0.170313 0.015625 0.015625
0 0.985938 0.176563 0.015625 0.015625
0 0.235937 0.212500 0.015625 0.015625
0 0.087500 0.215625 0.015625 0.015625
0 0.162500 0.220312 0.015625 0.015625
0 0.014063 0.226562 0.015625 0.015625
0 0.315625 0.228125 0.015625 0.015625
0 0.695312 0.237500 0.015625 0.015625
0 0.620313 0.237500 0.015625 0.015625
0 0.929688 0.239063 0.015625 0.015625
0 0.775000 0.239063 0.015625 0.015625
0 0.851562 0.239063 0.015625 0.015625
0 0.046875 0.285938 0.015625 0.015625
0 0.125000 0.287500 0.015625 0.015625
0 0.203125 0.287500 0.015625 0.015625
0 0.278125 0.290625 0.015625 0.015625
0 0.356250 0.293750 0.015625 0.015625
0 0.657813 0.298438 0.015625 0.015625
0 0.887500 0.298438 0.015625 0.015625
0 0.964063 0.298438 0.015625 0.015625
0 0.581250 0.298438 0.015625 0.015625
0 0.732812 0.300000 0.015625 0.015625
0 0.812500 0.300000 0.015625 0.015625
0 0.510938 0.300000 0.015625 0.015625
0 0.010937 0.342187 0.015625 0.015625
0 0.232813 0.346875 0.015625 0.015625
0 0.089063 0.351562 0.015625 0.015625
0 0.162500 0.353125 0.015625 0.015625
0 0.607812 0.353125 0.015625 0.015625
0 0.335938 0.354687 0.015625 0.015625
0 0.690625 0.356250 0.015625 0.015625
0 0.770312 0.357812 0.015625 0.015625
0 0.923438 0.359375 0.015625 0.015625
0 0.846875 0.365625 0.015625 0.015625
0 0.045312 0.412500 0.015625 0.015625
0 0.120313 0.415625 0.015625 0.015625
0 0.200000 0.417187 0.015625 0.015625
0 0.579688 0.417187 0.015625 0.015625
0 0.278125 0.417187 0.015625 0.015625
0 0.348438 0.423438 0.015625 0.015625
0 0.731250 0.425000 0.015625 0.015625
0 0.656250 0.426563 0.015625 0.015625
0 0.807813 0.428125 0.015625 0.015625
0 0.960938 0.428125 0.015625 0.015625
0 0.881250 0.431250 0.015625 0.015625
0 0.162500 0.485938 0.015625 0.015625
0 0.310937 0.485938 0.015625 0.015625
0 0.237500 0.487500 0.015625 0.015625
0 0.628125 0.489063 0.015625 0.015625
0 0.464062 0.490625 0.015625 0.015625
0 0.385937 0.492188 0.015625 0.015625
0 0.765625 0.495312 0.015625 0.015625
0 0.920312 0.496875 0.015625 0.015625
0 0.692187 0.496875 0.015625 0.015625
0 0.120313 0.548438 0.015625 0.015625
0 0.193750 0.551562 0.015625 0.015625
0 0.276562 0.553125 0.015625 0.015625
0 0.359375 0.554688 0.015625 0.015625
0 0.807813 0.557813 0.015625 0.015625
0 0.884375 0.559375 0.015625 0.015625
0 0.431250 0.559375 0.015625 0.015625
0 0.731250 0.559375 0.015625 0.015625
0 0.960938 0.559375 0.015625 0.015625
0 0.662500 0.560937 0.015625 0.015625
0 0.587500 0.567187 0.015625 0.015625
0 0.510938 0.581250 0.015625 0.015625
0 0.004687 0.610938 0.015625 0.015625
0 0.082812 0.610938 0.015625 0.015625
0 0.157812 0.614062 0.015625 0.015625
0 0.851562 0.618750 0.015625 0.015625
0 0.234375 0.625000 0.015625 0.015625
0 0.310937 0.625000 0.015625 0.015625
0 0.457813 0.626563 0.015625 0.015625
0 0.387500 0.628125 0.015625 0.015625
0 0.539062 0.631250 0.015625 0.015625
0 0.909375 0.632812 0.015625 0.015625
0 0.993750 0.635938 0.015625 0.015625
0 0.737500 0.675000 0.015625 0.015625
0 0.040625 0.676562 0.015625 0.015625
0 0.115625 0.676562 0.015625 0.015625
0 0.193750 0.681250 0.015625 0.015625
0 0.273438 0.682813 0.015625 0.015625
0 0.351562 0.684375 0.015625 0.015625
0 0.428125 0.685937 0.015625 0.015625
0 0.496875 0.687500 0.015625 0.015625
0 0.810937 0.687500 0.015625 0.015625
0 0.882812 0.687500 0.015625 0.015625
0 0.573438 0.695312 0.015625 0.015625
0 0.956250 0.709375 0.015625 0.015625
0 0.075000 0.751563 0.015625 0.015625
0 0.846875 0.751563 0.015625 0.015625
0 0.007812 0.753125 0.015625 0.015625
0 0.306250 0.754687 0.015625 0.015625
0 0.232813 0.757812 0.015625 0.015625
0 0.535937 0.762500 0.015625 0.015625
0 0.384375 0.762500 0.015625 0.015625
0 0.460938 0.762500 0.015625 0.015625
0 0.915625 0.764062 0.015625 0.015625
0 0.604688 0.768750 0.015625 0.015625
0 0.989062 0.770312 0.015625 0.015625
0 0.696875 0.775000 0.015625 0.015625
0 0.264062 0.810937 0.015625 0.015625
0 0.342187 0.817187 0.015625 0.015625
0 0.421875 0.820312 0.015625 0.015625
0 0.884375 0.823438 0.015625 0.015625
0 0.815625 0.828125 0.015625 0.015625
0 0.957812 0.829688 0.015625 0.015625
0 0.565625 0.835938 0.015625 0.015625
0 0.629687 0.842187 0.015625 0.015625
0 0.234375 0.881250 0.015625 0.015625
0 0.384375 0.881250 0.015625 0.015625
0 0.142187 0.885938 0.015625 0.015625
0 0.854688 0.890625 0.015625 0.015625
0 0.990625 0.896875 0.015625 0.015625
0 0.776563 0.901563 0.015625 0.015625
0 0.792188 0.939063 0.015625 0.015625
0 0.187500 0.946875 0.015625 0.015625
0 0.035937 0.950000 0.015625 0.015625
0 0.565625 0.959375 0.015625 0.015625
0 0.890625 0.960938 0.015625 0.015625
0 0.456250 0.964063 0.015625 0.015625
0 0.948438 0.967187 0.015625 0.015625
0 0.707812 0.968750 0.015625 0.015625
0 0.637500 0.970313 0.015625 0.015625
