0 0.137500 0.001563 0.015625 0.015625
0 0.217188 0.004687 0.015625 0.015625
0 0.293750 0.006250 0.015625 0.015625
0 0.637500 0.062500 0.015625 0.015625
0 0.179688 0.073438 0.015625 0.015625
0 0.251563 0.073438 0.015625 0.015625
0 0.931250 0.075000 0.015625 0.015625
0 0.414062 0.110937 0.015625 0.015625
0 0.867188 0.114062 0.015625 0.015625
0 0.809375 0.118750 0.015625 0.015625
0 0.042188 0.131250 0.015625 0.015625
0 0.960938 0.137500 0.015625 0.015625
0 0.289062 0.137500 0.015625 0.015625
0 0.214062 0.139063 0.015625 0.015625
0 0.137500 0.139063 0.015625 0.015625
0 0.678125 0.139063 0.015625 0.015625
0 0.742188 0.145313 0.015625 0.015625
0 0.381250 0.168750 0.015625 0.015625
0 0.857812 0.185938 0.015625 0.015625
0 0.165625 0.203125 0.015625 0.015625
0 0.706250 0.212500 0.015625 0.015625
0 0.060937 0.214062 0.015625 0.015625
0 0.932813 0.214062 0.015625 0.015625
0 0.776563 0.214062 0.015625 0.015625
0 0.635938 0.215625 0.015625 0.015625
0 0.557813 0.226562 0.015625 0.015625
0 0.823438 0.253125 0.015625 0.015625
0 0.903125 0.254688 0.015625 0.015625
0 0.967187 0.259375 0.015625 0.015625
0 0.140625 0.268750 0.015625 0.015625
0 0.064062 0.270313 0.015625 0.015625
0 0.592187 0.284375 0.015625 0.015625
0 0.517188 0.290625 0.015625 0.015625
0 0.043750 0.342187 0.015625 0.015625
0 0.260937 0.346875 0.015625 0.015625
0 0.140625 0.348438 0.015625 0.015625
0 0.456250 0.373437 0.015625 0.015625
0 0.612500 0.375000 0.015625 0.015625
0 0.531250 0.384375 0.015625 0.015625
0 0.820312 0.389062 0.015625 0.015625
0 0.890625 0.410938 0.015625 0.015625
0 0.229687 0.421875 0.015625 0.015625
0 0.959375 0.432812 0.015625 0.015625
0 0.762500 0.487500 0.015625 0.015625
0 0.067187 0.493750 0.015625 0.015625
0 0.375000 0.498437 0.015625 0.015625
0 0.614062 0.500000 0.015625 0.015625
0 0.726562 0.557813 0.015625 0.015625
0 0.184375 0.559375 0.015625 0.015625
0 0.535937 0.589063 0.015625 0.015625
0 0.264062 0.618750 0.015625 0.015625
0 0.346875 0.626563 0.015625 0.015625
0 0.815625 0.640625 0.015625 0.015625
0 0.987500 0.645312 0.015625 0.015625
0 0.895312 0.648438 0.015625 0.015625
0 0.450000 0.648438 0.015625 0.015625
0 0.664062 0.648438 0.015625 0.015625
0 0.585938 0.650000 0.015625 0.015625
0 0.506250 0.662500 0.015625 0.015625
0 0.839063 0.720313 0.015625 0.015625
0 0.382812 0.720313 0.015625 0.015625
0 0.309375 0.721875 0.015625 0.015625
0 0.018750 0.723437 0.015625 0.015625
0 0.687500 0.734375 0.015625 0.015625
0 0.775000 0.743750 0.015625 0.015625
0 0.993750 0.743750 0.015625 0.015625
0 0.215625 0.750000 0.015625 0.015625
0 0.465625 0.757812 0.015625 0.015625
0 0.115625 0.767188 0.015625 0.015625
0 0.879687 0.782813 0.015625 0.015625
0 0.339062 0.784375 0.015625 0.015625
0 0.509375 0.790625 0.015625 0.015625
0 0.275000 0.804688 0.015625 0.015625
0 0.732812 0.809375 0.015625 0.015625
0 0.062500 0.815625 0.015625 0.015625
0 0.542188 0.859375 0.015625 0.015625
0 0.692187 0.862500 0.015625 0.015625
0 0.623437 0.864062 0.015625 0.015625
0 0.468750 0.865625 0.015625 0.015625
0 0.392188 0.865625 0.015625 0.015625
0 0.779687 0.870313 0.015625 0.015625
0 0.853125 0.873437 0.015625 0.015625
0 0.929688 0.878125 0.015625 0.015625
0 0.307812 0.884375 0.015625 0.015625
0 0.187500 0.893750 0.015625 0.015625
0 0.090625 0.896875 0.015625 0.015625
0 0.690625 0.907813 0.015625 0.015625
0 0.807813 0.942187 0.015625 0.015625
0 0.732812 0.943750 0.015625 0.015625
0 0.431250 0.945312 0.015625 0.015625
0 0.512500 0.945312 0.015625 0.015625
0 0.359375 0.953125 0.015625 0.015625
0 0.207813 0.956250 0.015625 0.015625
0 0.939063 0.971875 0.015625 0.015625
0 0.014063 0.985938 0.015625 0.015625
