0 0.270313 0.037500 0.015625 0.015625
0 0.046875 0.042188 0.015625 0.015625
0 0.231250 0.101562 0.015625 0.015625
0 0.010937 0.103125 0.015625 0.015625
0 0.157812 0.104688 0.015625 0.015625
0 0.314063 0.107813 0.015625 0.015625
0 0.081250 0.107813 0.015625 0.015625
0 0.535937 0.112500 0.015625 0.015625
0 0.382812 0.115625 0.015625 0.015625
0 0.193750 0.170313 0.015625 0.015625
0 0.278125 0.171875 0.015625 0.015625
0 0.040625 0.175000 0.015625 0.015625
0 0.417187 0.184375 0.015625 0.015625
0 0.578125 0.192188 0.015625 0.015625
0 0.156250 0.234375 0.015625 0.015625
0 0.004687 0.235937 0.015625 0.015625
0 0.079687 0.240625 0.015625 0.015625
0 0.232813 0.242188 0.015625 0.015625
0 0.307812 0.243750 0.015625 0.015625
0 0.531250 0.248438 0.015625 0.015625
0 0.415625 0.304688 0.015625 0.015625
0 0.037500 0.304688 0.015625 0.015625
0 0.110937 0.306250 0.015625 0.015625
0 0.190625 0.309375 0.015625 0.015625
0 0.264062 0.309375 0.015625 0.015625
0 0.340625 0.309375 0.015625 0.015625
0 0.493750 0.312500 0.015625 0.015625
0 0.568750 0.314063 0.015625 0.015625
0 0.304688 0.375000 0.015625 0.015625
0 0.228125 0.375000 0.015625 0.015625
0 0.076563 0.375000 0.015625 0.015625
0 0.153125 0.375000 0.015625 0.015625
0 0.456250 0.376563 0.015625 0.015625
0 0.532813 0.378125 0.015625 0.015625
0 0.379688 0.378125 0.015625 0.015625
0 0.604688 0.382812 0.015625 0.015625
0 0.665625 0.384375 0.015625 0.015625
0 0.187500 0.439063 0.015625 0.015625
0 0.035937 0.439063 0.015625 0.015625
0 0.342187 0.442188 0.015625 0.015625
0 0.264062 0.442188 0.015625 0.015625
0 0.110937 0.443750 0.015625 0.015625
0 0.493750 0.443750 0.015625 0.015625
0 0.568750 0.445312 0.015625 0.015625
0 0.415625 0.445312 0.015625 0.015625
0 0.710938 0.456250 0.015625 0.015625
0 0.067187 0.503125 0.015625 0.015625
0 0.223438 0.504687 0.015625 0.015625
0 0.143750 0.504687 0.015625 0.015625
0 0.604688 0.506250 0.015625 0.015625
0 0.379688 0.509375 0.015625 0.015625
0 0.453125 0.509375 0.015625 0.015625
0 0.528125 0.512500 0.015625 0.015625
0 0.709375 0.546875 0.015625 0.015625
0 0.032813 0.571875 0.015625 0.015625
0 0.110937 0.571875 0.015625 0.015625
0 0.262500 0.573438 0.015625 0.015625
0 0.184375 0.573438 0.015625 0.015625
0 0.489063 0.573438 0.015625 0.015625
0 0.337500 0.575000 0.015625 0.015625
0 0.562500 0.575000 0.015625 0.015625
0 0.635938 0.581250 0.015625 0.015625
0 0.067187 0.637500 0.015625 0.015625
0 0.146875 0.639062 0.015625 0.015625
0 0.298438 0.639062 0.015625 0.015625
0 0.451562 0.640625 0.015625 0.015625
0 0.529687 0.640625 0.015625 0.015625
0 0.751563 0.643750 0.015625 0.015625
0 0.606250 0.643750 0.015625 0.015625
0 0.676562 0.646875 0.015625 0.015625
0 0.823438 0.651563 0.015625 0.015625
0 0.104688 0.700000 0.015625 0.015625
0 0.181250 0.701562 0.015625 0.015625
0 0.028125 0.703125 0.015625 0.015625
0 0.262500 0.704688 0.015625 0.015625
0 0.571875 0.704688 0.015625 0.015625
0 0.410938 0.706250 0.015625 0.015625
0 0.489063 0.707812 0.015625 0.015625
0 0.331250 0.709375 0.015625 0.015625
0 0.635938 0.709375 0.015625 0.015625
0 0.712500 0.712500 0.015625 0.015625
0 0.785937 0.717187 0.015625 0.015625
0 0.887500 0.742188 0.015625 0.015625
0 0.528125 0.775000 0.015625 0.015625
0 0.139063 0.776563 0.015625 0.015625
0 0.676562 0.778125 0.015625 0.015625
0 0.910937 0.798438 0.015625 0.015625
0 0.637500 0.834375 0.015625 0.015625
0 0.101562 0.834375 0.015625 0.015625
0 0.406250 0.835938 0.015625 0.015625
0 0.181250 0.835938 0.015625 0.015625
0 0.484375 0.839063 0.015625 0.015625
0 0.862500 0.840625 0.015625 0.015625
0 0.254688 0.842187 0.015625 0.015625
0 0.557813 0.842187 0.015625 0.015625
0 0.939063 0.845313 0.015625 0.015625
0 0.062500 0.895312 0.015625 0.015625
0 0.139063 0.896875 0.015625 0.015625
0 0.214062 0.898438 0.015625 0.015625
0 0.756250 0.900000 0.015625 0.015625
0 0.828125 0.903125 0.015625 0.015625
0 0.365625 0.903125 0.015625 0.015625
0 0.289062 0.906250 0.015625 0.015625
0 0.443750 0.906250 0.015625 0.015625
0 0.675000 0.907813 0.015625 0.015625
0 0.906250 0.907813 0.015625 0.015625
0 0.518750 0.907813 0.015625 0.015625
0 0.592187 0.914062 0.015625 0.015625
0 0.026562 0.959375 0.015625 0.015625
0 0.098437 0.965625 0.015625 0.015625
0 0.178125 0.967187 0.015625 0.015625
0 0.250000 0.967187 0.015625 0.015625
0 0.331250 0.971875 0.015625 0.015625
0 0.407813 0.971875 0.015625 0.015625
0 0.481250 0.973437 0.015625 0.015625
0 0.856250 0.973437 0.015625 0.015625
0 0.784375 0.976562 0.015625 0.015625
0 0.934375 0.978125 0.015625 0.015625
0 0.556250 0.978125 0.015625 0.015625
0 0.420312 0.581250 0.015625 0.015625
0 0.373437 0.639062 0.015625 0.015625
0 0.306250 0.510938 0.015625 0.015625
0 0.131250 0.039062 0.015625 0.015625
0 0.193750 0.039062 0.015625 0.015625
0 0.426563 0.040625 0.015625 0.015625
0 0.453125 0.110937 0.015625 0.015625
0 0.350000 0.053125 0.015625 0.015625
0 0.343750 0.182812 0.015625 0.015625
0 0.500000 0.187500 0.015625 0.015625
0 0.460938 0.243750 0.015625 0.015625
0 0.382812 0.248438 0.015625 0.015625
0 0.598437 0.782813 0.015625 0.015625
0 0.445312 0.778125 0.015625 0.015625
0 0.379688 0.770312 0.015625 0.015625
0 0.293750 0.770312 0.015625 0.015625
0 0.643750 0.989062 0.015625 0.015625
0 0.707812 0.978125 0.015625 0.015625
