0 0.478125 0.015625 0.015625 0.015625
0 0.029687 0.017188 0.015625 0.015625
0 0.400000 0.020313 0.015625 0.015625
0 0.254688 0.023438 0.015625 0.015625
0 0.548438 0.028125 0.015625 0.015625
0 0.623437 0.029687 0.015625 0.015625
0 0.776563 0.032813 0.015625 0.015625
0 0.700000 0.032813 0.015625 0.015625
0 0.851562 0.034375 0.015625 0.015625
0 0.929688 0.037500 0.015625 0.015625
0 0.062500 0.084375 0.015625 0.015625
0 0.137500 0.087500 0.015625 0.015625
0 0.360938 0.087500 0.015625 0.015625
0 0.434375 0.089063 0.015625 0.015625
0 0.510938 0.089063 0.015625 0.015625
0 0.210938 0.092188 0.015625 0.015625
0 0.812500 0.093750 0.015625 0.015625
0 0.585938 0.095312 0.015625 0.015625
0 0.660937 0.096875 0.015625 0.015625
0 0.739062 0.098437 0.015625 0.015625
0 0.889062 0.100000 0.015625 0.015625
0 0.965625 0.101562 0.015625 0.015625
0 0.321875 0.148438 0.015625 0.015625
0 0.026562 0.150000 0.015625 0.015625
0 0.396875 0.151562 0.015625 0.015625
0 0.473438 0.153125 0.015625 0.015625
0 0.171875 0.153125 0.015625 0.015625
0 0.101562 0.153125 0.015625 0.015625
0 0.548438 0.154688 0.015625 0.015625
0 0.620313 0.159375 0.015625 0.015625
0 0.775000 0.160938 0.015625 0.015625
0 0.695312 0.160938 0.015625 0.015625
0 0.848437 0.164062 0.015625 0.015625
0 0.998437 0.168750 0.015625 0.015625
0 0.925000 0.170313 0.015625 0.015625
0 0.132812 0.217188 0.015625 0.015625
0 0.059375 0.218750 0.015625 0.015625
0 0.434375 0.220312 0.015625 0.015625
0 0.206250 0.220312 0.015625 0.015625
0 0.509375 0.221875 0.015625 0.015625
0 0.582812 0.221875 0.015625 0.015625
0 0.359375 0.223438 0.015625 0.015625
0 0.659375 0.225000 0.015625 0.015625
0 0.734375 0.226562 0.015625 0.015625
0 0.884375 0.228125 0.015625 0.015625
0 0.812500 0.229687 0.015625 0.015625
0 0.962500 0.232813 0.015625 0.015625
0 0.021875 0.278125 0.015625 0.015625
0 0.543750 0.285938 0.015625 0.015625
0 0.618750 0.287500 0.015625 0.015625
0 0.693750 0.293750 0.015625 0.015625
0 0.923438 0.293750 0.015625 0.015625
0 0.770312 0.293750 0.015625 0.015625
0 0.842187 0.296875 0.015625 0.015625
0 0.354687 0.348438 0.015625 0.015625
0 0.432812 0.350000 0.015625 0.015625
0 0.584375 0.350000 0.015625 0.015625
0 0.509375 0.351562 0.015625 0.015625
0 0.657813 0.353125 0.015625 0.015625
0 0.734375 0.357812 0.015625 0.015625
0 0.809375 0.362500 0.015625 0.015625
0 0.884375 0.362500 0.015625 0.015625
0 0.959375 0.364063 0.015625 0.015625
0 0.464062 0.415625 0.015625 0.015625
0 0.540625 0.420312 0.015625 0.015625
0 0.842187 0.421875 0.015625 0.015625
0 0.617188 0.421875 0.015625 0.015625
0 0.693750 0.425000 0.015625 0.015625
0 0.768750 0.426563 0.015625 0.015625
0 0.993750 0.429688 0.015625 0.015625
0 0.504687 0.481250 0.015625 0.015625
0 0.425000 0.482812 0.015625 0.015625
0 0.657813 0.484375 0.015625 0.015625
0 0.578125 0.484375 0.015625 0.015625
0 0.804688 0.487500 0.015625 0.015625
0 0.731250 0.489063 0.015625 0.015625
0 0.959375 0.492188 0.015625 0.015625
0 0.881250 0.492188 0.015625 0.015625
0 0.164062 0.539062 0.015625 0.015625
0 0.389062 0.548438 0.015625 0.015625
0 0.309375 0.548438 0.015625 0.015625
0 0.462500 0.548438 0.015625 0.015625
0 0.690625 0.553125 0.015625 0.015625
0 0.614062 0.553125 0.015625 0.015625
0 0.537500 0.554688 0.015625 0.015625
0 0.762500 0.559375 0.015625 0.015625
0 0.990625 0.564063 0.015625 0.015625
0 0.915625 0.564063 0.015625 0.015625
0 0.056250 0.607812 0.015625 0.015625
0 0.126562 0.609375 0.015625 0.015625
0 0.278125 0.612500 0.015625 0.015625
0 0.351562 0.614062 0.015625 0.015625
0 0.501563 0.615625 0.015625 0.015625
0 0.423438 0.615625 0.015625 0.015625
0 0.578125 0.617188 0.015625 0.015625
0 0.731250 0.621875 0.015625 0.015625
0 0.801562 0.623437 0.015625 0.015625
0 0.954688 0.628125 0.015625 0.015625
0 0.385937 0.682813 0.015625 0.015625
0 0.612500 0.682813 0.015625 0.015625
0 0.457813 0.682813 0.015625 0.015625
0 0.537500 0.682813 0.015625 0.015625
0 0.690625 0.685937 0.015625 0.015625
0 0.837500 0.689063 0.015625 0.015625
0 0.762500 0.690625 0.015625 0.015625
0 0.985938 0.692187 0.015625 0.015625
0 0.912500 0.692187 0.015625 0.015625
0 0.046875 0.742188 0.015625 0.015625
0 0.126562 0.742188 0.015625 0.015625
0 0.420312 0.745313 0.015625 0.015625
0 0.493750 0.750000 0.015625 0.015625
0 0.573438 0.750000 0.015625 0.015625
0 0.650000 0.751563 0.015625 0.015625
0 0.726562 0.753125 0.015625 0.015625
0 0.873437 0.753125 0.015625 0.015625
0 0.804688 0.757812 0.015625 0.015625
0 0.943750 0.759375 0.015625 0.015625
0 0.082812 0.812500 0.015625 0.015625
0 0.157812 0.812500 0.015625 0.015625
0 0.382812 0.814063 0.015625 0.015625
0 0.459375 0.815625 0.015625 0.015625
0 0.609375 0.818750 0.015625 0.015625
0 0.532813 0.820312 0.015625 0.015625
0 0.685937 0.821875 0.015625 0.015625
0 0.759375 0.823438 0.015625 0.015625
0 0.909375 0.826562 0.015625 0.015625
0 0.984375 0.826562 0.015625 0.015625
0 0.834375 0.826562 0.015625 0.015625
0 0.115625 0.884375 0.015625 0.015625
0 0.429688 0.884375 0.015625 0.015625
0 0.532813 0.946875 0.015625 0.015625
0 0.609375 0.948438 0.015625 0.015625
0 0.682813 0.948438 0.015625 0.015625
0 0.459375 0.950000 0.015625 0.015625
0 0.756250 0.950000 0.015625 0.015625
0 0.829688 0.950000 0.015625 0.015625
0 0.904687 0.953125 0.015625 0.015625
0 0.981250 0.957812 0.015625 0.015625
0 0.009375 0.410938 0.015625 0.015625
0 0.050000 0.475000 0.015625 0.015625
0 0.006250 0.546875 0.015625 0.015625
0 0.001563 0.809375 0.015625 0.015625
0 0.045312 0.881250 0.015625 0.015625
0 0.084375 0.946875 0.015625 0.015625
