0 0.385937 0.532813 0.015625 0.015625
0 0.310937 0.534375 0.015625 0.015625
0 0.084375 0.535937 0.015625 0.015625
0 0.007812 0.537500 0.015625 0.015625
0 0.928125 0.542188 0.015625 0.015625
0 0.182812 0.593750 0.015625 0.015625
0 0.575000 0.600000 0.015625 0.015625
0 0.348438 0.603125 0.015625 0.015625
0 0.271875 0.604688 0.015625 0.015625
0 0.729688 0.606250 0.015625 0.015625
0 0.956250 0.606250 0.015625 0.015625
0 0.421875 0.606250 0.015625 0.015625
0 0.042188 0.609375 0.015625 0.015625
0 0.881250 0.609375 0.015625 0.015625
0 0.490625 0.610938 0.015625 0.015625
0 0.803125 0.612500 0.015625 0.015625
0 0.112500 0.667188 0.015625 0.015625
0 0.535937 0.668750 0.015625 0.015625
0 0.309375 0.668750 0.015625 0.015625
0 0.614062 0.670312 0.015625 0.015625
0 0.457813 0.670312 0.015625 0.015625
0 0.389062 0.671875 0.015625 0.015625
0 0.685937 0.673438 0.015625 0.015625
0 0.914062 0.676562 0.015625 0.015625
0 0.764062 0.676562 0.015625 0.015625
0 0.989062 0.676562 0.015625 0.015625
0 0.837500 0.678125 0.015625 0.015625
0 0.268750 0.698438 0.015625 0.015625
0 0.053125 0.717187 0.015625 0.015625
0 0.192188 0.718750 0.015625 0.015625
0 0.435937 0.725000 0.015625 0.015625
0 0.504687 0.725000 0.015625 0.015625
0 0.579688 0.728125 0.015625 0.015625
0 0.656250 0.737500 0.015625 0.015625
0 0.806250 0.737500 0.015625 0.015625
0 0.890625 0.737500 0.015625 0.015625
0 0.957812 0.737500 0.015625 0.015625
0 0.737500 0.739062 0.015625 0.015625
0 0.010937 0.784375 0.015625 0.015625
0 0.085938 0.785937 0.015625 0.015625
0 0.232813 0.789062 0.015625 0.015625
0 0.465625 0.795312 0.015625 0.015625
0 0.693750 0.798438 0.015625 0.015625
0 0.620313 0.798438 0.015625 0.015625
0 0.543750 0.798438 0.015625 0.015625
0 0.840625 0.801562 0.015625 0.015625
0 0.765625 0.803125 0.015625 0.015625
0 0.914062 0.806250 0.015625 0.015625
0 0.398438 0.810937 0.015625 0.015625
0 0.118750 0.846875 0.015625 0.015625
0 0.198437 0.846875 0.015625 0.015625
0 0.050000 0.850000 0.015625 0.015625
0 0.278125 0.854688 0.015625 0.015625
0 0.659375 0.859375 0.015625 0.015625
0 0.876563 0.860938 0.015625 0.015625
0 0.578125 0.862500 0.015625 0.015625
0 0.504687 0.862500 0.015625 0.015625
0 0.954688 0.864062 0.015625 0.015625
0 0.729688 0.865625 0.015625 0.015625
0 0.804688 0.865625 0.015625 0.015625
0 0.434375 0.868750 0.015625 0.015625
0 0.081250 0.910937 0.015625 0.015625
0 0.162500 0.915625 0.015625 0.015625
0 0.914062 0.923438 0.015625 0.015625
0 0.314063 0.925000 0.015625 0.015625
0 0.546875 0.925000 0.015625 0.015625
0 0.610938 0.942187 0.015625 0.015625
0 0.465625 0.943750 0.015625 0.015625
0 0.685937 0.946875 0.015625 0.015625
0 0.765625 0.946875 0.015625 0.015625
0 0.512500 0.950000 0.015625 0.015625
0 0.123438 0.976562 0.015625 0.015625
0 0.198437 0.982812 0.015625 0.015625
0 0.878125 0.992188 0.015625 0.015625
0 0.650000 0.995313 0.015625 0.015625
0 0.578125 0.996875 0.015625 0.015625
0 0.957812 0.996875 0.015625 0.015625
0 0.042188 0.460938 0.015625 0.015625
0 0.475000 0.534375 0.015625 0.015625
0 0.540625 0.529687 0.015625 0.015625
0 0.628125 0.535937 0.015625 0.015625
0 0.689063 0.537500 0.015625 0.015625
0 0.775000 0.528125 0.015625 0.015625
