0 0.176563 0.010937 0.015625 0.015625
0 0.256250 0.018750 0.015625 0.015625
0 0.323437 0.021875 0.015625 0.015625
0 0.601562 0.048438 0.015625 0.015625
0 0.053125 0.068750 0.015625 0.015625
0 0.128125 0.071875 0.015625 0.015625
0 0.354687 0.076563 0.015625 0.015625
0 0.279687 0.078125 0.015625 0.015625
0 0.196875 0.082812 0.015625 0.015625
0 0.417187 0.095312 0.015625 0.015625
0 0.967187 0.098437 0.015625 0.015625
0 0.237500 0.145313 0.015625 0.015625
0 0.462500 0.148438 0.015625 0.015625
0 0.317188 0.148438 0.015625 0.015625
0 0.389062 0.153125 0.015625 0.015625
0 0.926562 0.154688 0.015625 0.015625
0 0.787500 0.175000 0.015625 0.015625
0 0.053125 0.203125 0.015625 0.015625
0 0.128125 0.204687 0.015625 0.015625
0 0.198437 0.209375 0.015625 0.015625
0 0.278125 0.210938 0.015625 0.015625
0 0.506250 0.210938 0.015625 0.015625
0 0.581250 0.210938 0.015625 0.015625
0 0.350000 0.212500 0.015625 0.015625
0 0.735938 0.214062 0.015625 0.015625
0 0.429688 0.214062 0.015625 0.015625
0 0.656250 0.215625 0.015625 0.015625
0 0.964063 0.215625 0.015625 0.015625
0 0.248438 0.265625 0.015625 0.015625
0 0.082812 0.268750 0.015625 0.015625
0 0.850000 0.271875 0.015625 0.015625
0 0.390625 0.271875 0.015625 0.015625
0 0.540625 0.275000 0.015625 0.015625
0 0.309375 0.275000 0.015625 0.015625
0 0.618750 0.275000 0.015625 0.015625
0 0.928125 0.275000 0.015625 0.015625
0 0.770312 0.281250 0.015625 0.015625
0 0.462500 0.282813 0.015625 0.015625
0 0.693750 0.284375 0.015625 0.015625
0 0.164062 0.295312 0.015625 0.015625
0 0.270313 0.334375 0.015625 0.015625
0 0.196875 0.335938 0.015625 0.015625
0 0.882812 0.340625 0.015625 0.015625
0 0.345313 0.343750 0.015625 0.015625
0 0.501563 0.343750 0.015625 0.015625
0 0.420312 0.345313 0.015625 0.015625
0 0.653125 0.345313 0.015625 0.015625
0 0.807813 0.345313 0.015625 0.015625
0 0.732812 0.345313 0.015625 0.015625
0 0.573438 0.346875 0.015625 0.015625
0 0.960938 0.348438 0.015625 0.015625
0 0.154688 0.401562 0.015625 0.015625
0 0.307812 0.403125 0.015625 0.015625
0 0.234375 0.404687 0.015625 0.015625
0 0.768750 0.406250 0.015625 0.015625
0 0.617188 0.407813 0.015625 0.015625
0 0.842187 0.407813 0.015625 0.015625
0 0.920312 0.407813 0.015625 0.015625
0 0.690625 0.407813 0.015625 0.015625
0 0.385937 0.409375 0.015625 0.015625
0 0.535937 0.409375 0.015625 0.015625
0 0.992188 0.420312 0.015625 0.015625
0 0.490625 0.473438 0.015625 0.015625
0 0.729688 0.475000 0.015625 0.015625
0 0.345313 0.475000 0.015625 0.015625
0 0.418750 0.475000 0.015625 0.015625
0 0.804688 0.475000 0.015625 0.015625
0 0.651563 0.475000 0.015625 0.015625
0 0.578125 0.481250 0.015625 0.015625
0 0.882812 0.484375 0.015625 0.015625
0 0.956250 0.485938 0.015625 0.015625
0 0.065625 0.515625 0.015625 0.015625
0 0.762500 0.539062 0.015625 0.015625
0 0.460938 0.539062 0.015625 0.015625
0 0.385937 0.540625 0.015625 0.015625
0 0.609375 0.542188 0.015625 0.015625
0 0.532813 0.543750 0.015625 0.015625
0 0.912500 0.543750 0.015625 0.015625
0 0.990625 0.554688 0.015625 0.015625
0 0.112500 0.582812 0.015625 0.015625
0 0.493750 0.593750 0.015625 0.015625
0 0.278125 0.600000 0.015625 0.015625
0 0.567187 0.603125 0.015625 0.015625
0 0.879687 0.606250 0.015625 0.015625
0 0.062500 0.606250 0.015625 0.015625
0 0.643750 0.609375 0.015625 0.015625
0 0.804688 0.610938 0.015625 0.015625
0 0.342187 0.610938 0.015625 0.015625
0 0.439063 0.635938 0.015625 0.015625
0 0.382812 0.668750 0.015625 0.015625
0 0.835938 0.671875 0.015625 0.015625
0 0.037500 0.678125 0.015625 0.015625
0 0.912500 0.678125 0.015625 0.015625
0 0.760938 0.679688 0.015625 0.015625
0 0.535937 0.679688 0.015625 0.015625
0 0.685937 0.682813 0.015625 0.015625
0 0.107813 0.684375 0.015625 0.015625
0 0.410938 0.723437 0.015625 0.015625
0 0.568750 0.739062 0.015625 0.015625
0 0.792188 0.740625 0.015625 0.015625
0 0.640625 0.740625 0.015625 0.015625
0 0.490625 0.740625 0.015625 0.015625
0 0.953125 0.740625 0.015625 0.015625
0 0.717187 0.742188 0.015625 0.015625
0 0.878125 0.745313 0.015625 0.015625
0 0.293750 0.759375 0.015625 0.015625
0 0.681250 0.804688 0.015625 0.015625
0 0.829688 0.804688 0.015625 0.015625
0 0.607812 0.806250 0.015625 0.015625
0 0.454688 0.806250 0.015625 0.015625
0 0.756250 0.807813 0.015625 0.015625
0 0.532813 0.807813 0.015625 0.015625
0 0.984375 0.809375 0.015625 0.015625
0 0.909375 0.810937 0.015625 0.015625
0 0.235937 0.817187 0.015625 0.015625
0 0.301563 0.820312 0.015625 0.015625
0 0.081250 0.820312 0.015625 0.015625
0 0.126562 0.859375 0.015625 0.015625
0 0.337500 0.864062 0.015625 0.015625
0 0.567187 0.865625 0.015625 0.015625
0 0.189062 0.865625 0.015625 0.015625
0 0.642188 0.868750 0.015625 0.015625
0 0.715625 0.870313 0.015625 0.015625
0 0.790625 0.871875 0.015625 0.015625
0 0.037500 0.871875 0.015625 0.015625
0 0.946875 0.873437 0.015625 0.015625
0 0.868750 0.875000 0.015625 0.015625
0 0.907813 0.939063 0.015625 0.015625
0 0.834375 0.940625 0.015625 0.015625
0 0.982812 0.942187 0.015625 0.015625
0 0.756250 0.942187 0.015625 0.015625
0 0.182812 0.956250 0.015625 0.015625
0 0.132812 0.960938 0.015625 0.015625
0 0.332813 0.968750 0.015625 0.015625
0 0.640625 0.993750 0.015625 0.015625
0 0.104688 0.993750 0.015625 0.015625
