0 0.492188 0.671875 0.015625 0.015625
0 0.110937 0.664062 0.015625 0.015625
0 0.421875 0.398438 0.015625 0.015625
0 0.417187 0.668750 0.015625 0.015625
0 0.535937 0.471875 0.015625 0.015625
0 0.265625 0.273438 0.015625 0.015625
0 0.340625 0.667188 0.015625 0.015625
0 0.495312 0.010937 0.015625 0.015625
0 0.460938 0.203125 0.015625 0.015625
0 0.417187 0.539062 0.015625 0.015625
0 0.568750 0.671875 0.015625 0.015625
0 0.345313 0.400000 0.015625 0.015625
0 0.642188 0.671875 0.015625 0.015625
0 0.190625 0.268750 0.015625 0.015625
0 0.385937 0.200000 0.015625 0.015625
0 0.225000 0.468750 0.015625 0.015625
0 0.457813 0.468750 0.015625 0.015625
0 0.117188 0.270313 0.015625 0.015625
0 0.307812 0.200000 0.015625 0.015625
0 0.420312 0.010937 0.015625 0.015625
0 0.264062 0.665625 0.015625 0.015625
0 0.159375 0.465625 0.015625 0.015625
0 0.290625 0.996875 0.015625 0.015625
0 0.640625 0.546875 0.015625 0.015625
0 0.568750 0.543750 0.015625 0.015625
0 0.539062 0.204687 0.015625 0.015625
0 0.535937 0.071875 0.015625 0.015625
0 0.215625 0.998437 0.015625 0.015625
0 0.523438 0.737500 0.015625 0.015625
0 0.343750 0.268750 0.015625 0.015625
0 0.187500 0.662500 0.015625 0.015625
0 0.498437 0.400000 0.015625 0.015625
0 0.384375 0.468750 0.015625 0.015625
0 0.267188 0.135937 0.015625 0.015625
0 0.142187 0.996875 0.015625 0.015625
0 0.157812 0.064062 0.015625 0.015625
0 0.065625 0.993750 0.015625 0.015625
0 0.489063 0.798438 0.015625 0.015625
0 0.306250 0.473438 0.015625 0.015625
0 0.039062 0.392188 0.015625 0.015625
0 0.106250 0.928125 0.015625 0.015625
0 0.573438 0.140625 0.015625 0.015625
0 0.495312 0.139063 0.015625 0.015625
0 0.492188 0.540625 0.015625 0.015625
0 0.071875 0.723437 0.015625 0.015625
0 0.573438 0.014063 0.015625 0.015625
0 0.192188 0.001563 0.015625 0.015625
0 0.412500 0.798438 0.015625 0.015625
0 0.575000 0.403125 0.015625 0.015625
0 0.225000 0.728125 0.015625 0.015625
0 0.573438 0.271875 0.015625 0.015625
0 0.332813 0.926562 0.015625 0.015625
0 0.268750 0.401562 0.015625 0.015625
0 0.109375 0.793750 0.015625 0.015625
0 0.118750 0.000000 0.015625 0.015625
0 0.862500 0.934375 0.015625 0.015625
0 0.690625 0.212500 0.015625 0.015625
0 0.717187 0.671875 0.015625 0.015625
0 0.868750 0.412500 0.015625 0.015625
0 0.692187 0.078125 0.015625 0.015625
0 0.687500 0.343750 0.015625 0.015625
0 0.767188 0.212500 0.015625 0.015625
0 0.935937 0.935937 0.015625 0.015625
0 0.842187 0.214062 0.015625 0.015625
0 0.985938 0.478125 0.015625 0.015625
0 0.609375 0.604688 0.015625 0.015625
0 0.612500 0.340625 0.015625 0.015625
0 0.839063 0.343750 0.015625 0.015625
0 0.614062 0.071875 0.015625 0.015625
0 0.650000 0.276562 0.015625 0.015625
0 0.765625 0.348438 0.015625 0.015625
0 0.910937 0.740625 0.015625 0.015625
0 0.892188 0.996875 0.015625 0.015625
0 0.046875 0.001563 0.015625 0.015625
0 0.659375 0.012500 0.015625 0.015625
0 0.729688 0.014063 0.015625 0.015625
0 0.804688 0.017188 0.015625 0.015625
0 0.875000 0.017188 0.015625 0.015625
0 0.771875 0.084375 0.015625 0.015625
0 0.845313 0.089063 0.015625 0.015625
0 0.907813 0.087500 0.015625 0.015625
0 0.882812 0.156250 0.015625 0.015625
0 0.967187 0.154688 0.015625 0.015625
0 0.992188 0.220312 0.015625 0.015625
0 0.807813 0.157812 0.015625 0.015625
0 0.714063 0.148438 0.015625 0.015625
0 0.650000 0.148438 0.015625 0.015625
0 0.420312 0.137500 0.015625 0.015625
0 0.329688 0.137500 0.015625 0.015625
0 0.014063 0.203125 0.015625 0.015625
0 0.089063 0.203125 0.015625 0.015625
0 0.151562 0.204687 0.015625 0.015625
0 0.226562 0.207813 0.015625 0.015625
0 0.700000 0.471875 0.015625 0.015625
0 0.759375 0.478125 0.015625 0.015625
0 0.721875 0.426563 0.015625 0.015625
0 0.076563 0.596875 0.015625 0.015625
0 0.157812 0.600000 0.015625 0.015625
0 0.228125 0.600000 0.015625 0.015625
0 0.298438 0.601562 0.015625 0.015625
0 0.385937 0.601562 0.015625 0.015625
0 0.454688 0.604688 0.015625 0.015625
0 0.523438 0.606250 0.015625 0.015625
0 0.750000 0.612500 0.015625 0.015625
0 0.678125 0.609375 0.015625 0.015625
0 0.807813 0.550000 0.015625 0.015625
0 0.671875 0.740625 0.015625 0.015625
0 0.748437 0.743750 0.015625 0.015625
0 0.714063 0.803125 0.015625 0.015625
0 0.578125 0.803125 0.015625 0.015625
0 0.606250 0.740625 0.015625 0.015625
0 0.643750 0.814063 0.015625 0.015625
0 0.453125 0.737500 0.015625 0.015625
0 0.326562 0.803125 0.015625 0.015625
0 0.245312 0.793750 0.015625 0.015625
0 0.145313 0.725000 0.015625 0.015625
0 0.076563 0.859375 0.015625 0.015625
0 0.151562 0.860938 0.015625 0.015625
0 0.228125 0.860938 0.015625 0.015625
0 0.007812 0.800000 0.015625 0.015625
0 0.298438 0.870313 0.015625 0.015625
0 0.373437 0.868750 0.015625 0.015625
0 0.445312 0.868750 0.015625 0.015625
0 0.525000 0.870313 0.015625 0.015625
0 0.615625 0.867188 0.015625 0.015625
0 0.667188 0.871875 0.015625 0.015625
0 0.487500 0.934375 0.015625 0.015625
0 0.556250 0.935937 0.015625 0.015625
0 0.632812 0.937500 0.015625 0.015625
0 0.978125 0.870313 0.015625 0.015625
0 0.893750 0.868750 0.015625 0.015625
0 0.051562 0.135937 0.015625 0.015625
0 0.181250 0.129688 0.015625 0.015625
0 0.079687 0.064062 0.015625 0.015625
0 0.245312 0.070312 0.015625 0.015625
0 0.314063 0.067187 0.015625 0.015625
0 0.387500 0.073438 0.015625 0.015625
0 0.456250 0.070312 0.015625 0.015625
0 0.943750 0.284375 0.015625 0.015625
0 0.876563 0.282813 0.015625 0.015625
0 0.787500 0.281250 0.015625 0.015625
0 0.720313 0.281250 0.015625 0.015625
0 0.907813 0.350000 0.015625 0.015625
0 0.806250 0.420312 0.015625 0.015625
0 0.829688 0.478125 0.015625 0.015625
0 0.607812 0.475000 0.015625 0.015625
0 0.720313 0.545312 0.015625 0.015625
0 0.075000 0.467187 0.015625 0.015625
0 0.115625 0.398438 0.015625 0.015625
0 0.334375 0.532813 0.015625 0.015625
0 0.262500 0.532813 0.015625 0.015625
0 0.182812 0.531250 0.015625 0.015625
0 0.107813 0.529687 0.015625 0.015625
0 0.296875 0.735938 0.015625 0.015625
0 0.378125 0.735938 0.015625 0.015625
0 0.421875 0.275000 0.015625 0.015625
0 0.501563 0.276562 0.015625 0.015625
0 0.464062 0.342187 0.015625 0.015625
0 0.531250 0.340625 0.015625 0.015625
0 0.373437 0.335938 0.015625 0.015625
0 0.301563 0.339062 0.015625 0.015625
0 0.226562 0.337500 0.015625 0.015625
0 0.154688 0.337500 0.015625 0.015625
0 0.075000 0.335938 0.015625 0.015625
0 0.010937 0.332813 0.015625 0.015625
0 0.610938 0.209375 0.015625 0.015625
