0 0.309375 0.000000 0.015625 0.015625
0 0.614062 0.001563 0.015625 0.015625
0 0.685937 0.003125 0.015625 0.015625
0 0.915625 0.004687 0.015625 0.015625
0 0.767188 0.004687 0.015625 0.015625
0 0.268750 0.056250 0.015625 0.015625
0 0.037500 0.056250 0.015625 0.015625
0 0.418750 0.057813 0.015625 0.015625
0 0.646875 0.065625 0.015625 0.015625
0 0.951562 0.070312 0.015625 0.015625
0 0.878125 0.070312 0.015625 0.015625
0 0.806250 0.071875 0.015625 0.015625
0 0.079687 0.120313 0.015625 0.015625
0 0.004687 0.121875 0.015625 0.015625
0 0.159375 0.123438 0.015625 0.015625
0 0.307812 0.125000 0.015625 0.015625
0 0.231250 0.125000 0.015625 0.015625
0 0.381250 0.126562 0.015625 0.015625
0 0.534375 0.129688 0.015625 0.015625
0 0.612500 0.131250 0.015625 0.015625
0 0.767188 0.134375 0.015625 0.015625
0 0.689063 0.135937 0.015625 0.015625
0 0.840625 0.135937 0.015625 0.015625
0 0.914062 0.139063 0.015625 0.015625
0 0.992188 0.140625 0.015625 0.015625
0 0.043750 0.182812 0.015625 0.015625
0 0.340625 0.189062 0.015625 0.015625
0 0.415625 0.192188 0.015625 0.015625
0 0.648438 0.195312 0.015625 0.015625
0 0.498437 0.195312 0.015625 0.015625
0 0.576562 0.195312 0.015625 0.015625
0 0.728125 0.196875 0.015625 0.015625
0 0.806250 0.198437 0.015625 0.015625
0 0.878125 0.200000 0.015625 0.015625
0 0.954688 0.206250 0.015625 0.015625
0 0.004687 0.248438 0.015625 0.015625
0 0.082812 0.250000 0.015625 0.015625
0 0.306250 0.251563 0.015625 0.015625
0 0.231250 0.251563 0.015625 0.015625
0 0.382812 0.257812 0.015625 0.015625
0 0.459375 0.259375 0.015625 0.015625
0 0.607812 0.260937 0.015625 0.015625
0 0.685937 0.260937 0.015625 0.015625
0 0.760938 0.264062 0.015625 0.015625
0 0.835938 0.267188 0.015625 0.015625
0 0.910937 0.267188 0.015625 0.015625
0 0.989062 0.268750 0.015625 0.015625
0 0.040625 0.317188 0.015625 0.015625
0 0.268750 0.318750 0.015625 0.015625
0 0.342187 0.320312 0.015625 0.015625
0 0.490625 0.321875 0.015625 0.015625
0 0.417187 0.325000 0.015625 0.015625
0 0.643750 0.325000 0.015625 0.015625
0 0.796875 0.329688 0.015625 0.015625
0 0.876563 0.334375 0.015625 0.015625
0 0.003125 0.378125 0.015625 0.015625
0 0.229687 0.384375 0.015625 0.015625
0 0.078125 0.385937 0.015625 0.015625
0 0.456250 0.389062 0.015625 0.015625
0 0.381250 0.390625 0.015625 0.015625
0 0.532813 0.392188 0.015625 0.015625
0 0.684375 0.392188 0.015625 0.015625
0 0.607812 0.395313 0.015625 0.015625
0 0.760938 0.395313 0.015625 0.015625
0 0.835938 0.395313 0.015625 0.015625
0 0.914062 0.396875 0.015625 0.015625
0 0.990625 0.400000 0.015625 0.015625
0 0.189062 0.448437 0.015625 0.015625
0 0.271875 0.450000 0.015625 0.015625
0 0.418750 0.451562 0.015625 0.015625
0 0.492188 0.453125 0.015625 0.015625
0 0.567187 0.456250 0.015625 0.015625
0 0.721875 0.456250 0.015625 0.015625
0 0.645312 0.456250 0.015625 0.015625
0 0.870313 0.457813 0.015625 0.015625
0 0.950000 0.460938 0.015625 0.015625
0 0.229687 0.517188 0.015625 0.015625
0 0.381250 0.518750 0.015625 0.015625
0 0.307812 0.520312 0.015625 0.015625
0 0.529687 0.520312 0.015625 0.015625
0 0.454688 0.523438 0.015625 0.015625
0 0.834375 0.523438 0.015625 0.015625
0 0.682813 0.525000 0.015625 0.015625
0 0.603125 0.525000 0.015625 0.015625
0 0.910937 0.526563 0.015625 0.015625
0 0.754687 0.526563 0.015625 0.015625
0 0.984375 0.531250 0.015625 0.015625
0 0.125000 0.545312 0.015625 0.015625
0 0.190625 0.579688 0.015625 0.015625
0 0.265625 0.582812 0.015625 0.015625
0 0.337500 0.584375 0.015625 0.015625
0 0.414062 0.585938 0.015625 0.015625
0 0.490625 0.589063 0.015625 0.015625
0 0.564063 0.590625 0.015625 0.015625
0 0.715625 0.595313 0.015625 0.015625
0 0.640625 0.595313 0.015625 0.015625
0 0.793750 0.595313 0.015625 0.015625
0 0.867188 0.596875 0.015625 0.015625
0 0.943750 0.598437 0.015625 0.015625
0 0.150000 0.645312 0.015625 0.015625
0 0.303125 0.648438 0.015625 0.015625
0 0.228125 0.650000 0.015625 0.015625
0 0.373437 0.650000 0.015625 0.015625
0 0.453125 0.654687 0.015625 0.015625
0 0.606250 0.656250 0.015625 0.015625
0 0.754687 0.659375 0.015625 0.015625
0 0.678125 0.660937 0.015625 0.015625
0 0.831250 0.660937 0.015625 0.015625
0 0.906250 0.660937 0.015625 0.015625
0 0.982812 0.664062 0.015625 0.015625
0 0.032813 0.704688 0.015625 0.015625
0 0.575000 0.714063 0.015625 0.015625
0 0.184375 0.715625 0.015625 0.015625
0 0.259375 0.717187 0.015625 0.015625
0 0.337500 0.717187 0.015625 0.015625
0 0.487500 0.720313 0.015625 0.015625
0 0.412500 0.720313 0.015625 0.015625
0 0.640625 0.721875 0.015625 0.015625
0 0.865625 0.723437 0.015625 0.015625
0 0.714063 0.723437 0.015625 0.015625
0 0.790625 0.725000 0.015625 0.015625
0 0.940625 0.725000 0.015625 0.015625
0 0.151562 0.776563 0.015625 0.015625
0 0.067187 0.778125 0.015625 0.015625
0 0.223438 0.781250 0.015625 0.015625
0 0.293750 0.782813 0.015625 0.015625
0 0.526563 0.784375 0.015625 0.015625
0 0.448437 0.785937 0.015625 0.015625
0 0.375000 0.785937 0.015625 0.015625
0 0.601562 0.787500 0.015625 0.015625
0 0.678125 0.789062 0.015625 0.015625
0 0.754687 0.790625 0.015625 0.015625
0 0.979688 0.792188 0.015625 0.015625
0 0.904687 0.793750 0.015625 0.015625
0 0.828125 0.793750 0.015625 0.015625
0 0.031250 0.839063 0.015625 0.015625
0 0.107813 0.846875 0.015625 0.015625
0 0.181250 0.848437 0.015625 0.015625
0 0.256250 0.851562 0.015625 0.015625
0 0.485938 0.853125 0.015625 0.015625
0 0.331250 0.854688 0.015625 0.015625
0 0.410938 0.854688 0.015625 0.015625
0 0.715625 0.856250 0.015625 0.015625
0 0.562500 0.856250 0.015625 0.015625
0 0.792188 0.857812 0.015625 0.015625
0 0.639062 0.859375 0.015625 0.015625
0 0.865625 0.860938 0.015625 0.015625
0 0.940625 0.862500 0.015625 0.015625
0 0.068750 0.904687 0.015625 0.015625
0 0.137500 0.909375 0.015625 0.015625
0 0.212500 0.915625 0.015625 0.015625
0 0.367188 0.915625 0.015625 0.015625
0 0.287500 0.917188 0.015625 0.015625
0 0.753125 0.921875 0.015625 0.015625
0 0.523438 0.921875 0.015625 0.015625
0 0.445312 0.921875 0.015625 0.015625
0 0.676562 0.923438 0.015625 0.015625
0 0.828125 0.925000 0.015625 0.015625
0 0.904687 0.925000 0.015625 0.015625
0 0.981250 0.928125 0.015625 0.015625
0 0.034375 0.967187 0.015625 0.015625
0 0.106250 0.973437 0.015625 0.015625
0 0.179688 0.976562 0.015625 0.015625
0 0.406250 0.982812 0.015625 0.015625
0 0.331250 0.984375 0.015625 0.015625
0 0.559375 0.984375 0.015625 0.015625
0 0.634375 0.987500 0.015625 0.015625
0 0.484375 0.987500 0.015625 0.015625
0 0.937500 0.989062 0.015625 0.015625
0 0.789062 0.989062 0.015625 0.015625
0 0.864062 0.989062 0.015625 0.015625
0 0.714063 0.990625 0.015625 0.015625
0 0.170313 0.056250 0.015625 0.015625
0 0.343750 0.056250 0.015625 0.015625
0 0.843750 0.009375 0.015625 0.015625
0 0.573438 0.065625 0.015625 0.015625
0 0.496875 0.067187 0.015625 0.015625
0 0.445312 0.143750 0.015625 0.015625
0 0.721875 0.065625 0.015625 0.015625
0 0.534375 0.259375 0.015625 0.015625
0 0.565625 0.331250 0.015625 0.015625
0 0.260937 0.193750 0.015625 0.015625
0 0.189062 0.196875 0.015625 0.015625
0 0.157812 0.256250 0.015625 0.015625
0 0.196875 0.320312 0.015625 0.015625
0 0.303125 0.384375 0.015625 0.015625
0 0.148438 0.382812 0.015625 0.015625
0 0.350000 0.454688 0.015625 0.015625
0 0.526563 0.660937 0.015625 0.015625
0 0.148438 0.515625 0.015625 0.015625
0 0.250000 0.982812 0.015625 0.015625
