0 0.040625 0.000000 0.015625 0.015625
0 0.192188 0.018750 0.015625 0.015625
0 0.340625 0.023438 0.015625 0.015625
0 0.415625 0.023438 0.015625 0.015625
0 0.492188 0.023438 0.015625 0.015625
0 0.076563 0.079687 0.015625 0.015625
0 0.223438 0.082812 0.015625 0.015625
0 0.151562 0.082812 0.015625 0.015625
0 0.453125 0.087500 0.015625 0.015625
0 0.529687 0.089063 0.015625 0.015625
0 0.371875 0.090625 0.015625 0.015625
0 0.042188 0.142187 0.015625 0.015625
0 0.185938 0.145313 0.015625 0.015625
0 0.109375 0.146875 0.015625 0.015625
0 0.260937 0.150000 0.015625 0.015625
0 0.415625 0.154688 0.015625 0.015625
0 0.492188 0.154688 0.015625 0.015625
0 0.003125 0.204687 0.015625 0.015625
0 0.079687 0.207813 0.015625 0.015625
0 0.150000 0.214062 0.015625 0.015625
0 0.221875 0.215625 0.015625 0.015625
0 0.295312 0.221875 0.015625 0.015625
0 0.535937 0.235937 0.015625 0.015625
0 0.603125 0.237500 0.015625 0.015625
0 0.042188 0.279687 0.015625 0.015625
0 0.115625 0.281250 0.015625 0.015625
0 0.184375 0.284375 0.015625 0.015625
0 0.264062 0.287500 0.015625 0.015625
0 0.637500 0.295312 0.015625 0.015625
0 0.217188 0.350000 0.015625 0.015625
0 0.521875 0.350000 0.015625 0.015625
0 0.140625 0.351562 0.015625 0.015625
0 0.071875 0.351562 0.015625 0.015625
0 0.598437 0.353125 0.015625 0.015625
0 0.292187 0.359375 0.015625 0.015625
0 0.671875 0.360938 0.015625 0.015625
0 0.101562 0.412500 0.015625 0.015625
0 0.254688 0.412500 0.015625 0.015625
0 0.029687 0.414062 0.015625 0.015625
0 0.328125 0.414062 0.015625 0.015625
0 0.401562 0.417187 0.015625 0.015625
0 0.175000 0.417187 0.015625 0.015625
0 0.500000 0.420312 0.015625 0.015625
0 0.567187 0.425000 0.015625 0.015625
0 0.637500 0.425000 0.015625 0.015625
0 0.142187 0.462500 0.015625 0.015625
0 0.070312 0.468750 0.015625 0.015625
0 0.295312 0.476562 0.015625 0.015625
0 0.220312 0.476562 0.015625 0.015625
0 0.445312 0.487500 0.015625 0.015625
0 0.370312 0.487500 0.015625 0.015625
0 0.537500 0.487500 0.015625 0.015625
0 0.606250 0.490625 0.015625 0.015625
0 0.676562 0.490625 0.015625 0.015625
0 0.104688 0.539062 0.015625 0.015625
0 0.032813 0.539062 0.015625 0.015625
0 0.175000 0.546875 0.015625 0.015625
0 0.253125 0.548438 0.015625 0.015625
0 0.329688 0.548438 0.015625 0.015625
0 0.407813 0.553125 0.015625 0.015625
0 0.481250 0.554688 0.015625 0.015625
0 0.714063 0.556250 0.015625 0.015625
0 0.637500 0.557813 0.015625 0.015625
0 0.067187 0.604688 0.015625 0.015625
0 0.140625 0.609375 0.015625 0.015625
0 0.214062 0.612500 0.015625 0.015625
0 0.293750 0.617188 0.015625 0.015625
0 0.370312 0.621875 0.015625 0.015625
0 0.446875 0.623437 0.015625 0.015625
0 0.745313 0.626563 0.015625 0.015625
0 0.020313 0.643750 0.015625 0.015625
0 0.170313 0.675000 0.015625 0.015625
0 0.256250 0.682813 0.015625 0.015625
0 0.403125 0.684375 0.015625 0.015625
0 0.490625 0.689063 0.015625 0.015625
0 0.775000 0.689063 0.015625 0.015625
0 0.065625 0.742188 0.015625 0.015625
0 0.365625 0.745313 0.015625 0.015625
0 0.285938 0.746875 0.015625 0.015625
0 0.212500 0.748437 0.015625 0.015625
0 0.521875 0.748437 0.015625 0.015625
0 0.140625 0.750000 0.015625 0.015625
0 0.818750 0.751563 0.015625 0.015625
0 0.442188 0.751563 0.015625 0.015625
0 0.746875 0.885938 0.015625 0.015625
0 0.878125 0.934375 0.015625 0.015625
0 0.696875 0.951562 0.015625 0.015625
0 0.954688 0.956250 0.015625 0.015625
0 0.854688 0.987500 0.015625 0.015625
0 0.767188 0.992188 0.015625 0.015625
0 0.576562 0.020313 0.015625 0.015625
0 0.643750 0.025000 0.015625 0.015625
0 0.610938 0.089063 0.015625 0.015625
0 0.673438 0.085938 0.015625 0.015625
0 0.642188 0.156250 0.015625 0.015625
0 0.567187 0.156250 0.015625 0.015625
0 0.721875 0.160938 0.015625 0.015625
0 0.800000 0.160938 0.015625 0.015625
0 0.864062 0.167187 0.015625 0.015625
0 0.734375 0.075000 0.015625 0.015625
0 0.714063 0.021875 0.015625 0.015625
0 0.710938 0.287500 0.015625 0.015625
0 0.676562 0.232813 0.015625 0.015625
0 0.720313 0.423438 0.015625 0.015625
0 0.798438 0.428125 0.015625 0.015625
0 0.868750 0.426563 0.015625 0.015625
0 0.759375 0.492188 0.015625 0.015625
0 0.837500 0.492188 0.015625 0.015625
0 0.906250 0.492188 0.015625 0.015625
0 0.790625 0.562500 0.015625 0.015625
0 0.860938 0.564063 0.015625 0.015625
0 0.942187 0.557813 0.015625 0.015625
0 0.948438 0.435937 0.015625 0.015625
0 0.831250 0.367188 0.015625 0.015625
0 0.756250 0.364063 0.015625 0.015625
0 0.904687 0.364063 0.015625 0.015625
0 0.943750 0.306250 0.015625 0.015625
0 0.920312 0.234375 0.015625 0.015625
0 0.979688 0.232813 0.015625 0.015625
0 0.900000 0.096875 0.015625 0.015625
0 0.862500 0.090625 0.015625 0.015625
0 0.981250 0.095312 0.015625 0.015625
0 0.975000 0.615625 0.015625 0.015625
0 0.943750 0.692187 0.015625 0.015625
0 0.954688 0.757812 0.015625 0.015625
0 0.904687 0.759375 0.015625 0.015625
0 0.934375 0.826562 0.015625 0.015625
0 0.043750 0.865625 0.015625 0.015625
0 0.018750 0.939063 0.015625 0.015625
0 0.060937 0.998437 0.015625 0.015625
0 0.096875 0.937500 0.015625 0.015625
0 0.170313 0.935937 0.015625 0.015625
0 0.131250 0.867188 0.015625 0.015625
0 0.287500 0.871875 0.015625 0.015625
0 0.248438 0.935937 0.015625 0.015625
0 0.318750 0.937500 0.015625 0.015625
0 0.364063 0.870313 0.015625 0.015625
0 0.404687 0.939063 0.015625 0.015625
0 0.476562 0.942187 0.015625 0.015625
0 0.331250 0.285938 0.015625 0.015625
0 0.373437 0.356250 0.015625 0.015625
0 0.790625 0.029687 0.015625 0.015625
0 0.870313 0.026562 0.015625 0.015625
0 0.454688 0.220312 0.015625 0.015625
0 0.829688 0.620313 0.015625 0.015625
0 0.898438 0.628125 0.015625 0.015625
0 0.862500 0.689063 0.015625 0.015625
0 0.635938 0.689063 0.015625 0.015625
0 0.554688 0.681250 0.015625 0.015625
0 0.520312 0.628125 0.015625 0.015625
0 0.598437 0.620313 0.015625 0.015625
0 0.668750 0.621875 0.015625 0.015625
