0 0.007812 0.142187 0.015625 0.015625
0 0.026562 0.170313 0.015625 0.015625
0 0.007812 0.207813 0.015625 0.015625
0 0.043750 0.209375 0.015625 0.015625
0 0.023438 0.242188 0.015625 0.015625
0 0.064062 0.245312 0.015625 0.015625
0 0.081250 0.276562 0.015625 0.015625
0 0.096875 0.312500 0.015625 0.015625
0 0.003125 0.342187 0.015625 0.015625
0 0.048438 0.350000 0.015625 0.015625
0 0.096875 0.370312 0.015625 0.015625
0 0.078125 0.406250 0.015625 0.015625
0 0.001563 0.407813 0.015625 0.015625
0 0.148438 0.415625 0.015625 0.015625
0 0.040625 0.423438 0.015625 0.015625
0 0.132812 0.440625 0.015625 0.015625
0 0.090625 0.442188 0.015625 0.015625
0 0.020313 0.442188 0.015625 0.015625
0 0.001563 0.471875 0.015625 0.015625
0 0.039062 0.475000 0.015625 0.015625
0 0.115625 0.478125 0.015625 0.015625
0 0.082812 0.479687 0.015625 0.015625
0 0.017188 0.504687 0.015625 0.015625
0 0.134375 0.510938 0.015625 0.015625
0 0.073438 0.523438 0.015625 0.015625
0 0.037500 0.539062 0.015625 0.015625
0 0.000000 0.540625 0.015625 0.015625
0 0.110937 0.540625 0.015625 0.015625
0 0.100000 0.567187 0.015625 0.015625
0 0.168750 0.571875 0.015625 0.015625
0 0.054688 0.573438 0.015625 0.015625
0 0.131250 0.573438 0.015625 0.015625
0 0.017188 0.573438 0.015625 0.015625
0 0.139063 0.600000 0.015625 0.015625
0 0.075000 0.604688 0.015625 0.015625
0 0.112500 0.604688 0.015625 0.015625
0 0.185938 0.609375 0.015625 0.015625
0 0.050000 0.634375 0.015625 0.015625
0 0.014063 0.635938 0.015625 0.015625
0 0.092188 0.639062 0.015625 0.015625
0 0.167187 0.640625 0.015625 0.015625
0 0.204687 0.642188 0.015625 0.015625
0 0.071875 0.670312 0.015625 0.015625
0 0.110937 0.671875 0.015625 0.015625
0 0.265625 0.671875 0.015625 0.015625
0 0.148438 0.671875 0.015625 0.015625
0 0.189062 0.673438 0.015625 0.015625
0 0.015625 0.700000 0.015625 0.015625
0 0.128125 0.701562 0.015625 0.015625
0 0.054688 0.703125 0.015625 0.015625
0 0.093750 0.706250 0.015625 0.015625
0 0.281250 0.707812 0.015625 0.015625
0 0.209375 0.712500 0.015625 0.015625
0 0.248438 0.723437 0.015625 0.015625
0 0.034375 0.732812 0.015625 0.015625
0 0.115625 0.737500 0.015625 0.015625
0 0.075000 0.737500 0.015625 0.015625
0 0.185938 0.739062 0.015625 0.015625
0 0.303125 0.742188 0.015625 0.015625
0 0.220312 0.746875 0.015625 0.015625
0 0.092188 0.765625 0.015625 0.015625
0 0.167187 0.768750 0.015625 0.015625
0 0.014063 0.768750 0.015625 0.015625
0 0.128125 0.770312 0.015625 0.015625
0 0.278125 0.773438 0.015625 0.015625
0 0.240625 0.773438 0.015625 0.015625
0 0.028125 0.800000 0.015625 0.015625
0 0.067187 0.801562 0.015625 0.015625
0 0.146875 0.801562 0.015625 0.015625
0 0.107813 0.803125 0.015625 0.015625
0 0.221875 0.803125 0.015625 0.015625
0 0.184375 0.803125 0.015625 0.015625
0 0.260937 0.804688 0.015625 0.015625
0 0.295312 0.806250 0.015625 0.015625
0 0.089063 0.835938 0.015625 0.015625
0 0.240625 0.835938 0.015625 0.015625
0 0.126562 0.835938 0.015625 0.015625
0 0.165625 0.837500 0.015625 0.015625
0 0.203125 0.837500 0.015625 0.015625
0 0.014063 0.837500 0.015625 0.015625
0 0.278125 0.839063 0.015625 0.015625
0 0.071875 0.865625 0.015625 0.015625
0 0.106250 0.867188 0.015625 0.015625
0 0.029687 0.868750 0.015625 0.015625
0 0.143750 0.868750 0.015625 0.015625
0 0.220312 0.870313 0.015625 0.015625
0 0.298438 0.870313 0.015625 0.015625
0 0.182812 0.871875 0.015625 0.015625
0 0.260937 0.871875 0.015625 0.015625
0 0.334375 0.871875 0.015625 0.015625
0 0.042188 0.893750 0.015625 0.015625
0 0.012500 0.900000 0.015625 0.015625
0 0.084375 0.901563 0.015625 0.015625
0 0.201563 0.901563 0.015625 0.015625
0 0.125000 0.903125 0.015625 0.015625
0 0.314063 0.904687 0.015625 0.015625
0 0.160938 0.904687 0.015625 0.015625
0 0.235937 0.906250 0.015625 0.015625
0 0.357812 0.906250 0.015625 0.015625
0 0.275000 0.909375 0.015625 0.015625
0 0.028125 0.932813 0.015625 0.015625
0 0.065625 0.934375 0.015625 0.015625
0 0.104688 0.934375 0.015625 0.015625
0 0.218750 0.934375 0.015625 0.015625
0 0.181250 0.935937 0.015625 0.015625
0 0.142187 0.935937 0.015625 0.015625
0 0.295312 0.937500 0.015625 0.015625
0 0.332813 0.937500 0.015625 0.015625
0 0.254688 0.939063 0.015625 0.015625
0 0.370312 0.940625 0.015625 0.015625
0 0.012500 0.965625 0.015625 0.015625
0 0.123438 0.965625 0.015625 0.015625
0 0.085938 0.967187 0.015625 0.015625
0 0.048438 0.967187 0.015625 0.015625
0 0.200000 0.967187 0.015625 0.015625
0 0.237500 0.968750 0.015625 0.015625
0 0.159375 0.970313 0.015625 0.015625
0 0.275000 0.970313 0.015625 0.015625
0 0.314063 0.971875 0.015625 0.015625
0 0.353125 0.971875 0.015625 0.015625
0 0.389062 0.973437 0.015625 0.015625
0 0.165625 0.703125 0.015625 0.015625
0 0.146875 0.737500 0.015625 0.015625
0 0.010937 0.012500 0.015625 0.015625
0 0.042188 0.012500 0.015625 0.015625
