0 0.735938 0.295312 0.015625 0.015625
0 0.660937 0.295312 0.015625 0.015625
0 0.885938 0.295312 0.015625 0.015625
0 0.015625 0.343750 0.015625 0.015625
0 0.045312 0.542188 0.015625 0.015625
0 0.768750 0.489063 0.015625 0.015625
0 0.090625 0.215625 0.015625 0.015625
0 0.318750 0.223438 0.015625 0.015625
0 0.242188 0.218750 0.015625 0.015625
0 0.164062 0.348438 0.015625 0.015625
0 0.734375 0.559375 0.015625 0.015625
0 0.810937 0.296875 0.015625 0.015625
0 0.193750 0.542188 0.015625 0.015625
0 0.089063 0.346875 0.015625 0.015625
0 0.207813 0.153125 0.015625 0.015625
0 0.015625 0.215625 0.015625 0.015625
0 0.243750 0.346875 0.015625 0.015625
0 0.012500 0.478125 0.015625 0.015625
0 0.123438 0.414062 0.015625 0.015625
0 0.118750 0.023438 0.015625 0.015625
0 0.167187 0.215625 0.015625 0.015625
0 0.160938 0.610938 0.015625 0.015625
0 0.056250 0.021875 0.015625 0.015625
0 0.118750 0.542188 0.015625 0.015625
0 0.007812 0.604688 0.015625 0.015625
0 0.543750 0.226562 0.015625 0.015625
0 0.960938 0.560937 0.015625 0.015625
0 0.965625 0.298438 0.015625 0.015625
0 0.615625 0.093750 0.015625 0.015625
0 0.207813 0.410938 0.015625 0.015625
0 0.965625 0.035937 0.015625 0.015625
0 0.573438 0.557813 0.015625 0.015625
0 0.617188 0.490625 0.015625 0.015625
0 0.276562 0.287500 0.015625 0.015625
0 0.050000 0.285938 0.015625 0.015625
0 0.310937 0.604688 0.015625 0.015625
0 0.581250 0.293750 0.015625 0.015625
0 0.568750 0.950000 0.015625 0.015625
0 0.342187 0.945312 0.015625 0.015625
0 0.493750 0.948438 0.015625 0.015625
0 0.265625 0.943750 0.015625 0.015625
0 0.415625 0.945312 0.015625 0.015625
0 0.042188 0.671875 0.015625 0.015625
0 0.537500 0.878125 0.015625 0.015625
0 0.225000 0.743750 0.015625 0.015625
0 0.000000 0.871875 0.015625 0.015625
0 0.642188 0.950000 0.015625 0.015625
0 0.007812 0.742188 0.015625 0.015625
0 0.075000 0.873437 0.015625 0.015625
0 0.457813 0.879687 0.015625 0.015625
0 0.118750 0.673438 0.015625 0.015625
0 0.082812 0.743750 0.015625 0.015625
0 0.917188 0.625000 0.015625 0.015625
0 0.192188 0.810937 0.015625 0.015625
0 0.718750 0.948438 0.015625 0.015625
0 0.796875 0.690625 0.015625 0.015625
0 0.157812 0.743750 0.015625 0.015625
0 0.187500 0.942187 0.015625 0.015625
0 0.950000 0.692187 0.015625 0.015625
0 0.039062 0.935937 0.015625 0.015625
0 0.040625 0.804688 0.015625 0.015625
0 0.957812 0.826562 0.015625 0.015625
0 0.685937 0.885938 0.015625 0.015625
0 0.792188 0.950000 0.015625 0.015625
0 0.990625 0.892188 0.015625 0.015625
0 0.875000 0.690625 0.015625 0.015625
0 0.920312 0.751563 0.015625 0.015625
0 0.909375 0.885938 0.015625 0.015625
0 0.984375 0.956250 0.015625 0.015625
