0 0.001563 0.101562 0.015625 0.015625
0 0.084375 0.104688 0.015625 0.015625
0 0.171875 0.104688 0.015625 0.015625
0 0.235937 0.114062 0.015625 0.015625
0 0.309375 0.109375 0.015625 0.015625
0 0.370312 0.109375 0.015625 0.015625
0 0.420312 0.170313 0.015625 0.015625
0 0.351562 0.175000 0.015625 0.015625
0 0.265625 0.171875 0.015625 0.015625
0 0.196875 0.170313 0.015625 0.015625
0 0.046875 0.168750 0.015625 0.015625
0 0.001563 0.232813 0.015625 0.015625
0 0.090625 0.234375 0.015625 0.015625
0 0.170313 0.237500 0.015625 0.015625
0 0.225000 0.239063 0.015625 0.015625
0 0.301563 0.239063 0.015625 0.015625
0 0.382812 0.242188 0.015625 0.015625
0 0.451562 0.243750 0.015625 0.015625
0 0.206250 0.307812 0.015625 0.015625
0 0.275000 0.306250 0.015625 0.015625
0 0.345313 0.306250 0.015625 0.015625
0 0.425000 0.306250 0.015625 0.015625
0 0.006250 0.367188 0.015625 0.015625
0 0.156250 0.371875 0.015625 0.015625
0 0.242188 0.370312 0.015625 0.015625
0 0.304688 0.371875 0.015625 0.015625
0 0.379688 0.375000 0.015625 0.015625
0 0.035937 0.429688 0.015625 0.015625
0 0.117188 0.431250 0.015625 0.015625
0 0.187500 0.432812 0.015625 0.015625
0 0.260937 0.432812 0.015625 0.015625
0 0.351562 0.435937 0.015625 0.015625
0 0.415625 0.440625 0.015625 0.015625
0 0.010937 0.500000 0.015625 0.015625
0 0.042188 0.557813 0.015625 0.015625
0 0.079687 0.507812 0.015625 0.015625
0 0.118750 0.560937 0.015625 0.015625
0 0.154688 0.500000 0.015625 0.015625
0 0.192188 0.560937 0.015625 0.015625
0 0.232813 0.509375 0.015625 0.015625
0 0.271875 0.559375 0.015625 0.015625
0 0.309375 0.503125 0.015625 0.015625
0 0.342187 0.568750 0.015625 0.015625
0 0.384375 0.503125 0.015625 0.015625
0 0.423438 0.571875 0.015625 0.015625
0 0.453125 0.518750 0.015625 0.015625
0 0.498437 0.581250 0.015625 0.015625
0 0.573438 0.576562 0.015625 0.015625
0 0.650000 0.578125 0.015625 0.015625
0 0.617188 0.515625 0.015625 0.015625
0 0.040625 0.696875 0.015625 0.015625
0 0.076563 0.634375 0.015625 0.015625
0 0.114062 0.693750 0.015625 0.015625
0 0.196875 0.690625 0.015625 0.015625
0 0.231250 0.631250 0.015625 0.015625
0 0.271875 0.693750 0.015625 0.015625
0 0.314063 0.637500 0.015625 0.015625
0 0.384375 0.639062 0.015625 0.015625
0 0.451562 0.639062 0.015625 0.015625
0 0.540625 0.645312 0.015625 0.015625
0 0.609375 0.648438 0.015625 0.015625
0 0.342187 0.701562 0.015625 0.015625
0 0.415625 0.700000 0.015625 0.015625
0 0.493750 0.701562 0.015625 0.015625
0 0.568750 0.714063 0.015625 0.015625
0 0.651563 0.714063 0.015625 0.015625
0 0.717187 0.715625 0.015625 0.015625
0 0.001563 0.764062 0.015625 0.015625
0 0.034375 0.818750 0.015625 0.015625
0 0.073438 0.768750 0.015625 0.015625
0 0.109375 0.818750 0.015625 0.015625
0 0.140625 0.767188 0.015625 0.015625
0 0.195312 0.818750 0.015625 0.015625
0 0.234375 0.768750 0.015625 0.015625
0 0.270313 0.828125 0.015625 0.015625
0 0.304688 0.779687 0.015625 0.015625
0 0.354687 0.834375 0.015625 0.015625
0 0.387500 0.770312 0.015625 0.015625
0 0.431250 0.832812 0.015625 0.015625
0 0.457813 0.762500 0.015625 0.015625
0 0.500000 0.832812 0.015625 0.015625
0 0.526563 0.779687 0.015625 0.015625
0 0.610938 0.782813 0.015625 0.015625
0 0.673438 0.782813 0.015625 0.015625
0 0.557813 0.840625 0.015625 0.015625
0 0.642188 0.840625 0.015625 0.015625
0 0.682813 0.851562 0.015625 0.015625
0 0.006250 0.895312 0.015625 0.015625
0 0.090625 0.895312 0.015625 0.015625
0 0.165625 0.903125 0.015625 0.015625
0 0.243750 0.903125 0.015625 0.015625
0 0.315625 0.898438 0.015625 0.015625
0 0.375000 0.900000 0.015625 0.015625
0 0.457813 0.904687 0.015625 0.015625
0 0.535937 0.904687 0.015625 0.015625
0 0.026562 0.959375 0.015625 0.015625
0 0.423438 0.965625 0.015625 0.015625
0 0.478125 0.967187 0.015625 0.015625
0 0.575000 0.962500 0.015625 0.015625
0 0.045312 0.303125 0.015625 0.015625
0 0.118750 0.303125 0.015625 0.015625
0 0.078125 0.371875 0.015625 0.015625
0 0.790625 0.984375 0.015625 0.015625
0 0.865625 0.979688 0.015625 0.015625
0 0.785937 0.854688 0.015625 0.015625
0 0.756250 0.784375 0.015625 0.015625
0 0.428125 0.050000 0.015625 0.015625
0 0.470313 0.104688 0.015625 0.015625
0 0.546875 0.112500 0.015625 0.015625
0 0.631250 0.115625 0.015625 0.015625
0 0.695312 0.118750 0.015625 0.015625
0 0.778125 0.121875 0.015625 0.015625
0 0.725000 0.048438 0.015625 0.015625
0 0.648438 0.050000 0.015625 0.015625
0 0.578125 0.043750 0.015625 0.015625
0 0.512500 0.043750 0.015625 0.015625
0 0.510938 0.171875 0.015625 0.015625
0 0.579688 0.171875 0.015625 0.015625
0 0.656250 0.178125 0.015625 0.015625
0 0.740625 0.182812 0.015625 0.015625
0 0.826562 0.184375 0.015625 0.015625
0 0.875000 0.190625 0.015625 0.015625
0 0.965625 0.059375 0.015625 0.015625
0 0.965625 0.190625 0.015625 0.015625
0 0.292187 0.028125 0.015625 0.015625
0 0.195312 0.034375 0.015625 0.015625
0 0.046875 0.042188 0.015625 0.015625
0 0.543750 0.243750 0.015625 0.015625
0 0.621875 0.240625 0.015625 0.015625
0 0.692187 0.243750 0.015625 0.015625
0 0.768750 0.248438 0.015625 0.015625
0 0.842187 0.248438 0.015625 0.015625
0 0.921875 0.251563 0.015625 0.015625
0 0.951562 0.323437 0.015625 0.015625
0 0.992188 0.390625 0.015625 0.015625
0 0.867188 0.320312 0.015625 0.015625
0 0.796875 0.315625 0.015625 0.015625
0 0.729688 0.312500 0.015625 0.015625
0 0.645312 0.307812 0.015625 0.015625
0 0.581250 0.312500 0.015625 0.015625
0 0.610938 0.379688 0.015625 0.015625
0 0.695312 0.375000 0.015625 0.015625
0 0.776563 0.381250 0.015625 0.015625
0 0.843750 0.381250 0.015625 0.015625
0 0.929688 0.385937 0.015625 0.015625
0 0.954688 0.451562 0.015625 0.015625
0 0.876563 0.451562 0.015625 0.015625
0 0.809375 0.453125 0.015625 0.015625
0 0.729688 0.451562 0.015625 0.015625
0 0.662500 0.453125 0.015625 0.015625
0 0.689063 0.517188 0.015625 0.015625
0 0.778125 0.512500 0.015625 0.015625
0 0.854688 0.509375 0.015625 0.015625
0 0.920312 0.509375 0.015625 0.015625
0 0.956250 0.589063 0.015625 0.015625
0 0.989062 0.648438 0.015625 0.015625
0 0.910937 0.656250 0.015625 0.015625
0 0.870313 0.581250 0.015625 0.015625
0 0.807813 0.579688 0.015625 0.015625
0 0.832812 0.634375 0.015625 0.015625
0 0.728125 0.579688 0.015625 0.015625
0 0.762500 0.645312 0.015625 0.015625
0 0.790625 0.717187 0.015625 0.015625
0 0.868750 0.723437 0.015625 0.015625
0 0.943750 0.718750 0.015625 0.015625
0 0.987500 0.790625 0.015625 0.015625
0 0.903125 0.778125 0.015625 0.015625
0 0.828125 0.787500 0.015625 0.015625
0 0.868750 0.843750 0.015625 0.015625
0 0.946875 0.846875 0.015625 0.015625
0 0.976562 0.912500 0.015625 0.015625
0 0.907813 0.917188 0.015625 0.015625
0 0.939063 0.978125 0.015625 0.015625
0 0.170313 0.956250 0.015625 0.015625
0 0.110937 0.959375 0.015625 0.015625
0 0.264062 0.964063 0.015625 0.015625
0 0.642188 0.970313 0.015625 0.015625
0 0.712500 0.973437 0.015625 0.015625
0 0.692187 0.907813 0.015625 0.015625
0 0.757812 0.910937 0.015625 0.015625
0 0.814063 0.064062 0.015625 0.015625
0 0.887500 0.060937 0.015625 0.015625
0 0.851562 0.123438 0.015625 0.015625
