0 0.929688 0.020313 0.015625 0.015625
0 0.485938 0.043750 0.015625 0.015625
0 0.634375 0.043750 0.015625 0.015625
0 0.560937 0.046875 0.015625 0.015625
0 0.421875 0.050000 0.015625 0.015625
0 0.832812 0.071875 0.015625 0.015625
0 0.878125 0.084375 0.015625 0.015625
0 0.518750 0.107813 0.015625 0.015625
0 0.779687 0.298438 0.015625 0.015625
0 0.934375 0.298438 0.015625 0.015625
0 0.609375 0.323437 0.015625 0.015625
0 0.890625 0.364063 0.015625 0.015625
0 0.807813 0.367188 0.015625 0.015625
0 0.779687 0.431250 0.015625 0.015625
0 0.856250 0.432812 0.015625 0.015625
0 0.162500 0.451562 0.015625 0.015625
0 0.671875 0.451562 0.015625 0.015625
0 0.329688 0.457813 0.015625 0.015625
0 0.234375 0.459375 0.015625 0.015625
0 0.928125 0.487500 0.015625 0.015625
0 0.825000 0.495312 0.015625 0.015625
0 0.695312 0.539062 0.015625 0.015625
0 0.281250 0.540625 0.015625 0.015625
0 0.973437 0.564063 0.015625 0.015625
0 0.885938 0.565625 0.015625 0.015625
0 0.264062 0.603125 0.015625 0.015625
0 0.778125 0.617188 0.015625 0.015625
0 0.192188 0.621875 0.015625 0.015625
0 0.881250 0.637500 0.015625 0.015625
0 0.076563 0.646875 0.015625 0.015625
0 0.143750 0.653125 0.015625 0.015625
0 0.096875 0.712500 0.015625 0.015625
0 0.442188 0.718750 0.015625 0.015625
0 0.331250 0.723437 0.015625 0.015625
0 0.537500 0.725000 0.015625 0.015625
0 0.985938 0.746875 0.015625 0.015625
0 0.778125 0.751563 0.015625 0.015625
0 0.053125 0.757812 0.015625 0.015625
0 0.882812 0.760938 0.015625 0.015625
0 0.637500 0.767188 0.015625 0.015625
0 0.985938 0.810937 0.015625 0.015625
0 0.537500 0.829688 0.015625 0.015625
0 0.140625 0.834375 0.015625 0.015625
0 0.082812 0.834375 0.015625 0.015625
0 0.259375 0.834375 0.015625 0.015625
0 0.465625 0.834375 0.015625 0.015625
0 0.387500 0.835938 0.015625 0.015625
0 0.614062 0.840625 0.015625 0.015625
0 0.779687 0.845313 0.015625 0.015625
0 0.862500 0.845313 0.015625 0.015625
0 0.954688 0.853125 0.015625 0.015625
0 0.050000 0.885938 0.015625 0.015625
0 0.357812 0.895312 0.015625 0.015625
0 0.723437 0.896875 0.015625 0.015625
0 0.871875 0.898438 0.015625 0.015625
0 0.228125 0.950000 0.015625 0.015625
0 0.307812 0.951562 0.015625 0.015625
0 0.932813 0.984375 0.015625 0.015625
0 0.854688 0.985938 0.015625 0.015625
0 0.712500 0.998437 0.015625 0.015625
0 0.056250 0.479687 0.015625 0.015625
0 0.123438 0.478125 0.015625 0.015625
0 0.015625 0.412500 0.015625 0.015625
0 0.085938 0.415625 0.015625 0.015625
0 0.154688 0.415625 0.015625 0.015625
0 0.021875 0.017188 0.015625 0.015625
0 0.060937 0.078125 0.015625 0.015625
0 0.092188 0.021875 0.015625 0.015625
0 0.135937 0.081250 0.015625 0.015625
0 0.168750 0.021875 0.015625 0.015625
0 0.218750 0.081250 0.015625 0.015625
0 0.248438 0.026562 0.015625 0.015625
0 0.289062 0.087500 0.015625 0.015625
0 0.325000 0.042188 0.015625 0.015625
0 0.364063 0.090625 0.015625 0.015625
