0 0.154688 0.000000 0.015625 0.015625
0 0.076563 0.000000 0.015625 0.015625
0 0.001563 0.001563 0.015625 0.015625
0 0.379688 0.003125 0.015625 0.015625
0 0.231250 0.012500 0.015625 0.015625
0 0.609375 0.015625 0.015625 0.015625
0 0.987500 0.017188 0.015625 0.015625
0 0.684375 0.018750 0.015625 0.015625
0 0.756250 0.018750 0.015625 0.015625
0 0.832812 0.018750 0.015625 0.015625
0 0.910937 0.021875 0.015625 0.015625
0 0.567187 0.053125 0.015625 0.015625
0 0.037500 0.064062 0.015625 0.015625
0 0.337500 0.064062 0.015625 0.015625
0 0.415625 0.065625 0.015625 0.015625
0 0.262500 0.067187 0.015625 0.015625
0 0.189062 0.068750 0.015625 0.015625
0 0.117188 0.070312 0.015625 0.015625
0 0.492188 0.075000 0.015625 0.015625
0 0.946875 0.085938 0.015625 0.015625
0 0.717187 0.085938 0.015625 0.015625
0 0.792188 0.090625 0.015625 0.015625
0 0.659375 0.096875 0.015625 0.015625
0 0.151562 0.134375 0.015625 0.015625
0 0.228125 0.134375 0.015625 0.015625
0 0.457813 0.143750 0.015625 0.015625
0 0.378125 0.146875 0.015625 0.015625
0 0.834375 0.146875 0.015625 0.015625
0 0.532813 0.148438 0.015625 0.015625
0 0.759375 0.148438 0.015625 0.015625
0 0.910937 0.148438 0.015625 0.015625
0 0.981250 0.151562 0.015625 0.015625
0 0.034375 0.192188 0.015625 0.015625
0 0.107813 0.195312 0.015625 0.015625
0 0.190625 0.196875 0.015625 0.015625
0 0.262500 0.200000 0.015625 0.015625
0 0.567187 0.209375 0.015625 0.015625
0 0.489063 0.210938 0.015625 0.015625
0 0.726562 0.212500 0.015625 0.015625
0 0.945312 0.212500 0.015625 0.015625
0 0.870313 0.212500 0.015625 0.015625
0 0.800000 0.217188 0.015625 0.015625
0 0.414062 0.240625 0.015625 0.015625
0 0.607812 0.253125 0.015625 0.015625
0 0.068750 0.256250 0.015625 0.015625
0 0.223438 0.259375 0.015625 0.015625
0 0.145313 0.260937 0.015625 0.015625
0 0.303125 0.267188 0.015625 0.015625
0 0.532813 0.267188 0.015625 0.015625
0 0.379688 0.271875 0.015625 0.015625
0 0.454688 0.271875 0.015625 0.015625
0 0.910937 0.276562 0.015625 0.015625
0 0.984375 0.278125 0.015625 0.015625
0 0.834375 0.281250 0.015625 0.015625
0 0.267188 0.317188 0.015625 0.015625
0 0.189062 0.320312 0.015625 0.015625
0 0.642188 0.321875 0.015625 0.015625
0 0.034375 0.323437 0.015625 0.015625
0 0.110937 0.323437 0.015625 0.015625
0 0.412500 0.334375 0.015625 0.015625
0 0.568750 0.337500 0.015625 0.015625
0 0.489063 0.339062 0.015625 0.015625
0 0.873437 0.345313 0.015625 0.015625
0 0.793750 0.345313 0.015625 0.015625
0 0.951562 0.345313 0.015625 0.015625
0 0.750000 0.357812 0.015625 0.015625
0 0.376563 0.396875 0.015625 0.015625
0 0.303125 0.398438 0.015625 0.015625
0 0.607812 0.403125 0.015625 0.015625
0 0.228125 0.409375 0.015625 0.015625
0 0.531250 0.409375 0.015625 0.015625
0 0.909375 0.409375 0.015625 0.015625
0 0.071875 0.410938 0.015625 0.015625
0 0.157812 0.410938 0.015625 0.015625
0 0.984375 0.412500 0.015625 0.015625
0 0.821875 0.429688 0.015625 0.015625
0 0.335938 0.465625 0.015625 0.015625
0 0.714063 0.467187 0.015625 0.015625
0 0.639062 0.468750 0.015625 0.015625
0 0.562500 0.468750 0.015625 0.015625
0 0.412500 0.470313 0.015625 0.015625
0 0.485938 0.471875 0.015625 0.015625
0 0.943750 0.479687 0.015625 0.015625
0 0.068750 0.520312 0.015625 0.015625
0 0.839063 0.521875 0.015625 0.015625
0 0.759375 0.535937 0.015625 0.015625
0 0.375000 0.537500 0.015625 0.015625
0 0.679688 0.539062 0.015625 0.015625
0 0.453125 0.540625 0.015625 0.015625
0 0.904687 0.543750 0.015625 0.015625
0 0.981250 0.550000 0.015625 0.015625
0 0.031250 0.587500 0.015625 0.015625
0 0.106250 0.590625 0.015625 0.015625
0 0.182812 0.592187 0.015625 0.015625
0 0.257812 0.593750 0.015625 0.015625
0 0.334375 0.595313 0.015625 0.015625
0 0.489063 0.595313 0.015625 0.015625
0 0.412500 0.596875 0.015625 0.015625
0 0.557813 0.598437 0.015625 0.015625
0 0.712500 0.601562 0.015625 0.015625
0 0.635938 0.607812 0.015625 0.015625
0 0.785937 0.607812 0.015625 0.015625
0 0.067187 0.654687 0.015625 0.015625
0 0.140625 0.657813 0.015625 0.015625
0 0.215625 0.657813 0.015625 0.015625
0 0.518750 0.659375 0.015625 0.015625
0 0.293750 0.660937 0.015625 0.015625
0 0.445312 0.660937 0.015625 0.015625
0 0.367188 0.662500 0.015625 0.015625
0 0.596875 0.668750 0.015625 0.015625
0 0.675000 0.668750 0.015625 0.015625
0 0.828125 0.670312 0.015625 0.015625
0 0.751563 0.670312 0.015625 0.015625
0 0.031250 0.721875 0.015625 0.015625
0 0.106250 0.723437 0.015625 0.015625
0 0.181250 0.723437 0.015625 0.015625
0 0.407813 0.725000 0.015625 0.015625
0 0.335938 0.729688 0.015625 0.015625
0 0.256250 0.731250 0.015625 0.015625
0 0.489063 0.732812 0.015625 0.015625
0 0.710938 0.734375 0.015625 0.015625
0 0.634375 0.735938 0.015625 0.015625
0 0.557813 0.735938 0.015625 0.015625
0 0.862500 0.735938 0.015625 0.015625
0 0.787500 0.737500 0.015625 0.015625
0 0.067187 0.785937 0.015625 0.015625
0 0.292187 0.789062 0.015625 0.015625
0 0.146875 0.790625 0.015625 0.015625
0 0.370312 0.790625 0.015625 0.015625
0 0.221875 0.790625 0.015625 0.015625
0 0.446875 0.792188 0.015625 0.015625
0 0.518750 0.793750 0.015625 0.015625
0 0.679688 0.796875 0.015625 0.015625
0 0.748437 0.796875 0.015625 0.015625
0 0.593750 0.798438 0.015625 0.015625
0 0.906250 0.804688 0.015625 0.015625
0 0.837500 0.806250 0.015625 0.015625
0 0.256250 0.850000 0.015625 0.015625
0 0.340625 0.857812 0.015625 0.015625
0 0.982812 0.860938 0.015625 0.015625
0 0.489063 0.862500 0.015625 0.015625
0 0.706250 0.864062 0.015625 0.015625
0 0.784375 0.864062 0.015625 0.015625
0 0.954688 0.895312 0.015625 0.015625
0 0.212500 0.918750 0.015625 0.015625
0 0.529687 0.921875 0.015625 0.015625
0 0.890625 0.925000 0.015625 0.015625
0 0.807813 0.971875 0.015625 0.015625
0 0.857812 0.987500 0.015625 0.015625
0 0.935937 0.992188 0.015625 0.015625
0 0.531250 0.009375 0.015625 0.015625
0 0.987500 0.679688 0.015625 0.015625
