0 0.757812 0.026562 0.015625 0.015625
0 0.042188 0.145313 0.015625 0.015625
0 0.575000 0.018750 0.015625 0.015625
0 0.025000 0.104688 0.015625 0.015625
0 0.612500 0.020313 0.015625 0.015625
0 0.329688 0.046875 0.015625 0.015625
0 0.387500 0.017188 0.015625 0.015625
0 0.026562 0.045312 0.015625 0.015625
0 0.346875 0.146875 0.015625 0.015625
0 0.006250 0.143750 0.015625 0.015625
0 0.081250 0.078125 0.015625 0.015625
0 0.062500 0.109375 0.015625 0.015625
0 0.670312 0.053125 0.015625 0.015625
0 0.081250 0.143750 0.015625 0.015625
0 0.479687 0.048438 0.015625 0.015625
0 0.006250 0.078125 0.015625 0.015625
0 0.425000 0.015625 0.015625 0.015625
0 0.365625 0.048438 0.015625 0.015625
0 0.290625 0.046875 0.015625 0.015625
0 0.651563 0.085938 0.015625 0.015625
0 0.065625 0.045312 0.015625 0.015625
0 0.643750 0.017188 0.015625 0.015625
0 0.273438 0.015625 0.015625 0.015625
0 0.314063 0.015625 0.015625 0.015625
0 0.045312 0.078125 0.015625 0.015625
0 0.345313 0.082812 0.015625 0.015625
0 0.309375 0.145313 0.015625 0.015625
0 0.462500 0.017188 0.015625 0.015625
0 0.350000 0.017188 0.015625 0.015625
0 0.879687 0.025000 0.015625 0.015625
0 0.689063 0.020313 0.015625 0.015625
0 0.682813 0.085938 0.015625 0.015625
0 0.993750 0.028125 0.015625 0.015625
0 0.976562 0.057813 0.015625 0.015625
0 0.532813 0.081250 0.015625 0.015625
0 0.842187 0.021875 0.015625 0.015625
0 0.031250 0.734375 0.015625 0.015625
0 0.110937 0.734375 0.015625 0.015625
0 0.225000 0.671875 0.015625 0.015625
0 0.437500 0.770312 0.015625 0.015625
0 0.375000 0.868750 0.015625 0.015625
0 0.129688 0.768750 0.015625 0.015625
0 0.276562 0.903125 0.015625 0.015625
0 0.090625 0.832812 0.015625 0.015625
0 0.642188 0.742188 0.015625 0.015625
0 0.187500 0.801562 0.015625 0.015625
0 0.587500 0.709375 0.015625 0.015625
0 0.281250 0.704688 0.015625 0.015625
0 0.225000 0.868750 0.015625 0.015625
0 0.375000 0.739062 0.015625 0.015625
0 0.429688 0.903125 0.015625 0.015625
0 0.321875 0.770312 0.015625 0.015625
0 0.642188 0.806250 0.015625 0.015625
0 0.303125 0.671875 0.015625 0.015625
0 0.412500 0.803125 0.015625 0.015625
0 0.090625 0.470313 0.015625 0.015625
0 0.423438 0.346875 0.015625 0.015625
0 0.354687 0.835938 0.015625 0.015625
0 0.168750 0.768750 0.015625 0.015625
0 0.265625 0.471875 0.015625 0.015625
0 0.507812 0.834375 0.015625 0.015625
0 0.154688 0.209375 0.015625 0.015625
0 0.496875 0.346875 0.015625 0.015625
0 0.451562 0.868750 0.015625 0.015625
0 0.053125 0.701562 0.015625 0.015625
0 0.529687 0.870313 0.015625 0.015625
0 0.490625 0.803125 0.015625 0.015625
0 0.301563 0.739062 0.015625 0.015625
0 0.437500 0.706250 0.015625 0.015625
0 0.203125 0.898438 0.015625 0.015625
0 0.335938 0.868750 0.015625 0.015625
0 0.071875 0.668750 0.015625 0.015625
0 0.475000 0.770312 0.015625 0.015625
0 0.675000 0.743750 0.015625 0.015625
0 0.260937 0.671875 0.015625 0.015625
0 0.287500 0.770312 0.015625 0.015625
0 0.240625 0.901563 0.015625 0.015625
0 0.393750 0.837500 0.015625 0.015625
0 0.678125 0.806250 0.015625 0.015625
0 0.439063 0.379688 0.015625 0.015625
0 0.550000 0.903125 0.015625 0.015625
0 0.532813 0.348438 0.015625 0.015625
0 0.412500 0.870313 0.015625 0.015625
0 0.204687 0.832812 0.015625 0.015625
0 0.515625 0.246875 0.015625 0.015625
0 0.070312 0.734375 0.015625 0.015625
0 0.453125 0.735938 0.015625 0.015625
0 0.393750 0.770312 0.015625 0.015625
0 0.129688 0.832812 0.015625 0.015625
0 0.320312 0.706250 0.015625 0.015625
0 0.490625 0.868750 0.015625 0.015625
0 0.190625 0.670312 0.015625 0.015625
0 0.470313 0.835938 0.015625 0.015625
0 0.515625 0.379688 0.015625 0.015625
0 0.506250 0.903125 0.015625 0.015625
0 0.167187 0.832812 0.015625 0.015625
0 0.260937 0.868750 0.015625 0.015625
0 0.242188 0.704688 0.015625 0.015625
0 0.285938 0.831250 0.015625 0.015625
0 0.100000 0.179688 0.015625 0.015625
0 0.659375 0.707812 0.015625 0.015625
0 0.015625 0.701562 0.015625 0.015625
0 0.048438 0.898438 0.015625 0.015625
0 0.012500 0.832812 0.015625 0.015625
0 0.118750 0.209375 0.015625 0.015625
0 0.264062 0.801562 0.015625 0.015625
0 0.548438 0.706250 0.015625 0.015625
0 0.304688 0.473438 0.015625 0.015625
0 0.112500 0.798438 0.015625 0.015625
0 0.265625 0.739062 0.015625 0.015625
0 0.581250 0.904687 0.015625 0.015625
0 0.454688 0.801562 0.015625 0.015625
0 0.435937 0.834375 0.015625 0.015625
0 0.187500 0.867188 0.015625 0.015625
0 0.390625 0.901563 0.015625 0.015625
0 0.212500 0.309375 0.015625 0.015625
0 0.631250 0.187500 0.015625 0.015625
0 0.573438 0.868750 0.015625 0.015625
0 0.090625 0.767188 0.015625 0.015625
0 0.478125 0.381250 0.015625 0.015625
0 0.620313 0.707812 0.015625 0.015625
0 0.398438 0.704688 0.015625 0.015625
0 0.148438 0.734375 0.015625 0.015625
0 0.639062 0.614062 0.015625 0.015625
0 0.303125 0.867188 0.015625 0.015625
0 0.678125 0.875000 0.015625 0.015625
0 0.126562 0.470313 0.015625 0.015625
0 0.660937 0.840625 0.015625 0.015625
0 0.462500 0.346875 0.015625 0.015625
0 0.265625 0.407813 0.015625 0.015625
0 0.093750 0.635938 0.015625 0.015625
0 0.146875 0.671875 0.015625 0.015625
0 0.612500 0.353125 0.015625 0.015625
0 0.035937 0.668750 0.015625 0.015625
0 0.590625 0.448437 0.015625 0.015625
0 0.207813 0.768750 0.015625 0.015625
0 0.628125 0.248438 0.015625 0.015625
0 0.189062 0.734375 0.015625 0.015625
0 0.404687 0.315625 0.015625 0.015625
0 0.465625 0.900000 0.015625 0.015625
0 0.554688 0.381250 0.015625 0.015625
0 0.106250 0.865625 0.015625 0.015625
0 0.375000 0.801562 0.015625 0.015625
0 0.623437 0.770312 0.015625 0.015625
0 0.642188 0.871875 0.015625 0.015625
0 0.246875 0.771875 0.015625 0.015625
0 0.337500 0.739062 0.015625 0.015625
0 0.070312 0.796875 0.015625 0.015625
0 0.145313 0.867188 0.015625 0.015625
0 0.660937 0.771875 0.015625 0.015625
0 0.498437 0.546875 0.015625 0.015625
0 0.604688 0.740625 0.015625 0.015625
0 0.665625 0.382812 0.015625 0.015625
0 0.448437 0.081250 0.015625 0.015625
0 0.323437 0.509375 0.015625 0.015625
0 0.007812 0.009375 0.015625 0.015625
0 0.168750 0.703125 0.015625 0.015625
0 0.303125 0.801562 0.015625 0.015625
0 0.231250 0.470313 0.015625 0.015625
0 0.051562 0.829688 0.015625 0.015625
0 0.428125 0.284375 0.015625 0.015625
0 0.051562 0.765625 0.015625 0.015625
0 0.575000 0.417187 0.015625 0.015625
0 0.612500 0.417187 0.015625 0.015625
0 0.365625 0.242188 0.015625 0.015625
0 0.225000 0.737500 0.015625 0.015625
0 0.537500 0.018750 0.015625 0.015625
0 0.151562 0.343750 0.015625 0.015625
0 0.068750 0.865625 0.015625 0.015625
0 0.053125 0.634375 0.015625 0.015625
0 0.385937 0.345313 0.015625 0.015625
0 0.678125 0.614062 0.015625 0.015625
0 0.150000 0.798438 0.015625 0.015625
0 0.415625 0.739062 0.015625 0.015625
0 0.226562 0.801562 0.015625 0.015625
0 0.979688 0.879687 0.015625 0.015625
0 0.775000 0.843750 0.015625 0.015625
0 0.903125 0.879687 0.015625 0.015625
0 0.734375 0.843750 0.015625 0.015625
0 0.865625 0.878125 0.015625 0.015625
0 0.943750 0.879687 0.015625 0.015625
0 0.887500 0.845313 0.015625 0.015625
0 0.715625 0.873437 0.015625 0.015625
0 0.773438 0.709375 0.015625 0.015625
0 0.751563 0.873437 0.015625 0.015625
0 0.829688 0.743750 0.015625 0.015625
0 0.740625 0.382812 0.015625 0.015625
0 0.725000 0.218750 0.015625 0.015625
0 0.696875 0.842187 0.015625 0.015625
0 0.754687 0.809375 0.015625 0.015625
0 0.848437 0.846875 0.015625 0.015625
0 0.815625 0.845313 0.015625 0.015625
0 0.754687 0.743750 0.015625 0.015625
0 0.715625 0.743750 0.015625 0.015625
0 0.867188 0.617188 0.015625 0.015625
0 0.732812 0.709375 0.015625 0.015625
0 0.850000 0.648438 0.015625 0.015625
0 0.943750 0.814063 0.015625 0.015625
0 0.887500 0.779687 0.015625 0.015625
0 0.693750 0.771875 0.015625 0.015625
0 0.715625 0.679688 0.015625 0.015625
0 0.810937 0.709375 0.015625 0.015625
0 0.779687 0.251563 0.015625 0.015625
0 0.714063 0.807813 0.015625 0.015625
0 0.942187 0.682813 0.015625 0.015625
0 0.765625 0.217188 0.015625 0.015625
0 0.742188 0.254688 0.015625 0.015625
0 0.792188 0.615625 0.015625 0.015625
0 0.703125 0.254688 0.015625 0.015625
0 0.792188 0.679688 0.015625 0.015625
0 0.989062 0.285938 0.015625 0.015625
0 0.776563 0.645312 0.015625 0.015625
0 0.829688 0.679688 0.015625 0.015625
0 0.718750 0.417187 0.015625 0.015625
0 0.945312 0.618750 0.015625 0.015625
0 0.679688 0.678125 0.015625 0.015625
0 0.792188 0.873437 0.015625 0.015625
0 0.829688 0.876563 0.015625 0.015625
0 0.964063 0.190625 0.015625 0.015625
0 0.800000 0.353125 0.015625 0.015625
0 0.703125 0.381250 0.015625 0.015625
0 0.775000 0.778125 0.015625 0.015625
0 0.925000 0.846875 0.015625 0.015625
0 0.762500 0.353125 0.015625 0.015625
0 0.792188 0.810937 0.015625 0.015625
0 0.832812 0.426563 0.015625 0.015625
0 0.829688 0.617188 0.015625 0.015625
0 0.853125 0.710938 0.015625 0.015625
0 0.810937 0.778125 0.015625 0.015625
0 0.876563 0.215625 0.015625 0.015625
0 0.681250 0.543750 0.015625 0.015625
0 0.778125 0.385937 0.015625 0.015625
0 0.965625 0.648438 0.015625 0.015625
0 0.848437 0.778125 0.015625 0.015625
0 0.964063 0.582812 0.015625 0.015625
0 0.695312 0.709375 0.015625 0.015625
0 0.812500 0.645312 0.015625 0.015625
0 0.440625 0.246875 0.015625 0.015625
0 0.982812 0.617188 0.015625 0.015625
0 0.889062 0.357812 0.015625 0.015625
0 0.925000 0.781250 0.015625 0.015625
0 0.723437 0.351562 0.015625 0.015625
0 0.903125 0.746875 0.015625 0.015625
0 0.465625 0.968750 0.015625 0.015625
0 0.564063 0.935937 0.015625 0.015625
0 0.353125 0.967187 0.015625 0.015625
0 0.239063 0.965625 0.015625 0.015625
0 0.389062 0.968750 0.015625 0.015625
0 0.029687 0.929688 0.015625 0.015625
0 0.315625 0.967187 0.015625 0.015625
0 0.106250 0.995313 0.015625 0.015625
0 0.581250 0.970313 0.015625 0.015625
0 0.410938 0.935937 0.015625 0.015625
0 0.503125 0.968750 0.015625 0.015625
0 0.485938 0.935937 0.015625 0.015625
0 0.068750 0.931250 0.015625 0.015625
0 0.542188 0.970313 0.015625 0.015625
0 0.012500 0.959375 0.015625 0.015625
0 0.125000 0.965625 0.015625 0.015625
0 0.257812 0.995313 0.015625 0.015625
0 0.295312 0.932813 0.015625 0.015625
0 0.142187 0.996875 0.015625 0.015625
0 0.162500 0.965625 0.015625 0.015625
0 0.179688 0.998437 0.015625 0.015625
0 0.601562 0.935937 0.015625 0.015625
0 0.429688 0.968750 0.015625 0.015625
0 0.200000 0.965625 0.015625 0.015625
0 0.370312 0.934375 0.015625 0.015625
0 0.901563 0.945312 0.015625 0.015625
0 0.806250 0.971875 0.015625 0.015625
0 0.729688 0.971875 0.015625 0.015625
0 0.448437 0.939063 0.015625 0.015625
0 0.921875 0.026562 0.015625 0.015625
0 0.953125 0.031250 0.015625 0.015625
0 0.457813 0.151562 0.015625 0.015625
0 0.487500 0.154688 0.015625 0.015625
0 0.531250 0.156250 0.015625 0.015625
0 0.614062 0.157812 0.015625 0.015625
0 0.651563 0.157812 0.015625 0.015625
0 0.684375 0.159375 0.015625 0.015625
0 0.425000 0.082812 0.015625 0.015625
0 0.389062 0.078125 0.015625 0.015625
0 0.404687 0.048438 0.015625 0.015625
0 0.442188 0.051562 0.015625 0.015625
0 0.159375 0.010937 0.015625 0.015625
0 0.196875 0.017188 0.015625 0.015625
0 0.232813 0.017188 0.015625 0.015625
