0 0.579688 0.021875 0.015625 0.015625
0 0.614062 0.087500 0.015625 0.015625
0 0.639062 0.156250 0.015625 0.015625
0 0.714063 0.157812 0.015625 0.015625
0 0.756250 0.221875 0.015625 0.015625
0 0.681250 0.223438 0.015625 0.015625
0 0.789062 0.290625 0.015625 0.015625
0 0.717187 0.292187 0.015625 0.015625
0 0.678125 0.354687 0.015625 0.015625
0 0.754687 0.356250 0.015625 0.015625
0 0.831250 0.357812 0.015625 0.015625
0 0.710938 0.415625 0.015625 0.015625
0 0.790625 0.423438 0.015625 0.015625
0 0.887500 0.440625 0.015625 0.015625
0 0.978125 0.440625 0.015625 0.015625
0 0.753125 0.484375 0.015625 0.015625
0 0.818750 0.485938 0.015625 0.015625
0 0.704688 0.545312 0.015625 0.015625
0 0.789062 0.548438 0.015625 0.015625
0 0.750000 0.610938 0.015625 0.015625
0 0.837500 0.643750 0.015625 0.015625
0 0.709375 0.678125 0.015625 0.015625
0 0.743750 0.743750 0.015625 0.015625
0 0.854688 0.746875 0.015625 0.015625
0 0.706250 0.809375 0.015625 0.015625
0 0.785937 0.812500 0.015625 0.015625
0 0.745313 0.876563 0.015625 0.015625
0 0.818750 0.878125 0.015625 0.015625
0 0.784375 0.943750 0.015625 0.015625
0 0.710938 0.945312 0.015625 0.015625
