0 0.176563 0.398438 0.015625 0.015625
0 0.409375 0.400000 0.015625 0.015625
0 0.259375 0.398438 0.015625 0.015625
0 0.367188 0.598437 0.015625 0.015625
0 0.595313 0.596875 0.015625 0.015625
0 0.068750 0.596875 0.015625 0.015625
0 0.232813 0.067187 0.015625 0.015625
0 0.592187 0.993750 0.015625 0.015625
0 0.140625 0.725000 0.015625 0.015625
0 0.442188 0.992188 0.015625 0.015625
0 0.668750 0.993750 0.015625 0.015625
0 0.592187 0.865625 0.015625 0.015625
0 0.262500 0.137500 0.015625 0.015625
0 0.593750 0.728125 0.015625 0.015625
0 0.442188 0.865625 0.015625 0.015625
0 0.596875 0.467187 0.015625 0.015625
0 0.743750 0.868750 0.015625 0.015625
0 0.450000 0.201563 0.015625 0.015625
0 0.220312 0.467187 0.015625 0.015625
0 0.368750 0.468750 0.015625 0.015625
0 0.171875 0.918750 0.015625 0.015625
0 0.450000 0.471875 0.015625 0.015625
0 0.634375 0.796875 0.015625 0.015625
0 0.517188 0.726562 0.015625 0.015625
0 0.710938 0.793750 0.015625 0.015625
0 0.557813 0.795312 0.015625 0.015625
0 0.059375 0.723437 0.015625 0.015625
0 0.382812 0.068750 0.015625 0.015625
0 0.443750 0.598437 0.015625 0.015625
0 0.407813 0.793750 0.015625 0.015625
0 0.482812 0.664062 0.015625 0.015625
0 0.518750 0.596875 0.015625 0.015625
0 0.367188 0.726562 0.015625 0.015625
0 0.296875 0.468750 0.015625 0.015625
0 0.292187 0.726562 0.015625 0.015625
0 0.742188 0.993750 0.015625 0.015625
0 0.414062 0.137500 0.015625 0.015625
0 0.560937 0.528125 0.015625 0.015625
0 0.217188 0.726562 0.015625 0.015625
0 0.409375 0.664062 0.015625 0.015625
0 0.264062 0.265625 0.015625 0.015625
0 0.339062 0.134375 0.015625 0.015625
0 0.785937 0.796875 0.015625 0.015625
0 0.668750 0.729688 0.015625 0.015625
0 0.107813 0.526563 0.015625 0.015625
0 0.151562 0.065625 0.015625 0.015625
0 0.514062 0.990625 0.015625 0.015625
0 0.034375 0.525000 0.015625 0.015625
0 0.323437 0.792188 0.015625 0.015625
0 0.834375 0.073438 0.015625 0.015625
0 0.557813 0.926562 0.015625 0.015625
0 0.746875 0.729688 0.015625 0.015625
0 0.365625 0.990625 0.015625 0.015625
0 0.764062 0.071875 0.015625 0.015625
0 0.251563 0.664062 0.015625 0.015625
0 0.443750 0.728125 0.015625 0.015625
0 0.095312 0.920312 0.015625 0.015625
0 0.189062 0.129688 0.015625 0.015625
0 0.290625 0.598437 0.015625 0.015625
0 0.334375 0.664062 0.015625 0.015625
0 0.257812 0.529687 0.015625 0.015625
0 0.634375 0.664062 0.015625 0.015625
0 0.000000 0.062500 0.015625 0.015625
0 0.481250 0.532813 0.015625 0.015625
0 0.332813 0.534375 0.015625 0.015625
0 0.107813 0.395313 0.015625 0.015625
0 0.042188 0.117188 0.015625 0.015625
0 0.629687 0.931250 0.015625 0.015625
0 0.409375 0.923438 0.015625 0.015625
0 0.073438 0.064062 0.015625 0.015625
0 0.476562 0.793750 0.015625 0.015625
0 0.400000 0.528125 0.015625 0.015625
0 0.818750 0.995313 0.015625 0.015625
0 0.800000 0.010937 0.015625 0.015625
0 0.256250 0.793750 0.015625 0.015625
0 0.304688 0.067187 0.015625 0.015625
0 0.296875 0.326562 0.015625 0.015625
0 0.153125 0.465625 0.015625 0.015625
0 0.557813 0.662500 0.015625 0.015625
0 0.132812 0.982812 0.015625 0.015625
0 0.985938 0.203125 0.015625 0.015625
0 0.914062 0.203125 0.015625 0.015625
0 0.985938 0.076563 0.015625 0.015625
0 0.942187 0.270313 0.015625 0.015625
0 0.368750 0.867188 0.015625 0.015625
0 0.948438 0.137500 0.015625 0.015625
0 0.867188 0.142187 0.015625 0.015625
0 0.975000 0.337500 0.015625 0.015625
0 0.281250 0.989062 0.015625 0.015625
0 0.204687 0.984375 0.015625 0.015625
0 0.182812 0.790625 0.015625 0.015625
0 0.103125 0.795312 0.015625 0.015625
0 0.026562 0.785937 0.015625 0.015625
0 0.079687 0.464062 0.015625 0.015625
0 0.523438 0.468750 0.015625 0.015625
0 0.106250 0.657813 0.015625 0.015625
0 0.178125 0.659375 0.015625 0.015625
0 0.221875 0.598437 0.015625 0.015625
0 0.145313 0.598437 0.015625 0.015625
0 0.456250 0.328125 0.015625 0.015625
0 0.481250 0.400000 0.015625 0.015625
0 0.039062 0.393750 0.015625 0.015625
0 0.332813 0.403125 0.015625 0.015625
0 0.418750 0.000000 0.015625 0.015625
0 0.451562 0.070312 0.015625 0.015625
0 0.484375 0.142187 0.015625 0.015625
0 0.525000 0.059375 0.015625 0.015625
0 0.493750 0.007812 0.015625 0.015625
0 0.568750 0.006250 0.015625 0.015625
0 0.615625 0.071875 0.015625 0.015625
0 0.653125 0.148438 0.015625 0.015625
0 0.514062 0.196875 0.015625 0.015625
0 0.557813 0.264062 0.015625 0.015625
0 0.596875 0.337500 0.015625 0.015625
0 0.400000 0.270313 0.015625 0.015625
0 0.568750 0.395313 0.015625 0.015625
0 0.017188 0.917188 0.015625 0.015625
0 0.250000 0.915625 0.015625 0.015625
0 0.303125 0.915625 0.015625 0.015625
0 0.295312 0.867188 0.015625 0.015625
0 0.204687 0.870313 0.015625 0.015625
0 0.056250 0.868750 0.015625 0.015625
0 0.121875 0.867188 0.015625 0.015625
0 0.484375 0.926562 0.015625 0.015625
0 0.626563 0.404687 0.015625 0.015625
0 0.667188 0.464062 0.015625 0.015625
0 0.703125 0.523438 0.015625 0.015625
0 0.740625 0.596875 0.015625 0.015625
0 0.784375 0.668750 0.015625 0.015625
0 0.821875 0.740625 0.015625 0.015625
0 0.853125 0.803125 0.015625 0.015625
0 0.898438 0.878125 0.015625 0.015625
0 0.932813 0.934375 0.015625 0.015625
0 0.965625 0.995313 0.015625 0.015625
0 0.668750 0.326562 0.015625 0.015625
0 0.632812 0.259375 0.015625 0.015625
0 0.600000 0.193750 0.015625 0.015625
0 0.712500 0.400000 0.015625 0.015625
0 0.754687 0.478125 0.015625 0.015625
0 0.800000 0.545312 0.015625 0.015625
0 0.829688 0.609375 0.015625 0.015625
0 0.946875 0.007812 0.015625 0.015625
0 0.879687 0.003125 0.015625 0.015625
0 0.898438 0.075000 0.015625 0.015625
0 0.821875 0.203125 0.015625 0.015625
0 0.790625 0.139063 0.015625 0.015625
0 0.759375 0.207813 0.015625 0.015625
0 0.870313 0.273438 0.015625 0.015625
0 0.790625 0.271875 0.015625 0.015625
0 0.815625 0.342187 0.015625 0.015625
0 0.860938 0.406250 0.015625 0.015625
0 0.896875 0.468750 0.015625 0.015625
0 0.939063 0.529687 0.015625 0.015625
0 0.875000 0.535937 0.015625 0.015625
0 0.839063 0.464062 0.015625 0.015625
0 0.904687 0.592187 0.015625 0.015625
0 0.971875 0.606250 0.015625 0.015625
0 0.735938 0.003125 0.015625 0.015625
0 0.029687 0.264062 0.015625 0.015625
0 0.117188 0.262500 0.015625 0.015625
0 0.178125 0.264062 0.015625 0.015625
0 0.220312 0.317188 0.015625 0.015625
0 0.114062 0.129688 0.015625 0.015625
0 0.078125 0.200000 0.015625 0.015625
0 0.159375 0.201563 0.015625 0.015625
0 0.092188 0.328125 0.015625 0.015625
0 0.706250 0.926562 0.015625 0.015625
0 0.778125 0.926562 0.015625 0.015625
0 0.823438 0.873437 0.015625 0.015625
0 0.857812 0.932813 0.015625 0.015625
0 0.890625 0.987500 0.015625 0.015625
0 0.523438 0.332813 0.015625 0.015625
0 0.376563 0.335938 0.015625 0.015625
0 0.300000 0.201563 0.015625 0.015625
0 0.378125 0.203125 0.015625 0.015625
0 0.064062 0.985938 0.015625 0.015625
0 0.178125 0.531250 0.015625 0.015625
0 0.023438 0.654687 0.015625 0.015625
0 0.507812 0.870313 0.015625 0.015625
