0 0.031250 0.521875 0.015625 0.015625
0 0.075000 0.589063 0.015625 0.015625
0 0.106250 0.659375 0.015625 0.015625
0 0.026562 0.654687 0.015625 0.015625
0 0.065625 0.720313 0.015625 0.015625
0 0.140625 0.725000 0.015625 0.015625
0 0.218750 0.720313 0.015625 0.015625
0 0.106250 0.790625 0.015625 0.015625
0 0.025000 0.787500 0.015625 0.015625
0 0.071875 0.853125 0.015625 0.015625
0 0.142187 0.856250 0.015625 0.015625
0 0.209375 0.856250 0.015625 0.015625
0 0.025000 0.921875 0.015625 0.015625
0 0.096875 0.921875 0.015625 0.015625
0 0.181250 0.925000 0.015625 0.015625
0 0.245312 0.926562 0.015625 0.015625
0 0.315625 0.929688 0.015625 0.015625
0 0.145313 0.992188 0.015625 0.015625
0 0.201563 0.992188 0.015625 0.015625
0 0.298438 0.990625 0.015625 0.015625
0 0.368750 0.995313 0.015625 0.015625
0 0.432812 0.992188 0.015625 0.015625
0 0.395313 0.925000 0.015625 0.015625
0 0.362500 0.859375 0.015625 0.015625
0 0.300000 0.857812 0.015625 0.015625
0 0.296875 0.731250 0.015625 0.015625
0 0.254688 0.657813 0.015625 0.015625
0 0.192188 0.659375 0.015625 0.015625
0 0.148438 0.592187 0.015625 0.015625
0 0.221875 0.598437 0.015625 0.015625
0 0.342187 0.660937 0.015625 0.015625
0 0.409375 0.664062 0.015625 0.015625
0 0.382812 0.732812 0.015625 0.015625
0 0.484375 0.803125 0.015625 0.015625
0 0.520312 0.871875 0.015625 0.015625
0 0.445312 0.860938 0.015625 0.015625
0 0.485938 0.935937 0.015625 0.015625
0 0.543750 0.937500 0.015625 0.015625
0 0.523438 0.992188 0.015625 0.015625
0 0.593750 0.998437 0.015625 0.015625
0 0.623437 0.923438 0.015625 0.015625
0 0.596875 0.854688 0.015625 0.015625
0 0.660937 0.870313 0.015625 0.015625
0 0.565625 0.662500 0.015625 0.015625
0 0.679688 0.742188 0.015625 0.015625
0 0.635938 0.810937 0.015625 0.015625
0 0.720313 0.806250 0.015625 0.015625
0 0.706250 0.673438 0.015625 0.015625
0 0.782813 0.673438 0.015625 0.015625
0 0.746875 0.607812 0.015625 0.015625
0 0.673438 0.601562 0.015625 0.015625
0 0.000000 0.323437 0.015625 0.015625
0 0.073438 0.325000 0.015625 0.015625
0 0.226562 0.326562 0.015625 0.015625
0 0.378125 0.329688 0.015625 0.015625
0 0.450000 0.331250 0.015625 0.015625
0 0.304688 0.331250 0.015625 0.015625
0 0.607812 0.340625 0.015625 0.015625
0 0.687500 0.340625 0.015625 0.015625
0 0.762500 0.342187 0.015625 0.015625
0 0.837500 0.346875 0.015625 0.015625
0 0.910937 0.346875 0.015625 0.015625
0 0.500000 0.387500 0.015625 0.015625
0 0.190625 0.393750 0.015625 0.015625
0 0.265625 0.393750 0.015625 0.015625
0 0.114062 0.395313 0.015625 0.015625
0 0.343750 0.396875 0.015625 0.015625
0 0.415625 0.400000 0.015625 0.015625
0 0.792188 0.403125 0.015625 0.015625
0 0.639062 0.404687 0.015625 0.015625
0 0.871875 0.409375 0.015625 0.015625
0 0.446875 0.460938 0.015625 0.015625
0 0.300000 0.460938 0.015625 0.015625
0 0.221875 0.462500 0.015625 0.015625
0 0.987500 0.462500 0.015625 0.015625
0 0.070312 0.464062 0.015625 0.015625
0 0.371875 0.465625 0.015625 0.015625
0 0.145313 0.467187 0.015625 0.015625
0 0.909375 0.473438 0.015625 0.015625
0 0.492188 0.498437 0.015625 0.015625
0 0.262500 0.525000 0.015625 0.015625
0 0.412500 0.528125 0.015625 0.015625
0 0.185938 0.531250 0.015625 0.015625
0 0.101562 0.535937 0.015625 0.015625
0 0.942187 0.543750 0.015625 0.015625
0 0.825000 0.606250 0.015625 0.015625
0 0.901563 0.609375 0.015625 0.015625
0 0.976562 0.609375 0.015625 0.015625
0 0.939063 0.678125 0.015625 0.015625
0 0.970313 0.742188 0.015625 0.015625
0 0.790625 0.800000 0.015625 0.015625
0 0.867188 0.800000 0.015625 0.015625
0 0.942187 0.804688 0.015625 0.015625
0 0.751563 0.862500 0.015625 0.015625
0 0.828125 0.867188 0.015625 0.015625
0 0.923438 0.915625 0.015625 0.015625
0 0.707812 0.939063 0.015625 0.015625
0 0.851562 0.940625 0.015625 0.015625
0 0.656250 0.471875 0.015625 0.015625
0 0.718750 0.404687 0.015625 0.015625
0 0.565625 0.401562 0.015625 0.015625
0 0.542188 0.334375 0.015625 0.015625
0 0.159375 0.323437 0.015625 0.015625
0 0.489063 0.531250 0.015625 0.015625
0 0.570312 0.540625 0.015625 0.015625
0 0.453125 0.603125 0.015625 0.015625
0 0.484375 0.676562 0.015625 0.015625
0 0.353125 0.604688 0.015625 0.015625
0 0.051562 0.254688 0.015625 0.015625
0 0.112500 0.256250 0.015625 0.015625
0 0.193750 0.257812 0.015625 0.015625
0 0.265625 0.259375 0.015625 0.015625
0 0.345313 0.260937 0.015625 0.015625
0 0.423438 0.260937 0.015625 0.015625
0 0.495312 0.267188 0.015625 0.015625
0 0.582812 0.265625 0.015625 0.015625
0 0.651563 0.268750 0.015625 0.015625
0 0.732812 0.271875 0.015625 0.015625
0 0.810937 0.276562 0.015625 0.015625
0 0.884375 0.273438 0.015625 0.015625
0 0.962500 0.278125 0.015625 0.015625
0 0.900000 0.735938 0.015625 0.015625
0 0.823438 0.737500 0.015625 0.015625
0 0.754687 0.734375 0.015625 0.015625
0 0.871875 0.670312 0.015625 0.015625
0 0.445312 0.728125 0.015625 0.015625
0 0.340625 0.790625 0.015625 0.015625
0 0.257812 0.787500 0.015625 0.015625
0 0.175000 0.784375 0.015625 0.015625
0 0.946875 0.412500 0.015625 0.015625
