0 0.007812 0.035937 0.015625 0.015625
0 0.081250 0.037500 0.015625 0.015625
0 0.159375 0.040625 0.015625 0.015625
0 0.234375 0.043750 0.015625 0.015625
0 0.310937 0.048438 0.015625 0.015625
0 0.532813 0.048438 0.015625 0.015625
0 0.460938 0.051562 0.015625 0.015625
0 0.606250 0.051562 0.015625 0.015625
0 0.379688 0.054688 0.015625 0.015625
0 0.042188 0.101562 0.015625 0.015625
0 0.123438 0.103125 0.015625 0.015625
0 0.196875 0.104688 0.015625 0.015625
0 0.342187 0.110937 0.015625 0.015625
0 0.268750 0.110937 0.015625 0.015625
0 0.495312 0.114062 0.015625 0.015625
0 0.417187 0.114062 0.015625 0.015625
0 0.565625 0.115625 0.015625 0.015625
0 0.004687 0.168750 0.015625 0.015625
0 0.081250 0.170313 0.015625 0.015625
0 0.306250 0.170313 0.015625 0.015625
0 0.228125 0.170313 0.015625 0.015625
0 0.385937 0.175000 0.015625 0.015625
0 0.156250 0.175000 0.015625 0.015625
0 0.457813 0.176563 0.015625 0.015625
0 0.531250 0.179688 0.015625 0.015625
0 0.587500 0.195312 0.015625 0.015625
0 0.040625 0.239063 0.015625 0.015625
0 0.190625 0.240625 0.015625 0.015625
0 0.117188 0.242188 0.015625 0.015625
0 0.268750 0.243750 0.015625 0.015625
0 0.340625 0.245312 0.015625 0.015625
0 0.420312 0.250000 0.015625 0.015625
