0 0.089063 0.007812 0.015625 0.015625
0 0.509375 0.039062 0.015625 0.015625
0 0.551562 0.046875 0.015625 0.015625
0 0.621875 0.050000 0.015625 0.015625
0 0.701562 0.053125 0.015625 0.015625
0 0.937500 0.059375 0.015625 0.015625
0 0.862500 0.060937 0.015625 0.015625
0 0.132812 0.073438 0.015625 0.015625
0 0.431250 0.095312 0.015625 0.015625
0 0.279687 0.104688 0.015625 0.015625
0 0.056250 0.109375 0.015625 0.015625
0 0.204687 0.112500 0.015625 0.015625
0 0.660937 0.112500 0.015625 0.015625
0 0.817187 0.114062 0.015625 0.015625
0 0.735938 0.117188 0.015625 0.015625
0 0.970313 0.128125 0.015625 0.015625
0 0.701562 0.182812 0.015625 0.015625
0 0.778125 0.184375 0.015625 0.015625
0 0.853125 0.185938 0.015625 0.015625
0 0.243750 0.187500 0.015625 0.015625
0 0.012500 0.189062 0.015625 0.015625
0 0.928125 0.193750 0.015625 0.015625
0 0.484375 0.193750 0.015625 0.015625
0 0.314063 0.195312 0.015625 0.015625
0 0.056250 0.200000 0.015625 0.015625
0 0.165625 0.215625 0.015625 0.015625
0 0.734375 0.243750 0.015625 0.015625
0 0.206250 0.245312 0.015625 0.015625
0 0.279687 0.246875 0.015625 0.015625
0 0.357812 0.248438 0.015625 0.015625
0 0.435937 0.250000 0.015625 0.015625
0 0.812500 0.253125 0.015625 0.015625
0 0.885938 0.265625 0.015625 0.015625
0 0.237500 0.309375 0.015625 0.015625
0 0.314063 0.309375 0.015625 0.015625
0 0.165625 0.317188 0.015625 0.015625
0 0.773438 0.318750 0.015625 0.015625
0 0.456250 0.340625 0.015625 0.015625
0 0.931250 0.351562 0.015625 0.015625
0 0.856250 0.351562 0.015625 0.015625
0 0.128125 0.375000 0.015625 0.015625
0 0.204687 0.378125 0.015625 0.015625
0 0.356250 0.381250 0.015625 0.015625
0 0.812500 0.382812 0.015625 0.015625
0 0.432812 0.385937 0.015625 0.015625
0 0.284375 0.390625 0.015625 0.015625
0 0.607812 0.409375 0.015625 0.015625
0 0.526563 0.410938 0.015625 0.015625
0 0.251563 0.443750 0.015625 0.015625
0 0.759375 0.468750 0.015625 0.015625
0 0.631250 0.476562 0.015625 0.015625
0 0.362500 0.481250 0.015625 0.015625
0 0.281250 0.506250 0.015625 0.015625
0 0.435937 0.506250 0.015625 0.015625
0 0.582812 0.518750 0.015625 0.015625
0 0.882812 0.518750 0.015625 0.015625
0 0.659375 0.520312 0.015625 0.015625
0 0.004687 0.539062 0.015625 0.015625
0 0.085938 0.567187 0.015625 0.015625
0 0.240625 0.570312 0.015625 0.015625
0 0.390625 0.575000 0.015625 0.015625
0 0.315625 0.575000 0.015625 0.015625
0 0.617188 0.576562 0.015625 0.015625
0 0.465625 0.576562 0.015625 0.015625
0 0.542188 0.578125 0.015625 0.015625
0 0.767188 0.582812 0.015625 0.015625
0 0.917188 0.587500 0.015625 0.015625
0 0.995313 0.589063 0.015625 0.015625
0 0.204687 0.635938 0.015625 0.015625
0 0.278125 0.637500 0.015625 0.015625
0 0.587500 0.637500 0.015625 0.015625
0 0.657813 0.640625 0.015625 0.015625
0 0.353125 0.640625 0.015625 0.015625
0 0.432812 0.643750 0.015625 0.015625
0 0.807813 0.645312 0.015625 0.015625
0 0.507812 0.646875 0.015625 0.015625
0 0.731250 0.646875 0.015625 0.015625
0 0.960938 0.650000 0.015625 0.015625
0 0.882812 0.651563 0.015625 0.015625
0 0.162500 0.690625 0.015625 0.015625
0 0.093750 0.690625 0.015625 0.015625
0 0.765625 0.696875 0.015625 0.015625
0 0.235937 0.700000 0.015625 0.015625
0 0.309375 0.701562 0.015625 0.015625
0 0.390625 0.706250 0.015625 0.015625
0 0.545312 0.709375 0.015625 0.015625
0 0.462500 0.709375 0.015625 0.015625
0 0.998437 0.712500 0.015625 0.015625
0 0.925000 0.714063 0.015625 0.015625
0 0.690625 0.714063 0.015625 0.015625
0 0.842187 0.720313 0.015625 0.015625
0 0.764062 0.740625 0.015625 0.015625
0 0.048438 0.768750 0.015625 0.015625
0 0.120313 0.770312 0.015625 0.015625
0 0.201563 0.771875 0.015625 0.015625
0 0.353125 0.771875 0.015625 0.015625
0 0.276562 0.773438 0.015625 0.015625
0 0.428125 0.775000 0.015625 0.015625
0 0.579688 0.776563 0.015625 0.015625
0 0.510938 0.782813 0.015625 0.015625
0 0.654687 0.785937 0.015625 0.015625
0 0.729688 0.787500 0.015625 0.015625
0 0.234375 0.842187 0.015625 0.015625
0 0.382812 0.842187 0.015625 0.015625
0 0.156250 0.843750 0.015625 0.015625
0 0.620313 0.845313 0.015625 0.015625
0 0.310937 0.846875 0.015625 0.015625
0 0.079687 0.848437 0.015625 0.015625
0 0.943750 0.865625 0.015625 0.015625
0 0.793750 0.892188 0.015625 0.015625
0 0.589063 0.896875 0.015625 0.015625
0 0.735938 0.896875 0.015625 0.015625
0 0.662500 0.898438 0.015625 0.015625
0 0.431250 0.906250 0.015625 0.015625
0 0.110937 0.917188 0.015625 0.015625
0 0.331250 0.926562 0.015625 0.015625
0 0.181250 0.931250 0.015625 0.015625
0 0.007812 0.935937 0.015625 0.015625
0 0.250000 0.935937 0.015625 0.015625
0 0.384375 0.937500 0.015625 0.015625
0 0.548438 0.964063 0.015625 0.015625
0 0.640625 0.967187 0.015625 0.015625
0 0.689063 0.968750 0.015625 0.015625
0 0.315625 0.968750 0.015625 0.015625
0 0.462500 0.971875 0.015625 0.015625
0 0.990625 0.985938 0.015625 0.015625
0 0.007812 0.990625 0.015625 0.015625
