0 0.126562 0.010937 0.015625 0.015625
0 0.206250 0.014063 0.015625 0.015625
0 0.357812 0.017188 0.015625 0.015625
0 0.573438 0.020313 0.015625 0.015625
0 0.290625 0.020313 0.015625 0.015625
0 0.429688 0.023438 0.015625 0.015625
0 0.504687 0.025000 0.015625 0.015625
0 0.653125 0.029687 0.015625 0.015625
0 0.732812 0.031250 0.015625 0.015625
0 0.828125 0.045312 0.015625 0.015625
0 0.012500 0.070312 0.015625 0.015625
0 0.164062 0.071875 0.015625 0.015625
0 0.087500 0.075000 0.015625 0.015625
0 0.387500 0.076563 0.015625 0.015625
0 0.312500 0.078125 0.015625 0.015625
0 0.240625 0.078125 0.015625 0.015625
0 0.543750 0.081250 0.015625 0.015625
0 0.460938 0.084375 0.015625 0.015625
0 0.685937 0.087500 0.015625 0.015625
0 0.614062 0.087500 0.015625 0.015625
0 0.846875 0.090625 0.015625 0.015625
0 0.764062 0.092188 0.015625 0.015625
0 0.282813 0.131250 0.015625 0.015625
0 0.360938 0.134375 0.015625 0.015625
0 0.054688 0.135937 0.015625 0.015625
0 0.804688 0.140625 0.015625 0.015625
0 0.128125 0.142187 0.015625 0.015625
0 0.884375 0.145313 0.015625 0.015625
0 0.425000 0.145313 0.015625 0.015625
0 0.726562 0.146875 0.015625 0.015625
0 0.576562 0.146875 0.015625 0.015625
0 0.496875 0.150000 0.015625 0.015625
0 0.084375 0.196875 0.015625 0.015625
0 0.312500 0.204687 0.015625 0.015625
0 0.160938 0.210938 0.015625 0.015625
0 0.389062 0.210938 0.015625 0.015625
0 0.460938 0.214062 0.015625 0.015625
0 0.231250 0.214062 0.015625 0.015625
0 0.534375 0.215625 0.015625 0.015625
0 0.612500 0.215625 0.015625 0.015625
0 0.685937 0.217188 0.015625 0.015625
0 0.762500 0.218750 0.015625 0.015625
0 0.840625 0.220312 0.015625 0.015625
0 0.046875 0.250000 0.015625 0.015625
0 0.976562 0.256250 0.015625 0.015625
0 0.131250 0.260937 0.015625 0.015625
0 0.487500 0.262500 0.015625 0.015625
0 0.568750 0.262500 0.015625 0.015625
0 0.642188 0.262500 0.015625 0.015625
0 0.339062 0.262500 0.015625 0.015625
0 0.421875 0.262500 0.015625 0.015625
0 0.275000 0.265625 0.015625 0.015625
0 0.200000 0.268750 0.015625 0.015625
0 0.721875 0.279687 0.015625 0.015625
0 0.803125 0.289062 0.015625 0.015625
0 0.879687 0.290625 0.015625 0.015625
0 0.073438 0.300000 0.015625 0.015625
0 0.682813 0.335938 0.015625 0.015625
0 0.232813 0.340625 0.015625 0.015625
0 0.385937 0.342187 0.015625 0.015625
0 0.087500 0.343750 0.015625 0.015625
0 0.310937 0.343750 0.015625 0.015625
0 0.757812 0.345313 0.015625 0.015625
0 0.157812 0.345313 0.015625 0.015625
0 0.537500 0.345313 0.015625 0.015625
0 0.610938 0.345313 0.015625 0.015625
0 0.460938 0.348438 0.015625 0.015625
0 0.837500 0.348438 0.015625 0.015625
0 0.915625 0.354687 0.015625 0.015625
0 0.046875 0.382812 0.015625 0.015625
0 0.201563 0.385937 0.015625 0.015625
0 0.282813 0.390625 0.015625 0.015625
0 0.348438 0.390625 0.015625 0.015625
0 0.801562 0.406250 0.015625 0.015625
0 0.656250 0.407813 0.015625 0.015625
0 0.500000 0.409375 0.015625 0.015625
0 0.423438 0.414062 0.015625 0.015625
0 0.729688 0.415625 0.015625 0.015625
0 0.120313 0.420312 0.015625 0.015625
0 0.878125 0.421875 0.015625 0.015625
0 0.948438 0.425000 0.015625 0.015625
0 0.278125 0.437500 0.015625 0.015625
0 0.082812 0.478125 0.015625 0.015625
0 0.384375 0.479687 0.015625 0.015625
0 0.684375 0.484375 0.015625 0.015625
0 0.912500 0.487500 0.015625 0.015625
0 0.996875 0.489063 0.015625 0.015625
0 0.237500 0.495312 0.015625 0.015625
0 0.578125 0.498437 0.015625 0.015625
0 0.320312 0.503125 0.015625 0.015625
0 0.810937 0.509375 0.015625 0.015625
0 0.729688 0.521875 0.015625 0.015625
0 0.015625 0.526563 0.015625 0.015625
0 0.640625 0.537500 0.015625 0.015625
0 0.415625 0.539062 0.015625 0.015625
0 0.110937 0.543750 0.015625 0.015625
0 0.345313 0.543750 0.015625 0.015625
0 0.189062 0.546875 0.015625 0.015625
0 0.154688 0.601562 0.015625 0.015625
0 0.454688 0.603125 0.015625 0.015625
0 0.760938 0.604688 0.015625 0.015625
0 0.226562 0.607812 0.015625 0.015625
0 0.612500 0.614062 0.015625 0.015625
0 0.690625 0.617188 0.015625 0.015625
0 0.059375 0.643750 0.015625 0.015625
0 0.432812 0.646875 0.015625 0.015625
0 0.254688 0.667188 0.015625 0.015625
0 0.187500 0.668750 0.015625 0.015625
0 0.739062 0.703125 0.015625 0.015625
0 0.376563 0.709375 0.015625 0.015625
0 0.664062 0.709375 0.015625 0.015625
0 0.593750 0.720313 0.015625 0.015625
0 0.157812 0.731250 0.015625 0.015625
0 0.362500 0.787500 0.015625 0.015625
0 0.109375 0.789062 0.015625 0.015625
0 0.276562 0.793750 0.015625 0.015625
0 0.037500 0.798438 0.015625 0.015625
0 0.626563 0.801562 0.015625 0.015625
0 0.543750 0.804688 0.015625 0.015625
0 0.332813 0.835938 0.015625 0.015625
0 0.079687 0.860938 0.015625 0.015625
0 0.004687 0.892188 0.015625 0.015625
0 0.617188 0.896875 0.015625 0.015625
0 0.196875 0.929688 0.015625 0.015625
0 0.123438 0.929688 0.015625 0.015625
0 0.275000 0.931250 0.015625 0.015625
0 0.037500 0.935937 0.015625 0.015625
0 0.442188 0.973437 0.015625 0.015625
0 0.312500 0.982812 0.015625 0.015625
