0 0.457813 0.007812 0.015625 0.015625
0 0.918750 0.017188 0.015625 0.015625
0 0.328125 0.021875 0.015625 0.015625
0 0.551562 0.031250 0.015625 0.015625
0 0.270313 0.065625 0.015625 0.015625
0 0.662500 0.082812 0.015625 0.015625
0 0.584375 0.093750 0.015625 0.015625
0 0.417187 0.100000 0.015625 0.015625
0 0.303125 0.109375 0.015625 0.015625
0 0.490625 0.110937 0.015625 0.015625
0 0.209375 0.112500 0.015625 0.015625
0 0.989062 0.132812 0.015625 0.015625
0 0.857812 0.134375 0.015625 0.015625
0 0.742188 0.134375 0.015625 0.015625
0 0.626563 0.167187 0.015625 0.015625
0 0.543750 0.170313 0.015625 0.015625
0 0.693750 0.175000 0.015625 0.015625
0 0.459375 0.179688 0.015625 0.015625
0 0.782813 0.187500 0.015625 0.015625
0 0.343750 0.189062 0.015625 0.015625
0 0.167187 0.192188 0.015625 0.015625
0 0.960938 0.203125 0.015625 0.015625
0 0.568750 0.221875 0.015625 0.015625
0 0.885938 0.234375 0.015625 0.015625
0 0.281250 0.243750 0.015625 0.015625
0 0.123438 0.245312 0.015625 0.015625
0 0.228125 0.246875 0.015625 0.015625
0 0.425000 0.248438 0.015625 0.015625
0 0.745313 0.253125 0.015625 0.015625
0 0.806250 0.256250 0.015625 0.015625
0 0.676562 0.256250 0.015625 0.015625
0 0.610938 0.260937 0.015625 0.015625
0 0.562500 0.262500 0.015625 0.015625
0 0.026562 0.287500 0.015625 0.015625
0 0.317188 0.293750 0.015625 0.015625
0 0.242188 0.295312 0.015625 0.015625
0 0.165625 0.296875 0.015625 0.015625
0 0.846875 0.303125 0.015625 0.015625
0 0.626563 0.310937 0.015625 0.015625
0 0.473438 0.312500 0.015625 0.015625
0 0.737500 0.321875 0.015625 0.015625
0 0.206250 0.359375 0.015625 0.015625
0 0.812500 0.365625 0.015625 0.015625
0 0.885938 0.368750 0.015625 0.015625
0 0.429688 0.370312 0.015625 0.015625
0 0.282813 0.370312 0.015625 0.015625
0 0.571875 0.376563 0.015625 0.015625
0 0.354687 0.376563 0.015625 0.015625
0 0.642188 0.384375 0.015625 0.015625
0 0.085938 0.385937 0.015625 0.015625
0 0.731250 0.390625 0.015625 0.015625
0 0.948438 0.392188 0.015625 0.015625
0 0.865625 0.401562 0.015625 0.015625
0 0.471875 0.434375 0.015625 0.015625
0 0.615625 0.435937 0.015625 0.015625
0 0.537500 0.435937 0.015625 0.015625
0 0.318750 0.440625 0.015625 0.015625
0 0.237500 0.440625 0.015625 0.015625
0 0.398438 0.442188 0.015625 0.015625
0 0.771875 0.442188 0.015625 0.015625
0 0.679688 0.446875 0.015625 0.015625
0 0.900000 0.465625 0.015625 0.015625
0 0.207813 0.506250 0.015625 0.015625
0 0.387500 0.507812 0.015625 0.015625
0 0.284375 0.509375 0.015625 0.015625
0 0.481250 0.510938 0.015625 0.015625
0 0.575000 0.510938 0.015625 0.015625
0 0.789062 0.520312 0.015625 0.015625
0 0.657813 0.520312 0.015625 0.015625
0 0.979688 0.523438 0.015625 0.015625
0 0.896875 0.526563 0.015625 0.015625
0 0.123438 0.526563 0.015625 0.015625
0 0.028125 0.548438 0.015625 0.015625
0 0.535937 0.556250 0.015625 0.015625
0 0.332813 0.560937 0.015625 0.015625
0 0.620313 0.560937 0.015625 0.015625
0 0.415625 0.565625 0.015625 0.015625
0 0.765625 0.568750 0.015625 0.015625
0 0.931250 0.584375 0.015625 0.015625
0 0.831250 0.592187 0.015625 0.015625
0 0.017188 0.596875 0.015625 0.015625
0 0.496875 0.623437 0.015625 0.015625
0 0.581250 0.642188 0.015625 0.015625
0 0.776563 0.657813 0.015625 0.015625
0 0.867188 0.657813 0.015625 0.015625
0 0.996875 0.659375 0.015625 0.015625
0 0.935937 0.662500 0.015625 0.015625
0 0.631250 0.675000 0.015625 0.015625
0 0.004687 0.681250 0.015625 0.015625
0 0.687500 0.695312 0.015625 0.015625
0 0.832812 0.698438 0.015625 0.015625
0 0.232813 0.709375 0.015625 0.015625
0 0.917188 0.710938 0.015625 0.015625
0 0.581250 0.712500 0.015625 0.015625
0 0.142187 0.715625 0.015625 0.015625
0 0.989062 0.721875 0.015625 0.015625
0 0.715625 0.762500 0.015625 0.015625
0 0.868750 0.782813 0.015625 0.015625
0 0.787500 0.787500 0.015625 0.015625
0 0.942187 0.793750 0.015625 0.015625
