0 0.401562 0.000000 0.015625 0.015625
0 0.476562 0.001563 0.015625 0.015625
0 0.553125 0.001563 0.015625 0.015625
0 0.620313 0.000000 0.015625 0.015625
0 0.696875 0.003125 0.015625 0.015625
0 0.778125 0.004687 0.015625 0.015625
0 0.851562 0.010937 0.015625 0.015625
0 0.932813 0.012500 0.015625 0.015625
0 0.014063 0.120313 0.015625 0.015625
0 0.048438 0.060937 0.015625 0.015625
0 0.085938 0.123438 0.015625 0.015625
0 0.129688 0.059375 0.015625 0.015625
0 0.162500 0.121875 0.015625 0.015625
0 0.204687 0.057813 0.015625 0.015625
0 0.239063 0.125000 0.015625 0.015625
0 0.279687 0.059375 0.015625 0.015625
0 0.318750 0.123438 0.015625 0.015625
0 0.346875 0.059375 0.015625 0.015625
0 0.392188 0.131250 0.015625 0.015625
0 0.435937 0.057813 0.015625 0.015625
0 0.467187 0.131250 0.015625 0.015625
0 0.503125 0.065625 0.015625 0.015625
0 0.542188 0.131250 0.015625 0.015625
0 0.578125 0.067187 0.015625 0.015625
0 0.617188 0.132812 0.015625 0.015625
0 0.656250 0.070312 0.015625 0.015625
0 0.692187 0.135937 0.015625 0.015625
0 0.735938 0.070312 0.015625 0.015625
0 0.775000 0.126562 0.015625 0.015625
0 0.810937 0.073438 0.015625 0.015625
0 0.848437 0.139063 0.015625 0.015625
0 0.885938 0.075000 0.015625 0.015625
0 0.921875 0.140625 0.015625 0.015625
0 0.959375 0.078125 0.015625 0.015625
0 0.998437 0.148438 0.015625 0.015625
0 0.006250 0.254688 0.015625 0.015625
0 0.045312 0.190625 0.015625 0.015625
0 0.082812 0.253125 0.015625 0.015625
0 0.125000 0.193750 0.015625 0.015625
0 0.160938 0.253125 0.015625 0.015625
0 0.201563 0.196875 0.015625 0.015625
0 0.234375 0.260937 0.015625 0.015625
0 0.275000 0.193750 0.015625 0.015625
0 0.314063 0.259375 0.015625 0.015625
0 0.350000 0.198437 0.015625 0.015625
0 0.395313 0.259375 0.015625 0.015625
0 0.426563 0.200000 0.015625 0.015625
0 0.464062 0.259375 0.015625 0.015625
0 0.501563 0.193750 0.015625 0.015625
0 0.534375 0.260937 0.015625 0.015625
0 0.576562 0.195312 0.015625 0.015625
0 0.606250 0.262500 0.015625 0.015625
0 0.651563 0.201563 0.015625 0.015625
0 0.690625 0.260937 0.015625 0.015625
0 0.731250 0.200000 0.015625 0.015625
0 0.768750 0.260937 0.015625 0.015625
0 0.815625 0.196875 0.015625 0.015625
0 0.843750 0.265625 0.015625 0.015625
0 0.887500 0.203125 0.015625 0.015625
0 0.918750 0.268750 0.015625 0.015625
0 0.962500 0.206250 0.015625 0.015625
0 0.012500 0.381250 0.015625 0.015625
0 0.048438 0.317188 0.015625 0.015625
0 0.085938 0.384375 0.015625 0.015625
0 0.120313 0.325000 0.015625 0.015625
0 0.157812 0.384375 0.015625 0.015625
0 0.193750 0.325000 0.015625 0.015625
0 0.235937 0.389062 0.015625 0.015625
0 0.273438 0.323437 0.015625 0.015625
0 0.310937 0.392188 0.015625 0.015625
0 0.348438 0.325000 0.015625 0.015625
0 0.390625 0.390625 0.015625 0.015625
0 0.421875 0.326562 0.015625 0.015625
0 0.454688 0.395313 0.015625 0.015625
0 0.493750 0.326562 0.015625 0.015625
0 0.531250 0.395313 0.015625 0.015625
0 0.573438 0.329688 0.015625 0.015625
0 0.614062 0.396875 0.015625 0.015625
0 0.654687 0.329688 0.015625 0.015625
0 0.690625 0.392188 0.015625 0.015625
0 0.732812 0.325000 0.015625 0.015625
0 0.773438 0.401562 0.015625 0.015625
0 0.806250 0.331250 0.015625 0.015625
0 0.842187 0.396875 0.015625 0.015625
0 0.879687 0.331250 0.015625 0.015625
0 0.918750 0.395313 0.015625 0.015625
0 0.964063 0.340625 0.015625 0.015625
0 0.993750 0.403125 0.015625 0.015625
0 0.007812 0.521875 0.015625 0.015625
0 0.039062 0.454688 0.015625 0.015625
0 0.082812 0.518750 0.015625 0.015625
0 0.123438 0.454688 0.015625 0.015625
0 0.151562 0.518750 0.015625 0.015625
0 0.193750 0.459375 0.015625 0.015625
0 0.231250 0.520312 0.015625 0.015625
0 0.265625 0.456250 0.015625 0.015625
0 0.306250 0.525000 0.015625 0.015625
0 0.348438 0.465625 0.015625 0.015625
0 0.385937 0.518750 0.015625 0.015625
0 0.421875 0.457813 0.015625 0.015625
0 0.460938 0.529687 0.015625 0.015625
0 0.498437 0.457813 0.015625 0.015625
0 0.534375 0.525000 0.015625 0.015625
0 0.576562 0.462500 0.015625 0.015625
0 0.614062 0.531250 0.015625 0.015625
0 0.650000 0.464062 0.015625 0.015625
0 0.687500 0.532813 0.015625 0.015625
0 0.720313 0.470313 0.015625 0.015625
0 0.762500 0.531250 0.015625 0.015625
0 0.796875 0.467187 0.015625 0.015625
0 0.829688 0.529687 0.015625 0.015625
0 0.865625 0.471875 0.015625 0.015625
0 0.909375 0.542188 0.015625 0.015625
0 0.956250 0.476562 0.015625 0.015625
0 0.995313 0.531250 0.015625 0.015625
