0 0.092188 0.043750 0.015625 0.015625
0 0.025000 0.046875 0.015625 0.015625
0 0.167187 0.035937 0.015625 0.015625
0 0.467187 0.048438 0.015625 0.015625
0 0.629687 0.053125 0.015625 0.015625
0 0.712500 0.053125 0.015625 0.015625
0 0.785937 0.056250 0.015625 0.015625
0 0.918750 0.057813 0.015625 0.015625
0 0.584375 0.110937 0.015625 0.015625
0 0.667188 0.112500 0.015625 0.015625
0 0.745313 0.114062 0.015625 0.015625
0 0.832812 0.117188 0.015625 0.015625
0 0.896875 0.117188 0.015625 0.015625
0 0.978125 0.112500 0.015625 0.015625
0 0.201563 0.235937 0.015625 0.015625
0 0.239063 0.176563 0.015625 0.015625
0 0.281250 0.235937 0.015625 0.015625
0 0.429688 0.242188 0.015625 0.015625
0 0.503125 0.246875 0.015625 0.015625
0 0.585938 0.250000 0.015625 0.015625
0 0.651563 0.251563 0.015625 0.015625
0 0.732812 0.254688 0.015625 0.015625
0 0.695312 0.190625 0.015625 0.015625
0 0.812500 0.254688 0.015625 0.015625
0 0.853125 0.189062 0.015625 0.015625
0 0.892188 0.256250 0.015625 0.015625
0 0.929688 0.190625 0.015625 0.015625
0 0.959375 0.259375 0.015625 0.015625
0 0.232813 0.301563 0.015625 0.015625
0 0.312500 0.307812 0.015625 0.015625
0 0.390625 0.307812 0.015625 0.015625
0 0.465625 0.309375 0.015625 0.015625
0 0.537500 0.310937 0.015625 0.015625
0 0.620313 0.312500 0.015625 0.015625
0 0.767188 0.315625 0.015625 0.015625
0 0.840625 0.315625 0.015625 0.015625
0 0.920312 0.321875 0.015625 0.015625
0 0.278125 0.367188 0.015625 0.015625
0 0.357812 0.371875 0.015625 0.015625
0 0.426563 0.375000 0.015625 0.015625
0 0.501563 0.376563 0.015625 0.015625
0 0.587500 0.381250 0.015625 0.015625
0 0.725000 0.381250 0.015625 0.015625
0 0.798438 0.387500 0.015625 0.015625
0 0.868750 0.392188 0.015625 0.015625
0 0.457813 0.435937 0.015625 0.015625
0 0.379688 0.439063 0.015625 0.015625
0 0.539062 0.437500 0.015625 0.015625
0 0.614062 0.445312 0.015625 0.015625
0 0.684375 0.443750 0.015625 0.015625
0 0.757812 0.445312 0.015625 0.015625
0 0.846875 0.453125 0.015625 0.015625
0 0.917188 0.454688 0.015625 0.015625
0 0.996875 0.456250 0.015625 0.015625
0 0.726562 0.514062 0.015625 0.015625
0 0.810937 0.514062 0.015625 0.015625
0 0.884375 0.515625 0.015625 0.015625
0 0.964063 0.525000 0.015625 0.015625
0 0.653125 0.512500 0.015625 0.015625
0 0.573438 0.510938 0.015625 0.015625
0 0.495312 0.510938 0.015625 0.015625
0 0.560937 0.909375 0.015625 0.015625
0 0.631250 0.901563 0.015625 0.015625
0 0.717187 0.906250 0.015625 0.015625
0 0.790625 0.906250 0.015625 0.015625
0 0.873437 0.909375 0.015625 0.015625
0 0.950000 0.909375 0.015625 0.015625
0 0.681250 0.979688 0.015625 0.015625
0 0.826562 0.975000 0.015625 0.015625
0 0.909375 0.978125 0.015625 0.015625
0 0.979688 0.979688 0.015625 0.015625
0 0.042188 0.496875 0.015625 0.015625
0 0.150000 0.700000 0.015625 0.015625
0 0.001563 0.567187 0.015625 0.015625
0 0.032813 0.770312 0.015625 0.015625
0 0.040625 0.628125 0.015625 0.015625
0 0.073438 0.693750 0.015625 0.015625
0 0.076563 0.565625 0.015625 0.015625
0 0.045312 0.371875 0.015625 0.015625
0 0.082812 0.434375 0.015625 0.015625
0 0.110937 0.621875 0.015625 0.015625
0 0.139063 0.959375 0.015625 0.015625
0 0.995313 0.587500 0.015625 0.015625
0 0.965625 0.660937 0.015625 0.015625
0 0.989062 0.709375 0.015625 0.015625
0 0.915625 0.707812 0.015625 0.015625
0 0.917188 0.587500 0.015625 0.015625
0 0.865625 0.656250 0.015625 0.015625
0 0.829688 0.709375 0.015625 0.015625
0 0.281250 0.496875 0.015625 0.015625
0 0.209375 0.503125 0.015625 0.015625
0 0.131250 0.371875 0.015625 0.015625
0 0.245312 0.571875 0.015625 0.015625
0 0.279687 0.634375 0.015625 0.015625
0 0.318750 0.685937 0.015625 0.015625
0 0.309375 0.435937 0.015625 0.015625
0 0.237500 0.435937 0.015625 0.015625
0 0.314063 0.576562 0.015625 0.015625
0 0.354687 0.634375 0.015625 0.015625
0 0.414062 0.640625 0.015625 0.015625
0 0.460938 0.703125 0.015625 0.015625
0 0.539062 0.700000 0.015625 0.015625
0 0.503125 0.634375 0.015625 0.015625
0 0.585938 0.639062 0.015625 0.015625
0 0.645312 0.643750 0.015625 0.015625
0 0.625000 0.703125 0.015625 0.015625
0 0.710938 0.698438 0.015625 0.015625
0 0.775000 0.700000 0.015625 0.015625
0 0.721875 0.643750 0.015625 0.015625
0 0.767188 0.581250 0.015625 0.015625
0 0.535937 0.576562 0.015625 0.015625
