0 0.203125 0.031250 0.015625 0.015625
0 0.054688 0.032813 0.015625 0.015625
0 0.276562 0.032813 0.015625 0.015625
0 0.356250 0.032813 0.015625 0.015625
0 0.429688 0.034375 0.015625 0.015625
0 0.645312 0.037500 0.015625 0.015625
0 0.507812 0.042188 0.015625 0.015625
0 0.801562 0.042188 0.015625 0.015625
0 0.960938 0.042188 0.015625 0.015625
0 0.879687 0.042188 0.015625 0.015625
0 0.164062 0.093750 0.015625 0.015625
0 0.010937 0.096875 0.015625 0.015625
0 0.085938 0.096875 0.015625 0.015625
0 0.610938 0.107813 0.015625 0.015625
0 0.684375 0.109375 0.015625 0.015625
0 0.985938 0.112500 0.015625 0.015625
0 0.832812 0.114062 0.015625 0.015625
0 0.434375 0.157812 0.015625 0.015625
0 0.123438 0.165625 0.015625 0.015625
0 0.203125 0.167187 0.015625 0.015625
0 0.503125 0.170313 0.015625 0.015625
0 0.009375 0.223438 0.015625 0.015625
0 0.234375 0.231250 0.015625 0.015625
0 0.385937 0.234375 0.015625 0.015625
0 0.460938 0.234375 0.015625 0.015625
0 0.987500 0.245312 0.015625 0.015625
0 0.193750 0.290625 0.015625 0.015625
0 0.126562 0.292187 0.015625 0.015625
0 0.717187 0.296875 0.015625 0.015625
0 0.043750 0.296875 0.015625 0.015625
0 0.273438 0.298438 0.015625 0.015625
0 0.351562 0.298438 0.015625 0.015625
0 0.429688 0.300000 0.015625 0.015625
0 0.503125 0.301563 0.015625 0.015625
0 0.875000 0.310937 0.015625 0.015625
0 0.964063 0.312500 0.015625 0.015625
0 0.159375 0.357812 0.015625 0.015625
0 0.082812 0.359375 0.015625 0.015625
0 0.007812 0.362500 0.015625 0.015625
0 0.385937 0.368750 0.015625 0.015625
0 0.832812 0.373437 0.015625 0.015625
0 0.120313 0.421875 0.015625 0.015625
0 0.193750 0.423438 0.015625 0.015625
0 0.043750 0.423438 0.015625 0.015625
0 0.720313 0.442188 0.015625 0.015625
0 0.796875 0.443750 0.015625 0.015625
0 0.870313 0.443750 0.015625 0.015625
0 0.310937 0.487500 0.015625 0.015625
0 0.154688 0.487500 0.015625 0.015625
0 0.079687 0.489063 0.015625 0.015625
0 0.231250 0.489063 0.015625 0.015625
0 0.000000 0.490625 0.015625 0.015625
0 0.384375 0.493750 0.015625 0.015625
0 0.914062 0.509375 0.015625 0.015625
0 0.982812 0.509375 0.015625 0.015625
0 0.835938 0.509375 0.015625 0.015625
0 0.565625 0.514062 0.015625 0.015625
0 0.034375 0.557813 0.015625 0.015625
0 0.115625 0.557813 0.015625 0.015625
0 0.423438 0.557813 0.015625 0.015625
0 0.268750 0.557813 0.015625 0.015625
0 0.342187 0.559375 0.015625 0.015625
0 0.715625 0.565625 0.015625 0.015625
0 0.878125 0.567187 0.015625 0.015625
0 0.532813 0.603125 0.015625 0.015625
0 0.387500 0.618750 0.015625 0.015625
0 0.460938 0.620313 0.015625 0.015625
0 0.301563 0.623437 0.015625 0.015625
0 0.832812 0.634375 0.015625 0.015625
0 0.910937 0.635938 0.015625 0.015625
0 0.982812 0.637500 0.015625 0.015625
0 0.756250 0.639062 0.015625 0.015625
0 0.167187 0.654687 0.015625 0.015625
0 0.032813 0.684375 0.015625 0.015625
0 0.340625 0.684375 0.015625 0.015625
0 0.415625 0.685937 0.015625 0.015625
0 0.260937 0.689063 0.015625 0.015625
0 0.495312 0.692187 0.015625 0.015625
0 0.567187 0.692187 0.015625 0.015625
0 0.864062 0.701562 0.015625 0.015625
0 0.937500 0.707812 0.015625 0.015625
0 0.223438 0.750000 0.015625 0.015625
0 0.067187 0.750000 0.015625 0.015625
0 0.381250 0.753125 0.015625 0.015625
0 0.459375 0.754687 0.015625 0.015625
0 0.139063 0.756250 0.015625 0.015625
0 0.529687 0.760938 0.015625 0.015625
0 0.826562 0.768750 0.015625 0.015625
0 0.906250 0.768750 0.015625 0.015625
0 0.978125 0.768750 0.015625 0.015625
0 0.031250 0.814063 0.015625 0.015625
0 0.106250 0.817187 0.015625 0.015625
0 0.182812 0.817187 0.015625 0.015625
0 0.490625 0.821875 0.015625 0.015625
0 0.564063 0.821875 0.015625 0.015625
0 0.412500 0.825000 0.015625 0.015625
0 0.865625 0.832812 0.015625 0.015625
0 0.940625 0.835938 0.015625 0.015625
0 0.293750 0.881250 0.015625 0.015625
0 0.139063 0.882812 0.015625 0.015625
0 0.214062 0.884375 0.015625 0.015625
0 0.454688 0.890625 0.015625 0.015625
0 0.604688 0.892188 0.015625 0.015625
0 0.982812 0.896875 0.015625 0.015625
0 0.904687 0.903125 0.015625 0.015625
0 0.337500 0.943750 0.015625 0.015625
0 0.026562 0.943750 0.015625 0.015625
0 0.103125 0.946875 0.015625 0.015625
0 0.562500 0.950000 0.015625 0.015625
0 0.410938 0.954688 0.015625 0.015625
0 0.485938 0.956250 0.015625 0.015625
0 0.870313 0.960938 0.015625 0.015625
0 0.940625 0.965625 0.015625 0.015625
0 0.006250 0.620313 0.015625 0.015625
0 0.070312 0.625000 0.015625 0.015625
0 0.151562 0.625000 0.015625 0.015625
0 0.200000 0.565625 0.015625 0.015625
0 0.226562 0.625000 0.015625 0.015625
0 0.314063 0.234375 0.015625 0.015625
0 0.278125 0.170313 0.015625 0.015625
0 0.242188 0.100000 0.015625 0.015625
0 0.329688 0.100000 0.015625 0.015625
0 0.396875 0.098437 0.015625 0.015625
0 0.157812 0.225000 0.015625 0.015625
0 0.081250 0.225000 0.015625 0.015625
0 0.114062 0.681250 0.015625 0.015625
0 0.193750 0.685937 0.015625 0.015625
0 0.060937 0.884375 0.015625 0.015625
0 0.546875 0.375000 0.015625 0.015625
0 0.492188 0.435937 0.015625 0.015625
0 0.293750 0.376563 0.015625 0.015625
0 0.239063 0.373437 0.015625 0.015625
0 0.875000 0.178125 0.015625 0.015625
0 0.914062 0.242188 0.015625 0.015625
