0 0.309375 0.007812 0.015625 0.015625
0 0.409375 0.009375 0.015625 0.015625
0 0.064062 0.034375 0.015625 0.015625
0 0.132812 0.035937 0.015625 0.015625
0 0.593750 0.045312 0.015625 0.015625
0 0.671875 0.048438 0.015625 0.015625
0 0.750000 0.053125 0.015625 0.015625
0 0.237500 0.070312 0.015625 0.015625
0 0.390625 0.084375 0.015625 0.015625
0 0.326562 0.085938 0.015625 0.015625
0 0.031250 0.089063 0.015625 0.015625
0 0.467187 0.089063 0.015625 0.015625
0 0.178125 0.096875 0.015625 0.015625
0 0.100000 0.100000 0.015625 0.015625
0 0.553125 0.109375 0.015625 0.015625
0 0.632812 0.114062 0.015625 0.015625
0 0.707812 0.114062 0.015625 0.015625
0 0.779687 0.115625 0.015625 0.015625
0 0.360938 0.162500 0.015625 0.015625
0 0.212500 0.168750 0.015625 0.015625
0 0.435937 0.170313 0.015625 0.015625
0 0.134375 0.171875 0.015625 0.015625
0 0.512500 0.176563 0.015625 0.015625
0 0.060937 0.176563 0.015625 0.015625
0 0.590625 0.176563 0.015625 0.015625
0 0.965625 0.184375 0.015625 0.015625
0 0.785937 0.212500 0.015625 0.015625
0 0.326562 0.235937 0.015625 0.015625
0 0.248438 0.239063 0.015625 0.015625
0 0.167187 0.239063 0.015625 0.015625
0 0.403125 0.240625 0.015625 0.015625
0 0.553125 0.243750 0.015625 0.015625
0 0.479687 0.245312 0.015625 0.015625
0 0.857812 0.248438 0.015625 0.015625
0 0.037500 0.248438 0.015625 0.015625
0 0.928125 0.250000 0.015625 0.015625
0 0.107813 0.260937 0.015625 0.015625
0 0.364063 0.284375 0.015625 0.015625
0 0.762500 0.295312 0.015625 0.015625
0 0.587500 0.296875 0.015625 0.015625
0 0.289062 0.306250 0.015625 0.015625
0 0.057813 0.307812 0.015625 0.015625
0 0.815625 0.315625 0.015625 0.015625
0 0.893750 0.317188 0.015625 0.015625
0 0.964063 0.317188 0.015625 0.015625
0 0.434375 0.335938 0.015625 0.015625
0 0.625000 0.356250 0.015625 0.015625
0 0.167187 0.357812 0.015625 0.015625
0 0.023438 0.364063 0.015625 0.015625
0 0.098437 0.368750 0.015625 0.015625
0 0.245312 0.371875 0.015625 0.015625
0 0.321875 0.373437 0.015625 0.015625
0 0.696875 0.376563 0.015625 0.015625
0 0.778125 0.376563 0.015625 0.015625
0 0.929688 0.382812 0.015625 0.015625
0 0.854688 0.382812 0.015625 0.015625
0 0.400000 0.410938 0.015625 0.015625
0 0.504687 0.423438 0.015625 0.015625
0 0.059375 0.437500 0.015625 0.015625
0 0.135937 0.439063 0.015625 0.015625
0 0.664062 0.442188 0.015625 0.015625
0 0.735938 0.443750 0.015625 0.015625
0 0.435937 0.445312 0.015625 0.015625
0 0.889062 0.445312 0.015625 0.015625
0 0.815625 0.446875 0.015625 0.015625
0 0.275000 0.454688 0.015625 0.015625
0 0.981250 0.484375 0.015625 0.015625
0 0.540625 0.495312 0.015625 0.015625
0 0.467187 0.496875 0.015625 0.015625
0 0.390625 0.498437 0.015625 0.015625
0 0.625000 0.510938 0.015625 0.015625
0 0.703125 0.512500 0.015625 0.015625
0 0.778125 0.515625 0.015625 0.015625
0 0.992188 0.543750 0.015625 0.015625
0 0.853125 0.545312 0.015625 0.015625
0 0.281250 0.559375 0.015625 0.015625
0 0.356250 0.562500 0.015625 0.015625
0 0.056250 0.564063 0.015625 0.015625
0 0.507812 0.568750 0.015625 0.015625
0 0.417187 0.570312 0.015625 0.015625
0 0.582812 0.571875 0.015625 0.015625
0 0.807813 0.584375 0.015625 0.015625
0 0.959375 0.584375 0.015625 0.015625
0 0.168750 0.590625 0.015625 0.015625
0 0.687500 0.603125 0.015625 0.015625
0 0.312500 0.625000 0.015625 0.015625
0 0.390625 0.629687 0.015625 0.015625
0 0.462500 0.632812 0.015625 0.015625
0 0.020313 0.634375 0.015625 0.015625
0 0.614062 0.635938 0.015625 0.015625
0 0.539062 0.635938 0.015625 0.015625
0 0.850000 0.645312 0.015625 0.015625
0 0.756250 0.673438 0.015625 0.015625
0 0.675000 0.684375 0.015625 0.015625
0 0.060937 0.685937 0.015625 0.015625
0 0.279687 0.693750 0.015625 0.015625
0 0.356250 0.695312 0.015625 0.015625
0 0.426563 0.698438 0.015625 0.015625
0 0.481250 0.703125 0.015625 0.015625
0 0.578125 0.706250 0.015625 0.015625
0 0.881250 0.715625 0.015625 0.015625
0 0.957812 0.715625 0.015625 0.015625
0 0.085938 0.754687 0.015625 0.015625
0 0.234375 0.762500 0.015625 0.015625
0 0.015625 0.762500 0.015625 0.015625
0 0.312500 0.767188 0.015625 0.015625
0 0.385937 0.768750 0.015625 0.015625
0 0.926562 0.792188 0.015625 0.015625
0 0.612500 0.793750 0.015625 0.015625
0 0.539062 0.796875 0.015625 0.015625
0 0.687500 0.798438 0.015625 0.015625
0 0.201563 0.829688 0.015625 0.015625
0 0.959375 0.843750 0.015625 0.015625
0 0.882812 0.845313 0.015625 0.015625
0 0.718750 0.848437 0.015625 0.015625
0 0.290625 0.857812 0.015625 0.015625
0 0.787500 0.857812 0.015625 0.015625
0 0.434375 0.893750 0.015625 0.015625
0 0.110937 0.893750 0.015625 0.015625
0 0.014063 0.898438 0.015625 0.015625
0 0.534375 0.912500 0.015625 0.015625
0 0.184375 0.920312 0.015625 0.015625
0 0.951562 0.931250 0.015625 0.015625
0 0.785937 0.932813 0.015625 0.015625
0 0.281250 0.965625 0.015625 0.015625
0 0.398438 0.970313 0.015625 0.015625
