0 0.043750 0.017188 0.015625 0.015625
0 0.039062 0.148438 0.015625 0.015625
0 0.562500 0.153125 0.015625 0.015625
0 0.339062 0.156250 0.015625 0.015625
0 0.600000 0.223438 0.015625 0.015625
0 0.832812 0.226562 0.015625 0.015625
0 0.989062 0.095312 0.015625 0.015625
0 0.490625 0.154688 0.015625 0.015625
0 0.910937 0.226562 0.015625 0.015625
0 0.839063 0.093750 0.015625 0.015625
0 0.375000 0.087500 0.015625 0.015625
0 0.526563 0.221875 0.015625 0.015625
0 0.448437 0.223438 0.015625 0.015625
0 0.912500 0.093750 0.015625 0.015625
0 0.675000 0.223438 0.015625 0.015625
0 0.115625 0.153125 0.015625 0.015625
0 0.598437 0.087500 0.015625 0.015625
0 0.564063 0.021875 0.015625 0.015625
0 0.642188 0.153125 0.015625 0.015625
0 0.753125 0.225000 0.015625 0.015625
0 0.870313 0.295312 0.015625 0.015625
0 0.946875 0.034375 0.015625 0.015625
0 0.718750 0.154688 0.015625 0.015625
0 0.760938 0.092188 0.015625 0.015625
0 0.037500 0.281250 0.015625 0.015625
0 0.982812 0.234375 0.015625 0.015625
0 0.443750 0.346875 0.015625 0.015625
0 0.376563 0.218750 0.015625 0.015625
0 0.950000 0.167187 0.015625 0.015625
0 0.945312 0.298438 0.015625 0.015625
0 0.365625 0.343750 0.015625 0.015625
0 0.482812 0.285938 0.015625 0.015625
0 0.875000 0.165625 0.015625 0.015625
0 0.335938 0.289062 0.015625 0.015625
0 0.796875 0.165625 0.015625 0.015625
0 0.151562 0.218750 0.015625 0.015625
0 0.417187 0.165625 0.015625 0.015625
0 0.635938 0.285938 0.015625 0.015625
0 0.518750 0.340625 0.015625 0.015625
0 0.107813 0.271875 0.015625 0.015625
0 0.717187 0.289062 0.015625 0.015625
0 0.565625 0.287500 0.015625 0.015625
0 0.228125 0.223438 0.015625 0.015625
0 0.303125 0.220312 0.015625 0.015625
0 0.412500 0.287500 0.015625 0.015625
0 0.073438 0.217188 0.015625 0.015625
0 0.189062 0.278125 0.015625 0.015625
0 0.793750 0.290625 0.015625 0.015625
0 0.300000 0.004687 0.015625 0.015625
0 0.406250 0.023438 0.015625 0.015625
0 0.489063 0.023438 0.015625 0.015625
0 0.451562 0.084375 0.015625 0.015625
0 0.539062 0.084375 0.015625 0.015625
0 0.642188 0.026562 0.015625 0.015625
0 0.687500 0.085938 0.015625 0.015625
0 0.725000 0.026562 0.015625 0.015625
0 0.064062 0.085938 0.015625 0.015625
0 0.143750 0.089063 0.015625 0.015625
0 0.198437 0.164062 0.015625 0.015625
0 0.264062 0.021875 0.015625 0.015625
0 0.307812 0.079687 0.015625 0.015625
0 0.806250 0.025000 0.015625 0.015625
0 0.879687 0.032813 0.015625 0.015625
0 0.601562 0.357812 0.015625 0.015625
0 0.668750 0.353125 0.015625 0.015625
0 0.760938 0.356250 0.015625 0.015625
0 0.832812 0.356250 0.015625 0.015625
0 0.903125 0.360938 0.015625 0.015625
0 0.989062 0.365625 0.015625 0.015625
0 0.356250 0.023438 0.015625 0.015625
0 0.187500 0.020313 0.015625 0.015625
0 0.228125 0.092188 0.015625 0.015625
0 0.260937 0.146875 0.015625 0.015625
0 0.000000 0.215625 0.015625 0.015625
0 0.204687 0.332813 0.015625 0.015625
0 0.131250 0.331250 0.015625 0.015625
0 0.031250 0.323437 0.015625 0.015625
