0 0.073438 0.346875 0.015625 0.015625
0 0.450000 0.364063 0.015625 0.015625
0 0.750000 0.378125 0.015625 0.015625
0 0.829688 0.378125 0.015625 0.015625
0 0.984375 0.381250 0.015625 0.015625
0 0.904687 0.384375 0.015625 0.015625
0 0.262500 0.400000 0.015625 0.015625
0 0.335938 0.426563 0.015625 0.015625
0 0.406250 0.437500 0.015625 0.015625
0 0.487500 0.437500 0.015625 0.015625
0 0.637500 0.440625 0.015625 0.015625
0 0.792188 0.440625 0.015625 0.015625
0 0.714063 0.442188 0.015625 0.015625
0 0.943750 0.445312 0.015625 0.015625
0 0.864062 0.445312 0.015625 0.015625
0 0.137500 0.492188 0.015625 0.015625
0 0.217188 0.492188 0.015625 0.015625
0 0.292187 0.496875 0.015625 0.015625
0 0.371875 0.503125 0.015625 0.015625
0 0.518750 0.504687 0.015625 0.015625
0 0.754687 0.504687 0.015625 0.015625
0 0.673438 0.507812 0.015625 0.015625
0 0.829688 0.509375 0.015625 0.015625
0 0.903125 0.510938 0.015625 0.015625
0 0.978125 0.510938 0.015625 0.015625
0 0.023438 0.559375 0.015625 0.015625
0 0.321875 0.564063 0.015625 0.015625
0 0.714063 0.575000 0.015625 0.015625
0 0.939063 0.575000 0.015625 0.015625
0 0.864062 0.576562 0.015625 0.015625
0 0.792188 0.576562 0.015625 0.015625
0 0.285938 0.629687 0.015625 0.015625
0 0.343750 0.632812 0.015625 0.015625
0 0.429688 0.632812 0.015625 0.015625
0 0.140625 0.634375 0.015625 0.015625
0 0.215625 0.634375 0.015625 0.015625
0 0.595313 0.637500 0.015625 0.015625
0 0.523438 0.639062 0.015625 0.015625
0 0.903125 0.639062 0.015625 0.015625
0 0.825000 0.639062 0.015625 0.015625
0 0.746875 0.642188 0.015625 0.015625
0 0.975000 0.643750 0.015625 0.015625
0 0.057813 0.690625 0.015625 0.015625
0 0.359375 0.693750 0.015625 0.015625
0 0.253125 0.695312 0.015625 0.015625
0 0.639062 0.701562 0.015625 0.015625
0 0.484375 0.703125 0.015625 0.015625
0 0.556250 0.703125 0.015625 0.015625
0 0.865625 0.707812 0.015625 0.015625
0 0.789062 0.709375 0.015625 0.015625
0 0.937500 0.712500 0.015625 0.015625
0 0.509375 0.748437 0.015625 0.015625
0 0.290625 0.764062 0.015625 0.015625
0 0.673438 0.770312 0.015625 0.015625
0 0.976562 0.776563 0.015625 0.015625
0 0.823438 0.778125 0.015625 0.015625
0 0.896875 0.778125 0.015625 0.015625
0 0.453125 0.798438 0.015625 0.015625
0 0.093750 0.831250 0.015625 0.015625
0 0.714063 0.835938 0.015625 0.015625
0 0.010937 0.837500 0.015625 0.015625
0 0.548438 0.839063 0.015625 0.015625
0 0.317188 0.839063 0.015625 0.015625
0 0.859375 0.842187 0.015625 0.015625
0 0.937500 0.843750 0.015625 0.015625
0 0.587500 0.848437 0.015625 0.015625
0 0.514062 0.892188 0.015625 0.015625
0 0.407813 0.893750 0.015625 0.015625
0 0.137500 0.896875 0.015625 0.015625
0 0.287500 0.898438 0.015625 0.015625
0 0.743750 0.898438 0.015625 0.015625
0 0.209375 0.900000 0.015625 0.015625
0 0.970313 0.903125 0.015625 0.015625
0 0.564063 0.906250 0.015625 0.015625
0 0.898438 0.907813 0.015625 0.015625
0 0.100000 0.951562 0.015625 0.015625
0 0.018750 0.959375 0.015625 0.015625
0 0.317188 0.960938 0.015625 0.015625
0 0.235937 0.968750 0.015625 0.015625
0 0.932813 0.976562 0.015625 0.015625
0 0.065625 0.490625 0.015625 0.015625
0 0.025000 0.420312 0.015625 0.015625
0 0.114062 0.428125 0.015625 0.015625
0 0.176563 0.431250 0.015625 0.015625
0 0.134375 0.365625 0.015625 0.015625
0 0.675000 0.376563 0.015625 0.015625
0 0.101562 0.564063 0.015625 0.015625
0 0.064062 0.628125 0.015625 0.015625
0 0.112500 0.695312 0.015625 0.015625
0 0.142187 0.762500 0.015625 0.015625
0 0.064062 0.753125 0.015625 0.015625
0 0.664062 0.903125 0.015625 0.015625
0 0.642188 0.973437 0.015625 0.015625
0 0.703125 0.979688 0.015625 0.015625
0 0.470313 0.960938 0.015625 0.015625
0 0.360938 0.904687 0.015625 0.015625
0 0.556250 0.967187 0.015625 0.015625
0 0.776563 0.975000 0.015625 0.015625
0 0.795312 0.921875 0.015625 0.015625
0 0.370312 0.367188 0.015625 0.015625
0 0.282813 0.365625 0.015625 0.015625
0 0.218750 0.359375 0.015625 0.015625
0 0.554688 0.570312 0.015625 0.015625
0 0.468750 0.567187 0.015625 0.015625
0 0.393750 0.570312 0.015625 0.015625
0 0.434375 0.501563 0.015625 0.015625
0 0.248438 0.568750 0.015625 0.015625
