0 0.545312 0.059375 0.015625 0.015625
0 0.320312 0.060937 0.015625 0.015625
0 0.700000 0.071875 0.015625 0.015625
0 0.062500 0.112500 0.015625 0.015625
0 0.137500 0.115625 0.015625 0.015625
0 0.293750 0.137500 0.015625 0.015625
0 0.090625 0.184375 0.015625 0.015625
0 0.167187 0.184375 0.015625 0.015625
0 0.696875 0.200000 0.015625 0.015625
0 0.368750 0.239063 0.015625 0.015625
0 0.054688 0.248438 0.015625 0.015625
0 0.129688 0.251563 0.015625 0.015625
0 0.204687 0.254688 0.015625 0.015625
0 0.018750 0.314063 0.015625 0.015625
0 0.092188 0.318750 0.015625 0.015625
0 0.165625 0.320312 0.015625 0.015625
0 0.242188 0.321875 0.015625 0.015625
0 0.396875 0.321875 0.015625 0.015625
0 0.320312 0.321875 0.015625 0.015625
0 0.923438 0.334375 0.015625 0.015625
0 0.129688 0.382812 0.015625 0.015625
0 0.051562 0.382812 0.015625 0.015625
0 0.204687 0.382812 0.015625 0.015625
0 0.821875 0.384375 0.015625 0.015625
0 0.284375 0.387500 0.015625 0.015625
0 0.354687 0.387500 0.015625 0.015625
0 0.971875 0.401562 0.015625 0.015625
0 0.896875 0.407813 0.015625 0.015625
0 0.015625 0.443750 0.015625 0.015625
0 0.090625 0.448437 0.015625 0.015625
0 0.168750 0.450000 0.015625 0.015625
0 0.242188 0.451562 0.015625 0.015625
0 0.467187 0.453125 0.015625 0.015625
0 0.393750 0.453125 0.015625 0.015625
0 0.318750 0.456250 0.015625 0.015625
0 0.939063 0.467187 0.015625 0.015625
0 0.695312 0.471875 0.015625 0.015625
0 0.045312 0.514062 0.015625 0.015625
0 0.737500 0.515625 0.015625 0.015625
0 0.128125 0.515625 0.015625 0.015625
0 0.435937 0.517188 0.015625 0.015625
0 0.354687 0.526563 0.015625 0.015625
0 0.881250 0.535937 0.015625 0.015625
0 0.967187 0.548438 0.015625 0.015625
0 0.164062 0.584375 0.015625 0.015625
0 0.015625 0.584375 0.015625 0.015625
0 0.782813 0.585938 0.015625 0.015625
0 0.853125 0.587500 0.015625 0.015625
0 0.612500 0.596875 0.015625 0.015625
0 0.920312 0.601562 0.015625 0.015625
0 0.357812 0.639062 0.015625 0.015625
0 0.275000 0.650000 0.015625 0.015625
0 0.425000 0.651563 0.015625 0.015625
0 0.196875 0.651563 0.015625 0.015625
0 0.045312 0.653125 0.015625 0.015625
0 0.125000 0.654687 0.015625 0.015625
0 0.870313 0.662500 0.015625 0.015625
0 0.315625 0.714063 0.015625 0.015625
0 0.010937 0.717187 0.015625 0.015625
0 0.164062 0.721875 0.015625 0.015625
0 0.389062 0.723437 0.015625 0.015625
0 0.465625 0.723437 0.015625 0.015625
0 0.845313 0.728125 0.015625 0.015625
0 0.915625 0.732812 0.015625 0.015625
0 0.739062 0.770312 0.015625 0.015625
0 0.051562 0.782813 0.015625 0.015625
0 0.350000 0.782813 0.015625 0.015625
0 0.126562 0.782813 0.015625 0.015625
0 0.426563 0.784375 0.015625 0.015625
0 0.198437 0.785937 0.015625 0.015625
0 0.656250 0.785937 0.015625 0.015625
0 0.950000 0.785937 0.015625 0.015625
0 0.573438 0.785937 0.015625 0.015625
0 0.275000 0.787500 0.015625 0.015625
0 0.500000 0.787500 0.015625 0.015625
0 0.837500 0.839063 0.015625 0.015625
0 0.160938 0.850000 0.015625 0.015625
0 0.540625 0.851562 0.015625 0.015625
0 0.237500 0.853125 0.015625 0.015625
0 0.457813 0.856250 0.015625 0.015625
0 0.385937 0.856250 0.015625 0.015625
0 0.787500 0.898438 0.015625 0.015625
0 0.589063 0.906250 0.015625 0.015625
0 0.714063 0.910937 0.015625 0.015625
0 0.343750 0.921875 0.015625 0.015625
0 0.196875 0.923438 0.015625 0.015625
0 0.434375 0.931250 0.015625 0.015625
0 0.898438 0.945312 0.015625 0.015625
0 0.537500 0.976562 0.015625 0.015625
0 0.009375 0.976562 0.015625 0.015625
0 0.312500 0.978125 0.015625 0.015625
0 0.239063 0.978125 0.015625 0.015625
0 0.082812 0.979688 0.015625 0.015625
0 0.156250 0.979688 0.015625 0.015625
0 0.384375 0.981250 0.015625 0.015625
0 0.617188 0.982812 0.015625 0.015625
0 0.760938 0.985938 0.015625 0.015625
0 0.921875 0.995313 0.015625 0.015625
0 0.517188 0.128125 0.015625 0.015625
0 0.546875 0.195312 0.015625 0.015625
0 0.620313 0.198437 0.015625 0.015625
0 0.590625 0.660937 0.015625 0.015625
0 0.662500 0.657813 0.015625 0.015625
0 0.545312 0.704688 0.015625 0.015625
0 0.504687 0.664062 0.015625 0.015625
0 0.623437 0.320312 0.015625 0.015625
0 0.704688 0.331250 0.015625 0.015625
0 0.481250 0.332813 0.015625 0.015625
0 0.540625 0.459375 0.015625 0.015625
0 0.507812 0.529687 0.015625 0.015625
0 0.460938 0.595313 0.015625 0.015625
0 0.381250 0.593750 0.015625 0.015625
0 0.317188 0.587500 0.015625 0.015625
0 0.285938 0.531250 0.015625 0.015625
0 0.239063 0.584375 0.015625 0.015625
0 0.204687 0.521875 0.015625 0.015625
0 0.092188 0.585938 0.015625 0.015625
0 0.098437 0.714063 0.015625 0.015625
0 0.237500 0.720313 0.015625 0.015625
0 0.082812 0.846875 0.015625 0.015625
0 0.040625 0.910937 0.015625 0.015625
0 0.285938 0.884375 0.015625 0.015625
0 0.618750 0.859375 0.015625 0.015625
0 0.690625 0.856250 0.015625 0.015625
0 0.771875 0.860938 0.015625 0.015625
0 0.459375 0.979688 0.015625 0.015625
0 0.993750 0.726562 0.015625 0.015625
0 0.956250 0.676562 0.015625 0.015625
0 0.798438 0.667188 0.015625 0.015625
0 0.873437 0.798438 0.015625 0.015625
0 0.921875 0.865625 0.015625 0.015625
0 0.992188 0.864062 0.015625 0.015625
0 0.954688 0.931250 0.015625 0.015625
0 0.843750 0.065625 0.015625 0.015625
0 0.782813 0.060937 0.015625 0.015625
0 0.818750 0.139063 0.015625 0.015625
0 0.821875 0.260937 0.015625 0.015625
0 0.887500 0.256250 0.015625 0.015625
0 0.860938 0.198437 0.015625 0.015625
0 0.928125 0.201563 0.015625 0.015625
0 0.896875 0.137500 0.015625 0.015625
0 0.970313 0.135937 0.015625 0.015625
0 0.931250 0.067187 0.015625 0.015625
0 0.621875 0.067187 0.015625 0.015625
0 0.587500 0.134375 0.015625 0.015625
0 0.676562 0.129688 0.015625 0.015625
0 0.732812 0.132812 0.015625 0.015625
0 0.401562 0.059375 0.015625 0.015625
0 0.481250 0.059375 0.015625 0.015625
0 0.434375 0.126562 0.015625 0.015625
0 0.348438 0.123438 0.015625 0.015625
0 0.201563 0.120313 0.015625 0.015625
0 0.248438 0.185938 0.015625 0.015625
0 0.320312 0.189062 0.015625 0.015625
0 0.287500 0.251563 0.015625 0.015625
0 0.015625 0.179688 0.015625 0.015625
