0 0.029687 0.000000 0.015625 0.015625
0 0.329688 0.006250 0.015625 0.015625
0 0.256250 0.007812 0.015625 0.015625
0 0.182812 0.007812 0.015625 0.015625
0 0.106250 0.010937 0.015625 0.015625
0 0.412500 0.023438 0.015625 0.015625
0 0.065625 0.075000 0.015625 0.015625
0 0.290625 0.075000 0.015625 0.015625
0 0.221875 0.079687 0.015625 0.015625
0 0.142187 0.081250 0.015625 0.015625
0 0.365625 0.090625 0.015625 0.015625
0 0.448437 0.101562 0.015625 0.015625
0 0.179688 0.135937 0.015625 0.015625
0 0.253125 0.139063 0.015625 0.015625
0 0.026562 0.140625 0.015625 0.015625
0 0.396875 0.143750 0.015625 0.015625
0 0.098437 0.143750 0.015625 0.015625
0 0.328125 0.178125 0.015625 0.015625
0 0.242188 0.182812 0.015625 0.015625
0 0.492188 0.203125 0.015625 0.015625
0 0.171875 0.228125 0.015625 0.015625
0 0.365625 0.246875 0.015625 0.015625
0 0.270313 0.251563 0.015625 0.015625
0 0.437500 0.267188 0.015625 0.015625
0 0.568750 0.307812 0.015625 0.015625
0 0.385937 0.320312 0.015625 0.015625
0 0.528125 0.339062 0.015625 0.015625
0 0.239063 0.384375 0.015625 0.015625
0 0.557813 0.400000 0.015625 0.015625
0 0.046875 0.400000 0.015625 0.015625
0 0.475000 0.401562 0.015625 0.015625
0 0.081250 0.460938 0.015625 0.015625
0 0.023438 0.465625 0.015625 0.015625
0 0.462500 0.467187 0.015625 0.015625
0 0.640625 0.471875 0.015625 0.015625
0 0.015625 0.521875 0.015625 0.015625
0 0.592187 0.523438 0.015625 0.015625
0 0.464062 0.537500 0.015625 0.015625
0 0.170313 0.539062 0.015625 0.015625
0 0.371875 0.542188 0.015625 0.015625
0 0.645312 0.545312 0.015625 0.015625
0 0.550000 0.556250 0.015625 0.015625
0 0.293750 0.559375 0.015625 0.015625
0 0.048438 0.607812 0.015625 0.015625
0 0.192188 0.625000 0.015625 0.015625
0 0.417187 0.625000 0.015625 0.015625
0 0.264062 0.626563 0.015625 0.015625
0 0.332813 0.637500 0.015625 0.015625
0 0.506250 0.639062 0.015625 0.015625
0 0.118750 0.660937 0.015625 0.015625
0 0.687500 0.662500 0.015625 0.015625
0 0.000000 0.664062 0.015625 0.015625
0 0.053125 0.675000 0.015625 0.015625
0 0.135937 0.700000 0.015625 0.015625
0 0.201563 0.704688 0.015625 0.015625
0 0.267188 0.706250 0.015625 0.015625
0 0.457813 0.714063 0.015625 0.015625
0 0.396875 0.717187 0.015625 0.015625
0 0.593750 0.725000 0.015625 0.015625
0 0.050000 0.743750 0.015625 0.015625
0 0.159375 0.759375 0.015625 0.015625
0 0.412500 0.762500 0.015625 0.015625
0 0.229687 0.768750 0.015625 0.015625
0 0.785937 0.770312 0.015625 0.015625
0 0.304688 0.770312 0.015625 0.015625
0 0.589063 0.803125 0.015625 0.015625
0 0.401562 0.806250 0.015625 0.015625
0 0.010937 0.812500 0.015625 0.015625
0 0.489063 0.815625 0.015625 0.015625
0 0.810937 0.820312 0.015625 0.015625
0 0.150000 0.820312 0.015625 0.015625
0 0.318750 0.864062 0.015625 0.015625
0 0.226562 0.867188 0.015625 0.015625
0 0.054688 0.887500 0.015625 0.015625
0 0.481250 0.887500 0.015625 0.015625
0 0.421875 0.892188 0.015625 0.015625
0 0.620313 0.898438 0.015625 0.015625
0 0.148438 0.920312 0.015625 0.015625
0 0.195312 0.921875 0.015625 0.015625
0 0.770312 0.928125 0.015625 0.015625
0 0.845313 0.937500 0.015625 0.015625
0 0.459375 0.943750 0.015625 0.015625
0 0.621875 0.954688 0.015625 0.015625
0 0.567187 0.965625 0.015625 0.015625
0 0.046875 0.967187 0.015625 0.015625
0 0.318750 0.975000 0.015625 0.015625
