0 0.003125 0.009375 0.015625 0.015625
0 0.040625 0.014063 0.015625 0.015625
0 0.082812 0.017188 0.015625 0.015625
0 0.121875 0.015625 0.015625 0.015625
0 0.156250 0.015625 0.015625 0.015625
0 0.184375 0.020313 0.015625 0.015625
0 0.226562 0.020313 0.015625 0.015625
0 0.246875 0.025000 0.015625 0.015625
0 0.028125 0.051562 0.015625 0.015625
0 0.064062 0.048438 0.015625 0.015625
0 0.093750 0.050000 0.015625 0.015625
0 0.134375 0.051562 0.015625 0.015625
0 0.173437 0.051562 0.015625 0.015625
0 0.117188 0.082812 0.015625 0.015625
0 0.145313 0.082812 0.015625 0.015625
0 0.193750 0.081250 0.015625 0.015625
0 0.054688 0.115625 0.015625 0.015625
0 0.092188 0.115625 0.015625 0.015625
0 0.128125 0.115625 0.015625 0.015625
0 0.164062 0.117188 0.015625 0.015625
0 0.209375 0.120313 0.015625 0.015625
0 0.242188 0.120313 0.015625 0.015625
0 0.281250 0.123438 0.015625 0.015625
0 0.320312 0.121875 0.015625 0.015625
0 0.354687 0.121875 0.015625 0.015625
0 0.020313 0.181250 0.015625 0.015625
0 0.050000 0.179688 0.015625 0.015625
0 0.032813 0.143750 0.015625 0.015625
0 0.085938 0.181250 0.015625 0.015625
0 0.107813 0.146875 0.015625 0.015625
0 0.128125 0.184375 0.015625 0.015625
0 0.150000 0.145313 0.015625 0.015625
0 0.167187 0.179688 0.015625 0.015625
0 0.184375 0.150000 0.015625 0.015625
0 0.200000 0.181250 0.015625 0.015625
0 0.071875 0.145313 0.015625 0.015625
0 0.010937 0.243750 0.015625 0.015625
0 0.051562 0.248438 0.015625 0.015625
0 0.090625 0.246875 0.015625 0.015625
0 0.128125 0.246875 0.015625 0.015625
0 0.167187 0.246875 0.015625 0.015625
0 0.032813 0.273438 0.015625 0.015625
0 0.068750 0.278125 0.015625 0.015625
0 0.109375 0.276562 0.015625 0.015625
0 0.145313 0.276562 0.015625 0.015625
0 0.182812 0.279687 0.015625 0.015625
0 0.218750 0.279687 0.015625 0.015625
0 0.204687 0.251563 0.015625 0.015625
0 0.148438 0.214062 0.015625 0.015625
0 0.185938 0.214062 0.015625 0.015625
0 0.221875 0.214062 0.015625 0.015625
0 0.034375 0.209375 0.015625 0.015625
0 0.070312 0.210938 0.015625 0.015625
0 0.012500 0.312500 0.015625 0.015625
0 0.046875 0.312500 0.015625 0.015625
0 0.087500 0.312500 0.015625 0.015625
0 0.126562 0.312500 0.015625 0.015625
0 0.037500 0.342187 0.015625 0.015625
0 0.071875 0.345313 0.015625 0.015625
0 0.107813 0.345313 0.015625 0.015625
0 0.150000 0.345313 0.015625 0.015625
0 0.187500 0.345313 0.015625 0.015625
0 0.221875 0.345313 0.015625 0.015625
0 0.200000 0.314063 0.015625 0.015625
0 0.060937 0.376563 0.015625 0.015625
0 0.092188 0.376563 0.015625 0.015625
0 0.121875 0.376563 0.015625 0.015625
0 0.170313 0.378125 0.015625 0.015625
0 0.206250 0.378125 0.015625 0.015625
0 0.010937 0.437500 0.015625 0.015625
0 0.031250 0.406250 0.015625 0.015625
0 0.048438 0.440625 0.015625 0.015625
0 0.071875 0.406250 0.015625 0.015625
0 0.089063 0.437500 0.015625 0.015625
0 0.104688 0.410938 0.015625 0.015625
0 0.120313 0.439063 0.015625 0.015625
0 0.164062 0.443750 0.015625 0.015625
0 0.009375 0.509375 0.015625 0.015625
0 0.028125 0.476562 0.015625 0.015625
0 0.048438 0.510938 0.015625 0.015625
0 0.065625 0.475000 0.015625 0.015625
0 0.089063 0.506250 0.015625 0.015625
0 0.104688 0.475000 0.015625 0.015625
0 0.125000 0.507812 0.015625 0.015625
0 0.145313 0.475000 0.015625 0.015625
0 0.160938 0.509375 0.015625 0.015625
0 0.178125 0.478125 0.015625 0.015625
0 0.200000 0.509375 0.015625 0.015625
0 0.217188 0.476562 0.015625 0.015625
0 0.009375 0.567187 0.015625 0.015625
0 0.029687 0.531250 0.015625 0.015625
0 0.067187 0.537500 0.015625 0.015625
0 0.085938 0.570312 0.015625 0.015625
0 0.120313 0.573438 0.015625 0.015625
0 0.142187 0.540625 0.015625 0.015625
0 0.157812 0.576562 0.015625 0.015625
0 0.176563 0.545312 0.015625 0.015625
0 0.198437 0.575000 0.015625 0.015625
0 0.214062 0.543750 0.015625 0.015625
0 0.006250 0.632812 0.015625 0.015625
0 0.023438 0.603125 0.015625 0.015625
0 0.043750 0.634375 0.015625 0.015625
0 0.060937 0.601562 0.015625 0.015625
0 0.098437 0.603125 0.015625 0.015625
0 0.085938 0.635938 0.015625 0.015625
0 0.118750 0.639062 0.015625 0.015625
0 0.162500 0.635938 0.015625 0.015625
0 0.179688 0.606250 0.015625 0.015625
0 0.196875 0.637500 0.015625 0.015625
0 0.004687 0.709375 0.015625 0.015625
0 0.060937 0.667188 0.015625 0.015625
0 0.045312 0.700000 0.015625 0.015625
0 0.100000 0.668750 0.015625 0.015625
0 0.081250 0.701562 0.015625 0.015625
0 0.137500 0.671875 0.015625 0.015625
0 0.118750 0.704688 0.015625 0.015625
0 0.171875 0.673438 0.015625 0.015625
0 0.159375 0.704688 0.015625 0.015625
0 0.214062 0.673438 0.015625 0.015625
0 0.198437 0.703125 0.015625 0.015625
0 0.004687 0.768750 0.015625 0.015625
0 0.025000 0.735938 0.015625 0.015625
0 0.043750 0.765625 0.015625 0.015625
0 0.098437 0.735938 0.015625 0.015625
0 0.082812 0.768750 0.015625 0.015625
0 0.137500 0.739062 0.015625 0.015625
0 0.178125 0.739062 0.015625 0.015625
0 0.217188 0.739062 0.015625 0.015625
0 0.198437 0.770312 0.015625 0.015625
0 0.157812 0.771875 0.015625 0.015625
0 0.120313 0.768750 0.015625 0.015625
0 0.000000 0.831250 0.015625 0.015625
0 0.020313 0.801562 0.015625 0.015625
0 0.045312 0.832812 0.015625 0.015625
0 0.060937 0.803125 0.015625 0.015625
0 0.079687 0.831250 0.015625 0.015625
0 0.098437 0.803125 0.015625 0.015625
0 0.115625 0.834375 0.015625 0.015625
0 0.134375 0.803125 0.015625 0.015625
0 0.157812 0.834375 0.015625 0.015625
0 0.171875 0.807813 0.015625 0.015625
0 0.195312 0.834375 0.015625 0.015625
0 0.212500 0.806250 0.015625 0.015625
0 0.056250 0.865625 0.015625 0.015625
0 0.040625 0.900000 0.015625 0.015625
0 0.076563 0.901563 0.015625 0.015625
0 0.112500 0.901563 0.015625 0.015625
0 0.134375 0.873437 0.015625 0.015625
0 0.154688 0.906250 0.015625 0.015625
0 0.176563 0.875000 0.015625 0.015625
0 0.192188 0.906250 0.015625 0.015625
0 0.210938 0.873437 0.015625 0.015625
0 0.065625 0.937500 0.015625 0.015625
0 0.078125 0.967187 0.015625 0.015625
0 0.095312 0.937500 0.015625 0.015625
0 0.112500 0.967187 0.015625 0.015625
0 0.131250 0.935937 0.015625 0.015625
0 0.150000 0.968750 0.015625 0.015625
0 0.171875 0.939063 0.015625 0.015625
0 0.193750 0.968750 0.015625 0.015625
0 0.209375 0.935937 0.015625 0.015625
0 0.229687 0.971875 0.015625 0.015625
0 0.301563 0.092188 0.015625 0.015625
0 0.339062 0.089063 0.015625 0.015625
0 0.298438 0.026562 0.015625 0.015625
0 0.228125 0.162500 0.015625 0.015625
0 0.095312 0.868750 0.015625 0.015625
0 0.018750 0.862500 0.015625 0.015625
0 0.004687 0.964063 0.015625 0.015625
0 0.021875 0.995313 0.015625 0.015625
0 0.926562 0.000000 0.015625 0.015625
0 0.781250 0.001563 0.015625 0.015625
0 0.851562 0.003125 0.015625 0.015625
0 0.606250 0.028125 0.015625 0.015625
0 0.759375 0.028125 0.015625 0.015625
0 0.834375 0.029687 0.015625 0.015625
0 0.645312 0.029687 0.015625 0.015625
0 0.795312 0.029687 0.015625 0.015625
0 0.682813 0.031250 0.015625 0.015625
0 0.721875 0.031250 0.015625 0.015625
0 0.873437 0.031250 0.015625 0.015625
0 0.912500 0.034375 0.015625 0.015625
0 0.617188 0.056250 0.015625 0.015625
0 0.662500 0.060937 0.015625 0.015625
0 0.778125 0.062500 0.015625 0.015625
0 0.815625 0.062500 0.015625 0.015625
0 0.739062 0.062500 0.015625 0.015625
0 0.853125 0.062500 0.015625 0.015625
0 0.701562 0.064062 0.015625 0.015625
0 0.892188 0.065625 0.015625 0.015625
0 0.964063 0.065625 0.015625 0.015625
0 0.929688 0.068750 0.015625 0.015625
0 0.982812 0.096875 0.015625 0.015625
