0 0.442188 0.021875 0.015625 0.015625
0 0.823438 0.021875 0.015625 0.015625
0 0.593750 0.023438 0.015625 0.015625
0 0.746875 0.020313 0.015625 0.015625
0 0.898438 0.023438 0.015625 0.015625
0 0.671875 0.020313 0.015625 0.015625
0 0.520312 0.023438 0.015625 0.015625
0 0.892188 0.417187 0.015625 0.015625
0 0.662500 0.417187 0.015625 0.015625
0 0.862500 0.087500 0.015625 0.015625
0 0.962500 0.948438 0.015625 0.015625
0 0.634375 0.087500 0.015625 0.015625
0 0.814063 0.687500 0.015625 0.015625
0 0.784375 0.351562 0.015625 0.015625
0 0.710938 0.087500 0.015625 0.015625
0 0.664062 0.278125 0.015625 0.015625
0 0.815625 0.550000 0.015625 0.015625
0 0.782813 0.615625 0.015625 0.015625
0 0.740625 0.545312 0.015625 0.015625
0 0.937500 0.087500 0.015625 0.015625
0 0.785937 0.087500 0.015625 0.015625
0 0.593750 0.150000 0.015625 0.015625
0 0.632812 0.215625 0.015625 0.015625
0 0.784375 0.217188 0.015625 0.015625
0 0.853125 0.350000 0.015625 0.015625
0 0.929688 0.350000 0.015625 0.015625
0 0.668750 0.150000 0.015625 0.015625
0 0.821875 0.153125 0.015625 0.015625
0 0.743750 0.151562 0.015625 0.015625
0 0.817187 0.417187 0.015625 0.015625
0 0.923438 0.745313 0.015625 0.015625
0 0.890625 0.550000 0.015625 0.015625
0 0.709375 0.215625 0.015625 0.015625
0 0.509375 0.414062 0.015625 0.015625
0 0.885938 0.812500 0.015625 0.015625
0 0.701562 0.348438 0.015625 0.015625
0 0.067187 0.014063 0.015625 0.015625
0 0.131250 0.015625 0.015625 0.015625
0 0.209375 0.018750 0.015625 0.015625
0 0.018750 0.207813 0.015625 0.015625
0 0.062500 0.270313 0.015625 0.015625
0 0.032813 0.078125 0.015625 0.015625
0 0.051562 0.146875 0.015625 0.015625
0 0.103125 0.215625 0.015625 0.015625
0 0.137500 0.273438 0.015625 0.015625
0 0.106250 0.081250 0.015625 0.015625
0 0.178125 0.085938 0.015625 0.015625
0 0.139063 0.151562 0.015625 0.015625
0 0.215625 0.153125 0.015625 0.015625
0 0.259375 0.076563 0.015625 0.015625
0 0.289062 0.148438 0.015625 0.015625
0 0.323437 0.214062 0.015625 0.015625
0 0.253125 0.212500 0.015625 0.015625
0 0.170313 0.209375 0.015625 0.015625
0 0.212500 0.276562 0.015625 0.015625
0 0.287500 0.271875 0.015625 0.015625
0 0.364063 0.271875 0.015625 0.015625
0 0.023438 0.467187 0.015625 0.015625
0 0.064062 0.535937 0.015625 0.015625
0 0.029687 0.337500 0.015625 0.015625
0 0.064062 0.404687 0.015625 0.015625
0 0.093750 0.334375 0.015625 0.015625
0 0.140625 0.410938 0.015625 0.015625
0 0.100000 0.473438 0.015625 0.015625
0 0.217188 0.410938 0.015625 0.015625
0 0.248438 0.346875 0.015625 0.015625
0 0.318750 0.346875 0.015625 0.015625
0 0.396875 0.346875 0.015625 0.015625
0 0.285938 0.417187 0.015625 0.015625
0 0.354687 0.414062 0.015625 0.015625
0 0.157812 0.543750 0.015625 0.015625
0 0.173437 0.475000 0.015625 0.015625
0 0.206250 0.550000 0.015625 0.015625
0 0.248438 0.476562 0.015625 0.015625
0 0.320312 0.476562 0.015625 0.015625
0 0.278125 0.548438 0.015625 0.015625
0 0.390625 0.478125 0.015625 0.015625
0 0.365625 0.543750 0.015625 0.015625
0 0.432812 0.414062 0.015625 0.015625
0 0.429688 0.551562 0.015625 0.015625
0 0.475000 0.475000 0.015625 0.015625
0 0.504687 0.417187 0.015625 0.015625
0 0.542188 0.475000 0.015625 0.015625
0 0.585938 0.553125 0.015625 0.015625
0 0.506250 0.545312 0.015625 0.015625
0 0.459375 0.342187 0.015625 0.015625
0 0.020313 0.728125 0.015625 0.015625
0 0.021875 0.607812 0.015625 0.015625
0 0.057813 0.665625 0.015625 0.015625
0 0.092188 0.612500 0.015625 0.015625
0 0.110937 0.543750 0.015625 0.015625
0 0.167187 0.617188 0.015625 0.015625
0 0.140625 0.676562 0.015625 0.015625
0 0.085938 0.742188 0.015625 0.015625
0 0.048438 0.821875 0.015625 0.015625
0 0.246875 0.607812 0.015625 0.015625
0 0.201563 0.667188 0.015625 0.015625
0 0.170313 0.739062 0.015625 0.015625
0 0.128125 0.803125 0.015625 0.015625
0 0.317188 0.610938 0.015625 0.015625
0 0.276562 0.665625 0.015625 0.015625
0 0.235937 0.737500 0.015625 0.015625
0 0.198437 0.803125 0.015625 0.015625
0 0.389062 0.620313 0.015625 0.015625
0 0.356250 0.671875 0.015625 0.015625
0 0.314063 0.739062 0.015625 0.015625
0 0.278125 0.801562 0.015625 0.015625
0 0.421875 0.684375 0.015625 0.015625
0 0.390625 0.748437 0.015625 0.015625
0 0.357812 0.804688 0.015625 0.015625
0 0.548438 0.621875 0.015625 0.015625
0 0.464062 0.756250 0.015625 0.015625
0 0.435937 0.809375 0.015625 0.015625
0 0.626563 0.606250 0.015625 0.015625
0 0.579688 0.673438 0.015625 0.015625
0 0.542188 0.745313 0.015625 0.015625
0 0.510938 0.806250 0.015625 0.015625
0 0.585938 0.807813 0.015625 0.015625
0 0.621875 0.754687 0.015625 0.015625
0 0.662500 0.682813 0.015625 0.015625
0 0.703125 0.739062 0.015625 0.015625
0 0.662500 0.812500 0.015625 0.015625
0 0.735938 0.820312 0.015625 0.015625
0 0.059375 0.934375 0.015625 0.015625
0 0.028125 0.865625 0.015625 0.015625
0 0.090625 0.857812 0.015625 0.015625
0 0.120313 0.926562 0.015625 0.015625
0 0.159375 0.868750 0.015625 0.015625
0 0.237500 0.868750 0.015625 0.015625
0 0.323437 0.870313 0.015625 0.015625
0 0.323437 0.993750 0.015625 0.015625
0 0.295312 0.943750 0.015625 0.015625
0 0.204687 0.934375 0.015625 0.015625
0 0.351562 0.940625 0.015625 0.015625
0 0.396875 0.873437 0.015625 0.015625
0 0.387500 0.996875 0.015625 0.015625
0 0.434375 0.945312 0.015625 0.015625
0 0.478125 0.865625 0.015625 0.015625
0 0.551562 0.871875 0.015625 0.015625
0 0.506250 0.945312 0.015625 0.015625
0 0.573438 0.953125 0.015625 0.015625
0 0.628125 0.875000 0.015625 0.015625
0 0.696875 0.875000 0.015625 0.015625
0 0.660937 0.950000 0.015625 0.015625
0 0.726562 0.950000 0.015625 0.015625
0 0.776563 0.868750 0.015625 0.015625
0 0.815625 0.926562 0.015625 0.015625
0 0.975000 0.020313 0.015625 0.015625
0 0.895312 0.151562 0.015625 0.015625
0 0.915625 0.223438 0.015625 0.015625
0 0.862500 0.218750 0.015625 0.015625
0 0.821875 0.287500 0.015625 0.015625
0 0.748437 0.281250 0.015625 0.015625
0 0.893750 0.292187 0.015625 0.015625
0 0.973437 0.290625 0.015625 0.015625
0 0.548438 0.212500 0.015625 0.015625
0 0.587500 0.295312 0.015625 0.015625
0 0.504687 0.278125 0.015625 0.015625
0 0.465625 0.210938 0.015625 0.015625
0 0.506250 0.146875 0.015625 0.015625
0 0.485938 0.087500 0.015625 0.015625
0 0.553125 0.085938 0.015625 0.015625
0 0.410938 0.089063 0.015625 0.015625
0 0.439063 0.148438 0.015625 0.015625
0 0.553125 0.348438 0.015625 0.015625
0 0.640625 0.356250 0.015625 0.015625
0 0.587500 0.410938 0.015625 0.015625
0 0.623437 0.481250 0.015625 0.015625
0 0.698438 0.487500 0.015625 0.015625
0 0.746875 0.412500 0.015625 0.015625
0 0.773438 0.482812 0.015625 0.015625
0 0.850000 0.482812 0.015625 0.015625
0 0.965625 0.567187 0.015625 0.015625
0 0.962500 0.689063 0.015625 0.015625
0 0.904687 0.684375 0.015625 0.015625
0 0.848437 0.746875 0.015625 0.015625
0 0.787500 0.751563 0.015625 0.015625
0 0.817187 0.815625 0.015625 0.015625
0 0.948438 0.814063 0.015625 0.015625
0 0.917188 0.879687 0.015625 0.015625
0 0.850000 0.879687 0.015625 0.015625
0 0.898438 0.945312 0.015625 0.015625
0 0.859375 0.617188 0.015625 0.015625
0 0.950000 0.620313 0.015625 0.015625
0 0.371875 0.018750 0.015625 0.015625
0 0.660937 0.557813 0.015625 0.015625
0 0.700000 0.618750 0.015625 0.015625
0 0.739062 0.679688 0.015625 0.015625
0 0.464062 0.618750 0.015625 0.015625
0 0.507812 0.681250 0.015625 0.015625
0 0.967187 0.425000 0.015625 0.015625
0 0.975000 0.348438 0.015625 0.015625
0 0.923438 0.489063 0.015625 0.015625
