0 0.085938 0.295312 0.015625 0.015625
0 0.010937 0.296875 0.015625 0.015625
0 0.160938 0.560937 0.015625 0.015625
0 0.165625 0.298438 0.015625 0.015625
0 0.206250 0.096875 0.015625 0.015625
0 0.165625 0.035937 0.015625 0.015625
0 0.310937 0.300000 0.015625 0.015625
0 0.240625 0.296875 0.015625 0.015625
0 0.390625 0.301563 0.015625 0.015625
0 0.992188 0.575000 0.015625 0.015625
0 0.915625 0.575000 0.015625 0.015625
0 0.881250 0.640625 0.015625 0.015625
0 0.617188 0.310937 0.015625 0.015625
0 0.837500 0.573438 0.015625 0.015625
0 0.543750 0.309375 0.015625 0.015625
0 0.693750 0.312500 0.015625 0.015625
0 0.387500 0.568750 0.015625 0.015625
0 0.996875 0.048438 0.015625 0.015625
0 0.571875 0.503125 0.015625 0.015625
0 0.700000 0.042188 0.015625 0.015625
0 0.432812 0.237500 0.015625 0.015625
0 0.545312 0.039062 0.015625 0.015625
0 0.245312 0.034375 0.015625 0.015625
0 0.621875 0.043750 0.015625 0.015625
0 0.393750 0.037500 0.015625 0.015625
0 0.464062 0.300000 0.015625 0.015625
0 0.765625 0.040625 0.015625 0.015625
0 0.645312 0.639062 0.015625 0.015625
0 0.309375 0.565625 0.015625 0.015625
0 0.767188 0.312500 0.015625 0.015625
0 0.318750 0.034375 0.015625 0.015625
0 0.460938 0.567187 0.015625 0.015625
0 0.646875 0.503125 0.015625 0.015625
0 0.535937 0.568750 0.015625 0.015625
0 0.343750 0.628125 0.015625 0.015625
0 0.312500 0.434375 0.015625 0.015625
0 0.467187 0.039062 0.015625 0.015625
0 0.793750 0.639062 0.015625 0.015625
0 0.117188 0.625000 0.015625 0.015625
0 0.150000 0.692187 0.015625 0.015625
0 0.157812 0.826562 0.015625 0.015625
0 0.489063 0.895312 0.015625 0.015625
0 0.987500 0.967187 0.015625 0.015625
0 0.415625 0.893750 0.015625 0.015625
0 0.912500 0.704688 0.015625 0.015625
0 0.715625 0.892188 0.015625 0.015625
0 0.790625 0.898438 0.015625 0.015625
0 0.534375 0.698438 0.015625 0.015625
0 0.609375 0.701562 0.015625 0.015625
0 0.307812 0.693750 0.015625 0.015625
0 0.565625 0.893750 0.015625 0.015625
0 0.687500 0.703125 0.015625 0.015625
0 0.757812 0.964063 0.015625 0.015625
0 0.262500 0.887500 0.015625 0.015625
0 0.826562 0.965625 0.015625 0.015625
0 0.267188 0.628125 0.015625 0.015625
0 0.721875 0.639062 0.015625 0.015625
0 0.382812 0.696875 0.015625 0.015625
0 0.762500 0.703125 0.015625 0.015625
0 0.443750 0.959375 0.015625 0.015625
0 0.190625 0.892188 0.015625 0.015625
0 0.075000 0.690625 0.015625 0.015625
0 0.945312 0.898438 0.015625 0.015625
0 0.523438 0.959375 0.015625 0.015625
0 0.120313 0.751563 0.015625 0.015625
0 0.415625 0.753125 0.015625 0.015625
0 0.907813 0.967187 0.015625 0.015625
0 0.334375 0.885938 0.015625 0.015625
0 0.109375 0.885938 0.015625 0.015625
0 0.184375 0.956250 0.015625 0.015625
0 0.232813 0.960938 0.015625 0.015625
0 0.296875 0.960938 0.015625 0.015625
0 0.371875 0.959375 0.015625 0.015625
0 0.603125 0.959375 0.015625 0.015625
0 0.684375 0.960938 0.015625 0.015625
