0 0.014063 0.890625 0.015625 0.015625
0 0.092188 0.890625 0.015625 0.015625
0 0.017188 0.634375 0.015625 0.015625
0 0.059375 0.696875 0.015625 0.015625
0 0.082812 0.757812 0.015625 0.015625
0 0.017188 0.760938 0.015625 0.015625
0 0.126562 0.823438 0.015625 0.015625
0 0.050000 0.826562 0.015625 0.015625
0 0.051562 0.959375 0.015625 0.015625
0 0.134375 0.957812 0.015625 0.015625
0 0.182812 0.628125 0.015625 0.015625
0 0.106250 0.629687 0.015625 0.015625
0 0.134375 0.695312 0.015625 0.015625
0 0.167187 0.768750 0.015625 0.015625
0 0.198437 0.820312 0.015625 0.015625
0 0.243750 0.904687 0.015625 0.015625
0 0.275000 0.957812 0.015625 0.015625
0 0.218750 0.706250 0.015625 0.015625
0 0.240625 0.742188 0.015625 0.015625
0 0.293750 0.818750 0.015625 0.015625
0 0.306250 0.907813 0.015625 0.015625
0 0.356250 0.960938 0.015625 0.015625
0 0.262500 0.645312 0.015625 0.015625
0 0.290625 0.692187 0.015625 0.015625
0 0.317188 0.778125 0.015625 0.015625
0 0.340625 0.635938 0.015625 0.015625
0 0.367188 0.714063 0.015625 0.015625
0 0.403125 0.768750 0.015625 0.015625
0 0.462500 0.767188 0.015625 0.015625
0 0.445312 0.714063 0.015625 0.015625
0 0.400000 0.632812 0.015625 0.015625
0 0.479687 0.650000 0.015625 0.015625
0 0.512500 0.701562 0.015625 0.015625
0 0.553125 0.767188 0.015625 0.015625
0 0.609375 0.767188 0.015625 0.015625
0 0.581250 0.706250 0.015625 0.015625
0 0.548438 0.635938 0.015625 0.015625
0 0.635938 0.643750 0.015625 0.015625
0 0.660937 0.700000 0.015625 0.015625
0 0.703125 0.768750 0.015625 0.015625
0 0.787500 0.775000 0.015625 0.015625
0 0.739062 0.714063 0.015625 0.015625
0 0.703125 0.635938 0.015625 0.015625
0 0.787500 0.639062 0.015625 0.015625
0 0.817187 0.714063 0.015625 0.015625
0 0.856250 0.779687 0.015625 0.015625
0 0.921875 0.785937 0.015625 0.015625
0 0.887500 0.720313 0.015625 0.015625
0 0.850000 0.629687 0.015625 0.015625
0 0.929688 0.646875 0.015625 0.015625
0 0.968750 0.714063 0.015625 0.015625
0 0.401562 0.896875 0.015625 0.015625
0 0.362500 0.831250 0.015625 0.015625
0 0.437500 0.826562 0.015625 0.015625
0 0.468750 0.890625 0.015625 0.015625
0 0.515625 0.840625 0.015625 0.015625
0 0.553125 0.901563 0.015625 0.015625
0 0.592187 0.831250 0.015625 0.015625
0 0.621875 0.887500 0.015625 0.015625
0 0.670312 0.826562 0.015625 0.015625
0 0.703125 0.907813 0.015625 0.015625
0 0.728125 0.826562 0.015625 0.015625
0 0.767188 0.904687 0.015625 0.015625
0 0.810937 0.857812 0.015625 0.015625
0 0.848437 0.920312 0.015625 0.015625
0 0.879687 0.846875 0.015625 0.015625
0 0.915625 0.904687 0.015625 0.015625
0 0.950000 0.845313 0.015625 0.015625
0 0.990625 0.909375 0.015625 0.015625
0 0.428125 0.965625 0.015625 0.015625
0 0.520312 0.982812 0.015625 0.015625
0 0.570312 0.959375 0.015625 0.015625
0 0.660937 0.975000 0.015625 0.015625
0 0.731250 0.975000 0.015625 0.015625
0 0.809375 0.981250 0.015625 0.015625
0 0.890625 0.975000 0.015625 0.015625
0 0.965625 0.960938 0.015625 0.015625
