0 0.028125 0.954688 0.015625 0.015625
0 0.059375 0.956250 0.015625 0.015625
0 0.006250 0.723437 0.015625 0.015625
0 0.023438 0.756250 0.015625 0.015625
0 0.048438 0.723437 0.015625 0.015625
0 0.064062 0.750000 0.015625 0.015625
0 0.084375 0.725000 0.015625 0.015625
0 0.081250 0.787500 0.015625 0.015625
0 0.045312 0.785937 0.015625 0.015625
0 0.004687 0.785937 0.015625 0.015625
0 0.025000 0.821875 0.015625 0.015625
0 0.010937 0.859375 0.015625 0.015625
0 0.048438 0.859375 0.015625 0.015625
0 0.076563 0.859375 0.015625 0.015625
0 0.062500 0.890625 0.015625 0.015625
0 0.023438 0.889062 0.015625 0.015625
0 0.001563 0.923438 0.015625 0.015625
0 0.046875 0.925000 0.015625 0.015625
0 0.075000 0.925000 0.015625 0.015625
0 0.059375 0.001563 0.015625 0.015625
0 0.510938 0.001563 0.015625 0.015625
0 0.098437 0.004687 0.015625 0.015625
0 0.175000 0.004687 0.015625 0.015625
0 0.251563 0.004687 0.015625 0.015625
0 0.137500 0.006250 0.015625 0.015625
0 0.214062 0.006250 0.015625 0.015625
0 0.289062 0.006250 0.015625 0.015625
0 0.365625 0.009375 0.015625 0.015625
0 0.326562 0.010937 0.015625 0.015625
0 0.403125 0.010937 0.015625 0.015625
0 0.553125 0.012500 0.015625 0.015625
0 0.442188 0.012500 0.015625 0.015625
0 0.478125 0.014063 0.015625 0.015625
0 0.596875 0.017188 0.015625 0.015625
0 0.671875 0.017188 0.015625 0.015625
0 0.634375 0.017188 0.015625 0.015625
0 0.709375 0.017188 0.015625 0.015625
0 0.746875 0.018750 0.015625 0.015625
0 0.785937 0.020313 0.015625 0.015625
0 0.823438 0.021875 0.015625 0.015625
0 0.860938 0.023438 0.015625 0.015625
0 0.971875 0.023438 0.015625 0.015625
0 0.935937 0.025000 0.015625 0.015625
0 0.895312 0.026562 0.015625 0.015625
0 0.040625 0.029687 0.015625 0.015625
0 0.004687 0.034375 0.015625 0.015625
0 0.081250 0.035937 0.015625 0.015625
0 0.271875 0.039062 0.015625 0.015625
0 0.157812 0.039062 0.015625 0.015625
0 0.118750 0.039062 0.015625 0.015625
0 0.234375 0.040625 0.015625 0.015625
0 0.195312 0.040625 0.015625 0.015625
0 0.309375 0.042188 0.015625 0.015625
0 0.426563 0.042188 0.015625 0.015625
0 0.459375 0.043750 0.015625 0.015625
0 0.348438 0.043750 0.015625 0.015625
0 0.387500 0.043750 0.015625 0.015625
0 0.498437 0.043750 0.015625 0.015625
0 0.612500 0.046875 0.015625 0.015625
0 0.537500 0.046875 0.015625 0.015625
0 0.650000 0.048438 0.015625 0.015625
0 0.689063 0.048438 0.015625 0.015625
0 0.578125 0.048438 0.015625 0.015625
0 0.726562 0.050000 0.015625 0.015625
0 0.767188 0.051562 0.015625 0.015625
0 0.804688 0.051562 0.015625 0.015625
0 0.876563 0.054688 0.015625 0.015625
0 0.840625 0.054688 0.015625 0.015625
0 0.953125 0.056250 0.015625 0.015625
0 0.914062 0.056250 0.015625 0.015625
0 0.989062 0.057813 0.015625 0.015625
0 0.023438 0.067187 0.015625 0.015625
0 0.328125 0.073438 0.015625 0.015625
0 0.287500 0.075000 0.015625 0.015625
0 0.409375 0.078125 0.015625 0.015625
0 0.592187 0.081250 0.015625 0.015625
0 0.371875 0.081250 0.015625 0.015625
0 0.670312 0.081250 0.015625 0.015625
0 0.631250 0.082812 0.015625 0.015625
0 0.707812 0.084375 0.015625 0.015625
0 0.746875 0.084375 0.015625 0.015625
0 0.859375 0.084375 0.015625 0.015625
0 0.820312 0.084375 0.015625 0.015625
0 0.898438 0.087500 0.015625 0.015625
0 0.784375 0.087500 0.015625 0.015625
0 0.934375 0.087500 0.015625 0.015625
0 0.971875 0.089063 0.015625 0.015625
0 0.046875 0.093750 0.015625 0.015625
0 0.001563 0.100000 0.015625 0.015625
0 0.190625 0.100000 0.015625 0.015625
0 0.229687 0.103125 0.015625 0.015625
0 0.518750 0.104688 0.015625 0.015625
0 0.123438 0.106250 0.015625 0.015625
0 0.343750 0.106250 0.015625 0.015625
0 0.268750 0.106250 0.015625 0.015625
0 0.307812 0.107813 0.015625 0.015625
0 0.420312 0.112500 0.015625 0.015625
0 0.462500 0.114062 0.015625 0.015625
0 0.650000 0.115625 0.015625 0.015625
0 0.687500 0.117188 0.015625 0.015625
0 0.726562 0.118750 0.015625 0.015625
0 0.801562 0.120313 0.015625 0.015625
0 0.764062 0.120313 0.015625 0.015625
0 0.840625 0.121875 0.015625 0.015625
0 0.876563 0.121875 0.015625 0.015625
0 0.915625 0.125000 0.015625 0.015625
0 0.020313 0.134375 0.015625 0.015625
0 0.056250 0.135937 0.015625 0.015625
0 0.037500 0.167187 0.015625 0.015625
0 0.075000 0.168750 0.015625 0.015625
0 0.017188 0.196875 0.015625 0.015625
0 0.054688 0.198437 0.015625 0.015625
0 0.035937 0.231250 0.015625 0.015625
0 0.075000 0.234375 0.015625 0.015625
0 0.017188 0.265625 0.015625 0.015625
0 0.053125 0.267188 0.015625 0.015625
0 0.090625 0.268750 0.015625 0.015625
0 0.034375 0.298438 0.015625 0.015625
0 0.073438 0.300000 0.015625 0.015625
0 0.014063 0.331250 0.015625 0.015625
0 0.051562 0.332813 0.015625 0.015625
0 0.000000 0.364063 0.015625 0.015625
0 0.035937 0.365625 0.015625 0.015625
0 0.073438 0.365625 0.015625 0.015625
0 0.015625 0.396875 0.015625 0.015625
0 0.053125 0.398438 0.015625 0.015625
0 0.034375 0.432812 0.015625 0.015625
0 0.070312 0.434375 0.015625 0.015625
0 0.014063 0.462500 0.015625 0.015625
0 0.051562 0.465625 0.015625 0.015625
0 0.034375 0.496875 0.015625 0.015625
0 0.071875 0.496875 0.015625 0.015625
0 0.050000 0.529687 0.015625 0.015625
0 0.012500 0.531250 0.015625 0.015625
0 0.068750 0.562500 0.015625 0.015625
0 0.032813 0.562500 0.015625 0.015625
0 0.010937 0.593750 0.015625 0.015625
0 0.046875 0.595313 0.015625 0.015625
0 0.082812 0.596875 0.015625 0.015625
