0 0.471875 0.012500 0.015625 0.015625
0 0.621875 0.025000 0.015625 0.015625
0 0.775000 0.029687 0.015625 0.015625
0 0.053125 0.073438 0.015625 0.015625
0 0.129688 0.078125 0.015625 0.015625
0 0.434375 0.084375 0.015625 0.015625
0 0.285938 0.084375 0.015625 0.015625
0 0.590625 0.089063 0.015625 0.015625
0 0.207813 0.092188 0.015625 0.015625
0 0.660937 0.093750 0.015625 0.015625
0 0.910937 0.093750 0.015625 0.015625
0 0.515625 0.095312 0.015625 0.015625
0 0.814063 0.098437 0.015625 0.015625
0 0.984375 0.120313 0.015625 0.015625
0 0.007812 0.142187 0.015625 0.015625
0 0.243750 0.146875 0.015625 0.015625
0 0.693750 0.157812 0.015625 0.015625
0 0.139063 0.171875 0.015625 0.015625
0 0.435937 0.196875 0.015625 0.015625
0 0.039062 0.200000 0.015625 0.015625
0 0.585938 0.207813 0.015625 0.015625
0 0.203125 0.207813 0.015625 0.015625
0 0.507812 0.209375 0.015625 0.015625
0 0.660937 0.214062 0.015625 0.015625
0 0.407813 0.248438 0.015625 0.015625
0 0.279687 0.250000 0.015625 0.015625
0 0.062500 0.251563 0.015625 0.015625
0 0.910937 0.254688 0.015625 0.015625
0 0.626563 0.275000 0.015625 0.015625
0 0.545312 0.278125 0.015625 0.015625
0 0.467187 0.279687 0.015625 0.015625
0 0.317188 0.321875 0.015625 0.015625
0 0.390625 0.326562 0.015625 0.015625
0 0.210938 0.332813 0.015625 0.015625
0 0.118750 0.334375 0.015625 0.015625
0 0.501563 0.339062 0.015625 0.015625
0 0.584375 0.346875 0.015625 0.015625
0 0.807813 0.351562 0.015625 0.015625
0 0.682813 0.359375 0.015625 0.015625
0 0.046875 0.371875 0.015625 0.015625
0 0.940625 0.375000 0.015625 0.015625
0 0.442188 0.381250 0.015625 0.015625
0 0.164062 0.398438 0.015625 0.015625
0 0.235937 0.401562 0.015625 0.015625
0 0.312500 0.403125 0.015625 0.015625
0 0.515625 0.412500 0.015625 0.015625
0 0.401562 0.435937 0.015625 0.015625
0 0.079687 0.439063 0.015625 0.015625
0 0.317188 0.446875 0.015625 0.015625
0 0.162500 0.454688 0.015625 0.015625
0 0.487500 0.459375 0.015625 0.015625
0 0.270313 0.462500 0.015625 0.015625
0 0.631250 0.465625 0.015625 0.015625
0 0.057813 0.493750 0.015625 0.015625
0 0.868750 0.501563 0.015625 0.015625
0 0.132812 0.514062 0.015625 0.015625
0 0.693750 0.521875 0.015625 0.015625
0 0.293750 0.523438 0.015625 0.015625
0 0.742188 0.525000 0.015625 0.015625
0 0.231250 0.525000 0.015625 0.015625
0 0.406250 0.525000 0.015625 0.015625
0 0.537500 0.546875 0.015625 0.015625
0 0.614062 0.546875 0.015625 0.015625
0 0.175000 0.559375 0.015625 0.015625
0 0.835938 0.573438 0.015625 0.015625
0 0.012500 0.634375 0.015625 0.015625
0 0.685937 0.642188 0.015625 0.015625
0 0.151562 0.648438 0.015625 0.015625
0 0.864062 0.648438 0.015625 0.015625
0 0.776563 0.650000 0.015625 0.015625
0 0.362500 0.654687 0.015625 0.015625
0 0.957812 0.659375 0.015625 0.015625
0 0.264062 0.687500 0.015625 0.015625
0 0.556250 0.692187 0.015625 0.015625
0 0.645312 0.695312 0.015625 0.015625
0 0.718750 0.709375 0.015625 0.015625
0 0.793750 0.743750 0.015625 0.015625
0 0.971875 0.743750 0.015625 0.015625
0 0.889062 0.748437 0.015625 0.015625
0 0.635938 0.748437 0.015625 0.015625
0 0.040625 0.762500 0.015625 0.015625
0 0.692187 0.792188 0.015625 0.015625
0 0.767188 0.793750 0.015625 0.015625
0 0.610938 0.796875 0.015625 0.015625
0 0.984375 0.800000 0.015625 0.015625
0 0.331250 0.803125 0.015625 0.015625
0 0.851562 0.825000 0.015625 0.015625
0 0.031250 0.857812 0.015625 0.015625
0 0.410938 0.864062 0.015625 0.015625
0 0.115625 0.864062 0.015625 0.015625
0 0.714063 0.887500 0.015625 0.015625
0 0.614062 0.892188 0.015625 0.015625
0 0.543750 0.892188 0.015625 0.015625
0 0.007812 0.893750 0.015625 0.015625
0 0.940625 0.896875 0.015625 0.015625
0 0.454688 0.921875 0.015625 0.015625
0 0.843750 0.923438 0.015625 0.015625
0 0.378125 0.925000 0.015625 0.015625
0 0.606250 0.932813 0.015625 0.015625
0 0.681250 0.935937 0.015625 0.015625
0 0.532813 0.939063 0.015625 0.015625
0 0.765625 0.940625 0.015625 0.015625
0 0.985938 0.945312 0.015625 0.015625
0 0.910937 0.945312 0.015625 0.015625
0 0.256250 0.990625 0.015625 0.015625
0 0.487500 0.992188 0.015625 0.015625
0 0.410938 0.993750 0.015625 0.015625
0 0.334375 0.993750 0.015625 0.015625
0 0.640625 0.996875 0.015625 0.015625
0 0.570312 0.996875 0.015625 0.015625
