0 0.015625 0.382812 0.015625 0.015625
0 0.057813 0.445312 0.015625 0.015625
0 0.096875 0.515625 0.015625 0.015625
0 0.001563 0.901563 0.015625 0.015625
0 0.084375 0.904687 0.015625 0.015625
0 0.171875 0.904687 0.015625 0.015625
0 0.034375 0.776563 0.015625 0.015625
0 0.085938 0.775000 0.015625 0.015625
0 0.168750 0.775000 0.015625 0.015625
0 0.235937 0.914062 0.015625 0.015625
0 0.309375 0.909375 0.015625 0.015625
0 0.370312 0.909375 0.015625 0.015625
0 0.420312 0.970313 0.015625 0.015625
0 0.351562 0.975000 0.015625 0.015625
0 0.265625 0.971875 0.015625 0.015625
0 0.196875 0.970313 0.015625 0.015625
0 0.046875 0.968750 0.015625 0.015625
0 0.015625 0.512500 0.015625 0.015625
0 0.053125 0.579688 0.015625 0.015625
0 0.014063 0.642188 0.015625 0.015625
0 0.220312 0.060937 0.015625 0.015625
0 0.137500 0.056250 0.015625 0.015625
0 0.064062 0.053125 0.015625 0.015625
0 0.032813 0.114062 0.015625 0.015625
0 0.103125 0.115625 0.015625 0.015625
0 0.179688 0.121875 0.015625 0.015625
0 0.223438 0.189062 0.015625 0.015625
0 0.109375 0.248438 0.015625 0.015625
0 0.178125 0.253125 0.015625 0.015625
0 0.254688 0.253125 0.015625 0.015625
0 0.329688 0.256250 0.015625 0.015625
0 0.289062 0.192188 0.015625 0.015625
0 0.370312 0.187500 0.015625 0.015625
0 0.404687 0.256250 0.015625 0.015625
0 0.445312 0.320312 0.015625 0.015625
0 0.285938 0.326562 0.015625 0.015625
0 0.212500 0.321875 0.015625 0.015625
0 0.179688 0.389062 0.015625 0.015625
0 0.129688 0.323437 0.015625 0.015625
0 0.328125 0.389062 0.015625 0.015625
0 0.243750 0.389062 0.015625 0.015625
0 0.209375 0.451562 0.015625 0.015625
0 0.356250 0.456250 0.015625 0.015625
0 0.321875 0.520312 0.015625 0.015625
0 0.396875 0.525000 0.015625 0.015625
0 0.476562 0.525000 0.015625 0.015625
0 0.550000 0.526563 0.015625 0.015625
0 0.478125 0.396875 0.015625 0.015625
0 0.510938 0.467187 0.015625 0.015625
0 0.409375 0.390625 0.015625 0.015625
0 0.365625 0.585938 0.015625 0.015625
0 0.434375 0.590625 0.015625 0.015625
0 0.587500 0.595313 0.015625 0.015625
0 0.626563 0.651563 0.015625 0.015625
0 0.548438 0.653125 0.015625 0.015625
0 0.506250 0.596875 0.015625 0.015625
0 0.468750 0.660937 0.015625 0.015625
0 0.323437 0.653125 0.015625 0.015625
0 0.426563 0.721875 0.015625 0.015625
0 0.584375 0.721875 0.015625 0.015625
0 0.703125 0.789062 0.015625 0.015625
0 0.617188 0.785937 0.015625 0.015625
0 0.553125 0.781250 0.015625 0.015625
0 0.392188 0.781250 0.015625 0.015625
0 0.335938 0.784375 0.015625 0.015625
0 0.428125 0.850000 0.015625 0.015625
0 0.470313 0.904687 0.015625 0.015625
0 0.546875 0.912500 0.015625 0.015625
0 0.631250 0.915625 0.015625 0.015625
0 0.695312 0.918750 0.015625 0.015625
0 0.778125 0.921875 0.015625 0.015625
0 0.725000 0.848437 0.015625 0.015625
0 0.648438 0.850000 0.015625 0.015625
0 0.578125 0.843750 0.015625 0.015625
0 0.512500 0.843750 0.015625 0.015625
0 0.482812 0.779687 0.015625 0.015625
0 0.289062 0.053125 0.015625 0.015625
0 0.259375 0.110937 0.015625 0.015625
0 0.510938 0.971875 0.015625 0.015625
0 0.579688 0.971875 0.015625 0.015625
0 0.656250 0.978125 0.015625 0.015625
0 0.740625 0.982812 0.015625 0.015625
0 0.826562 0.984375 0.015625 0.015625
0 0.875000 0.990625 0.015625 0.015625
0 0.439063 0.057813 0.015625 0.015625
0 0.595313 0.057813 0.015625 0.015625
0 0.673438 0.059375 0.015625 0.015625
0 0.750000 0.059375 0.015625 0.015625
0 0.518750 0.059375 0.015625 0.015625
0 0.825000 0.060937 0.015625 0.015625
0 0.978125 0.062500 0.015625 0.015625
0 0.901563 0.065625 0.015625 0.015625
0 0.559375 0.121875 0.015625 0.015625
0 0.639062 0.121875 0.015625 0.015625
0 0.789062 0.125000 0.015625 0.015625
0 0.864062 0.125000 0.015625 0.015625
0 0.940625 0.129688 0.015625 0.015625
0 0.489063 0.137500 0.015625 0.015625
0 0.592187 0.190625 0.015625 0.015625
0 0.896875 0.192188 0.015625 0.015625
0 0.740625 0.192188 0.015625 0.015625
0 0.820312 0.196875 0.015625 0.015625
0 0.970313 0.203125 0.015625 0.015625
0 0.539062 0.250000 0.015625 0.015625
0 0.626563 0.257812 0.015625 0.015625
0 0.703125 0.259375 0.015625 0.015625
0 0.862500 0.260937 0.015625 0.015625
0 0.934375 0.264062 0.015625 0.015625
0 0.893750 0.328125 0.015625 0.015625
0 0.968750 0.332813 0.015625 0.015625
0 0.818750 0.332813 0.015625 0.015625
0 0.903125 0.460938 0.015625 0.015625
0 0.743750 0.464062 0.015625 0.015625
0 0.818750 0.464062 0.015625 0.015625
0 0.968750 0.465625 0.015625 0.015625
0 0.856250 0.529687 0.015625 0.015625
0 0.928125 0.532813 0.015625 0.015625
0 0.892188 0.595313 0.015625 0.015625
0 0.743750 0.595313 0.015625 0.015625
0 0.964063 0.596875 0.015625 0.015625
0 0.850000 0.662500 0.015625 0.015625
0 0.998437 0.664062 0.015625 0.015625
0 0.921875 0.665625 0.015625 0.015625
0 0.967187 0.728125 0.015625 0.015625
0 0.929688 0.776563 0.015625 0.015625
0 0.853125 0.781250 0.015625 0.015625
0 0.996875 0.796875 0.015625 0.015625
0 0.965625 0.859375 0.015625 0.015625
0 0.965625 0.990625 0.015625 0.015625
0 0.565625 0.000000 0.015625 0.015625
0 0.931250 0.395313 0.015625 0.015625
0 0.859375 0.398438 0.015625 0.015625
0 0.787500 0.267188 0.015625 0.015625
0 0.782813 0.664062 0.015625 0.015625
0 0.810937 0.728125 0.015625 0.015625
0 0.820312 0.601562 0.015625 0.015625
0 0.889062 0.726562 0.015625 0.015625
0 0.776563 0.526563 0.015625 0.015625
0 0.681250 0.328125 0.015625 0.015625
0 0.743750 0.325000 0.015625 0.015625
0 0.068750 0.703125 0.015625 0.015625
0 0.128125 0.700000 0.015625 0.015625
0 0.170313 0.742188 0.015625 0.015625
0 0.292187 0.828125 0.015625 0.015625
0 0.195312 0.834375 0.015625 0.015625
0 0.046875 0.842187 0.015625 0.015625
0 0.665625 0.459375 0.015625 0.015625
0 0.625000 0.385937 0.015625 0.015625
0 0.593750 0.314063 0.015625 0.015625
0 0.707812 0.529687 0.015625 0.015625
0 0.664062 0.595313 0.015625 0.015625
0 0.695312 0.660937 0.015625 0.015625
0 0.737500 0.729688 0.015625 0.015625
0 0.771875 0.796875 0.015625 0.015625
0 0.814063 0.864062 0.015625 0.015625
0 0.887500 0.860938 0.015625 0.015625
0 0.851562 0.923438 0.015625 0.015625
