0 0.045312 0.748437 0.015625 0.015625
0 0.692187 0.700000 0.015625 0.015625
0 0.310937 0.948438 0.015625 0.015625
0 0.809375 0.762500 0.015625 0.015625
0 0.539062 0.825000 0.015625 0.015625
0 0.959375 0.764062 0.015625 0.015625
0 0.385937 0.948438 0.015625 0.015625
0 0.535937 0.953125 0.015625 0.015625
0 0.496875 0.890625 0.015625 0.015625
0 0.232813 0.946875 0.015625 0.015625
0 0.581250 0.762500 0.015625 0.015625
0 0.990625 0.964063 0.015625 0.015625
0 0.348438 0.884375 0.015625 0.015625
0 0.615625 0.826562 0.015625 0.015625
0 0.615625 0.695312 0.015625 0.015625
0 0.843750 0.700000 0.015625 0.015625
0 0.657813 0.764062 0.015625 0.015625
0 0.157812 0.946875 0.015625 0.015625
0 0.237500 0.815625 0.015625 0.015625
0 0.767188 0.700000 0.015625 0.015625
0 0.735938 0.765625 0.015625 0.015625
0 0.571875 0.892188 0.015625 0.015625
0 0.010937 0.814063 0.015625 0.015625
0 0.845313 0.823438 0.015625 0.015625
0 0.085938 0.689063 0.015625 0.015625
0 0.950000 0.901563 0.015625 0.015625
0 0.079687 0.942187 0.015625 0.015625
0 0.648438 0.893750 0.015625 0.015625
0 0.571875 0.623437 0.015625 0.015625
0 0.010937 0.681250 0.015625 0.015625
0 0.115625 0.745313 0.015625 0.015625
0 0.304688 0.682813 0.015625 0.015625
0 0.385937 0.689063 0.015625 0.015625
0 0.459375 0.689063 0.015625 0.015625
0 0.550000 0.693750 0.015625 0.015625
0 0.920312 0.706250 0.015625 0.015625
0 0.990625 0.700000 0.015625 0.015625
0 0.884375 0.762500 0.015625 0.015625
0 0.918750 0.832812 0.015625 0.015625
0 0.995313 0.834375 0.015625 0.015625
0 0.870313 0.893750 0.015625 0.015625
0 0.795312 0.895312 0.015625 0.015625
0 0.728125 0.885938 0.015625 0.015625
0 0.696875 0.826562 0.015625 0.015625
0 0.754687 0.828125 0.015625 0.015625
0 0.460938 0.832812 0.015625 0.015625
0 0.389062 0.821875 0.015625 0.015625
0 0.425000 0.889062 0.015625 0.015625
0 0.118750 0.876563 0.015625 0.015625
0 0.615625 0.951562 0.015625 0.015625
0 0.685937 0.953125 0.015625 0.015625
0 0.765625 0.953125 0.015625 0.015625
0 0.823438 0.956250 0.015625 0.015625
0 0.910937 0.957812 0.015625 0.015625
0 0.200000 0.748437 0.015625 0.015625
0 0.278125 0.751563 0.015625 0.015625
0 0.343750 0.751563 0.015625 0.015625
0 0.421875 0.751563 0.015625 0.015625
0 0.501563 0.757812 0.015625 0.015625
0 0.201563 0.878125 0.015625 0.015625
0 0.273438 0.879687 0.015625 0.015625
0 0.000000 0.953125 0.015625 0.015625
0 0.170313 0.810937 0.015625 0.015625
0 0.310937 0.817187 0.015625 0.015625
