0 0.042188 0.029687 0.015625 0.015625
0 0.121875 0.035937 0.015625 0.015625
0 0.196875 0.040625 0.015625 0.015625
0 0.268750 0.040625 0.015625 0.015625
0 0.345313 0.043750 0.015625 0.015625
0 0.423438 0.040625 0.015625 0.015625
0 0.495312 0.035937 0.015625 0.015625
0 0.581250 0.046875 0.015625 0.015625
0 0.653125 0.050000 0.015625 0.015625
0 0.731250 0.046875 0.015625 0.015625
0 0.807813 0.048438 0.015625 0.015625
0 0.882812 0.051562 0.015625 0.015625
0 0.956250 0.050000 0.015625 0.015625
0 0.029687 0.154688 0.015625 0.015625
0 0.109375 0.156250 0.015625 0.015625
0 0.196875 0.160938 0.015625 0.015625
0 0.267188 0.164062 0.015625 0.015625
0 0.350000 0.165625 0.015625 0.015625
0 0.575000 0.168750 0.015625 0.015625
0 0.659375 0.171875 0.015625 0.015625
0 0.725000 0.179688 0.015625 0.015625
0 0.807813 0.178125 0.015625 0.015625
0 0.954688 0.185938 0.015625 0.015625
0 0.000000 0.221875 0.015625 0.015625
0 0.076563 0.225000 0.015625 0.015625
0 0.154688 0.225000 0.015625 0.015625
0 0.232813 0.231250 0.015625 0.015625
0 0.301563 0.234375 0.015625 0.015625
0 0.389062 0.234375 0.015625 0.015625
0 0.465625 0.232813 0.015625 0.015625
0 0.617188 0.239063 0.015625 0.015625
0 0.531250 0.234375 0.015625 0.015625
0 0.696875 0.239063 0.015625 0.015625
0 0.764062 0.239063 0.015625 0.015625
0 0.837500 0.243750 0.015625 0.015625
0 0.915625 0.245312 0.015625 0.015625
0 0.040625 0.293750 0.015625 0.015625
0 0.117188 0.293750 0.015625 0.015625
0 0.181250 0.293750 0.015625 0.015625
0 0.268750 0.296875 0.015625 0.015625
0 0.343750 0.303125 0.015625 0.015625
0 0.420312 0.303125 0.015625 0.015625
0 0.507812 0.303125 0.015625 0.015625
0 0.570312 0.304688 0.015625 0.015625
0 0.734375 0.307812 0.015625 0.015625
0 0.820312 0.314063 0.015625 0.015625
0 0.882812 0.312500 0.015625 0.015625
0 0.954688 0.312500 0.015625 0.015625
0 0.029687 0.423438 0.015625 0.015625
0 0.259375 0.431250 0.015625 0.015625
0 0.334375 0.432812 0.015625 0.015625
0 0.410938 0.432812 0.015625 0.015625
0 0.496875 0.432812 0.015625 0.015625
0 0.567187 0.434375 0.015625 0.015625
0 0.718750 0.440625 0.015625 0.015625
0 0.798438 0.445312 0.015625 0.015625
0 0.868750 0.445312 0.015625 0.015625
0 0.940625 0.442188 0.015625 0.015625
0 0.037500 0.554688 0.015625 0.015625
0 0.115625 0.556250 0.015625 0.015625
0 0.185938 0.556250 0.015625 0.015625
0 0.262500 0.556250 0.015625 0.015625
0 0.339062 0.556250 0.015625 0.015625
0 0.418750 0.562500 0.015625 0.015625
0 0.493750 0.562500 0.015625 0.015625
0 0.568750 0.564063 0.015625 0.015625
0 0.654687 0.568750 0.015625 0.015625
0 0.723437 0.567187 0.015625 0.015625
0 0.801562 0.571875 0.015625 0.015625
0 0.873437 0.573438 0.015625 0.015625
0 0.959375 0.576562 0.015625 0.015625
0 0.006250 0.356250 0.015625 0.015625
0 0.079687 0.359375 0.015625 0.015625
0 0.148438 0.356250 0.015625 0.015625
0 0.226562 0.356250 0.015625 0.015625
0 0.462500 0.360938 0.015625 0.015625
0 0.528125 0.364063 0.015625 0.015625
0 0.601562 0.365625 0.015625 0.015625
0 0.853125 0.375000 0.015625 0.015625
0 0.917188 0.375000 0.015625 0.015625
0 0.990625 0.375000 0.015625 0.015625
0 0.881250 0.701562 0.015625 0.015625
0 0.031250 0.685937 0.015625 0.015625
0 0.070312 0.617188 0.015625 0.015625
0 0.023438 0.950000 0.015625 0.015625
0 0.112500 0.954688 0.015625 0.015625
0 0.184375 0.953125 0.015625 0.015625
0 0.268750 0.959375 0.015625 0.015625
0 0.351562 0.959375 0.015625 0.015625
0 0.415625 0.959375 0.015625 0.015625
0 0.489063 0.959375 0.015625 0.015625
0 0.567187 0.962500 0.015625 0.015625
0 0.520312 0.887500 0.015625 0.015625
0 0.634375 0.959375 0.015625 0.015625
0 0.604688 0.903125 0.015625 0.015625
0 0.718750 0.968750 0.015625 0.015625
0 0.676562 0.903125 0.015625 0.015625
0 0.793750 0.965625 0.015625 0.015625
0 0.862500 0.968750 0.015625 0.015625
0 0.935937 0.971875 0.015625 0.015625
0 0.893750 0.896875 0.015625 0.015625
0 0.828125 0.893750 0.015625 0.015625
0 0.756250 0.898438 0.015625 0.015625
0 0.982812 0.898438 0.015625 0.015625
0 0.148438 0.625000 0.015625 0.015625
0 0.221875 0.623437 0.015625 0.015625
0 0.106250 0.818750 0.015625 0.015625
0 0.189062 0.826562 0.015625 0.015625
0 0.264062 0.825000 0.015625 0.015625
0 0.334375 0.825000 0.015625 0.015625
0 0.407813 0.828125 0.015625 0.015625
0 0.482812 0.831250 0.015625 0.015625
0 0.565625 0.834375 0.015625 0.015625
0 0.643750 0.834375 0.015625 0.015625
0 0.709375 0.834375 0.015625 0.015625
0 0.795312 0.835938 0.015625 0.015625
0 0.864062 0.835938 0.015625 0.015625
0 0.064062 0.751563 0.015625 0.015625
0 0.148438 0.754687 0.015625 0.015625
0 0.206250 0.754687 0.015625 0.015625
0 0.281250 0.756250 0.015625 0.015625
0 0.365625 0.756250 0.015625 0.015625
0 0.451562 0.757812 0.015625 0.015625
0 0.526563 0.762500 0.015625 0.015625
0 0.601562 0.762500 0.015625 0.015625
0 0.757812 0.770312 0.015625 0.015625
0 0.835938 0.770312 0.015625 0.015625
0 0.907813 0.771875 0.015625 0.015625
0 0.987500 0.771875 0.015625 0.015625
0 0.842187 0.112500 0.015625 0.015625
0 0.696875 0.107813 0.015625 0.015625
0 0.614062 0.106250 0.015625 0.015625
0 0.542188 0.106250 0.015625 0.015625
0 0.471875 0.106250 0.015625 0.015625
0 0.395313 0.100000 0.015625 0.015625
0 0.303125 0.098437 0.015625 0.015625
0 0.206250 0.093750 0.015625 0.015625
0 0.914062 0.112500 0.015625 0.015625
0 0.996875 0.115625 0.015625 0.015625
0 0.075000 0.489063 0.015625 0.015625
0 0.154688 0.490625 0.015625 0.015625
0 0.228125 0.492188 0.015625 0.015625
0 0.300000 0.493750 0.015625 0.015625
0 0.382812 0.493750 0.015625 0.015625
0 0.460938 0.493750 0.015625 0.015625
0 0.537500 0.496875 0.015625 0.015625
0 0.615625 0.496875 0.015625 0.015625
0 0.659375 0.435937 0.015625 0.015625
0 0.675000 0.376563 0.015625 0.015625
0 0.765625 0.501563 0.015625 0.015625
0 0.840625 0.506250 0.015625 0.015625
0 0.914062 0.506250 0.015625 0.015625
0 0.995313 0.509375 0.015625 0.015625
0 0.384375 0.629687 0.015625 0.015625
0 0.456250 0.629687 0.015625 0.015625
0 0.412500 0.692187 0.015625 0.015625
0 0.342187 0.687500 0.015625 0.015625
0 0.179688 0.689063 0.015625 0.015625
0 0.106250 0.689063 0.015625 0.015625
0 0.601562 0.637500 0.015625 0.015625
0 0.504687 0.682813 0.015625 0.015625
0 0.535937 0.642188 0.015625 0.015625
0 0.576562 0.681250 0.015625 0.015625
0 0.690625 0.632812 0.015625 0.015625
0 0.654687 0.690625 0.015625 0.015625
0 0.723437 0.690625 0.015625 0.015625
0 0.764062 0.634375 0.015625 0.015625
0 0.806250 0.693750 0.015625 0.015625
0 0.839063 0.637500 0.015625 0.015625
0 0.920312 0.639062 0.015625 0.015625
0 0.953125 0.698438 0.015625 0.015625
0 0.998437 0.640625 0.015625 0.015625
0 0.934375 0.840625 0.015625 0.015625
0 0.670312 0.768750 0.015625 0.015625
0 0.296875 0.896875 0.015625 0.015625
0 0.215625 0.889062 0.015625 0.015625
0 0.146875 0.887500 0.015625 0.015625
0 0.071875 0.890625 0.015625 0.015625
0 0.375000 0.898438 0.015625 0.015625
0 0.450000 0.892188 0.015625 0.015625
