0 0.139063 0.945312 0.015625 0.015625
0 0.140625 0.550000 0.015625 0.015625
0 0.032813 0.615625 0.015625 0.015625
0 0.067187 0.550000 0.015625 0.015625
0 0.021875 0.742188 0.015625 0.015625
0 0.107813 0.618750 0.015625 0.015625
0 0.215625 0.684375 0.015625 0.015625
0 0.034375 0.218750 0.015625 0.015625
0 0.142187 0.684375 0.015625 0.015625
0 0.025000 0.484375 0.015625 0.015625
0 0.064062 0.670312 0.015625 0.015625
0 0.065625 0.418750 0.015625 0.015625
0 0.065625 0.814063 0.015625 0.015625
0 0.181250 0.618750 0.015625 0.015625
0 0.157812 0.026562 0.015625 0.015625
0 0.596875 0.428125 0.015625 0.015625
0 0.489063 0.095312 0.015625 0.015625
0 0.484375 0.623437 0.015625 0.015625
0 0.665625 0.825000 0.015625 0.015625
0 0.987500 0.167187 0.015625 0.015625
0 0.371875 0.420312 0.015625 0.015625
0 0.514062 0.820312 0.015625 0.015625
0 0.590625 0.826562 0.015625 0.015625
0 0.895312 0.828125 0.015625 0.015625
0 0.818750 0.829688 0.015625 0.015625
0 0.817187 0.695312 0.015625 0.015625
0 0.895312 0.693750 0.015625 0.015625
0 0.415625 0.093750 0.015625 0.015625
0 0.292187 0.817187 0.015625 0.015625
0 0.295312 0.423438 0.015625 0.015625
0 0.634375 0.625000 0.015625 0.015625
0 0.260937 0.490625 0.015625 0.015625
0 0.442188 0.690625 0.015625 0.015625
0 0.715625 0.092188 0.015625 0.015625
0 0.560937 0.626563 0.015625 0.015625
0 0.267188 0.218750 0.015625 0.015625
0 0.790625 0.098437 0.015625 0.015625
0 0.784375 0.762500 0.015625 0.015625
0 0.742188 0.828125 0.015625 0.015625
0 0.218750 0.817187 0.015625 0.015625
0 0.489063 0.360938 0.015625 0.015625
0 0.565625 0.093750 0.015625 0.015625
0 0.518750 0.690625 0.015625 0.015625
0 0.214062 0.946875 0.015625 0.015625
0 0.757812 0.164062 0.015625 0.015625
0 0.909375 0.432812 0.015625 0.015625
0 0.332813 0.890625 0.015625 0.015625
0 0.790625 0.365625 0.015625 0.015625
0 0.975000 0.696875 0.015625 0.015625
0 0.262500 0.087500 0.015625 0.015625
0 0.523438 0.425000 0.015625 0.015625
0 0.640625 0.362500 0.015625 0.015625
0 0.245312 0.743750 0.015625 0.015625
0 0.409375 0.621875 0.015625 0.015625
0 0.860938 0.754687 0.015625 0.015625
0 0.868750 0.365625 0.015625 0.015625
0 0.565625 0.490625 0.015625 0.015625
0 0.698438 0.890625 0.015625 0.015625
0 0.564063 0.360938 0.015625 0.015625
0 0.826562 0.165625 0.015625 0.015625
0 0.593750 0.693750 0.015625 0.015625
0 0.337500 0.220312 0.015625 0.015625
0 0.596875 0.560937 0.015625 0.015625
0 0.668750 0.693750 0.015625 0.015625
0 0.023438 0.876563 0.015625 0.015625
0 0.443750 0.159375 0.015625 0.015625
0 0.446875 0.293750 0.015625 0.015625
0 0.190625 0.092188 0.015625 0.015625
0 0.945312 0.098437 0.015625 0.015625
0 0.523438 0.159375 0.015625 0.015625
0 0.832812 0.428125 0.015625 0.015625
0 0.907813 0.167187 0.015625 0.015625
0 0.065625 0.942187 0.015625 0.015625
0 0.970313 0.964063 0.015625 0.015625
0 0.190625 0.221875 0.015625 0.015625
0 0.403125 0.221875 0.015625 0.015625
0 0.482812 0.228125 0.015625 0.015625
0 0.568750 0.229687 0.015625 0.015625
0 0.648438 0.228125 0.015625 0.015625
0 0.868750 0.239063 0.015625 0.015625
0 0.990625 0.300000 0.015625 0.015625
0 0.681250 0.431250 0.015625 0.015625
0 0.757812 0.432812 0.015625 0.015625
0 0.976562 0.434375 0.015625 0.015625
0 0.950000 0.504687 0.015625 0.015625
0 0.640625 0.495312 0.015625 0.015625
0 0.715625 0.495312 0.015625 0.015625
0 0.787500 0.495312 0.015625 0.015625
0 0.484375 0.489063 0.015625 0.015625
0 0.409375 0.487500 0.015625 0.015625
0 0.340625 0.490625 0.015625 0.015625
0 0.710938 0.629687 0.015625 0.015625
0 0.790625 0.634375 0.015625 0.015625
0 0.932813 0.893750 0.015625 0.015625
0 0.103125 0.876563 0.015625 0.015625
0 0.334375 0.085938 0.015625 0.015625
0 0.109375 0.085938 0.015625 0.015625
0 0.184375 0.156250 0.015625 0.015625
0 0.232813 0.160938 0.015625 0.015625
0 0.296875 0.160938 0.015625 0.015625
0 0.371875 0.159375 0.015625 0.015625
0 0.603125 0.159375 0.015625 0.015625
0 0.684375 0.160938 0.015625 0.015625
0 0.351562 0.559375 0.015625 0.015625
0 0.454688 0.553125 0.015625 0.015625
0 0.681250 0.562500 0.015625 0.015625
0 0.823438 0.560937 0.015625 0.015625
0 0.906250 0.565625 0.015625 0.015625
0 0.979688 0.567187 0.015625 0.015625
0 0.710938 0.762500 0.015625 0.015625
0 0.629687 0.757812 0.015625 0.015625
0 0.556250 0.760938 0.015625 0.015625
0 0.478125 0.751563 0.015625 0.015625
0 0.360938 0.684375 0.015625 0.015625
0 0.329688 0.615625 0.015625 0.015625
0 0.298438 0.554688 0.015625 0.015625
0 0.935937 0.760938 0.015625 0.015625
0 0.810937 0.962500 0.015625 0.015625
0 0.734375 0.957812 0.015625 0.015625
0 0.660937 0.956250 0.015625 0.015625
0 0.776563 0.900000 0.015625 0.015625
0 0.634375 0.893750 0.015625 0.015625
0 0.857812 0.892188 0.015625 0.015625
