0 0.985938 0.603125 0.015625 0.015625
0 0.985938 0.457813 0.015625 0.015625
0 0.640625 0.009375 0.015625 0.015625
0 0.720313 0.014063 0.015625 0.015625
0 0.803125 0.020313 0.015625 0.015625
0 0.860938 0.017188 0.015625 0.015625
0 0.959375 0.018750 0.015625 0.015625
0 0.731250 0.146875 0.015625 0.015625
0 0.795312 0.142187 0.015625 0.015625
0 0.876563 0.145313 0.015625 0.015625
0 0.939063 0.148438 0.015625 0.015625
0 0.768750 0.212500 0.015625 0.015625
0 0.829688 0.210938 0.015625 0.015625
0 0.906250 0.209375 0.015625 0.015625
0 0.975000 0.214062 0.015625 0.015625
0 0.800000 0.271875 0.015625 0.015625
0 0.865625 0.281250 0.015625 0.015625
0 0.915625 0.273438 0.015625 0.015625
