0 0.709375 0.139063 0.015625 0.015625
0 0.789062 0.142187 0.015625 0.015625
0 0.873437 0.145313 0.015625 0.015625
0 0.932813 0.140625 0.015625 0.015625
0 0.971875 0.214062 0.015625 0.015625
0 0.892188 0.217188 0.015625 0.015625
0 0.823438 0.214062 0.015625 0.015625
0 0.753125 0.212500 0.015625 0.015625
0 0.675000 0.209375 0.015625 0.015625
0 0.609375 0.207813 0.015625 0.015625
0 0.640625 0.264062 0.015625 0.015625
0 0.706250 0.271875 0.015625 0.015625
0 0.779687 0.275000 0.015625 0.015625
0 0.867188 0.275000 0.015625 0.015625
0 0.939063 0.275000 0.015625 0.015625
0 0.968750 0.340625 0.015625 0.015625
0 0.896875 0.343750 0.015625 0.015625
0 0.818750 0.342187 0.015625 0.015625
0 0.737500 0.342187 0.015625 0.015625
0 0.675000 0.335938 0.015625 0.015625
0 0.704688 0.410938 0.015625 0.015625
0 0.784375 0.409375 0.015625 0.015625
0 0.853125 0.409375 0.015625 0.015625
0 0.939063 0.410938 0.015625 0.015625
0 0.737500 0.465625 0.015625 0.015625
0 0.814063 0.471875 0.015625 0.015625
0 0.893750 0.470313 0.015625 0.015625
0 0.964063 0.470313 0.015625 0.015625
0 0.782813 0.532813 0.015625 0.015625
0 0.854688 0.537500 0.015625 0.015625
0 0.929688 0.537500 0.015625 0.015625
0 0.826562 0.600000 0.015625 0.015625
0 0.889062 0.600000 0.015625 0.015625
0 0.962500 0.606250 0.015625 0.015625
0 0.859375 0.665625 0.015625 0.015625
0 0.923438 0.668750 0.015625 0.015625
0 0.996875 0.676562 0.015625 0.015625
0 0.895312 0.735938 0.015625 0.015625
0 0.960938 0.740625 0.015625 0.015625
0 0.929688 0.803125 0.015625 0.015625
0 0.993750 0.803125 0.015625 0.015625
0 0.968750 0.867188 0.015625 0.015625
0 0.028125 0.129688 0.015625 0.015625
0 0.095312 0.128125 0.015625 0.015625
0 0.175000 0.131250 0.015625 0.015625
0 0.250000 0.131250 0.015625 0.015625
0 0.325000 0.135937 0.015625 0.015625
0 0.409375 0.134375 0.015625 0.015625
0 0.021875 0.262500 0.015625 0.015625
0 0.403125 0.265625 0.015625 0.015625
0 0.440625 0.326562 0.015625 0.015625
0 0.484375 0.265625 0.015625 0.015625
0 0.525000 0.332813 0.015625 0.015625
0 0.032813 0.457813 0.015625 0.015625
0 0.126562 0.457813 0.015625 0.015625
0 0.204687 0.460938 0.015625 0.015625
0 0.020313 0.390625 0.015625 0.015625
0 0.093750 0.396875 0.015625 0.015625
0 0.178125 0.396875 0.015625 0.015625
0 0.259375 0.396875 0.015625 0.015625
0 0.328125 0.396875 0.015625 0.015625
0 0.410938 0.400000 0.015625 0.015625
0 0.482812 0.400000 0.015625 0.015625
0 0.553125 0.401562 0.015625 0.015625
0 0.017188 0.526563 0.015625 0.015625
0 0.096875 0.528125 0.015625 0.015625
0 0.167187 0.526563 0.015625 0.015625
0 0.245312 0.528125 0.015625 0.015625
0 0.325000 0.526563 0.015625 0.015625
0 0.289062 0.460938 0.015625 0.015625
0 0.362500 0.465625 0.015625 0.015625
0 0.437500 0.467187 0.015625 0.015625
0 0.517188 0.470313 0.015625 0.015625
0 0.390625 0.532813 0.015625 0.015625
0 0.470313 0.532813 0.015625 0.015625
0 0.051562 0.589063 0.015625 0.015625
0 0.128125 0.590625 0.015625 0.015625
0 0.212500 0.590625 0.015625 0.015625
0 0.301563 0.595313 0.015625 0.015625
0 0.445312 0.595313 0.015625 0.015625
0 0.518750 0.595313 0.015625 0.015625
0 0.593750 0.595313 0.015625 0.015625
0 0.651563 0.596875 0.015625 0.015625
0 0.175000 0.262500 0.015625 0.015625
0 0.257812 0.265625 0.015625 0.015625
0 0.331250 0.262500 0.015625 0.015625
0 0.014063 0.659375 0.015625 0.015625
0 0.089063 0.662500 0.015625 0.015625
0 0.153125 0.660937 0.015625 0.015625
0 0.250000 0.660937 0.015625 0.015625
0 0.317188 0.660937 0.015625 0.015625
0 0.393750 0.664062 0.015625 0.015625
0 0.475000 0.664062 0.015625 0.015625
0 0.553125 0.664062 0.015625 0.015625
0 0.632812 0.667188 0.015625 0.015625
0 0.695312 0.664062 0.015625 0.015625
0 0.057813 0.717187 0.015625 0.015625
0 0.117188 0.725000 0.015625 0.015625
0 0.198437 0.726562 0.015625 0.015625
0 0.275000 0.725000 0.015625 0.015625
0 0.368750 0.725000 0.015625 0.015625
0 0.432812 0.728125 0.015625 0.015625
0 0.518750 0.729688 0.015625 0.015625
0 0.587500 0.732812 0.015625 0.015625
0 0.657813 0.729688 0.015625 0.015625
0 0.731250 0.729688 0.015625 0.015625
0 0.012500 0.787500 0.015625 0.015625
0 0.396875 0.795312 0.015625 0.015625
0 0.301563 0.793750 0.015625 0.015625
0 0.546875 0.793750 0.015625 0.015625
0 0.626563 0.793750 0.015625 0.015625
0 0.698438 0.795312 0.015625 0.015625
0 0.764062 0.795312 0.015625 0.015625
0 0.118750 0.857812 0.015625 0.015625
0 0.279687 0.860938 0.015625 0.015625
0 0.032813 0.917188 0.015625 0.015625
0 0.096875 0.917188 0.015625 0.015625
0 0.178125 0.912500 0.015625 0.015625
0 0.290625 0.917188 0.015625 0.015625
0 0.320312 0.918750 0.015625 0.015625
0 0.395313 0.918750 0.015625 0.015625
0 0.459375 0.918750 0.015625 0.015625
0 0.612500 0.917188 0.015625 0.015625
0 0.695312 0.918750 0.015625 0.015625
0 0.781250 0.918750 0.015625 0.015625
0 0.840625 0.920312 0.015625 0.015625
0 0.660937 0.864062 0.015625 0.015625
0 0.589063 0.864062 0.015625 0.015625
0 0.498437 0.862500 0.015625 0.015625
0 0.053125 0.989062 0.015625 0.015625
0 0.129688 0.990625 0.015625 0.015625
0 0.206250 0.989062 0.015625 0.015625
0 0.273438 0.989062 0.015625 0.015625
0 0.351562 0.993750 0.015625 0.015625
0 0.503125 0.995313 0.015625 0.015625
0 0.584375 0.996875 0.015625 0.015625
0 0.648438 0.996875 0.015625 0.015625
0 0.104688 0.259375 0.015625 0.015625
0 0.132812 0.189062 0.015625 0.015625
0 0.221875 0.195312 0.015625 0.015625
0 0.292187 0.198437 0.015625 0.015625
0 0.815625 0.732812 0.015625 0.015625
0 0.773438 0.659375 0.015625 0.015625
0 0.742188 0.593750 0.015625 0.015625
0 0.689063 0.520312 0.015625 0.015625
0 0.614062 0.531250 0.015625 0.015625
0 0.592187 0.464062 0.015625 0.015625
0 0.678125 0.464062 0.015625 0.015625
0 0.632812 0.395313 0.015625 0.015625
0 0.596875 0.326562 0.015625 0.015625
0 0.556250 0.260937 0.015625 0.015625
0 0.523438 0.204687 0.015625 0.015625
0 0.492188 0.132812 0.015625 0.015625
0 0.564063 0.137500 0.015625 0.015625
0 0.046875 0.032813 0.015625 0.015625
0 0.125000 0.035937 0.015625 0.015625
0 0.212500 0.039062 0.015625 0.015625
0 0.295312 0.040625 0.015625 0.015625
0 0.357812 0.043750 0.015625 0.015625
0 0.443750 0.045312 0.015625 0.015625
0 0.512500 0.046875 0.015625 0.015625
0 0.585938 0.051562 0.015625 0.015625
0 0.675000 0.056250 0.015625 0.015625
0 0.756250 0.053125 0.015625 0.015625
0 0.839063 0.059375 0.015625 0.015625
0 0.907813 0.059375 0.015625 0.015625
0 0.990625 0.062500 0.015625 0.015625
