0 0.040625 0.203125 0.015625 0.015625
0 0.071875 0.273438 0.015625 0.015625
0 0.001563 0.390625 0.015625 0.015625
0 0.034375 0.337500 0.015625 0.015625
0 0.070312 0.401562 0.015625 0.015625
0 0.103125 0.339062 0.015625 0.015625
0 0.142187 0.398438 0.015625 0.015625
0 0.028125 0.853125 0.015625 0.015625
0 0.075000 0.785937 0.015625 0.015625
0 0.106250 0.857812 0.015625 0.015625
0 0.135937 0.795312 0.015625 0.015625
0 0.173437 0.857812 0.015625 0.015625
0 0.206250 0.798438 0.015625 0.015625
0 0.256250 0.868750 0.015625 0.015625
0 0.281250 0.801562 0.015625 0.015625
0 0.326562 0.864062 0.015625 0.015625
0 0.000000 0.009375 0.015625 0.015625
0 0.076563 0.004687 0.015625 0.015625
0 0.146875 0.009375 0.015625 0.015625
0 0.228125 0.012500 0.015625 0.015625
0 0.387500 0.018750 0.015625 0.015625
0 0.456250 0.004687 0.015625 0.015625
0 0.535937 0.015625 0.015625 0.015625
0 0.603125 0.018750 0.015625 0.015625
0 0.682813 0.010937 0.015625 0.015625
0 0.771875 0.023438 0.015625 0.015625
0 0.834375 0.018750 0.015625 0.015625
0 0.909375 0.018750 0.015625 0.015625
0 0.995313 0.018750 0.015625 0.015625
0 0.039062 0.085938 0.015625 0.015625
0 0.112500 0.079687 0.015625 0.015625
0 0.196875 0.079687 0.015625 0.015625
0 0.267188 0.079687 0.015625 0.015625
0 0.353125 0.079687 0.015625 0.015625
0 0.421875 0.082812 0.015625 0.015625
0 0.489063 0.082812 0.015625 0.015625
0 0.573438 0.092188 0.015625 0.015625
0 0.639062 0.095312 0.015625 0.015625
0 0.735938 0.095312 0.015625 0.015625
0 0.806250 0.095312 0.015625 0.015625
0 0.890625 0.095312 0.015625 0.015625
0 0.965625 0.103125 0.015625 0.015625
0 0.157812 0.137500 0.015625 0.015625
0 0.234375 0.135937 0.015625 0.015625
0 0.304688 0.142187 0.015625 0.015625
0 0.690625 0.148438 0.015625 0.015625
0 0.748437 0.150000 0.015625 0.015625
0 0.826562 0.159375 0.015625 0.015625
0 0.196875 0.207813 0.015625 0.015625
0 0.254688 0.210938 0.015625 0.015625
0 0.326562 0.210938 0.015625 0.015625
0 0.395313 0.215625 0.015625 0.015625
0 0.489063 0.214062 0.015625 0.015625
0 0.571875 0.221875 0.015625 0.015625
0 0.628125 0.221875 0.015625 0.015625
0 0.718750 0.217188 0.015625 0.015625
0 0.787500 0.225000 0.015625 0.015625
0 0.864062 0.221875 0.015625 0.015625
0 0.220312 0.270313 0.015625 0.015625
0 0.300000 0.281250 0.015625 0.015625
0 0.334375 0.343750 0.015625 0.015625
0 0.375000 0.276562 0.015625 0.015625
0 0.410938 0.340625 0.015625 0.015625
0 0.432812 0.285938 0.015625 0.015625
0 0.481250 0.343750 0.015625 0.015625
0 0.573438 0.343750 0.015625 0.015625
0 0.604688 0.279687 0.015625 0.015625
0 0.640625 0.351562 0.015625 0.015625
0 0.678125 0.279687 0.015625 0.015625
0 0.710938 0.351562 0.015625 0.015625
0 0.753125 0.285938 0.015625 0.015625
0 0.790625 0.350000 0.015625 0.015625
0 0.828125 0.284375 0.015625 0.015625
0 0.868750 0.359375 0.015625 0.015625
0 0.900000 0.289062 0.015625 0.015625
0 0.951562 0.360938 0.015625 0.015625
0 0.404687 0.470313 0.015625 0.015625
0 0.482812 0.471875 0.015625 0.015625
0 0.439063 0.398438 0.015625 0.015625
0 0.368750 0.396875 0.015625 0.015625
0 0.553125 0.471875 0.015625 0.015625
0 0.521875 0.407813 0.015625 0.015625
0 0.631250 0.479687 0.015625 0.015625
0 0.859375 0.482812 0.015625 0.015625
0 0.710938 0.478125 0.015625 0.015625
0 0.935937 0.485938 0.015625 0.015625
0 0.367188 0.535937 0.015625 0.015625
0 0.523438 0.535937 0.015625 0.015625
0 0.601562 0.535937 0.015625 0.015625
0 0.665625 0.535937 0.015625 0.015625
0 0.742188 0.542188 0.015625 0.015625
0 0.818750 0.540625 0.015625 0.015625
0 0.914062 0.418750 0.015625 0.015625
0 0.976562 0.418750 0.015625 0.015625
0 0.326562 0.606250 0.015625 0.015625
0 0.410938 0.604688 0.015625 0.015625
0 0.484375 0.606250 0.015625 0.015625
0 0.551562 0.606250 0.015625 0.015625
0 0.632812 0.610938 0.015625 0.015625
0 0.707812 0.610938 0.015625 0.015625
0 0.793750 0.612500 0.015625 0.015625
0 0.853125 0.614062 0.015625 0.015625
0 0.932813 0.609375 0.015625 0.015625
0 0.445312 0.670312 0.015625 0.015625
0 0.518750 0.676562 0.015625 0.015625
0 0.585938 0.671875 0.015625 0.015625
0 0.664062 0.678125 0.015625 0.015625
0 0.750000 0.675000 0.015625 0.015625
0 0.820312 0.679688 0.015625 0.015625
0 0.896875 0.684375 0.015625 0.015625
0 0.975000 0.682813 0.015625 0.015625
0 0.492188 0.739062 0.015625 0.015625
0 0.559375 0.745313 0.015625 0.015625
0 0.639062 0.745313 0.015625 0.015625
0 0.720313 0.746875 0.015625 0.015625
0 0.787500 0.746875 0.015625 0.015625
0 0.865625 0.746875 0.015625 0.015625
0 0.935937 0.746875 0.015625 0.015625
0 0.520312 0.804688 0.015625 0.015625
0 0.557813 0.871875 0.015625 0.015625
0 0.479687 0.870313 0.015625 0.015625
0 0.598437 0.807813 0.015625 0.015625
0 0.635938 0.873437 0.015625 0.015625
0 0.704688 0.871875 0.015625 0.015625
0 0.746875 0.810937 0.015625 0.015625
0 0.779687 0.870313 0.015625 0.015625
0 0.823438 0.807813 0.015625 0.015625
0 0.860938 0.879687 0.015625 0.015625
0 0.900000 0.812500 0.015625 0.015625
0 0.935937 0.873437 0.015625 0.015625
0 0.985938 0.801562 0.015625 0.015625
0 0.592187 0.935937 0.015625 0.015625
0 0.514062 0.932813 0.015625 0.015625
0 0.670312 0.939063 0.015625 0.015625
0 0.743750 0.940625 0.015625 0.015625
0 0.834375 0.942187 0.015625 0.015625
0 0.890625 0.942187 0.015625 0.015625
0 0.973437 0.951562 0.015625 0.015625
0 0.082812 0.928125 0.015625 0.015625
0 0.143750 0.926562 0.015625 0.015625
0 0.232813 0.929688 0.015625 0.015625
0 0.300000 0.928125 0.015625 0.015625
0 0.368750 0.928125 0.015625 0.015625
0 0.325000 0.995313 0.015625 0.015625
0 0.251563 0.992188 0.015625 0.015625
0 0.176563 0.992188 0.015625 0.015625
0 0.098437 0.992188 0.015625 0.015625
0 0.001563 0.990625 0.015625 0.015625
0 0.015625 0.729688 0.015625 0.015625
0 0.098437 0.732812 0.015625 0.015625
0 0.170313 0.735938 0.015625 0.015625
0 0.251563 0.739062 0.015625 0.015625
0 0.137500 0.660937 0.015625 0.015625
0 0.218750 0.664062 0.015625 0.015625
0 0.270313 0.665625 0.015625 0.015625
0 0.035937 0.462500 0.015625 0.015625
0 0.107813 0.465625 0.015625 0.015625
0 0.139063 0.535937 0.015625 0.015625
0 0.054688 0.521875 0.015625 0.015625
0 0.445312 0.535937 0.015625 0.015625
0 0.295312 0.396875 0.015625 0.015625
0 0.329688 0.475000 0.015625 0.015625
0 0.076563 0.139063 0.015625 0.015625
0 0.165625 0.287500 0.015625 0.015625
0 0.109375 0.204687 0.015625 0.015625
0 0.385937 0.139063 0.015625 0.015625
0 0.468750 0.145313 0.015625 0.015625
0 0.548438 0.143750 0.015625 0.015625
0 0.610938 0.142187 0.015625 0.015625
0 0.970313 0.156250 0.015625 0.015625
0 0.910937 0.159375 0.015625 0.015625
0 0.943750 0.221875 0.015625 0.015625
0 0.990625 0.289062 0.015625 0.015625
0 0.534375 0.273438 0.015625 0.015625
0 0.678125 0.410938 0.015625 0.015625
0 0.598437 0.404687 0.015625 0.015625
0 0.909375 0.551562 0.015625 0.015625
0 0.975000 0.553125 0.015625 0.015625
0 0.670312 0.814063 0.015625 0.015625
