0 0.154688 0.034375 0.015625 0.015625
0 0.073438 0.037500 0.015625 0.015625
0 0.384375 0.039062 0.015625 0.015625
0 0.456250 0.040625 0.015625 0.015625
0 0.532813 0.042188 0.015625 0.015625
0 0.607812 0.045312 0.015625 0.015625
0 0.765625 0.046875 0.015625 0.015625
0 0.684375 0.048438 0.015625 0.015625
0 0.914062 0.050000 0.015625 0.015625
0 0.984375 0.050000 0.015625 0.015625
0 0.839063 0.051562 0.015625 0.015625
0 0.273438 0.101562 0.015625 0.015625
0 0.112500 0.103125 0.015625 0.015625
0 0.421875 0.104688 0.015625 0.015625
0 0.187500 0.106250 0.015625 0.015625
0 0.345313 0.106250 0.015625 0.015625
0 0.498437 0.107813 0.015625 0.015625
0 0.571875 0.110937 0.015625 0.015625
0 0.717187 0.112500 0.015625 0.015625
0 0.645312 0.114062 0.015625 0.015625
0 0.800000 0.115625 0.015625 0.015625
0 0.875000 0.120313 0.015625 0.015625
0 0.076563 0.162500 0.015625 0.015625
0 0.534375 0.171875 0.015625 0.015625
0 0.307812 0.171875 0.015625 0.015625
0 0.150000 0.171875 0.015625 0.015625
0 0.228125 0.173437 0.015625 0.015625
0 0.464062 0.175000 0.015625 0.015625
0 0.382812 0.175000 0.015625 0.015625
0 0.762500 0.179688 0.015625 0.015625
0 0.832812 0.184375 0.015625 0.015625
0 0.984375 0.187500 0.015625 0.015625
0 0.107813 0.234375 0.015625 0.015625
0 0.264062 0.235937 0.015625 0.015625
0 0.182812 0.237500 0.015625 0.015625
0 0.028125 0.239063 0.015625 0.015625
0 0.490625 0.240625 0.015625 0.015625
0 0.570312 0.240625 0.015625 0.015625
0 0.335938 0.242188 0.015625 0.015625
0 0.642188 0.243750 0.015625 0.015625
0 0.718750 0.243750 0.015625 0.015625
0 0.790625 0.245312 0.015625 0.015625
0 0.871875 0.248438 0.015625 0.015625
0 0.940625 0.250000 0.015625 0.015625
0 0.368750 0.300000 0.015625 0.015625
0 0.218750 0.304688 0.015625 0.015625
0 0.531250 0.304688 0.015625 0.015625
0 0.295312 0.304688 0.015625 0.015625
0 0.143750 0.306250 0.015625 0.015625
0 0.068750 0.306250 0.015625 0.015625
0 0.451562 0.307812 0.015625 0.015625
0 0.604688 0.309375 0.015625 0.015625
0 0.831250 0.312500 0.015625 0.015625
0 0.757812 0.312500 0.015625 0.015625
0 0.484375 0.368750 0.015625 0.015625
0 0.029687 0.368750 0.015625 0.015625
0 0.178125 0.371875 0.015625 0.015625
0 0.332813 0.371875 0.015625 0.015625
0 0.104688 0.371875 0.015625 0.015625
0 0.256250 0.373437 0.015625 0.015625
0 0.564063 0.373437 0.015625 0.015625
0 0.407813 0.375000 0.015625 0.015625
0 0.795312 0.381250 0.015625 0.015625
0 0.868750 0.384375 0.015625 0.015625
0 0.943750 0.384375 0.015625 0.015625
0 0.137500 0.437500 0.015625 0.015625
0 0.443750 0.437500 0.015625 0.015625
0 0.210938 0.439063 0.015625 0.015625
0 0.289062 0.439063 0.015625 0.015625
0 0.060937 0.439063 0.015625 0.015625
0 0.368750 0.439063 0.015625 0.015625
0 0.679688 0.442188 0.015625 0.015625
0 0.756250 0.443750 0.015625 0.015625
0 0.603125 0.443750 0.015625 0.015625
0 0.832812 0.446875 0.015625 0.015625
0 0.985938 0.446875 0.015625 0.015625
0 0.910937 0.446875 0.015625 0.015625
0 0.167187 0.501563 0.015625 0.015625
0 0.250000 0.501563 0.015625 0.015625
0 0.715625 0.504687 0.015625 0.015625
0 0.403125 0.506250 0.015625 0.015625
0 0.473438 0.506250 0.015625 0.015625
0 0.787500 0.509375 0.015625 0.015625
0 0.942187 0.510938 0.015625 0.015625
0 0.864062 0.510938 0.015625 0.015625
0 0.632812 0.510938 0.015625 0.015625
0 0.329688 0.512500 0.015625 0.015625
0 0.117188 0.562500 0.015625 0.015625
0 0.059375 0.564063 0.015625 0.015625
0 0.512500 0.565625 0.015625 0.015625
0 0.362500 0.570312 0.015625 0.015625
0 0.435937 0.571875 0.015625 0.015625
0 0.904687 0.573438 0.015625 0.015625
0 0.753125 0.573438 0.015625 0.015625
0 0.287500 0.573438 0.015625 0.015625
0 0.590625 0.576562 0.015625 0.015625
0 0.829688 0.576562 0.015625 0.015625
0 0.981250 0.578125 0.015625 0.015625
0 0.017188 0.631250 0.015625 0.015625
0 0.092188 0.631250 0.015625 0.015625
0 0.167187 0.632812 0.015625 0.015625
0 0.401562 0.635938 0.015625 0.015625
0 0.251563 0.635938 0.015625 0.015625
0 0.476562 0.635938 0.015625 0.015625
0 0.631250 0.642188 0.015625 0.015625
0 0.709375 0.642188 0.015625 0.015625
0 0.787500 0.642188 0.015625 0.015625
0 0.940625 0.643750 0.015625 0.015625
0 0.557813 0.643750 0.015625 0.015625
0 0.865625 0.645312 0.015625 0.015625
0 0.214062 0.693750 0.015625 0.015625
0 0.059375 0.693750 0.015625 0.015625
0 0.134375 0.695312 0.015625 0.015625
0 0.290625 0.696875 0.015625 0.015625
0 0.439063 0.698438 0.015625 0.015625
0 0.364063 0.700000 0.015625 0.015625
0 0.746875 0.703125 0.015625 0.015625
0 0.529687 0.706250 0.015625 0.015625
0 0.673438 0.706250 0.015625 0.015625
0 0.904687 0.707812 0.015625 0.015625
0 0.982812 0.709375 0.015625 0.015625
0 0.826562 0.710938 0.015625 0.015625
0 0.093750 0.757812 0.015625 0.015625
0 0.173437 0.759375 0.015625 0.015625
0 0.250000 0.759375 0.015625 0.015625
0 0.331250 0.760938 0.015625 0.015625
0 0.479687 0.765625 0.015625 0.015625
0 0.631250 0.770312 0.015625 0.015625
0 0.789062 0.770312 0.015625 0.015625
0 0.707812 0.770312 0.015625 0.015625
0 0.864062 0.771875 0.015625 0.015625
0 0.940625 0.773438 0.015625 0.015625
0 0.056250 0.825000 0.015625 0.015625
0 0.132812 0.825000 0.015625 0.015625
0 0.287500 0.828125 0.015625 0.015625
0 0.362500 0.828125 0.015625 0.015625
0 0.209375 0.828125 0.015625 0.015625
0 0.510938 0.829688 0.015625 0.015625
0 0.678125 0.832812 0.015625 0.015625
0 0.589063 0.834375 0.015625 0.015625
0 0.742188 0.837500 0.015625 0.015625
0 0.826562 0.837500 0.015625 0.015625
0 0.893750 0.839063 0.015625 0.015625
0 0.978125 0.843750 0.015625 0.015625
0 0.014063 0.890625 0.015625 0.015625
0 0.093750 0.892188 0.015625 0.015625
0 0.170313 0.893750 0.015625 0.015625
0 0.246875 0.895312 0.015625 0.015625
0 0.328125 0.898438 0.015625 0.015625
0 0.404687 0.898438 0.015625 0.015625
0 0.629687 0.901563 0.015625 0.015625
0 0.473438 0.903125 0.015625 0.015625
0 0.706250 0.904687 0.015625 0.015625
0 0.862500 0.906250 0.015625 0.015625
0 0.776563 0.906250 0.015625 0.015625
0 0.937500 0.909375 0.015625 0.015625
0 0.134375 0.957812 0.015625 0.015625
0 0.057813 0.959375 0.015625 0.015625
0 0.210938 0.959375 0.015625 0.015625
0 0.285938 0.960938 0.015625 0.015625
0 0.364063 0.962500 0.015625 0.015625
0 0.437500 0.967187 0.015625 0.015625
0 0.585938 0.968750 0.015625 0.015625
0 0.510938 0.968750 0.015625 0.015625
0 0.665625 0.970313 0.015625 0.015625
0 0.742188 0.973437 0.015625 0.015625
0 0.817187 0.973437 0.015625 0.015625
0 0.900000 0.978125 0.015625 0.015625
0 0.976562 0.978125 0.015625 0.015625
0 0.520312 0.435937 0.015625 0.015625
0 0.410938 0.240625 0.015625 0.015625
0 0.101562 0.496875 0.015625 0.015625
0 0.015625 0.767188 0.015625 0.015625
0 0.001563 0.175000 0.015625 0.015625
0 0.643750 0.371875 0.015625 0.015625
0 0.715625 0.376563 0.015625 0.015625
0 0.321875 0.632812 0.015625 0.015625
0 0.212500 0.560937 0.015625 0.015625
0 0.439063 0.834375 0.015625 0.015625
0 0.389062 0.754687 0.015625 0.015625
0 0.556250 0.901563 0.015625 0.015625
0 0.553125 0.765625 0.015625 0.015625
0 0.304688 0.042188 0.015625 0.015625
0 0.228125 0.037500 0.015625 0.015625
0 0.034375 0.100000 0.015625 0.015625
