0 0.264062 0.010937 0.015625 0.015625
0 0.342187 0.017188 0.015625 0.015625
0 0.421875 0.020313 0.015625 0.015625
0 0.884375 0.023438 0.015625 0.015625
0 0.815625 0.028125 0.015625 0.015625
0 0.957812 0.029687 0.015625 0.015625
0 0.565625 0.035937 0.015625 0.015625
0 0.629687 0.042188 0.015625 0.015625
0 0.234375 0.081250 0.015625 0.015625
0 0.384375 0.081250 0.015625 0.015625
0 0.142187 0.085938 0.015625 0.015625
0 0.854688 0.090625 0.015625 0.015625
0 0.990625 0.096875 0.015625 0.015625
0 0.776563 0.101562 0.015625 0.015625
0 0.792188 0.139063 0.015625 0.015625
0 0.187500 0.146875 0.015625 0.015625
0 0.035937 0.150000 0.015625 0.015625
0 0.565625 0.159375 0.015625 0.015625
0 0.890625 0.160938 0.015625 0.015625
0 0.456250 0.164062 0.015625 0.015625
0 0.948438 0.167187 0.015625 0.015625
0 0.707812 0.168750 0.015625 0.015625
0 0.637500 0.170313 0.015625 0.015625
0 0.378125 0.210938 0.015625 0.015625
0 0.839063 0.214062 0.015625 0.015625
0 0.531250 0.217188 0.015625 0.015625
0 0.756250 0.218750 0.015625 0.015625
0 0.606250 0.220312 0.015625 0.015625
0 0.448437 0.220312 0.015625 0.015625
0 0.679688 0.223438 0.015625 0.015625
0 0.987500 0.225000 0.015625 0.015625
0 0.037500 0.276562 0.015625 0.015625
0 0.187500 0.281250 0.015625 0.015625
0 0.335938 0.282813 0.015625 0.015625
0 0.410938 0.284375 0.015625 0.015625
0 0.260937 0.284375 0.015625 0.015625
0 0.490625 0.285938 0.015625 0.015625
0 0.104688 0.285938 0.015625 0.015625
0 0.564063 0.287500 0.015625 0.015625
0 0.878125 0.289062 0.015625 0.015625
0 0.720313 0.290625 0.015625 0.015625
0 0.960938 0.290625 0.015625 0.015625
0 0.640625 0.293750 0.015625 0.015625
0 0.798438 0.293750 0.015625 0.015625
0 0.142187 0.340625 0.015625 0.015625
0 0.304688 0.345313 0.015625 0.015625
0 0.528125 0.345313 0.015625 0.015625
0 0.228125 0.346875 0.015625 0.015625
0 0.065625 0.346875 0.015625 0.015625
0 0.757812 0.346875 0.015625 0.015625
0 0.601562 0.346875 0.015625 0.015625
0 0.453125 0.348438 0.015625 0.015625
0 0.679688 0.351562 0.015625 0.015625
0 0.910937 0.353125 0.015625 0.015625
0 0.184375 0.409375 0.015625 0.015625
0 0.337500 0.409375 0.015625 0.015625
0 0.106250 0.409375 0.015625 0.015625
0 0.032813 0.410938 0.015625 0.015625
0 0.262500 0.410938 0.015625 0.015625
0 0.412500 0.412500 0.015625 0.015625
0 0.640625 0.414062 0.015625 0.015625
0 0.562500 0.415625 0.015625 0.015625
0 0.487500 0.415625 0.015625 0.015625
0 0.717187 0.415625 0.015625 0.015625
0 0.800000 0.417187 0.015625 0.015625
0 0.295312 0.479687 0.015625 0.015625
0 0.603125 0.487500 0.015625 0.015625
0 0.453125 0.490625 0.015625 0.015625
0 0.521875 0.490625 0.015625 0.015625
0 0.831250 0.490625 0.015625 0.015625
0 0.378125 0.492188 0.015625 0.015625
0 0.754687 0.492188 0.015625 0.015625
0 0.681250 0.495312 0.015625 0.015625
0 0.906250 0.495312 0.015625 0.015625
0 0.257812 0.545312 0.015625 0.015625
0 0.332813 0.550000 0.015625 0.015625
0 0.184375 0.551562 0.015625 0.015625
0 0.792188 0.551562 0.015625 0.015625
0 0.560937 0.551562 0.015625 0.015625
0 0.112500 0.553125 0.015625 0.015625
0 0.410938 0.553125 0.015625 0.015625
0 0.485938 0.554688 0.015625 0.015625
0 0.717187 0.554688 0.015625 0.015625
0 0.634375 0.556250 0.015625 0.015625
0 0.940625 0.556250 0.015625 0.015625
0 0.871875 0.557813 0.015625 0.015625
0 0.064062 0.609375 0.015625 0.015625
0 0.214062 0.609375 0.015625 0.015625
0 0.142187 0.610938 0.015625 0.015625
0 0.290625 0.610938 0.015625 0.015625
0 0.370312 0.614062 0.015625 0.015625
0 0.443750 0.614062 0.015625 0.015625
0 0.596875 0.617188 0.015625 0.015625
0 0.671875 0.620313 0.015625 0.015625
0 0.528125 0.620313 0.015625 0.015625
0 0.832812 0.620313 0.015625 0.015625
0 0.984375 0.621875 0.015625 0.015625
0 0.754687 0.621875 0.015625 0.015625
0 0.909375 0.623437 0.015625 0.015625
0 0.182812 0.679688 0.015625 0.015625
0 0.110937 0.679688 0.015625 0.015625
0 0.037500 0.681250 0.015625 0.015625
0 0.943750 0.682813 0.015625 0.015625
0 0.487500 0.687500 0.015625 0.015625
0 0.785937 0.689063 0.015625 0.015625
0 0.639062 0.689063 0.015625 0.015625
0 0.865625 0.690625 0.015625 0.015625
0 0.568750 0.690625 0.015625 0.015625
0 0.325000 0.690625 0.015625 0.015625
0 0.714063 0.692187 0.015625 0.015625
0 0.429688 0.696875 0.015625 0.015625
0 0.059375 0.734375 0.015625 0.015625
0 0.142187 0.737500 0.015625 0.015625
0 0.221875 0.739062 0.015625 0.015625
0 0.365625 0.739062 0.015625 0.015625
0 0.829688 0.748437 0.015625 0.015625
0 0.667188 0.750000 0.015625 0.015625
0 0.756250 0.751563 0.015625 0.015625
0 0.907813 0.756250 0.015625 0.015625
0 0.025000 0.800000 0.015625 0.015625
0 0.329688 0.800000 0.015625 0.015625
0 0.103125 0.801562 0.015625 0.015625
0 0.178125 0.801562 0.015625 0.015625
0 0.406250 0.804688 0.015625 0.015625
0 0.257812 0.806250 0.015625 0.015625
0 0.709375 0.809375 0.015625 0.015625
0 0.857812 0.809375 0.015625 0.015625
0 0.479687 0.810937 0.015625 0.015625
0 0.631250 0.810937 0.015625 0.015625
0 0.571875 0.812500 0.015625 0.015625
0 0.789062 0.812500 0.015625 0.015625
0 0.445312 0.856250 0.015625 0.015625
0 0.507812 0.859375 0.015625 0.015625
0 0.210938 0.864062 0.015625 0.015625
0 0.140625 0.864062 0.015625 0.015625
