0 0.635938 0.000000 0.015625 0.015625
0 0.560937 0.000000 0.015625 0.015625
0 0.485938 0.003125 0.015625 0.015625
0 0.710938 0.004687 0.015625 0.015625
0 0.785937 0.007812 0.015625 0.015625
0 0.862500 0.009375 0.015625 0.015625
0 0.939063 0.010937 0.015625 0.015625
0 0.065625 0.060937 0.015625 0.015625
0 0.214062 0.060937 0.015625 0.015625
0 0.375000 0.060937 0.015625 0.015625
0 0.140625 0.062500 0.015625 0.015625
0 0.520312 0.065625 0.015625 0.015625
0 0.595313 0.067187 0.015625 0.015625
0 0.443750 0.068750 0.015625 0.015625
0 0.673438 0.070312 0.015625 0.015625
0 0.748437 0.071875 0.015625 0.015625
0 0.825000 0.073438 0.015625 0.015625
0 0.901563 0.073438 0.015625 0.015625
0 0.978125 0.075000 0.015625 0.015625
0 0.256250 0.121875 0.015625 0.015625
0 0.028125 0.125000 0.015625 0.015625
0 0.104688 0.125000 0.015625 0.015625
0 0.332813 0.126562 0.015625 0.015625
0 0.181250 0.128125 0.015625 0.015625
0 0.406250 0.128125 0.015625 0.015625
0 0.635938 0.132812 0.015625 0.015625
0 0.557813 0.132812 0.015625 0.015625
0 0.482812 0.132812 0.015625 0.015625
0 0.709375 0.134375 0.015625 0.015625
0 0.784375 0.137500 0.015625 0.015625
0 0.859375 0.139063 0.015625 0.015625
0 0.932813 0.145313 0.015625 0.015625
0 0.292187 0.187500 0.015625 0.015625
0 0.137500 0.189062 0.015625 0.015625
0 0.215625 0.189062 0.015625 0.015625
0 0.064062 0.189062 0.015625 0.015625
0 0.368750 0.192188 0.015625 0.015625
0 0.592187 0.195312 0.015625 0.015625
0 0.670312 0.195312 0.015625 0.015625
0 0.517188 0.196875 0.015625 0.015625
0 0.743750 0.196875 0.015625 0.015625
0 0.823438 0.200000 0.015625 0.015625
0 0.898438 0.203125 0.015625 0.015625
0 0.975000 0.207813 0.015625 0.015625
0 0.171875 0.253125 0.015625 0.015625
0 0.101562 0.253125 0.015625 0.015625
0 0.253125 0.254688 0.015625 0.015625
0 0.326562 0.256250 0.015625 0.015625
0 0.556250 0.259375 0.015625 0.015625
0 0.406250 0.260937 0.015625 0.015625
0 0.704688 0.265625 0.015625 0.015625
0 0.629687 0.265625 0.015625 0.015625
0 0.782813 0.270313 0.015625 0.015625
0 0.857812 0.270313 0.015625 0.015625
0 0.934375 0.273438 0.015625 0.015625
0 0.057813 0.317188 0.015625 0.015625
0 0.137500 0.320312 0.015625 0.015625
0 0.212500 0.323437 0.015625 0.015625
0 0.287500 0.323437 0.015625 0.015625
0 0.362500 0.326562 0.015625 0.015625
0 0.512500 0.326562 0.015625 0.015625
0 0.437500 0.329688 0.015625 0.015625
0 0.587500 0.329688 0.015625 0.015625
0 0.742188 0.332813 0.015625 0.015625
0 0.665625 0.332813 0.015625 0.015625
0 0.895312 0.334375 0.015625 0.015625
0 0.817187 0.335938 0.015625 0.015625
0 0.968750 0.337500 0.015625 0.015625
0 0.021875 0.378125 0.015625 0.015625
0 0.095312 0.379688 0.015625 0.015625
0 0.176563 0.385937 0.015625 0.015625
0 0.253125 0.385937 0.015625 0.015625
0 0.329688 0.387500 0.015625 0.015625
0 0.403125 0.390625 0.015625 0.015625
0 0.553125 0.390625 0.015625 0.015625
0 0.478125 0.390625 0.015625 0.015625
0 0.629687 0.395313 0.015625 0.015625
0 0.778125 0.398438 0.015625 0.015625
0 0.932813 0.398438 0.015625 0.015625
0 0.856250 0.398438 0.015625 0.015625
0 0.703125 0.398438 0.015625 0.015625
0 0.062500 0.445312 0.015625 0.015625
0 0.212500 0.446875 0.015625 0.015625
0 0.287500 0.450000 0.015625 0.015625
0 0.367188 0.451562 0.015625 0.015625
0 0.437500 0.454688 0.015625 0.015625
0 0.510938 0.454688 0.015625 0.015625
0 0.592187 0.457813 0.015625 0.015625
0 0.660937 0.459375 0.015625 0.015625
0 0.817187 0.459375 0.015625 0.015625
0 0.739062 0.460938 0.015625 0.015625
0 0.892188 0.462500 0.015625 0.015625
0 0.964063 0.464062 0.015625 0.015625
0 0.018750 0.510938 0.015625 0.015625
0 0.093750 0.514062 0.015625 0.015625
0 0.171875 0.517188 0.015625 0.015625
0 0.318750 0.518750 0.015625 0.015625
0 0.400000 0.520312 0.015625 0.015625
0 0.476562 0.521875 0.015625 0.015625
0 0.553125 0.523438 0.015625 0.015625
0 0.629687 0.525000 0.015625 0.015625
0 0.700000 0.525000 0.015625 0.015625
0 0.853125 0.528125 0.015625 0.015625
0 0.929688 0.528125 0.015625 0.015625
0 0.781250 0.528125 0.015625 0.015625
0 0.435937 0.584375 0.015625 0.015625
0 0.287500 0.584375 0.015625 0.015625
0 0.210938 0.585938 0.015625 0.015625
0 0.362500 0.585938 0.015625 0.015625
0 0.514062 0.587500 0.015625 0.015625
0 0.665625 0.590625 0.015625 0.015625
0 0.589063 0.590625 0.015625 0.015625
0 0.739062 0.592187 0.015625 0.015625
0 0.967187 0.593750 0.015625 0.015625
0 0.889062 0.595313 0.015625 0.015625
0 0.815625 0.595313 0.015625 0.015625
0 0.093750 0.645312 0.015625 0.015625
0 0.021875 0.648438 0.015625 0.015625
0 0.176563 0.648438 0.015625 0.015625
0 0.325000 0.651563 0.015625 0.015625
0 0.478125 0.651563 0.015625 0.015625
0 0.553125 0.651563 0.015625 0.015625
0 0.401562 0.653125 0.015625 0.015625
0 0.704688 0.657813 0.015625 0.015625
0 0.628125 0.657813 0.015625 0.015625
0 0.781250 0.657813 0.015625 0.015625
0 0.926562 0.660937 0.015625 0.015625
0 0.853125 0.660937 0.015625 0.015625
0 0.134375 0.715625 0.015625 0.015625
0 0.057813 0.717187 0.015625 0.015625
0 0.207813 0.718750 0.015625 0.015625
0 0.360938 0.720313 0.015625 0.015625
0 0.434375 0.720313 0.015625 0.015625
0 0.284375 0.720313 0.015625 0.015625
0 0.512500 0.720313 0.015625 0.015625
0 0.587500 0.723437 0.015625 0.015625
0 0.662500 0.725000 0.015625 0.015625
0 0.737500 0.725000 0.015625 0.015625
0 0.812500 0.725000 0.015625 0.015625
0 0.889062 0.726562 0.015625 0.015625
0 0.964063 0.729688 0.015625 0.015625
0 0.014063 0.778125 0.015625 0.015625
0 0.092188 0.778125 0.015625 0.015625
0 0.167187 0.782813 0.015625 0.015625
0 0.243750 0.782813 0.015625 0.015625
0 0.393750 0.782813 0.015625 0.015625
0 0.320312 0.782813 0.015625 0.015625
0 0.621875 0.785937 0.015625 0.015625
0 0.546875 0.785937 0.015625 0.015625
0 0.471875 0.787500 0.015625 0.015625
0 0.693750 0.787500 0.015625 0.015625
0 0.767188 0.789062 0.015625 0.015625
0 0.923438 0.790625 0.015625 0.015625
0 0.842187 0.792188 0.015625 0.015625
0 0.132812 0.845313 0.015625 0.015625
0 0.056250 0.845313 0.015625 0.015625
0 0.209375 0.848437 0.015625 0.015625
0 0.359375 0.848437 0.015625 0.015625
0 0.284375 0.848437 0.015625 0.015625
0 0.509375 0.850000 0.015625 0.015625
0 0.434375 0.851562 0.015625 0.015625
0 0.582812 0.851562 0.015625 0.015625
0 0.660937 0.853125 0.015625 0.015625
0 0.735938 0.853125 0.015625 0.015625
0 0.964063 0.854688 0.015625 0.015625
0 0.807813 0.856250 0.015625 0.015625
0 0.885938 0.857812 0.015625 0.015625
0 0.014063 0.907813 0.015625 0.015625
0 0.090625 0.907813 0.015625 0.015625
0 0.237500 0.912500 0.015625 0.015625
0 0.167187 0.912500 0.015625 0.015625
0 0.392188 0.914062 0.015625 0.015625
0 0.468750 0.914062 0.015625 0.015625
0 0.317188 0.914062 0.015625 0.015625
0 0.542188 0.915625 0.015625 0.015625
0 0.767188 0.917188 0.015625 0.015625
0 0.692187 0.918750 0.015625 0.015625
0 0.618750 0.918750 0.015625 0.015625
0 0.921875 0.920312 0.015625 0.015625
0 0.843750 0.921875 0.015625 0.015625
0 0.993750 0.926562 0.015625 0.015625
0 0.129688 0.971875 0.015625 0.015625
0 0.056250 0.973437 0.015625 0.015625
0 0.282813 0.975000 0.015625 0.015625
0 0.356250 0.976562 0.015625 0.015625
0 0.209375 0.976562 0.015625 0.015625
0 0.506250 0.979688 0.015625 0.015625
0 0.582812 0.981250 0.015625 0.015625
0 0.431250 0.981250 0.015625 0.015625
0 0.807813 0.984375 0.015625 0.015625
0 0.656250 0.985938 0.015625 0.015625
0 0.731250 0.985938 0.015625 0.015625
0 0.884375 0.990625 0.015625 0.015625
0 0.248438 0.518750 0.015625 0.015625
0 0.134375 0.446875 0.015625 0.015625
0 0.242188 0.651563 0.015625 0.015625
