0 0.031250 0.417187 0.015625 0.015625
0 0.106250 0.421875 0.015625 0.015625
0 0.178125 0.423438 0.015625 0.015625
0 0.484375 0.425000 0.015625 0.015625
0 0.406250 0.425000 0.015625 0.015625
0 0.335938 0.425000 0.015625 0.015625
0 0.559375 0.426563 0.015625 0.015625
0 0.640625 0.426563 0.015625 0.015625
0 0.257812 0.428125 0.015625 0.015625
0 0.714063 0.428125 0.015625 0.015625
0 0.862500 0.432812 0.015625 0.015625
0 0.787500 0.434375 0.015625 0.015625
0 0.939063 0.435937 0.015625 0.015625
0 0.064062 0.485938 0.015625 0.015625
0 0.140625 0.489063 0.015625 0.015625
0 0.373437 0.489063 0.015625 0.015625
0 0.445312 0.490625 0.015625 0.015625
0 0.214062 0.492188 0.015625 0.015625
0 0.593750 0.493750 0.015625 0.015625
0 0.521875 0.495312 0.015625 0.015625
0 0.293750 0.495312 0.015625 0.015625
0 0.671875 0.500000 0.015625 0.015625
0 0.748437 0.501563 0.015625 0.015625
0 0.973437 0.503125 0.015625 0.015625
0 0.028125 0.539062 0.015625 0.015625
0 0.410938 0.545312 0.015625 0.015625
0 0.181250 0.546875 0.015625 0.015625
0 0.339062 0.548438 0.015625 0.015625
0 0.103125 0.548438 0.015625 0.015625
0 0.254688 0.550000 0.015625 0.015625
0 0.481250 0.551562 0.015625 0.015625
0 0.864062 0.556250 0.015625 0.015625
0 0.640625 0.557813 0.015625 0.015625
0 0.935937 0.562500 0.015625 0.015625
0 0.079687 0.607812 0.015625 0.015625
0 0.000000 0.609375 0.015625 0.015625
0 0.157812 0.615625 0.015625 0.015625
0 0.112500 0.675000 0.015625 0.015625
0 0.034375 0.675000 0.015625 0.015625
0 0.335938 0.675000 0.015625 0.015625
0 0.707812 0.682813 0.015625 0.015625
0 0.184375 0.692187 0.015625 0.015625
0 0.537500 0.734375 0.015625 0.015625
0 0.140625 0.740625 0.015625 0.015625
0 0.065625 0.740625 0.015625 0.015625
0 0.753125 0.745313 0.015625 0.015625
0 0.367188 0.759375 0.015625 0.015625
0 0.710938 0.807813 0.015625 0.015625
0 0.257812 0.810937 0.015625 0.015625
0 0.107813 0.810937 0.015625 0.015625
0 0.331250 0.810937 0.015625 0.015625
0 0.789062 0.810937 0.015625 0.015625
0 0.485938 0.812500 0.015625 0.015625
0 0.407813 0.814063 0.015625 0.015625
0 0.182812 0.814063 0.015625 0.015625
0 0.557813 0.817187 0.015625 0.015625
0 0.654687 0.850000 0.015625 0.015625
0 0.893750 0.882812 0.015625 0.015625
0 0.978125 0.884375 0.015625 0.015625
0 0.256250 0.935937 0.015625 0.015625
0 0.182812 0.935937 0.015625 0.015625
0 0.637500 0.940625 0.015625 0.015625
0 0.037500 0.942187 0.015625 0.015625
0 0.932813 0.946875 0.015625 0.015625
0 0.859375 0.948438 0.015625 0.015625
0 0.554688 0.953125 0.015625 0.015625
0 0.067187 0.871875 0.015625 0.015625
0 0.140625 0.865625 0.015625 0.015625
0 0.114062 0.929688 0.015625 0.015625
0 0.442188 0.876563 0.015625 0.015625
0 0.403125 0.937500 0.015625 0.015625
0 0.345313 0.960938 0.015625 0.015625
0 0.296875 0.998437 0.015625 0.015625
0 0.990625 0.950000 0.015625 0.015625
0 0.567187 0.545312 0.015625 0.015625
0 0.726562 0.551562 0.015625 0.015625
0 0.826562 0.500000 0.015625 0.015625
0 0.806250 0.545312 0.015625 0.015625
0 0.904687 0.496875 0.015625 0.015625
0 0.415625 0.720313 0.015625 0.015625
0 0.478125 0.676562 0.015625 0.015625
0 0.410938 0.675000 0.015625 0.015625
0 0.256250 0.676562 0.015625 0.015625
0 0.518750 0.882812 0.015625 0.015625
