0 0.167187 0.000000 0.015625 0.015625
0 0.015625 0.000000 0.015625 0.015625
0 0.210938 0.001563 0.015625 0.015625
0 0.056250 0.003125 0.015625 0.015625
0 0.246875 0.004687 0.015625 0.015625
0 0.321875 0.006250 0.015625 0.015625
0 0.359375 0.007812 0.015625 0.015625
0 0.396875 0.007812 0.015625 0.015625
0 0.551562 0.010937 0.015625 0.015625
0 0.587500 0.010937 0.015625 0.015625
0 0.512500 0.012500 0.015625 0.015625
0 0.739062 0.015625 0.015625 0.015625
0 0.776563 0.017188 0.015625 0.015625
0 0.814063 0.018750 0.015625 0.015625
0 0.851562 0.018750 0.015625 0.015625
0 0.887500 0.020313 0.015625 0.015625
0 0.964063 0.021875 0.015625 0.015625
0 0.000000 0.034375 0.015625 0.015625
0 0.185938 0.035937 0.015625 0.015625
0 0.073438 0.037500 0.015625 0.015625
0 0.262500 0.037500 0.015625 0.015625
0 0.225000 0.037500 0.015625 0.015625
0 0.453125 0.040625 0.015625 0.015625
0 0.298438 0.040625 0.015625 0.015625
0 0.375000 0.040625 0.015625 0.015625
0 0.412500 0.042188 0.015625 0.015625
0 0.532813 0.045312 0.015625 0.015625
0 0.607812 0.045312 0.015625 0.015625
0 0.796875 0.048438 0.015625 0.015625
0 0.757812 0.051562 0.015625 0.015625
0 0.868750 0.056250 0.015625 0.015625
0 0.020313 0.065625 0.015625 0.015625
0 0.168750 0.067187 0.015625 0.015625
0 0.093750 0.068750 0.015625 0.015625
0 0.245312 0.070312 0.015625 0.015625
0 0.475000 0.071875 0.015625 0.015625
0 0.318750 0.071875 0.015625 0.015625
0 0.357812 0.073438 0.015625 0.015625
0 0.587500 0.075000 0.015625 0.015625
0 0.510938 0.076563 0.015625 0.015625
0 0.548438 0.078125 0.015625 0.015625
0 0.740625 0.079687 0.015625 0.015625
0 0.776563 0.082812 0.015625 0.015625
0 0.887500 0.082812 0.015625 0.015625
0 0.812500 0.084375 0.015625 0.015625
0 0.851562 0.084375 0.015625 0.015625
0 0.925000 0.084375 0.015625 0.015625
0 0.112500 0.096875 0.015625 0.015625
0 0.035937 0.098437 0.015625 0.015625
0 0.146875 0.100000 0.015625 0.015625
0 0.071875 0.100000 0.015625 0.015625
0 0.262500 0.101562 0.015625 0.015625
0 0.189062 0.101562 0.015625 0.015625
0 0.301563 0.104688 0.015625 0.015625
0 0.339062 0.104688 0.015625 0.015625
0 0.375000 0.106250 0.015625 0.015625
0 0.415625 0.106250 0.015625 0.015625
0 0.450000 0.107813 0.015625 0.015625
0 0.490625 0.107813 0.015625 0.015625
0 0.832812 0.115625 0.015625 0.015625
0 0.868750 0.117188 0.015625 0.015625
0 0.795312 0.117188 0.015625 0.015625
0 0.015625 0.132812 0.015625 0.015625
0 0.090625 0.132812 0.015625 0.015625
0 0.051562 0.132812 0.015625 0.015625
0 0.128125 0.132812 0.015625 0.015625
0 0.165625 0.134375 0.015625 0.015625
0 0.203125 0.135937 0.015625 0.015625
0 0.282813 0.135937 0.015625 0.015625
0 0.356250 0.137500 0.015625 0.015625
0 0.395313 0.139063 0.015625 0.015625
0 0.431250 0.139063 0.015625 0.015625
0 0.471875 0.140625 0.015625 0.015625
0 0.509375 0.142187 0.015625 0.015625
0 0.548438 0.143750 0.015625 0.015625
0 0.735938 0.145313 0.015625 0.015625
0 0.776563 0.146875 0.015625 0.015625
0 0.810937 0.148438 0.015625 0.015625
0 0.887500 0.148438 0.015625 0.015625
0 0.962500 0.150000 0.015625 0.015625
0 0.848437 0.150000 0.015625 0.015625
0 0.923438 0.153125 0.015625 0.015625
0 0.034375 0.165625 0.015625 0.015625
0 0.146875 0.165625 0.015625 0.015625
0 0.109375 0.167187 0.015625 0.015625
0 0.260937 0.167187 0.015625 0.015625
0 0.184375 0.167187 0.015625 0.015625
0 0.301563 0.167187 0.015625 0.015625
0 0.221875 0.168750 0.015625 0.015625
0 0.337500 0.168750 0.015625 0.015625
0 0.373437 0.171875 0.015625 0.015625
0 0.487500 0.171875 0.015625 0.015625
0 0.410938 0.173437 0.015625 0.015625
0 0.451562 0.173437 0.015625 0.015625
0 0.525000 0.173437 0.015625 0.015625
0 0.762500 0.173437 0.015625 0.015625
0 0.715625 0.178125 0.015625 0.015625
0 0.793750 0.181250 0.015625 0.015625
0 0.868750 0.184375 0.015625 0.015625
0 0.826562 0.184375 0.015625 0.015625
0 0.901563 0.184375 0.015625 0.015625
0 0.942187 0.184375 0.015625 0.015625
0 0.014063 0.196875 0.015625 0.015625
0 0.164062 0.198437 0.015625 0.015625
0 0.087500 0.198437 0.015625 0.015625
0 0.050000 0.198437 0.015625 0.015625
0 0.204687 0.200000 0.015625 0.015625
0 0.126562 0.200000 0.015625 0.015625
0 0.242188 0.200000 0.015625 0.015625
0 0.282813 0.201563 0.015625 0.015625
0 0.393750 0.201563 0.015625 0.015625
0 0.353125 0.203125 0.015625 0.015625
0 0.431250 0.203125 0.015625 0.015625
0 0.470313 0.206250 0.015625 0.015625
0 0.506250 0.206250 0.015625 0.015625
0 0.314063 0.207813 0.015625 0.015625
0 0.543750 0.207813 0.015625 0.015625
0 0.698438 0.212500 0.015625 0.015625
0 0.735938 0.212500 0.015625 0.015625
0 0.771875 0.214062 0.015625 0.015625
0 0.809375 0.215625 0.015625 0.015625
0 0.848437 0.215625 0.015625 0.015625
0 0.996875 0.217188 0.015625 0.015625
0 0.885938 0.217188 0.015625 0.015625
0 0.923438 0.217188 0.015625 0.015625
0 0.959375 0.220312 0.015625 0.015625
0 0.145313 0.229687 0.015625 0.015625
0 0.032813 0.231250 0.015625 0.015625
0 0.107813 0.231250 0.015625 0.015625
0 0.071875 0.232813 0.015625 0.015625
0 0.184375 0.232813 0.015625 0.015625
0 0.223438 0.234375 0.015625 0.015625
0 0.260937 0.234375 0.015625 0.015625
0 0.296875 0.235937 0.015625 0.015625
0 0.373437 0.235937 0.015625 0.015625
0 0.410938 0.235937 0.015625 0.015625
0 0.448437 0.237500 0.015625 0.015625
0 0.487500 0.239063 0.015625 0.015625
0 0.751563 0.246875 0.015625 0.015625
0 0.826562 0.246875 0.015625 0.015625
0 0.790625 0.248438 0.015625 0.015625
0 0.865625 0.248438 0.015625 0.015625
0 0.940625 0.253125 0.015625 0.015625
0 0.981250 0.253125 0.015625 0.015625
0 0.125000 0.260937 0.015625 0.015625
0 0.050000 0.262500 0.015625 0.015625
0 0.014063 0.264062 0.015625 0.015625
0 0.167187 0.265625 0.015625 0.015625
0 0.203125 0.265625 0.015625 0.015625
0 0.239063 0.267188 0.015625 0.015625
0 0.320312 0.267188 0.015625 0.015625
0 0.278125 0.267188 0.015625 0.015625
0 0.353125 0.268750 0.015625 0.015625
0 0.393750 0.270313 0.015625 0.015625
0 0.432812 0.270313 0.015625 0.015625
0 0.470313 0.271875 0.015625 0.015625
0 0.506250 0.271875 0.015625 0.015625
0 0.540625 0.271875 0.015625 0.015625
0 0.770312 0.278125 0.015625 0.015625
0 0.734375 0.279687 0.015625 0.015625
0 0.846875 0.279687 0.015625 0.015625
0 0.807813 0.279687 0.015625 0.015625
0 0.884375 0.281250 0.015625 0.015625
0 0.998437 0.287500 0.015625 0.015625
0 0.107813 0.296875 0.015625 0.015625
0 0.146875 0.296875 0.015625 0.015625
0 0.070312 0.296875 0.015625 0.015625
0 0.184375 0.298438 0.015625 0.015625
0 0.221875 0.298438 0.015625 0.015625
0 0.335938 0.300000 0.015625 0.015625
0 0.298438 0.300000 0.015625 0.015625
0 0.564063 0.301563 0.015625 0.015625
0 0.375000 0.301563 0.015625 0.015625
0 0.485938 0.303125 0.015625 0.015625
0 0.260937 0.303125 0.015625 0.015625
0 0.450000 0.303125 0.015625 0.015625
0 0.412500 0.304688 0.015625 0.015625
0 0.523438 0.304688 0.015625 0.015625
0 0.864062 0.310937 0.015625 0.015625
0 0.751563 0.310937 0.015625 0.015625
0 0.790625 0.310937 0.015625 0.015625
0 0.826562 0.310937 0.015625 0.015625
0 0.982812 0.318750 0.015625 0.015625
0 0.162500 0.328125 0.015625 0.015625
0 0.085938 0.328125 0.015625 0.015625
0 0.125000 0.328125 0.015625 0.015625
0 0.048438 0.329688 0.015625 0.015625
0 0.432812 0.334375 0.015625 0.015625
0 0.314063 0.334375 0.015625 0.015625
0 0.351562 0.334375 0.015625 0.015625
0 0.509375 0.335938 0.015625 0.015625
0 0.731250 0.345313 0.015625 0.015625
0 0.846875 0.345313 0.015625 0.015625
0 0.807813 0.345313 0.015625 0.015625
0 0.771875 0.345313 0.015625 0.015625
0 0.882812 0.346875 0.015625 0.015625
0 0.921875 0.346875 0.015625 0.015625
0 0.962500 0.351562 0.015625 0.015625
0 0.998437 0.353125 0.015625 0.015625
0 0.068750 0.362500 0.015625 0.015625
0 0.107813 0.362500 0.015625 0.015625
0 0.146875 0.362500 0.015625 0.015625
0 0.259375 0.367188 0.015625 0.015625
0 0.296875 0.367188 0.015625 0.015625
0 0.182812 0.368750 0.015625 0.015625
0 0.375000 0.368750 0.015625 0.015625
0 0.335938 0.370312 0.015625 0.015625
0 0.901563 0.379688 0.015625 0.015625
0 0.012500 0.379688 0.015625 0.015625
0 0.939063 0.381250 0.015625 0.015625
0 0.821875 0.381250 0.015625 0.015625
0 0.976562 0.384375 0.015625 0.015625
0 0.085938 0.395313 0.015625 0.015625
0 0.125000 0.396875 0.015625 0.015625
0 0.240625 0.398438 0.015625 0.015625
0 0.281250 0.400000 0.015625 0.015625
0 0.387500 0.400000 0.015625 0.015625
0 0.314063 0.400000 0.015625 0.015625
0 0.460938 0.403125 0.015625 0.015625
0 0.351562 0.403125 0.015625 0.015625
0 0.503125 0.404687 0.015625 0.015625
0 0.540625 0.406250 0.015625 0.015625
0 0.732812 0.406250 0.015625 0.015625
0 0.696875 0.407813 0.015625 0.015625
0 0.845313 0.410938 0.015625 0.015625
0 0.920312 0.410938 0.015625 0.015625
0 0.882812 0.412500 0.015625 0.015625
0 0.959375 0.414062 0.015625 0.015625
0 0.995313 0.415625 0.015625 0.015625
0 0.189062 0.423438 0.015625 0.015625
0 0.143750 0.426563 0.015625 0.015625
0 0.103125 0.429688 0.015625 0.015625
0 0.220312 0.429688 0.015625 0.015625
0 0.259375 0.431250 0.015625 0.015625
0 0.062500 0.431250 0.015625 0.015625
0 0.370312 0.432812 0.015625 0.015625
0 0.295312 0.432812 0.015625 0.015625
0 0.331250 0.434375 0.015625 0.015625
0 0.406250 0.434375 0.015625 0.015625
0 0.750000 0.437500 0.015625 0.015625
0 0.710938 0.440625 0.015625 0.015625
0 0.823438 0.443750 0.015625 0.015625
0 0.860938 0.446875 0.015625 0.015625
0 0.937500 0.446875 0.015625 0.015625
0 0.975000 0.446875 0.015625 0.015625
0 0.048438 0.457813 0.015625 0.015625
0 0.164062 0.460938 0.015625 0.015625
0 0.085938 0.460938 0.015625 0.015625
0 0.123438 0.460938 0.015625 0.015625
0 0.239063 0.462500 0.015625 0.015625
0 0.203125 0.464062 0.015625 0.015625
0 0.276562 0.465625 0.015625 0.015625
0 0.426563 0.467187 0.015625 0.015625
0 0.312500 0.467187 0.015625 0.015625
0 0.350000 0.467187 0.015625 0.015625
0 0.387500 0.467187 0.015625 0.015625
0 0.842187 0.475000 0.015625 0.015625
0 0.957812 0.479687 0.015625 0.015625
0 0.995313 0.482812 0.015625 0.015625
0 0.065625 0.492188 0.015625 0.015625
0 0.106250 0.493750 0.015625 0.015625
0 0.139063 0.493750 0.015625 0.015625
0 0.181250 0.495312 0.015625 0.015625
0 0.259375 0.496875 0.015625 0.015625
0 0.296875 0.496875 0.015625 0.015625
0 0.218750 0.498437 0.015625 0.015625
0 0.365625 0.503125 0.015625 0.015625
0 0.895312 0.507812 0.015625 0.015625
0 0.971875 0.510938 0.015625 0.015625
0 0.314063 0.521875 0.015625 0.015625
0 0.009375 0.523438 0.015625 0.015625
0 0.046875 0.523438 0.015625 0.015625
0 0.162500 0.525000 0.015625 0.015625
0 0.121875 0.528125 0.015625 0.015625
0 0.200000 0.529687 0.015625 0.015625
0 0.953125 0.543750 0.015625 0.015625
0 0.990625 0.545312 0.015625 0.015625
0 0.217188 0.551562 0.015625 0.015625
0 0.026562 0.557813 0.015625 0.015625
0 0.062500 0.559375 0.015625 0.015625
0 0.101562 0.559375 0.015625 0.015625
0 0.140625 0.560937 0.015625 0.015625
0 0.182812 0.560937 0.015625 0.015625
0 0.328125 0.564063 0.015625 0.015625
0 0.367188 0.568750 0.015625 0.015625
0 0.864062 0.573438 0.015625 0.015625
0 0.896875 0.576562 0.015625 0.015625
0 0.934375 0.578125 0.015625 0.015625
0 0.973437 0.579688 0.015625 0.015625
0 0.123438 0.587500 0.015625 0.015625
0 0.300000 0.589063 0.015625 0.015625
0 0.007812 0.589063 0.015625 0.015625
0 0.046875 0.589063 0.015625 0.015625
0 0.084375 0.592187 0.015625 0.015625
0 0.235937 0.592187 0.015625 0.015625
0 0.198437 0.592187 0.015625 0.015625
0 0.159375 0.593750 0.015625 0.015625
0 0.273438 0.593750 0.015625 0.015625
0 0.346875 0.598437 0.015625 0.015625
0 0.875000 0.609375 0.015625 0.015625
0 0.914062 0.610938 0.015625 0.015625
0 0.950000 0.612500 0.015625 0.015625
0 0.989062 0.614062 0.015625 0.015625
0 0.026562 0.621875 0.015625 0.015625
0 0.101562 0.623437 0.015625 0.015625
0 0.062500 0.625000 0.015625 0.015625
0 0.140625 0.625000 0.015625 0.015625
0 0.175000 0.626563 0.015625 0.015625
0 0.212500 0.628125 0.015625 0.015625
0 0.251563 0.629687 0.015625 0.015625
0 0.287500 0.642188 0.015625 0.015625
0 0.893750 0.642188 0.015625 0.015625
0 0.856250 0.642188 0.015625 0.015625
0 0.932813 0.642188 0.015625 0.015625
0 0.971875 0.643750 0.015625 0.015625
0 0.006250 0.656250 0.015625 0.015625
0 0.121875 0.656250 0.015625 0.015625
0 0.045312 0.657813 0.015625 0.015625
0 0.082812 0.657813 0.015625 0.015625
0 0.157812 0.659375 0.015625 0.015625
0 0.193750 0.659375 0.015625 0.015625
0 0.235937 0.660937 0.015625 0.015625
0 0.271875 0.664062 0.015625 0.015625
0 0.914062 0.673438 0.015625 0.015625
0 0.950000 0.676562 0.015625 0.015625
0 0.871875 0.678125 0.015625 0.015625
0 0.987500 0.681250 0.015625 0.015625
0 0.025000 0.690625 0.015625 0.015625
0 0.065625 0.690625 0.015625 0.015625
0 0.100000 0.690625 0.015625 0.015625
0 0.135937 0.692187 0.015625 0.015625
0 0.175000 0.692187 0.015625 0.015625
0 0.251563 0.692187 0.015625 0.015625
0 0.214062 0.693750 0.015625 0.015625
0 0.289062 0.695312 0.015625 0.015625
0 0.932813 0.710938 0.015625 0.015625
0 0.965625 0.712500 0.015625 0.015625
0 0.004687 0.720313 0.015625 0.015625
0 0.043750 0.721875 0.015625 0.015625
0 0.156250 0.721875 0.015625 0.015625
0 0.193750 0.721875 0.015625 0.015625
0 0.121875 0.723437 0.015625 0.015625
0 0.084375 0.723437 0.015625 0.015625
0 0.232813 0.726562 0.015625 0.015625
0 0.271875 0.726562 0.015625 0.015625
0 0.910937 0.740625 0.015625 0.015625
0 0.987500 0.742188 0.015625 0.015625
0 0.948438 0.742188 0.015625 0.015625
0 0.023438 0.753125 0.015625 0.015625
0 0.062500 0.756250 0.015625 0.015625
0 0.176563 0.757812 0.015625 0.015625
0 0.098437 0.759375 0.015625 0.015625
0 0.212500 0.759375 0.015625 0.015625
0 0.248438 0.760938 0.015625 0.015625
0 0.143750 0.765625 0.015625 0.015625
0 0.931250 0.773438 0.015625 0.015625
0 0.967187 0.775000 0.015625 0.015625
0 0.004687 0.785937 0.015625 0.015625
0 0.042188 0.787500 0.015625 0.015625
0 0.078125 0.790625 0.015625 0.015625
0 0.157812 0.792188 0.015625 0.015625
0 0.193750 0.792188 0.015625 0.015625
0 0.115625 0.793750 0.015625 0.015625
0 0.910937 0.806250 0.015625 0.015625
0 0.989062 0.806250 0.015625 0.015625
0 0.950000 0.807813 0.015625 0.015625
0 0.023438 0.821875 0.015625 0.015625
0 0.060937 0.823438 0.015625 0.015625
0 0.171875 0.823438 0.015625 0.015625
0 0.135937 0.825000 0.015625 0.015625
0 0.209375 0.825000 0.015625 0.015625
0 0.095312 0.826562 0.015625 0.015625
0 0.970313 0.840625 0.015625 0.015625
0 0.931250 0.842187 0.015625 0.015625
0 0.004687 0.851562 0.015625 0.015625
0 0.076563 0.854688 0.015625 0.015625
0 0.040625 0.854688 0.015625 0.015625
0 0.153125 0.856250 0.015625 0.015625
0 0.114062 0.856250 0.015625 0.015625
0 0.189062 0.857812 0.015625 0.015625
0 0.989062 0.873437 0.015625 0.015625
0 0.948438 0.873437 0.015625 0.015625
0 0.059375 0.884375 0.015625 0.015625
0 0.020313 0.884375 0.015625 0.015625
0 0.098437 0.887500 0.015625 0.015625
0 0.134375 0.887500 0.015625 0.015625
0 0.171875 0.889062 0.015625 0.015625
0 0.200000 0.896875 0.015625 0.015625
0 0.968750 0.907813 0.015625 0.015625
0 0.001563 0.920312 0.015625 0.015625
0 0.040625 0.921875 0.015625 0.015625
0 0.076563 0.921875 0.015625 0.015625
0 0.115625 0.925000 0.015625 0.015625
0 0.984375 0.943750 0.015625 0.015625
0 0.050000 0.395313 0.015625 0.015625
0 0.029687 0.423438 0.015625 0.015625
0 0.006250 0.459375 0.015625 0.015625
0 0.026562 0.492188 0.015625 0.015625
0 0.271875 0.332813 0.015625 0.015625
