0 0.040625 0.001563 0.015625 0.015625
0 0.260937 0.006250 0.015625 0.015625
0 0.114062 0.006250 0.015625 0.015625
0 0.653125 0.010937 0.015625 0.015625
0 0.728125 0.010937 0.015625 0.015625
0 0.579688 0.010937 0.015625 0.015625
0 0.806250 0.012500 0.015625 0.015625
0 0.959375 0.015625 0.015625 0.015625
0 0.884375 0.017188 0.015625 0.015625
0 0.514062 0.023438 0.015625 0.015625
0 0.076563 0.060937 0.015625 0.015625
0 0.154688 0.064062 0.015625 0.015625
0 0.460938 0.064062 0.015625 0.015625
0 0.004687 0.065625 0.015625 0.015625
0 0.310937 0.065625 0.015625 0.015625
0 0.385937 0.067187 0.015625 0.015625
0 0.231250 0.070312 0.015625 0.015625
0 0.534375 0.071875 0.015625 0.015625
0 0.612500 0.071875 0.015625 0.015625
0 0.762500 0.073438 0.015625 0.015625
0 0.685937 0.073438 0.015625 0.015625
0 0.843750 0.075000 0.015625 0.015625
0 0.917188 0.082812 0.015625 0.015625
0 0.114062 0.123438 0.015625 0.015625
0 0.428125 0.129688 0.015625 0.015625
0 0.501563 0.134375 0.015625 0.015625
0 0.578125 0.135937 0.015625 0.015625
0 0.653125 0.137500 0.015625 0.015625
0 0.882812 0.140625 0.015625 0.015625
0 0.959375 0.142187 0.015625 0.015625
0 0.731250 0.145313 0.015625 0.015625
0 0.809375 0.145313 0.015625 0.015625
0 0.078125 0.192188 0.015625 0.015625
0 0.232813 0.195312 0.015625 0.015625
0 0.312500 0.196875 0.015625 0.015625
0 0.157812 0.196875 0.015625 0.015625
0 0.539062 0.200000 0.015625 0.015625
0 0.615625 0.200000 0.015625 0.015625
0 0.689063 0.200000 0.015625 0.015625
0 0.918750 0.204687 0.015625 0.015625
0 0.840625 0.206250 0.015625 0.015625
0 0.767188 0.207813 0.015625 0.015625
0 0.993750 0.209375 0.015625 0.015625
0 0.117188 0.257812 0.015625 0.015625
0 0.270313 0.259375 0.015625 0.015625
0 0.426563 0.259375 0.015625 0.015625
0 0.501563 0.260937 0.015625 0.015625
0 0.579688 0.264062 0.015625 0.015625
0 0.656250 0.268750 0.015625 0.015625
0 0.729688 0.270313 0.015625 0.015625
0 0.881250 0.270313 0.015625 0.015625
0 0.803125 0.271875 0.015625 0.015625
0 0.959375 0.271875 0.015625 0.015625
0 0.157812 0.318750 0.015625 0.015625
0 0.917188 0.332813 0.015625 0.015625
0 0.840625 0.334375 0.015625 0.015625
0 0.762500 0.334375 0.015625 0.015625
0 0.535937 0.334375 0.015625 0.015625
0 0.612500 0.334375 0.015625 0.015625
0 0.690625 0.335938 0.015625 0.015625
0 0.996875 0.340625 0.015625 0.015625
0 0.309375 0.342187 0.015625 0.015625
0 0.268750 0.385937 0.015625 0.015625
0 0.728125 0.398438 0.015625 0.015625
0 0.573438 0.398438 0.015625 0.015625
0 0.801562 0.400000 0.015625 0.015625
0 0.881250 0.401562 0.015625 0.015625
0 0.960938 0.401562 0.015625 0.015625
0 0.645312 0.403125 0.015625 0.015625
0 0.003125 0.437500 0.015625 0.015625
0 0.156250 0.445312 0.015625 0.015625
0 0.232813 0.448437 0.015625 0.015625
0 0.310937 0.451562 0.015625 0.015625
0 0.082812 0.457813 0.015625 0.015625
0 0.385937 0.460938 0.015625 0.015625
0 0.609375 0.460938 0.015625 0.015625
0 0.532813 0.460938 0.015625 0.015625
0 0.685937 0.462500 0.015625 0.015625
0 0.765625 0.462500 0.015625 0.015625
0 0.840625 0.467187 0.015625 0.015625
0 0.914062 0.468750 0.015625 0.015625
0 0.350000 0.512500 0.015625 0.015625
0 0.037500 0.514062 0.015625 0.015625
0 0.192188 0.517188 0.015625 0.015625
0 0.112500 0.518750 0.015625 0.015625
0 0.279687 0.523438 0.015625 0.015625
0 0.878125 0.525000 0.015625 0.015625
0 0.578125 0.526563 0.015625 0.015625
0 0.804688 0.528125 0.015625 0.015625
0 0.956250 0.534375 0.015625 0.015625
0 0.157812 0.581250 0.015625 0.015625
0 0.007812 0.585938 0.015625 0.015625
0 0.232813 0.585938 0.015625 0.015625
0 0.312500 0.590625 0.015625 0.015625
0 0.385937 0.592187 0.015625 0.015625
0 0.914062 0.595313 0.015625 0.015625
0 0.992188 0.596875 0.015625 0.015625
0 0.762500 0.598437 0.015625 0.015625
0 0.514062 0.604688 0.015625 0.015625
0 0.612500 0.606250 0.015625 0.015625
0 0.046875 0.639062 0.015625 0.015625
0 0.192188 0.646875 0.015625 0.015625
0 0.114062 0.648438 0.015625 0.015625
0 0.425000 0.653125 0.015625 0.015625
0 0.267188 0.657813 0.015625 0.015625
0 0.350000 0.659375 0.015625 0.015625
0 0.715625 0.662500 0.015625 0.015625
0 0.879687 0.665625 0.015625 0.015625
0 0.159375 0.706250 0.015625 0.015625
0 0.079687 0.710938 0.015625 0.015625
0 0.462500 0.721875 0.015625 0.015625
0 0.310937 0.723437 0.015625 0.015625
0 0.387500 0.723437 0.015625 0.015625
0 0.757812 0.731250 0.015625 0.015625
0 0.914062 0.732812 0.015625 0.015625
0 0.839063 0.734375 0.015625 0.015625
0 0.990625 0.735938 0.015625 0.015625
0 0.556250 0.748437 0.015625 0.015625
0 0.267188 0.784375 0.015625 0.015625
0 0.343750 0.784375 0.015625 0.015625
0 0.421875 0.787500 0.015625 0.015625
0 0.718750 0.795312 0.015625 0.015625
0 0.793750 0.795312 0.015625 0.015625
0 0.951562 0.795312 0.015625 0.015625
0 0.875000 0.796875 0.015625 0.015625
0 0.385937 0.853125 0.015625 0.015625
0 0.465625 0.853125 0.015625 0.015625
0 0.307812 0.854688 0.015625 0.015625
0 0.606250 0.862500 0.015625 0.015625
0 0.757812 0.862500 0.015625 0.015625
0 0.681250 0.862500 0.015625 0.015625
0 0.834375 0.864062 0.015625 0.015625
0 0.134375 0.892188 0.015625 0.015625
0 0.192188 0.914062 0.015625 0.015625
0 0.489063 0.914062 0.015625 0.015625
0 0.264062 0.915625 0.015625 0.015625
0 0.343750 0.920312 0.015625 0.015625
0 0.420312 0.921875 0.015625 0.015625
0 0.639062 0.929688 0.015625 0.015625
0 0.707812 0.935937 0.015625 0.015625
0 0.062500 0.954688 0.015625 0.015625
0 0.306250 0.982812 0.015625 0.015625
0 0.231250 0.982812 0.015625 0.015625
0 0.382812 0.984375 0.015625 0.015625
