0 0.985938 0.010937 0.015625 0.015625
0 0.537500 0.029687 0.015625 0.015625
0 0.140625 0.034375 0.015625 0.015625
0 0.082812 0.034375 0.015625 0.015625
0 0.259375 0.034375 0.015625 0.015625
0 0.465625 0.034375 0.015625 0.015625
0 0.387500 0.035937 0.015625 0.015625
0 0.614062 0.040625 0.015625 0.015625
0 0.779687 0.045312 0.015625 0.015625
0 0.862500 0.045312 0.015625 0.015625
0 0.954688 0.053125 0.015625 0.015625
0 0.050000 0.085938 0.015625 0.015625
0 0.357812 0.095312 0.015625 0.015625
0 0.723437 0.096875 0.015625 0.015625
0 0.871875 0.098437 0.015625 0.015625
0 0.228125 0.150000 0.015625 0.015625
0 0.307812 0.151562 0.015625 0.015625
0 0.932813 0.184375 0.015625 0.015625
0 0.854688 0.185938 0.015625 0.015625
0 0.712500 0.198437 0.015625 0.015625
0 0.514062 0.303125 0.015625 0.015625
0 0.926562 0.310937 0.015625 0.015625
0 0.762500 0.312500 0.015625 0.015625
0 0.610938 0.315625 0.015625 0.015625
0 0.684375 0.392188 0.015625 0.015625
0 0.004687 0.398438 0.015625 0.015625
0 0.081250 0.400000 0.015625 0.015625
0 0.231250 0.401562 0.015625 0.015625
0 0.157812 0.401562 0.015625 0.015625
0 0.307812 0.403125 0.015625 0.015625
0 0.456250 0.407813 0.015625 0.015625
0 0.384375 0.409375 0.015625 0.015625
0 0.535937 0.410938 0.015625 0.015625
0 0.832812 0.410938 0.015625 0.015625
0 0.760938 0.412500 0.015625 0.015625
0 0.912500 0.414062 0.015625 0.015625
0 0.989062 0.420312 0.015625 0.015625
0 0.039062 0.467187 0.015625 0.015625
0 0.110937 0.470313 0.015625 0.015625
0 0.190625 0.471875 0.015625 0.015625
0 0.340625 0.473438 0.015625 0.015625
0 0.265625 0.473438 0.015625 0.015625
0 0.490625 0.475000 0.015625 0.015625
0 0.579688 0.475000 0.015625 0.015625
0 0.645312 0.481250 0.015625 0.015625
0 0.728125 0.482812 0.015625 0.015625
0 0.798438 0.484375 0.015625 0.015625
0 0.876563 0.485938 0.015625 0.015625
0 0.953125 0.487500 0.015625 0.015625
0 0.003125 0.532813 0.015625 0.015625
0 0.081250 0.532813 0.015625 0.015625
0 0.154688 0.535937 0.015625 0.015625
0 0.379688 0.535937 0.015625 0.015625
0 0.303125 0.539062 0.015625 0.015625
0 0.229687 0.539062 0.015625 0.015625
0 0.456250 0.540625 0.015625 0.015625
0 0.610938 0.543750 0.015625 0.015625
0 0.835938 0.546875 0.015625 0.015625
0 0.684375 0.546875 0.015625 0.015625
0 0.912500 0.546875 0.015625 0.015625
0 0.760938 0.548438 0.015625 0.015625
0 0.989062 0.550000 0.015625 0.015625
0 0.037500 0.601562 0.015625 0.015625
0 0.112500 0.603125 0.015625 0.015625
0 0.567187 0.606250 0.015625 0.015625
0 0.264062 0.606250 0.015625 0.015625
0 0.184375 0.606250 0.015625 0.015625
0 0.339062 0.607812 0.015625 0.015625
0 0.418750 0.607812 0.015625 0.015625
0 0.490625 0.609375 0.015625 0.015625
0 0.871875 0.610938 0.015625 0.015625
0 0.798438 0.614062 0.015625 0.015625
0 0.648438 0.614062 0.015625 0.015625
0 0.720313 0.615625 0.015625 0.015625
0 0.945312 0.617188 0.015625 0.015625
0 0.068750 0.667188 0.015625 0.015625
0 0.303125 0.668750 0.015625 0.015625
0 0.379688 0.668750 0.015625 0.015625
0 0.001563 0.668750 0.015625 0.015625
0 0.148438 0.670312 0.015625 0.015625
0 0.529687 0.671875 0.015625 0.015625
0 0.609375 0.671875 0.015625 0.015625
0 0.453125 0.673438 0.015625 0.015625
0 0.835938 0.675000 0.015625 0.015625
0 0.985938 0.684375 0.015625 0.015625
0 0.909375 0.684375 0.015625 0.015625
0 0.035937 0.734375 0.015625 0.015625
0 0.184375 0.734375 0.015625 0.015625
0 0.109375 0.734375 0.015625 0.015625
0 0.412500 0.735938 0.015625 0.015625
0 0.337500 0.737500 0.015625 0.015625
0 0.565625 0.739062 0.015625 0.015625
0 0.489063 0.739062 0.015625 0.015625
0 0.640625 0.740625 0.015625 0.015625
0 0.259375 0.740625 0.015625 0.015625
0 0.718750 0.742188 0.015625 0.015625
0 0.795312 0.745313 0.015625 0.015625
0 0.871875 0.746875 0.015625 0.015625
0 0.943750 0.750000 0.015625 0.015625
0 0.143750 0.795312 0.015625 0.015625
0 0.067187 0.796875 0.015625 0.015625
0 0.376563 0.800000 0.015625 0.015625
0 0.298438 0.801562 0.015625 0.015625
0 0.526563 0.801562 0.015625 0.015625
0 0.604688 0.803125 0.015625 0.015625
0 0.681250 0.806250 0.015625 0.015625
0 0.759375 0.807813 0.015625 0.015625
0 0.907813 0.812500 0.015625 0.015625
0 0.835938 0.812500 0.015625 0.015625
0 0.985938 0.814063 0.015625 0.015625
0 0.106250 0.860938 0.015625 0.015625
0 0.031250 0.862500 0.015625 0.015625
0 0.332813 0.865625 0.015625 0.015625
0 0.406250 0.867188 0.015625 0.015625
0 0.718750 0.871875 0.015625 0.015625
0 0.639062 0.873437 0.015625 0.015625
0 0.790625 0.875000 0.015625 0.015625
0 0.603125 0.937500 0.015625 0.015625
0 0.679688 0.942187 0.015625 0.015625
0 0.756250 0.943750 0.015625 0.015625
0 0.832812 0.945312 0.015625 0.015625
0 0.982812 0.946875 0.015625 0.015625
0 0.906250 0.946875 0.015625 0.015625
0 0.029687 0.989062 0.015625 0.015625
0 0.106250 0.993750 0.015625 0.015625
0 0.254688 0.993750 0.015625 0.015625
0 0.179688 0.993750 0.015625 0.015625
0 0.331250 0.996875 0.015625 0.015625
0 0.145313 0.925000 0.015625 0.015625
0 0.179688 0.860938 0.015625 0.015625
0 0.253125 0.859375 0.015625 0.015625
0 0.448437 0.804688 0.015625 0.015625
0 0.478125 0.860938 0.015625 0.015625
0 0.521875 0.931250 0.015625 0.015625
0 0.210938 0.798438 0.015625 0.015625
0 0.682813 0.678125 0.015625 0.015625
0 0.934375 0.353125 0.015625 0.015625
0 0.870313 0.353125 0.015625 0.015625
0 0.800000 0.350000 0.015625 0.015625
0 0.667188 0.339062 0.015625 0.015625
0 0.717187 0.343750 0.015625 0.015625
0 0.423438 0.473438 0.015625 0.015625
0 0.037500 0.342187 0.015625 0.015625
0 0.123438 0.342187 0.015625 0.015625
0 0.195312 0.340625 0.015625 0.015625
0 0.268750 0.343750 0.015625 0.015625
0 0.353125 0.340625 0.015625 0.015625
0 0.415625 0.342187 0.015625 0.015625
0 0.496875 0.339062 0.015625 0.015625
0 0.557813 0.339062 0.015625 0.015625
0 0.581250 0.220312 0.015625 0.015625
0 0.540625 0.287500 0.015625 0.015625
0 0.459375 0.279687 0.015625 0.015625
0 0.490625 0.215625 0.015625 0.015625
0 0.417187 0.214062 0.015625 0.015625
0 0.351562 0.215625 0.015625 0.015625
0 0.376563 0.282813 0.015625 0.015625
0 0.296875 0.281250 0.015625 0.015625
0 0.262500 0.215625 0.015625 0.015625
0 0.229687 0.276562 0.015625 0.015625
0 0.192188 0.212500 0.015625 0.015625
0 0.107813 0.209375 0.015625 0.015625
0 0.035937 0.207813 0.015625 0.015625
0 0.075000 0.267188 0.015625 0.015625
