0 0.637500 0.548438 0.015625 0.015625
0 0.109375 0.398438 0.015625 0.015625
0 0.759375 0.218750 0.015625 0.015625
0 0.560937 0.673438 0.015625 0.015625
0 0.939063 0.945312 0.015625 0.015625
0 0.110937 0.270313 0.015625 0.015625
0 0.185938 0.271875 0.015625 0.015625
0 0.568750 0.150000 0.015625 0.015625
0 0.342187 0.145313 0.015625 0.015625
0 0.493750 0.148438 0.015625 0.015625
0 0.637500 0.673438 0.015625 0.015625
0 0.940625 0.550000 0.015625 0.015625
0 0.265625 0.143750 0.015625 0.015625
0 0.715625 0.548438 0.015625 0.015625
0 0.517188 0.871875 0.015625 0.015625
0 0.371875 0.340625 0.015625 0.015625
0 0.221875 0.339062 0.015625 0.015625
0 0.562500 0.548438 0.015625 0.015625
0 0.684375 0.214062 0.015625 0.015625
0 0.415625 0.145313 0.015625 0.015625
0 0.445312 0.473438 0.015625 0.015625
0 0.368750 0.601562 0.015625 0.015625
0 0.832812 0.615625 0.015625 0.015625
0 0.528125 0.343750 0.015625 0.015625
0 0.867188 0.550000 0.015625 0.015625
0 0.715625 0.415625 0.015625 0.015625
0 0.520312 0.473438 0.015625 0.015625
0 0.821875 0.742188 0.015625 0.015625
0 0.145313 0.337500 0.015625 0.015625
0 0.557813 0.803125 0.015625 0.015625
0 0.370312 0.471875 0.015625 0.015625
0 0.537500 0.078125 0.015625 0.015625
0 0.457813 0.345313 0.015625 0.015625
0 0.328125 0.798438 0.015625 0.015625
0 0.442188 0.870313 0.015625 0.015625
0 0.292187 0.470313 0.015625 0.015625
0 0.907813 0.618750 0.015625 0.015625
0 0.220312 0.468750 0.015625 0.015625
0 0.750000 0.876563 0.015625 0.015625
0 0.143750 0.467187 0.015625 0.015625
0 0.712500 0.809375 0.015625 0.015625
0 0.673438 0.478125 0.015625 0.015625
0 0.523438 0.612500 0.015625 0.015625
0 0.000000 0.071875 0.015625 0.015625
0 0.642188 0.150000 0.015625 0.015625
0 0.182812 0.668750 0.015625 0.015625
0 0.601562 0.217188 0.015625 0.015625
0 0.598437 0.610938 0.015625 0.015625
0 0.565625 0.279687 0.015625 0.015625
0 0.187500 0.401562 0.015625 0.015625
0 0.595313 0.871875 0.015625 0.015625
0 0.295312 0.603125 0.015625 0.015625
0 0.367188 0.868750 0.015625 0.015625
0 0.075000 0.073438 0.015625 0.015625
0 0.596875 0.478125 0.015625 0.015625
0 0.834375 0.218750 0.015625 0.015625
0 0.457813 0.079687 0.015625 0.015625
0 0.482812 0.671875 0.015625 0.015625
0 0.942187 0.684375 0.015625 0.015625
0 0.750000 0.346875 0.015625 0.015625
0 0.217188 0.600000 0.015625 0.015625
0 0.487500 0.410938 0.015625 0.015625
0 0.445312 0.609375 0.015625 0.015625
0 0.256250 0.667188 0.015625 0.015625
0 0.746875 0.478125 0.015625 0.015625
0 0.673438 0.612500 0.015625 0.015625
0 0.192188 0.010937 0.015625 0.015625
0 0.825000 0.484375 0.015625 0.015625
0 0.489063 0.539062 0.015625 0.015625
0 0.182812 0.535937 0.015625 0.015625
0 0.640625 0.414062 0.015625 0.015625
0 0.675000 0.871875 0.015625 0.015625
0 0.718750 0.148438 0.015625 0.015625
0 0.593750 0.739062 0.015625 0.015625
0 0.864062 0.670312 0.015625 0.015625
0 0.400000 0.668750 0.015625 0.015625
0 0.367188 0.734375 0.015625 0.015625
0 0.790625 0.548438 0.015625 0.015625
0 0.187500 0.142187 0.015625 0.015625
0 0.482812 0.935937 0.015625 0.015625
0 0.298438 0.340625 0.015625 0.015625
0 0.670312 0.737500 0.015625 0.015625
0 0.865625 0.418750 0.015625 0.015625
0 0.443750 0.992188 0.015625 0.015625
0 0.039062 0.135937 0.015625 0.015625
0 0.260937 0.276562 0.015625 0.015625
0 0.865625 0.814063 0.015625 0.015625
0 0.332813 0.535937 0.015625 0.015625
0 0.981250 0.618750 0.015625 0.015625
0 0.040625 0.004687 0.015625 0.015625
0 0.409375 0.539062 0.015625 0.015625
0 0.785937 0.810937 0.015625 0.015625
0 0.957812 0.026562 0.015625 0.015625
0 0.567187 0.414062 0.015625 0.015625
0 0.685937 0.085938 0.015625 0.015625
0 0.792188 0.150000 0.015625 0.015625
0 0.823438 0.876563 0.015625 0.015625
0 0.990625 0.092188 0.015625 0.015625
0 0.748437 0.612500 0.015625 0.015625
0 0.785937 0.670312 0.015625 0.015625
0 0.865625 0.942187 0.015625 0.015625
0 0.398438 0.934375 0.015625 0.015625
0 0.990625 0.221875 0.015625 0.015625
0 0.903125 0.876563 0.015625 0.015625
0 0.439063 0.732812 0.015625 0.015625
0 0.514062 0.734375 0.015625 0.015625
0 0.287500 0.737500 0.015625 0.015625
0 0.020313 0.539062 0.015625 0.015625
0 0.064062 0.590625 0.015625 0.015625
0 0.023438 0.664062 0.015625 0.015625
0 0.059375 0.725000 0.015625 0.015625
0 0.096875 0.668750 0.015625 0.015625
0 0.135937 0.731250 0.015625 0.015625
0 0.181250 0.798438 0.015625 0.015625
0 0.215625 0.860938 0.015625 0.015625
0 0.132812 0.854688 0.015625 0.015625
0 0.103125 0.793750 0.015625 0.015625
0 0.035937 0.793750 0.015625 0.015625
0 0.075000 0.865625 0.015625 0.015625
0 0.014063 0.931250 0.015625 0.015625
0 0.053125 0.996875 0.015625 0.015625
0 0.093750 0.932813 0.015625 0.015625
0 0.170313 0.937500 0.015625 0.015625
0 0.198437 0.990625 0.015625 0.015625
0 0.251563 0.937500 0.015625 0.015625
0 0.909375 0.085938 0.015625 0.015625
0 0.984375 0.156250 0.015625 0.015625
