0 0.240625 0.068750 0.015625 0.015625
0 0.284375 0.004687 0.015625 0.015625
0 0.314063 0.200000 0.015625 0.015625
0 0.165625 0.070312 0.015625 0.015625
0 0.206250 0.003125 0.015625 0.015625
0 0.837500 0.342187 0.015625 0.015625
0 0.689063 0.071875 0.015625 0.015625
0 0.989062 0.214062 0.015625 0.015625
0 0.467187 0.071875 0.015625 0.015625
0 0.614062 0.070312 0.015625 0.015625
0 0.387500 0.201563 0.015625 0.015625
0 0.582812 0.004687 0.015625 0.015625
0 0.537500 0.337500 0.015625 0.015625
0 0.540625 0.070312 0.015625 0.015625
0 0.770312 0.073438 0.015625 0.015625
0 0.790625 0.798438 0.015625 0.015625
0 0.732812 0.142187 0.015625 0.015625
0 0.689063 0.210938 0.015625 0.015625
0 0.642188 0.801562 0.015625 0.015625
0 0.765625 0.204687 0.015625 0.015625
0 0.462500 0.201563 0.015625 0.015625
0 0.614062 0.209375 0.015625 0.015625
0 0.384375 0.332813 0.015625 0.015625
0 0.459375 0.335938 0.015625 0.015625
0 0.718750 0.801562 0.015625 0.015625
0 0.612500 0.337500 0.015625 0.015625
0 0.945312 0.668750 0.015625 0.015625
0 0.718750 0.668750 0.015625 0.015625
0 0.571875 0.398438 0.015625 0.015625
0 0.829688 0.996875 0.015625 0.015625
0 0.835938 0.726562 0.015625 0.015625
0 0.723437 0.409375 0.015625 0.015625
0 0.309375 0.337500 0.015625 0.015625
0 0.500000 0.137500 0.015625 0.015625
0 0.987500 0.865625 0.015625 0.015625
0 0.867188 0.929688 0.015625 0.015625
0 0.421875 0.400000 0.015625 0.015625
0 0.573438 0.135937 0.015625 0.015625
0 0.390625 0.068750 0.015625 0.015625
0 0.498437 0.400000 0.015625 0.015625
0 0.957812 0.146875 0.015625 0.015625
0 0.643750 0.528125 0.015625 0.015625
0 0.648438 0.143750 0.015625 0.015625
0 0.418750 0.268750 0.015625 0.015625
0 0.681250 0.470313 0.015625 0.015625
0 0.342187 0.398438 0.015625 0.015625
0 0.760938 0.470313 0.015625 0.015625
0 0.692187 0.600000 0.015625 0.015625
0 0.603125 0.470313 0.015625 0.015625
0 0.810937 0.014063 0.015625 0.015625
0 0.645312 0.404687 0.015625 0.015625
0 0.425000 0.135937 0.015625 0.015625
0 0.787500 0.932813 0.015625 0.015625
0 0.273438 0.132812 0.015625 0.015625
0 0.532813 0.470313 0.015625 0.015625
0 0.829688 0.867188 0.015625 0.015625
0 0.879687 0.142187 0.015625 0.015625
0 0.751563 0.737500 0.015625 0.015625
0 0.495312 0.268750 0.015625 0.015625
0 0.984375 0.604688 0.015625 0.015625
0 0.765625 0.340625 0.015625 0.015625
0 0.539062 0.204687 0.015625 0.015625
0 0.346875 0.132812 0.015625 0.015625
0 0.721875 0.534375 0.015625 0.015625
0 0.657813 0.006250 0.015625 0.015625
0 0.603125 0.596875 0.015625 0.015625
0 0.678125 0.734375 0.015625 0.015625
0 0.735938 0.010937 0.015625 0.015625
0 0.431250 0.004687 0.015625 0.015625
0 0.040625 0.003125 0.015625 0.015625
0 0.085938 0.065625 0.015625 0.015625
0 0.120313 0.134375 0.015625 0.015625
0 0.051562 0.134375 0.015625 0.015625
0 0.000000 0.204687 0.015625 0.015625
0 0.039062 0.264062 0.015625 0.015625
0 0.079687 0.207813 0.015625 0.015625
0 0.110937 0.260937 0.015625 0.015625
0 0.160938 0.193750 0.015625 0.015625
0 0.196875 0.264062 0.015625 0.015625
0 0.081250 0.320312 0.015625 0.015625
0 0.118750 0.396875 0.015625 0.015625
0 0.043750 0.392188 0.015625 0.015625
0 0.165625 0.331250 0.015625 0.015625
0 0.196875 0.396875 0.015625 0.015625
0 0.239063 0.340625 0.015625 0.015625
0 0.271875 0.395313 0.015625 0.015625
0 0.312500 0.460938 0.015625 0.015625
0 0.342187 0.526563 0.015625 0.015625
0 0.237500 0.456250 0.015625 0.015625
0 0.162500 0.473438 0.015625 0.015625
0 0.071875 0.448437 0.015625 0.015625
0 0.037500 0.535937 0.015625 0.015625
0 0.006250 0.454688 0.015625 0.015625
0 0.070312 0.596875 0.015625 0.015625
0 0.034375 0.664062 0.015625 0.015625
0 0.150000 0.595313 0.015625 0.015625
0 0.110937 0.664062 0.015625 0.015625
0 0.220312 0.598437 0.015625 0.015625
0 0.203125 0.665625 0.015625 0.015625
0 0.312500 0.592187 0.015625 0.015625
0 0.345313 0.664062 0.015625 0.015625
0 0.259375 0.665625 0.015625 0.015625
0 0.384375 0.593750 0.015625 0.015625
0 0.421875 0.673438 0.015625 0.015625
0 0.465625 0.734375 0.015625 0.015625
0 0.493750 0.785937 0.015625 0.015625
0 0.401562 0.790625 0.015625 0.015625
0 0.367188 0.731250 0.015625 0.015625
0 0.321875 0.782813 0.015625 0.015625
0 0.306250 0.734375 0.015625 0.015625
0 0.225000 0.732812 0.015625 0.015625
0 0.260937 0.798438 0.015625 0.015625
0 0.189062 0.790625 0.015625 0.015625
0 0.143750 0.726562 0.015625 0.015625
0 0.106250 0.798438 0.015625 0.015625
0 0.079687 0.726562 0.015625 0.015625
0 0.020313 0.793750 0.015625 0.015625
0 0.532813 0.993750 0.015625 0.015625
0 0.460938 0.992188 0.015625 0.015625
0 0.381250 0.992188 0.015625 0.015625
0 0.295312 0.985938 0.015625 0.015625
0 0.218750 0.993750 0.015625 0.015625
0 0.135937 0.981250 0.015625 0.015625
0 0.073438 0.985938 0.015625 0.015625
0 0.012500 0.985938 0.015625 0.015625
0 0.600000 0.993750 0.015625 0.015625
0 0.562500 0.920312 0.015625 0.015625
0 0.492188 0.928125 0.015625 0.015625
0 0.451562 0.864062 0.015625 0.015625
0 0.528125 0.859375 0.015625 0.015625
0 0.414062 0.918750 0.015625 0.015625
0 0.371875 0.857812 0.015625 0.015625
0 0.326562 0.926562 0.015625 0.015625
0 0.300000 0.860938 0.015625 0.015625
0 0.257812 0.918750 0.015625 0.015625
0 0.226562 0.859375 0.015625 0.015625
0 0.135937 0.859375 0.015625 0.015625
0 0.175000 0.926562 0.015625 0.015625
0 0.110937 0.921875 0.015625 0.015625
0 0.075000 0.856250 0.015625 0.015625
0 0.029687 0.918750 0.015625 0.015625
0 0.918750 0.076563 0.015625 0.015625
0 0.925000 0.206250 0.015625 0.015625
0 0.956250 0.275000 0.015625 0.015625
0 0.800000 0.153125 0.015625 0.015625
0 0.842187 0.210938 0.015625 0.015625
0 0.687500 0.339062 0.015625 0.015625
0 0.195312 0.134375 0.015625 0.015625
0 0.237500 0.210938 0.015625 0.015625
0 0.268750 0.268750 0.015625 0.015625
0 0.993750 0.343750 0.015625 0.015625
0 0.932813 0.935937 0.015625 0.015625
0 0.985938 0.998437 0.015625 0.015625
0 0.950000 0.803125 0.015625 0.015625
0 0.806250 0.665625 0.015625 0.015625
0 0.876563 0.665625 0.015625 0.015625
0 0.823438 0.598437 0.015625 0.015625
0 0.753125 0.601562 0.015625 0.015625
0 0.801562 0.532813 0.015625 0.015625
0 0.884375 0.534375 0.015625 0.015625
0 0.960938 0.537500 0.015625 0.015625
0 0.973437 0.468750 0.015625 0.015625
0 0.906250 0.465625 0.015625 0.015625
0 0.829688 0.468750 0.015625 0.015625
0 0.993750 0.507812 0.015625 0.015625
0 0.800000 0.398438 0.015625 0.015625
0 0.879687 0.406250 0.015625 0.015625
0 0.932813 0.409375 0.015625 0.015625
0 0.656250 0.268750 0.015625 0.015625
0 0.573438 0.270313 0.015625 0.015625
0 0.767188 0.309375 0.015625 0.015625
0 0.795312 0.275000 0.015625 0.015625
0 0.350000 0.267188 0.015625 0.015625
0 0.450000 0.464062 0.015625 0.015625
0 0.493750 0.532813 0.015625 0.015625
0 0.526563 0.601562 0.015625 0.015625
0 0.564063 0.665625 0.015625 0.015625
0 0.646875 0.671875 0.015625 0.015625
0 0.757812 0.873437 0.015625 0.015625
0 0.746875 0.989062 0.015625 0.015625
0 0.668750 0.982812 0.015625 0.015625
0 0.631250 0.920312 0.015625 0.015625
0 0.590625 0.857812 0.015625 0.015625
0 0.570312 0.807813 0.015625 0.015625
0 0.532813 0.726562 0.015625 0.015625
0 0.487500 0.654687 0.015625 0.015625
0 0.451562 0.595313 0.015625 0.015625
0 0.409375 0.525000 0.015625 0.015625
0 0.382812 0.460938 0.015625 0.015625
0 0.123438 0.525000 0.015625 0.015625
0 0.204687 0.523438 0.015625 0.015625
0 0.259375 0.528125 0.015625 0.015625
0 0.121875 0.003125 0.015625 0.015625
0 0.010937 0.065625 0.015625 0.015625
0 0.354687 0.006250 0.015625 0.015625
0 0.970313 0.010937 0.015625 0.015625
