0 0.951562 0.035937 0.015625 0.015625
0 0.987500 0.035937 0.015625 0.015625
0 0.926562 0.131250 0.015625 0.015625
0 0.925000 0.195312 0.015625 0.015625
0 0.962500 0.198437 0.015625 0.015625
0 0.982812 0.231250 0.015625 0.015625
0 0.934375 0.259375 0.015625 0.015625
0 0.970313 0.262500 0.015625 0.015625
0 0.906250 0.295312 0.015625 0.015625
0 0.945312 0.296875 0.015625 0.015625
0 0.960938 0.329688 0.015625 0.015625
0 0.943750 0.359375 0.015625 0.015625
0 0.981250 0.360938 0.015625 0.015625
0 0.998437 0.392188 0.015625 0.015625
0 0.960938 0.392188 0.015625 0.015625
0 0.923438 0.392188 0.015625 0.015625
0 0.942187 0.425000 0.015625 0.015625
0 0.981250 0.425000 0.015625 0.015625
0 0.898438 0.426563 0.015625 0.015625
0 0.996875 0.459375 0.015625 0.015625
0 0.960938 0.459375 0.015625 0.015625
0 0.925000 0.460938 0.015625 0.015625
0 0.920312 0.525000 0.015625 0.015625
0 0.960938 0.526563 0.015625 0.015625
0 0.996875 0.528125 0.015625 0.015625
0 0.940625 0.557813 0.015625 0.015625
0 0.978125 0.559375 0.015625 0.015625
0 0.959375 0.590625 0.015625 0.015625
0 0.921875 0.590625 0.015625 0.015625
0 0.998437 0.592187 0.015625 0.015625
0 0.978125 0.625000 0.015625 0.015625
0 0.939063 0.626563 0.015625 0.015625
0 0.959375 0.657813 0.015625 0.015625
0 0.996875 0.725000 0.015625 0.015625
0 0.971875 0.823438 0.015625 0.015625
0 0.951562 0.856250 0.015625 0.015625
0 0.934375 0.887500 0.015625 0.015625
0 0.975000 0.889062 0.015625 0.015625
0 0.996875 0.918750 0.015625 0.015625
0 0.973437 0.950000 0.015625 0.015625
0 0.935937 0.950000 0.015625 0.015625
0 0.951562 0.984375 0.015625 0.015625
0 0.990625 0.984375 0.015625 0.015625
0 0.981250 0.162500 0.015625 0.015625
0 0.987500 0.098437 0.015625 0.015625
0 0.945312 0.160938 0.015625 0.015625
0 0.907813 0.095312 0.015625 0.015625
0 0.928125 0.064062 0.015625 0.015625
0 0.967187 0.064062 0.015625 0.015625
0 0.914062 0.034375 0.015625 0.015625
0 0.979688 0.296875 0.015625 0.015625
0 0.976562 0.490625 0.015625 0.015625
0 0.942187 0.489063 0.015625 0.015625
0 0.987500 0.789062 0.015625 0.015625
0 0.948438 0.787500 0.015625 0.015625
0 0.926562 0.325000 0.015625 0.015625
0 0.976562 0.756250 0.015625 0.015625
0 0.940625 0.756250 0.015625 0.015625
