0 0.068750 0.000000 0.015625 0.015625
0 0.295312 0.001563 0.015625 0.015625
0 0.210938 0.003125 0.015625 0.015625
0 0.523438 0.004687 0.015625 0.015625
0 0.376563 0.004687 0.015625 0.015625
0 0.603125 0.007812 0.015625 0.015625
0 0.670312 0.009375 0.015625 0.015625
0 0.743750 0.014063 0.015625 0.015625
0 0.823438 0.015625 0.015625 0.015625
0 0.982812 0.021875 0.015625 0.015625
0 0.103125 0.060937 0.015625 0.015625
0 0.181250 0.064062 0.015625 0.015625
0 0.028125 0.064062 0.015625 0.015625
0 0.256250 0.067187 0.015625 0.015625
0 0.335938 0.068750 0.015625 0.015625
0 0.484375 0.070312 0.015625 0.015625
0 0.410938 0.071875 0.015625 0.015625
0 0.560937 0.073438 0.015625 0.015625
0 0.635938 0.075000 0.015625 0.015625
0 0.710938 0.076563 0.015625 0.015625
0 0.784375 0.081250 0.015625 0.015625
0 0.376563 0.134375 0.015625 0.015625
0 0.526563 0.135937 0.015625 0.015625
0 0.220312 0.135937 0.015625 0.015625
0 0.679688 0.137500 0.015625 0.015625
0 0.450000 0.139063 0.015625 0.015625
0 0.593750 0.139063 0.015625 0.015625
0 0.292187 0.139063 0.015625 0.015625
0 0.748437 0.140625 0.015625 0.015625
0 0.823438 0.142187 0.015625 0.015625
0 0.984375 0.150000 0.015625 0.015625
0 0.031250 0.198437 0.015625 0.015625
0 0.107813 0.198437 0.015625 0.015625
0 0.179688 0.201563 0.015625 0.015625
0 0.256250 0.201563 0.015625 0.015625
0 0.560937 0.203125 0.015625 0.015625
0 0.637500 0.204687 0.015625 0.015625
0 0.414062 0.204687 0.015625 0.015625
0 0.717187 0.206250 0.015625 0.015625
0 0.484375 0.209375 0.015625 0.015625
0 0.785937 0.214062 0.015625 0.015625
0 0.068750 0.250000 0.015625 0.015625
0 0.379688 0.256250 0.015625 0.015625
0 0.290625 0.260937 0.015625 0.015625
0 0.517188 0.262500 0.015625 0.015625
0 0.139063 0.262500 0.015625 0.015625
0 0.668750 0.265625 0.015625 0.015625
0 0.604688 0.265625 0.015625 0.015625
0 0.034375 0.307812 0.015625 0.015625
0 0.103125 0.318750 0.015625 0.015625
0 0.181250 0.328125 0.015625 0.015625
0 0.331250 0.331250 0.015625 0.015625
0 0.557813 0.334375 0.015625 0.015625
0 0.635938 0.339062 0.015625 0.015625
0 0.707812 0.342187 0.015625 0.015625
0 0.140625 0.389062 0.015625 0.015625
0 0.293750 0.392188 0.015625 0.015625
0 0.215625 0.395313 0.015625 0.015625
0 0.368750 0.400000 0.015625 0.015625
0 0.523438 0.400000 0.015625 0.015625
0 0.592187 0.400000 0.015625 0.015625
0 0.828125 0.403125 0.015625 0.015625
0 0.745313 0.406250 0.015625 0.015625
0 0.675000 0.412500 0.015625 0.015625
0 0.025000 0.451562 0.015625 0.015625
0 0.179688 0.460938 0.015625 0.015625
0 0.256250 0.460938 0.015625 0.015625
0 0.331250 0.464062 0.015625 0.015625
0 0.407813 0.467187 0.015625 0.015625
0 0.710938 0.470313 0.015625 0.015625
0 0.932813 0.470313 0.015625 0.015625
0 0.784375 0.471875 0.015625 0.015625
0 0.634375 0.471875 0.015625 0.015625
0 0.142187 0.526563 0.015625 0.015625
0 0.220312 0.528125 0.015625 0.015625
0 0.365625 0.528125 0.015625 0.015625
0 0.679688 0.532813 0.015625 0.015625
0 0.590625 0.534375 0.015625 0.015625
0 0.437500 0.534375 0.015625 0.015625
0 0.751563 0.539062 0.015625 0.015625
0 0.029687 0.585938 0.015625 0.015625
0 0.104688 0.587500 0.015625 0.015625
0 0.253125 0.595313 0.015625 0.015625
0 0.482812 0.595313 0.015625 0.015625
0 0.329688 0.595313 0.015625 0.015625
0 0.556250 0.598437 0.015625 0.015625
0 0.629687 0.598437 0.015625 0.015625
0 0.707812 0.600000 0.015625 0.015625
0 0.782813 0.600000 0.015625 0.015625
0 0.209375 0.643750 0.015625 0.015625
0 0.062500 0.656250 0.015625 0.015625
0 0.135937 0.659375 0.015625 0.015625
0 0.585938 0.660937 0.015625 0.015625
0 0.662500 0.662500 0.015625 0.015625
0 0.360938 0.665625 0.015625 0.015625
0 0.510938 0.665625 0.015625 0.015625
0 0.742188 0.667188 0.015625 0.015625
0 0.814063 0.668750 0.015625 0.015625
0 0.006250 0.698438 0.015625 0.015625
0 0.934375 0.735938 0.015625 0.015625
0 0.134375 0.776563 0.015625 0.015625
0 0.664062 0.787500 0.015625 0.015625
0 0.051562 0.789062 0.015625 0.015625
0 0.290625 0.789062 0.015625 0.015625
0 0.512500 0.795312 0.015625 0.015625
0 0.584375 0.795312 0.015625 0.015625
0 0.734375 0.795312 0.015625 0.015625
0 0.812500 0.796875 0.015625 0.015625
0 0.968750 0.803125 0.015625 0.015625
0 0.017188 0.851562 0.015625 0.015625
0 0.087500 0.853125 0.015625 0.015625
0 0.168750 0.853125 0.015625 0.015625
0 0.332813 0.854688 0.015625 0.015625
0 0.484375 0.856250 0.015625 0.015625
0 0.401562 0.859375 0.015625 0.015625
0 0.243750 0.860938 0.015625 0.015625
0 0.623437 0.862500 0.015625 0.015625
0 0.771875 0.865625 0.015625 0.015625
0 0.934375 0.871875 0.015625 0.015625
0 0.121875 0.921875 0.015625 0.015625
0 0.204687 0.925000 0.015625 0.015625
0 0.434375 0.925000 0.015625 0.015625
0 0.359375 0.925000 0.015625 0.015625
0 0.284375 0.926562 0.015625 0.015625
0 0.507812 0.931250 0.015625 0.015625
0 0.581250 0.934375 0.015625 0.015625
0 0.731250 0.937500 0.015625 0.015625
0 0.964063 0.939063 0.015625 0.015625
0 0.395313 0.990625 0.015625 0.015625
0 0.089063 0.990625 0.015625 0.015625
0 0.012500 0.990625 0.015625 0.015625
0 0.468750 0.992188 0.015625 0.015625
0 0.162500 0.993750 0.015625 0.015625
0 0.318750 0.996875 0.015625 0.015625
0 0.253125 0.990625 0.015625 0.015625
0 0.696875 0.987500 0.015625 0.015625
0 0.782813 0.937500 0.015625 0.015625
0 0.698438 0.867188 0.015625 0.015625
0 0.431250 0.782813 0.015625 0.015625
0 0.171875 0.717187 0.015625 0.015625
0 0.098437 0.723437 0.015625 0.015625
0 0.254688 0.728125 0.015625 0.015625
0 0.318750 0.723437 0.015625 0.015625
0 0.415625 0.721875 0.015625 0.015625
0 0.490625 0.725000 0.015625 0.015625
0 0.357812 0.789062 0.015625 0.015625
0 0.398438 0.604688 0.015625 0.015625
0 0.434375 0.662500 0.015625 0.015625
0 0.317188 0.667188 0.015625 0.015625
0 0.490625 0.457813 0.015625 0.015625
0 0.562500 0.464062 0.015625 0.015625
0 0.479687 0.331250 0.015625 0.015625
0 0.410938 0.326562 0.015625 0.015625
0 0.067187 0.134375 0.015625 0.015625
0 0.120313 0.134375 0.015625 0.015625
0 0.456250 0.010937 0.015625 0.015625
0 0.934375 0.081250 0.015625 0.015625
0 0.982812 0.417187 0.015625 0.015625
0 0.904687 0.412500 0.015625 0.015625
0 0.331250 0.206250 0.015625 0.015625
