0 0.668750 0.042188 0.015625 0.015625
0 0.114062 0.045312 0.015625 0.015625
0 0.189062 0.046875 0.015625 0.015625
0 0.573438 0.054688 0.015625 0.015625
0 0.500000 0.059375 0.015625 0.015625
0 0.978125 0.075000 0.015625 0.015625
0 0.014063 0.095312 0.015625 0.015625
0 0.425000 0.096875 0.015625 0.015625
0 0.092188 0.101562 0.015625 0.015625
0 0.171875 0.101562 0.015625 0.015625
0 0.225000 0.103125 0.015625 0.015625
0 0.318750 0.106250 0.015625 0.015625
0 0.531250 0.125000 0.015625 0.015625
0 0.607812 0.131250 0.015625 0.015625
0 0.696875 0.132812 0.015625 0.015625
0 0.039062 0.170313 0.015625 0.015625
0 0.457813 0.170313 0.015625 0.015625
0 0.110937 0.182812 0.015625 0.015625
0 0.264062 0.185938 0.015625 0.015625
0 0.562500 0.196875 0.015625 0.015625
0 0.184375 0.215625 0.015625 0.015625
0 0.493750 0.226562 0.015625 0.015625
0 0.689063 0.228125 0.015625 0.015625
0 0.631250 0.228125 0.015625 0.015625
0 0.012500 0.232813 0.015625 0.015625
0 0.387500 0.235937 0.015625 0.015625
0 0.767188 0.235937 0.015625 0.015625
0 0.306250 0.248438 0.015625 0.015625
0 0.226562 0.251563 0.015625 0.015625
0 0.912500 0.262500 0.015625 0.015625
0 0.090625 0.270313 0.015625 0.015625
0 0.146875 0.293750 0.015625 0.015625
0 0.825000 0.301563 0.015625 0.015625
0 0.025000 0.343750 0.015625 0.015625
0 0.332813 0.345313 0.015625 0.015625
0 0.257812 0.346875 0.015625 0.015625
0 0.110937 0.348438 0.015625 0.015625
0 0.182812 0.350000 0.015625 0.015625
0 0.687500 0.354687 0.015625 0.015625
0 0.418750 0.354687 0.015625 0.015625
0 0.757812 0.357812 0.015625 0.015625
0 0.920312 0.359375 0.015625 0.015625
0 0.593750 0.359375 0.015625 0.015625
0 0.848437 0.365625 0.015625 0.015625
0 0.664062 0.406250 0.015625 0.015625
0 0.034375 0.429688 0.015625 0.015625
0 0.337500 0.432812 0.015625 0.015625
0 0.253125 0.432812 0.015625 0.015625
0 0.870313 0.446875 0.015625 0.015625
0 0.565625 0.451562 0.015625 0.015625
0 0.414062 0.468750 0.015625 0.015625
0 0.104688 0.475000 0.015625 0.015625
0 0.489063 0.475000 0.015625 0.015625
0 0.667188 0.479687 0.015625 0.015625
0 0.351562 0.484375 0.015625 0.015625
0 0.226562 0.487500 0.015625 0.015625
0 0.059375 0.489063 0.015625 0.015625
0 0.289062 0.492188 0.015625 0.015625
0 0.762500 0.496875 0.015625 0.015625
0 0.834375 0.503125 0.015625 0.015625
0 0.906250 0.514062 0.015625 0.015625
0 0.604688 0.521875 0.015625 0.015625
0 0.085938 0.548438 0.015625 0.015625
0 0.164062 0.548438 0.015625 0.015625
0 0.529687 0.550000 0.015625 0.015625
0 0.029687 0.550000 0.015625 0.015625
0 0.254688 0.562500 0.015625 0.015625
0 0.789062 0.567187 0.015625 0.015625
0 0.332813 0.567187 0.015625 0.015625
0 0.646875 0.576562 0.015625 0.015625
0 0.112500 0.614062 0.015625 0.015625
0 0.057813 0.614062 0.015625 0.015625
0 0.421875 0.618750 0.015625 0.015625
0 0.592187 0.618750 0.015625 0.015625
0 0.300000 0.620313 0.015625 0.015625
0 0.196875 0.620313 0.015625 0.015625
0 0.746875 0.620313 0.015625 0.015625
0 0.854688 0.623437 0.015625 0.015625
0 0.975000 0.626563 0.015625 0.015625
0 0.351562 0.628125 0.015625 0.015625
0 0.528125 0.632812 0.015625 0.015625
0 0.462500 0.678125 0.015625 0.015625
0 0.918750 0.692187 0.015625 0.015625
0 0.556250 0.704688 0.015625 0.015625
0 0.273438 0.709375 0.015625 0.015625
0 0.710938 0.714063 0.015625 0.015625
0 0.139063 0.734375 0.015625 0.015625
0 0.342187 0.734375 0.015625 0.015625
0 0.031250 0.735938 0.015625 0.015625
0 0.214062 0.735938 0.015625 0.015625
0 0.782813 0.742188 0.015625 0.015625
0 0.432812 0.743750 0.015625 0.015625
0 0.523438 0.746875 0.015625 0.015625
0 0.871875 0.748437 0.015625 0.015625
0 0.381250 0.751563 0.015625 0.015625
0 0.632812 0.756250 0.015625 0.015625
0 0.950000 0.759375 0.015625 0.015625
0 0.070312 0.795312 0.015625 0.015625
0 0.210938 0.796875 0.015625 0.015625
0 0.290625 0.807813 0.015625 0.015625
0 0.353125 0.814063 0.015625 0.015625
0 0.440625 0.815625 0.015625 0.015625
0 0.604688 0.817187 0.015625 0.015625
0 0.526563 0.818750 0.015625 0.015625
0 0.892188 0.820312 0.015625 0.015625
0 0.982812 0.828125 0.015625 0.015625
0 0.785937 0.848437 0.015625 0.015625
0 0.054688 0.860938 0.015625 0.015625
0 0.696875 0.865625 0.015625 0.015625
0 0.126562 0.867188 0.015625 0.015625
0 0.256250 0.870313 0.015625 0.015625
0 0.184375 0.871875 0.015625 0.015625
0 0.473438 0.875000 0.015625 0.015625
0 0.629687 0.876563 0.015625 0.015625
0 0.393750 0.878125 0.015625 0.015625
0 0.851562 0.884375 0.015625 0.015625
0 0.929688 0.890625 0.015625 0.015625
0 0.821875 0.928125 0.015625 0.015625
0 0.731250 0.934375 0.015625 0.015625
0 0.050000 0.942187 0.015625 0.015625
0 0.262500 0.946875 0.015625 0.015625
0 0.467187 0.946875 0.015625 0.015625
0 0.384375 0.948438 0.015625 0.015625
0 0.595313 0.950000 0.015625 0.015625
