0 0.170313 0.009375 0.015625 0.015625
0 0.014063 0.012500 0.015625 0.015625
0 0.089063 0.014063 0.015625 0.015625
0 0.315625 0.020313 0.015625 0.015625
0 0.467187 0.021875 0.015625 0.015625
0 0.393750 0.021875 0.015625 0.015625
0 0.621875 0.023438 0.015625 0.015625
0 0.545312 0.025000 0.015625 0.015625
0 0.778125 0.031250 0.015625 0.015625
0 0.854688 0.032813 0.015625 0.015625
0 0.045312 0.084375 0.015625 0.015625
0 0.117188 0.085938 0.015625 0.015625
0 0.507812 0.087500 0.015625 0.015625
0 0.429688 0.089063 0.015625 0.015625
0 0.657813 0.090625 0.015625 0.015625
0 0.582812 0.092188 0.015625 0.015625
0 0.734375 0.092188 0.015625 0.015625
0 0.964063 0.093750 0.015625 0.015625
0 0.810937 0.096875 0.015625 0.015625
0 0.885938 0.096875 0.015625 0.015625
0 0.159375 0.148438 0.015625 0.015625
0 0.467187 0.156250 0.015625 0.015625
0 0.384375 0.156250 0.015625 0.015625
0 0.615625 0.159375 0.015625 0.015625
0 0.692187 0.159375 0.015625 0.015625
0 0.767188 0.160938 0.015625 0.015625
0 0.540625 0.160938 0.015625 0.015625
0 0.923438 0.165625 0.015625 0.015625
0 0.120313 0.206250 0.015625 0.015625
0 0.278125 0.209375 0.015625 0.015625
0 0.195312 0.212500 0.015625 0.015625
0 0.428125 0.217188 0.015625 0.015625
0 0.654687 0.220312 0.015625 0.015625
0 0.506250 0.221875 0.015625 0.015625
0 0.581250 0.221875 0.015625 0.015625
0 0.809375 0.223438 0.015625 0.015625
0 0.085938 0.273438 0.015625 0.015625
0 0.009375 0.275000 0.015625 0.015625
0 0.160938 0.275000 0.015625 0.015625
0 0.237500 0.276562 0.015625 0.015625
0 0.314063 0.282813 0.015625 0.015625
0 0.389062 0.282813 0.015625 0.015625
0 0.615625 0.285938 0.015625 0.015625
0 0.539062 0.287500 0.015625 0.015625
0 0.765625 0.289062 0.015625 0.015625
0 0.993750 0.290625 0.015625 0.015625
0 0.926562 0.292187 0.015625 0.015625
0 0.843750 0.296875 0.015625 0.015625
0 0.045312 0.345313 0.015625 0.015625
0 0.123438 0.348438 0.015625 0.015625
0 0.426563 0.348438 0.015625 0.015625
0 0.271875 0.351562 0.015625 0.015625
0 0.501563 0.353125 0.015625 0.015625
0 0.573438 0.356250 0.015625 0.015625
0 0.959375 0.357812 0.015625 0.015625
0 0.656250 0.357812 0.015625 0.015625
0 0.882812 0.359375 0.015625 0.015625
0 0.729688 0.360938 0.015625 0.015625
0 0.807813 0.362500 0.015625 0.015625
0 0.310937 0.409375 0.015625 0.015625
0 0.157812 0.410938 0.015625 0.015625
0 0.240625 0.410938 0.015625 0.015625
0 0.384375 0.412500 0.015625 0.015625
0 0.082812 0.412500 0.015625 0.015625
0 0.459375 0.417187 0.015625 0.015625
0 0.532813 0.418750 0.015625 0.015625
0 0.692187 0.418750 0.015625 0.015625
0 0.614062 0.420312 0.015625 0.015625
0 0.764062 0.421875 0.015625 0.015625
0 0.920312 0.421875 0.015625 0.015625
0 0.993750 0.423438 0.015625 0.015625
0 0.843750 0.423438 0.015625 0.015625
0 0.110937 0.475000 0.015625 0.015625
0 0.187500 0.476562 0.015625 0.015625
0 0.425000 0.482812 0.015625 0.015625
0 0.571875 0.482812 0.015625 0.015625
0 0.954688 0.487500 0.015625 0.015625
0 0.879687 0.489063 0.015625 0.015625
0 0.800000 0.490625 0.015625 0.015625
0 0.081250 0.537500 0.015625 0.015625
0 0.231250 0.539062 0.015625 0.015625
0 0.154688 0.539062 0.015625 0.015625
0 0.457813 0.540625 0.015625 0.015625
0 0.306250 0.542188 0.015625 0.015625
0 0.612500 0.545312 0.015625 0.015625
0 0.535937 0.546875 0.015625 0.015625
0 0.689063 0.551562 0.015625 0.015625
0 0.762500 0.556250 0.015625 0.015625
0 0.834375 0.557813 0.015625 0.015625
0 0.915625 0.557813 0.015625 0.015625
0 0.037500 0.596875 0.015625 0.015625
0 0.114062 0.600000 0.015625 0.015625
0 0.267188 0.601562 0.015625 0.015625
0 0.187500 0.604688 0.015625 0.015625
0 0.418750 0.606250 0.015625 0.015625
0 0.493750 0.607812 0.015625 0.015625
0 0.337500 0.609375 0.015625 0.015625
0 0.573438 0.610938 0.015625 0.015625
0 0.967187 0.654687 0.015625 0.015625
0 0.084375 0.662500 0.015625 0.015625
0 0.235937 0.664062 0.015625 0.015625
0 0.379688 0.671875 0.015625 0.015625
0 0.304688 0.671875 0.015625 0.015625
0 0.456250 0.675000 0.015625 0.015625
0 0.531250 0.676562 0.015625 0.015625
0 0.757812 0.682813 0.015625 0.015625
0 0.832812 0.684375 0.015625 0.015625
0 0.339062 0.737500 0.015625 0.015625
0 0.490625 0.739062 0.015625 0.015625
0 0.259375 0.739062 0.015625 0.015625
0 0.064062 0.743750 0.015625 0.015625
0 0.867188 0.750000 0.015625 0.015625
0 0.939063 0.756250 0.015625 0.015625
0 0.523438 0.801562 0.015625 0.015625
0 0.220312 0.801562 0.015625 0.015625
0 0.609375 0.803125 0.015625 0.015625
0 0.301563 0.807813 0.015625 0.015625
0 0.681250 0.809375 0.015625 0.015625
0 0.831250 0.814063 0.015625 0.015625
0 0.906250 0.817187 0.015625 0.015625
0 0.982812 0.817187 0.015625 0.015625
0 0.109375 0.860938 0.015625 0.015625
0 0.189062 0.870313 0.015625 0.015625
0 0.560937 0.873437 0.015625 0.015625
0 0.334375 0.875000 0.015625 0.015625
0 0.712500 0.875000 0.015625 0.015625
0 0.639062 0.876563 0.015625 0.015625
0 0.785937 0.882812 0.015625 0.015625
0 0.939063 0.882812 0.015625 0.015625
0 0.229687 0.932813 0.015625 0.015625
0 0.150000 0.934375 0.015625 0.015625
0 0.526563 0.935937 0.015625 0.015625
0 0.376563 0.937500 0.015625 0.015625
0 0.678125 0.942187 0.015625 0.015625
0 0.826562 0.943750 0.015625 0.015625
0 0.903125 0.946875 0.015625 0.015625
0 0.035937 0.992188 0.015625 0.015625
0 0.106250 0.992188 0.015625 0.015625
0 0.412500 0.995313 0.015625 0.015625
0 0.184375 0.996875 0.015625 0.015625
0 0.259375 0.996875 0.015625 0.015625
0 0.201563 0.089063 0.015625 0.015625
0 0.243750 0.142187 0.015625 0.015625
0 0.270313 0.078125 0.015625 0.015625
0 0.243750 0.017188 0.015625 0.015625
0 0.087500 0.140625 0.015625 0.015625
0 0.017188 0.153125 0.015625 0.015625
0 0.037500 0.221875 0.015625 0.015625
0 0.007812 0.417187 0.015625 0.015625
0 0.037500 0.470313 0.015625 0.015625
0 0.195312 0.357812 0.015625 0.015625
0 0.723437 0.485938 0.015625 0.015625
0 0.726562 0.615625 0.015625 0.015625
0 0.806250 0.620313 0.015625 0.015625
0 0.870313 0.625000 0.015625 0.015625
0 0.951562 0.625000 0.015625 0.015625
0 0.679688 0.679688 0.015625 0.015625
0 0.642188 0.612500 0.015625 0.015625
0 0.412500 0.753125 0.015625 0.015625
0 0.081250 0.798438 0.015625 0.015625
0 0.001563 0.789062 0.015625 0.015625
0 0.078125 0.929688 0.015625 0.015625
0 0.957812 0.225000 0.015625 0.015625
0 0.881250 0.225000 0.015625 0.015625
0 0.693750 0.289062 0.015625 0.015625
0 0.450000 0.287500 0.015625 0.015625
0 0.654687 0.492188 0.015625 0.015625
0 0.356250 0.479687 0.015625 0.015625
0 0.384375 0.553125 0.015625 0.015625
0 0.346875 0.335938 0.015625 0.015625
0 0.337500 0.220312 0.015625 0.015625
0 0.351562 0.084375 0.015625 0.015625
0 0.914062 0.681250 0.015625 0.015625
0 0.993750 0.685937 0.015625 0.015625
0 0.795312 0.742188 0.015625 0.015625
0 0.710938 0.745313 0.015625 0.015625
0 0.632812 0.743750 0.015625 0.015625
0 0.570312 0.737500 0.015625 0.015625
0 0.596875 0.678125 0.015625 0.015625
0 0.437500 0.807813 0.015625 0.015625
0 0.367188 0.803125 0.015625 0.015625
0 0.264062 0.870313 0.015625 0.015625
0 0.300000 0.928125 0.015625 0.015625
0 0.443750 0.935937 0.015625 0.015625
0 0.764062 0.940625 0.015625 0.015625
0 0.860938 0.884375 0.015625 0.015625
