0 0.076563 0.048438 0.015625 0.015625
0 0.157812 0.048438 0.015625 0.015625
0 0.225000 0.054688 0.015625 0.015625
0 0.379688 0.054688 0.015625 0.015625
0 0.309375 0.054688 0.015625 0.015625
0 0.604688 0.057813 0.015625 0.015625
0 0.531250 0.059375 0.015625 0.015625
0 0.909375 0.060937 0.015625 0.015625
0 0.754687 0.065625 0.015625 0.015625
0 0.989062 0.070312 0.015625 0.015625
0 0.039062 0.112500 0.015625 0.015625
0 0.114062 0.114062 0.015625 0.015625
0 0.342187 0.115625 0.015625 0.015625
0 0.490625 0.117188 0.015625 0.015625
0 0.185938 0.117188 0.015625 0.015625
0 0.262500 0.120313 0.015625 0.015625
0 0.643750 0.121875 0.015625 0.015625
0 0.790625 0.128125 0.015625 0.015625
0 0.950000 0.134375 0.015625 0.015625
0 0.067187 0.178125 0.015625 0.015625
0 0.454688 0.179688 0.015625 0.015625
0 0.529687 0.185938 0.015625 0.015625
0 0.606250 0.185938 0.015625 0.015625
0 0.679688 0.187500 0.015625 0.015625
0 0.835938 0.192188 0.015625 0.015625
0 0.906250 0.192188 0.015625 0.015625
0 0.984375 0.196875 0.015625 0.015625
0 0.339062 0.243750 0.015625 0.015625
0 0.260937 0.243750 0.015625 0.015625
0 0.107813 0.243750 0.015625 0.015625
0 0.031250 0.243750 0.015625 0.015625
0 0.184375 0.245312 0.015625 0.015625
0 0.417187 0.245312 0.015625 0.015625
0 0.568750 0.251563 0.015625 0.015625
0 0.645312 0.253125 0.015625 0.015625
0 0.723437 0.254688 0.015625 0.015625
0 0.954688 0.264062 0.015625 0.015625
0 0.868750 0.265625 0.015625 0.015625
0 0.142187 0.304688 0.015625 0.015625
0 0.067187 0.307812 0.015625 0.015625
0 0.228125 0.307812 0.015625 0.015625
0 0.379688 0.310937 0.015625 0.015625
0 0.306250 0.312500 0.015625 0.015625
0 0.453125 0.318750 0.015625 0.015625
0 0.609375 0.320312 0.015625 0.015625
0 0.762500 0.323437 0.015625 0.015625
0 0.981250 0.332813 0.015625 0.015625
0 0.912500 0.332813 0.015625 0.015625
0 0.184375 0.375000 0.015625 0.015625
0 0.107813 0.375000 0.015625 0.015625
0 0.031250 0.375000 0.015625 0.015625
0 0.260937 0.376563 0.015625 0.015625
0 0.492188 0.385937 0.015625 0.015625
0 0.567187 0.392188 0.015625 0.015625
0 0.650000 0.392188 0.015625 0.015625
0 0.796875 0.395313 0.015625 0.015625
0 0.220312 0.439063 0.015625 0.015625
0 0.143750 0.440625 0.015625 0.015625
0 0.456250 0.450000 0.015625 0.015625
0 0.532813 0.450000 0.015625 0.015625
0 0.759375 0.457813 0.015625 0.015625
0 0.981250 0.457813 0.015625 0.015625
0 0.834375 0.459375 0.015625 0.015625
0 0.029687 0.501563 0.015625 0.015625
0 0.260937 0.506250 0.015625 0.015625
0 0.185938 0.507812 0.015625 0.015625
0 0.340625 0.510938 0.015625 0.015625
0 0.420312 0.512500 0.015625 0.015625
0 0.493750 0.517188 0.015625 0.015625
0 0.643750 0.517188 0.015625 0.015625
0 0.718750 0.521875 0.015625 0.015625
0 0.800000 0.523438 0.015625 0.015625
0 0.875000 0.523438 0.015625 0.015625
0 0.606250 0.576562 0.015625 0.015625
0 0.529687 0.584375 0.015625 0.015625
0 0.829688 0.592187 0.015625 0.015625
0 0.029687 0.635938 0.015625 0.015625
0 0.179688 0.637500 0.015625 0.015625
0 0.104688 0.637500 0.015625 0.015625
0 0.406250 0.642188 0.015625 0.015625
0 0.257812 0.642188 0.015625 0.015625
0 0.331250 0.643750 0.015625 0.015625
0 0.482812 0.646875 0.015625 0.015625
0 0.557813 0.650000 0.015625 0.015625
0 0.064062 0.701562 0.015625 0.015625
0 0.365625 0.704688 0.015625 0.015625
0 0.137500 0.706250 0.015625 0.015625
0 0.212500 0.707812 0.015625 0.015625
0 0.515625 0.710938 0.015625 0.015625
0 0.667188 0.712500 0.015625 0.015625
0 0.439063 0.712500 0.015625 0.015625
0 0.592187 0.714063 0.015625 0.015625
0 0.818750 0.720313 0.015625 0.015625
0 0.028125 0.768750 0.015625 0.015625
0 0.329688 0.773438 0.015625 0.015625
0 0.175000 0.775000 0.015625 0.015625
0 0.253125 0.775000 0.015625 0.015625
0 0.406250 0.775000 0.015625 0.015625
0 0.479687 0.776563 0.015625 0.015625
0 0.706250 0.781250 0.015625 0.015625
0 0.781250 0.784375 0.015625 0.015625
0 0.934375 0.787500 0.015625 0.015625
0 0.439063 0.837500 0.015625 0.015625
0 0.134375 0.837500 0.015625 0.015625
0 0.510938 0.840625 0.015625 0.015625
0 0.671875 0.845313 0.015625 0.015625
0 0.585938 0.845313 0.015625 0.015625
0 0.215625 0.846875 0.015625 0.015625
0 0.742188 0.850000 0.015625 0.015625
0 0.978125 0.854688 0.015625 0.015625
0 0.471875 0.900000 0.015625 0.015625
0 0.621875 0.903125 0.015625 0.015625
0 0.320312 0.903125 0.015625 0.015625
0 0.707812 0.907813 0.015625 0.015625
0 0.782813 0.910937 0.015625 0.015625
0 0.860938 0.917188 0.015625 0.015625
0 0.937500 0.920312 0.015625 0.015625
0 0.054688 0.960938 0.015625 0.015625
0 0.134375 0.965625 0.015625 0.015625
0 0.285938 0.970313 0.015625 0.015625
0 0.434375 0.971875 0.015625 0.015625
0 0.662500 0.971875 0.015625 0.015625
0 0.818750 0.975000 0.015625 0.015625
0 0.735938 0.982812 0.015625 0.015625
0 0.064062 0.576562 0.015625 0.015625
0 0.070312 0.439063 0.015625 0.015625
0 0.107813 0.503125 0.015625 0.015625
0 0.310937 0.439063 0.015625 0.015625
0 0.379688 0.443750 0.015625 0.015625
0 0.339062 0.378125 0.015625 0.015625
0 0.418750 0.381250 0.015625 0.015625
0 0.542188 0.312500 0.015625 0.015625
0 0.684375 0.323437 0.015625 0.015625
0 0.723437 0.398438 0.015625 0.015625
0 0.670312 0.451562 0.015625 0.015625
0 0.601562 0.456250 0.015625 0.015625
0 0.579688 0.517188 0.015625 0.015625
0 0.456250 0.576562 0.015625 0.015625
0 0.370312 0.576562 0.015625 0.015625
0 0.296875 0.581250 0.015625 0.015625
0 0.218750 0.578125 0.015625 0.015625
0 0.142187 0.573438 0.015625 0.015625
0 0.767188 0.589063 0.015625 0.015625
0 0.900000 0.590625 0.015625 0.015625
0 0.793750 0.650000 0.015625 0.015625
0 0.862500 0.646875 0.015625 0.015625
0 0.939063 0.654687 0.015625 0.015625
0 0.634375 0.642188 0.015625 0.015625
0 0.673438 0.578125 0.015625 0.015625
0 0.971875 0.720313 0.015625 0.015625
0 0.554688 0.775000 0.015625 0.015625
0 0.640625 0.781250 0.015625 0.015625
0 0.829688 0.848437 0.015625 0.015625
0 0.895312 0.853125 0.015625 0.015625
0 0.543750 0.906250 0.015625 0.015625
0 0.584375 0.971875 0.015625 0.015625
0 0.507812 0.976562 0.015625 0.015625
0 0.970313 0.984375 0.015625 0.015625
0 0.892188 0.975000 0.015625 0.015625
0 0.915625 0.953125 0.015625 0.015625
0 0.712500 0.000000 0.015625 0.015625
0 0.878125 0.129688 0.015625 0.015625
0 0.807813 0.262500 0.015625 0.015625
0 0.843750 0.317188 0.015625 0.015625
0 0.881250 0.393750 0.015625 0.015625
0 0.375000 0.178125 0.015625 0.015625
0 0.296875 0.184375 0.015625 0.015625
0 0.215625 0.178125 0.015625 0.015625
0 0.143750 0.179688 0.015625 0.015625
0 0.420312 0.114062 0.015625 0.015625
0 0.453125 0.053125 0.015625 0.015625
