0 0.426563 0.323437 0.015625 0.015625
0 0.525000 0.225000 0.015625 0.015625
0 0.164062 0.185938 0.015625 0.015625
0 0.240625 0.059375 0.015625 0.015625
0 0.656250 0.260937 0.015625 0.015625
0 0.087500 0.384375 0.015625 0.015625
0 0.464062 0.192188 0.015625 0.015625
0 0.690625 0.395313 0.015625 0.015625
0 0.601562 0.096875 0.015625 0.015625
0 0.464062 0.325000 0.015625 0.015625
0 0.673438 0.296875 0.015625 0.015625
0 0.542188 0.192188 0.015625 0.015625
0 0.564063 0.223438 0.015625 0.015625
0 0.526563 0.095312 0.015625 0.015625
0 0.640625 0.096875 0.015625 0.015625
0 0.539062 0.325000 0.015625 0.015625
0 0.601562 0.032813 0.015625 0.015625
0 0.637500 0.226562 0.015625 0.015625
0 0.526563 0.032813 0.015625 0.015625
0 0.678125 0.034375 0.015625 0.015625
0 0.392188 0.059375 0.015625 0.015625
0 0.714063 0.225000 0.015625 0.015625
0 0.278125 0.057813 0.015625 0.015625
0 0.634375 0.295312 0.015625 0.015625
0 0.201563 0.385937 0.015625 0.015625
0 0.696875 0.131250 0.015625 0.015625
0 0.676562 0.096875 0.015625 0.015625
0 0.710938 0.360938 0.015625 0.015625
0 0.617188 0.259375 0.015625 0.015625
0 0.204687 0.059375 0.015625 0.015625
0 0.581250 0.193750 0.015625 0.015625
0 0.451562 0.159375 0.015625 0.015625
0 0.540625 0.257812 0.015625 0.015625
0 0.487500 0.223438 0.015625 0.015625
0 0.578125 0.259375 0.015625 0.015625
0 0.562500 0.095312 0.015625 0.015625
0 0.693750 0.260937 0.015625 0.015625
0 0.714063 0.162500 0.015625 0.015625
0 0.448437 0.225000 0.015625 0.015625
0 0.201563 0.185938 0.015625 0.015625
0 0.584375 0.062500 0.015625 0.015625
0 0.710938 0.296875 0.015625 0.015625
0 0.148438 0.087500 0.015625 0.015625
0 0.187500 0.089063 0.015625 0.015625
0 0.489063 0.095312 0.015625 0.015625
0 0.126562 0.121875 0.015625 0.015625
0 0.014063 0.184375 0.015625 0.015625
0 0.618750 0.129688 0.015625 0.015625
0 0.640625 0.160938 0.015625 0.015625
0 0.485938 0.159375 0.015625 0.015625
0 0.128125 0.057813 0.015625 0.015625
0 0.223438 0.089063 0.015625 0.015625
0 0.620313 0.193750 0.015625 0.015625
0 0.371875 0.157812 0.015625 0.015625
0 0.175000 0.123438 0.015625 0.015625
0 0.389062 0.321875 0.015625 0.015625
0 0.317188 0.384375 0.015625 0.015625
0 0.479687 0.293750 0.015625 0.015625
0 0.010937 0.248438 0.015625 0.015625
0 0.501563 0.259375 0.015625 0.015625
0 0.146875 0.218750 0.015625 0.015625
0 0.428125 0.192188 0.015625 0.015625
0 0.353125 0.059375 0.015625 0.015625
0 0.676562 0.229687 0.015625 0.015625
0 0.728125 0.260937 0.015625 0.015625
0 0.110937 0.023438 0.015625 0.015625
0 0.396875 0.125000 0.015625 0.015625
0 0.659375 0.193750 0.015625 0.015625
0 0.201563 0.251563 0.015625 0.015625
0 0.260937 0.025000 0.015625 0.015625
0 0.564063 0.160938 0.015625 0.015625
0 0.598437 0.223438 0.015625 0.015625
0 0.678125 0.162500 0.015625 0.015625
0 0.620313 0.065625 0.015625 0.015625
0 0.223438 0.026562 0.015625 0.015625
0 0.510938 0.060937 0.015625 0.015625
0 0.731250 0.329688 0.015625 0.015625
0 0.651563 0.329688 0.015625 0.015625
0 0.125000 0.251563 0.015625 0.015625
0 0.295312 0.093750 0.015625 0.015625
0 0.501563 0.323437 0.015625 0.015625
0 0.273438 0.320312 0.015625 0.015625
0 0.150000 0.026562 0.015625 0.015625
0 0.676562 0.359375 0.015625 0.015625
0 0.696875 0.195312 0.015625 0.015625
0 0.729688 0.395313 0.015625 0.015625
0 0.728125 0.193750 0.015625 0.015625
0 0.159375 0.381250 0.015625 0.015625
0 0.404687 0.420312 0.015625 0.015625
0 0.715625 0.096875 0.015625 0.015625
0 0.600000 0.159375 0.015625 0.015625
0 0.581250 0.325000 0.015625 0.015625
0 0.312500 0.320312 0.015625 0.015625
0 0.126562 0.381250 0.015625 0.015625
0 0.104688 0.156250 0.015625 0.015625
0 0.443750 0.293750 0.015625 0.015625
0 0.596875 0.292187 0.015625 0.015625
0 0.067187 0.084375 0.015625 0.015625
0 0.167187 0.057813 0.015625 0.015625
0 0.290625 0.220312 0.015625 0.015625
0 0.371875 0.090625 0.015625 0.015625
0 0.840625 0.398438 0.015625 0.015625
0 0.750000 0.296875 0.015625 0.015625
0 0.823438 0.357812 0.015625 0.015625
0 0.767188 0.329688 0.015625 0.015625
0 0.993750 0.200000 0.015625 0.015625
0 0.787500 0.298438 0.015625 0.015625
0 0.825000 0.298438 0.015625 0.015625
0 0.804688 0.396875 0.015625 0.015625
0 0.879687 0.331250 0.015625 0.015625
0 0.860938 0.362500 0.015625 0.015625
0 0.879687 0.396875 0.015625 0.015625
0 0.976562 0.234375 0.015625 0.015625
0 0.979688 0.103125 0.015625 0.015625
0 0.790625 0.164062 0.015625 0.015625
0 0.804688 0.331250 0.015625 0.015625
0 0.887500 0.000000 0.015625 0.015625
0 0.959375 0.134375 0.015625 0.015625
0 0.490625 0.032813 0.015625 0.015625
0 0.940625 0.101562 0.015625 0.015625
0 0.864062 0.298438 0.015625 0.015625
0 0.753125 0.164062 0.015625 0.015625
0 0.750000 0.428125 0.015625 0.015625
0 0.785937 0.429688 0.015625 0.015625
0 0.843750 0.331250 0.015625 0.015625
0 0.767188 0.262500 0.015625 0.015625
0 0.767188 0.395313 0.015625 0.015625
0 0.735938 0.129688 0.015625 0.015625
0 0.750000 0.364063 0.015625 0.015625
0 0.960938 0.068750 0.015625 0.015625
0 0.587500 0.950000 0.015625 0.015625
0 0.037500 0.776563 0.015625 0.015625
0 0.000000 0.775000 0.015625 0.015625
0 0.100000 0.610938 0.015625 0.015625
0 0.350000 0.450000 0.015625 0.015625
0 0.323437 0.879687 0.015625 0.015625
0 0.378125 0.973437 0.015625 0.015625
0 0.454688 0.651563 0.015625 0.015625
0 0.229687 0.646875 0.015625 0.015625
0 0.115625 0.646875 0.015625 0.015625
0 0.606250 0.982812 0.015625 0.015625
0 0.325000 0.746875 0.015625 0.015625
0 0.717187 0.985938 0.015625 0.015625
0 0.267188 0.648438 0.015625 0.015625
0 0.023438 0.546875 0.015625 0.015625
0 0.248438 0.881250 0.015625 0.015625
0 0.151562 0.712500 0.015625 0.015625
0 0.375000 0.912500 0.015625 0.015625
0 0.185938 0.973437 0.015625 0.015625
0 0.339062 0.912500 0.015625 0.015625
0 0.051562 0.939063 0.015625 0.015625
0 0.015625 0.939063 0.015625 0.015625
0 0.209375 0.812500 0.015625 0.015625
0 0.285938 0.876563 0.015625 0.015625
0 0.146875 0.973437 0.015625 0.015625
0 0.379688 0.525000 0.015625 0.015625
0 0.414062 0.912500 0.015625 0.015625
0 0.154688 0.646875 0.015625 0.015625
0 0.107813 0.973437 0.015625 0.015625
0 0.339062 0.975000 0.015625 0.015625
0 0.068750 0.971875 0.015625 0.015625
0 0.625000 0.950000 0.015625 0.015625
0 0.264062 0.910937 0.015625 0.015625
0 0.376563 0.846875 0.015625 0.015625
0 0.243750 0.812500 0.015625 0.015625
0 0.304688 0.712500 0.015625 0.015625
0 0.110937 0.906250 0.015625 0.015625
0 0.017188 0.809375 0.015625 0.015625
0 0.304688 0.650000 0.015625 0.015625
0 0.401562 0.814063 0.015625 0.015625
0 0.212500 0.615625 0.015625 0.015625
0 0.359375 0.879687 0.015625 0.015625
0 0.187500 0.775000 0.015625 0.015625
0 0.089063 0.939063 0.015625 0.015625
0 0.248438 0.746875 0.015625 0.015625
0 0.054688 0.809375 0.015625 0.015625
0 0.031250 0.904687 0.015625 0.015625
0 0.031250 0.971875 0.015625 0.015625
0 0.129688 0.875000 0.015625 0.015625
0 0.128125 0.940625 0.015625 0.015625
0 0.226562 0.843750 0.015625 0.015625
0 0.248438 0.617188 0.015625 0.015625
0 0.035937 0.709375 0.015625 0.015625
0 0.173437 0.614062 0.015625 0.015625
0 0.135937 0.614062 0.015625 0.015625
0 0.192188 0.646875 0.015625 0.015625
0 0.396875 0.879687 0.015625 0.015625
0 0.192188 0.714063 0.015625 0.015625
0 0.223438 0.975000 0.015625 0.015625
0 0.068750 0.904687 0.015625 0.015625
0 0.323437 0.810937 0.015625 0.015625
0 0.167187 0.939063 0.015625 0.015625
0 0.287500 0.618750 0.015625 0.015625
0 0.150000 0.906250 0.015625 0.015625
0 0.054688 0.743750 0.015625 0.015625
0 0.001563 0.709375 0.015625 0.015625
0 0.360938 0.746875 0.015625 0.015625
0 0.301563 0.975000 0.015625 0.015625
0 0.231250 0.712500 0.015625 0.015625
0 0.437500 0.814063 0.015625 0.015625
0 0.326562 0.556250 0.015625 0.015625
0 0.640625 0.981250 0.015625 0.015625
0 0.090625 0.873437 0.015625 0.015625
0 0.017188 0.679688 0.015625 0.015625
0 0.321875 0.618750 0.015625 0.015625
0 0.678125 0.982812 0.015625 0.015625
0 0.153125 0.582812 0.015625 0.015625
0 0.059375 0.610938 0.015625 0.015625
0 0.339062 0.846875 0.015625 0.015625
0 0.754687 0.985938 0.015625 0.015625
0 0.829688 0.987500 0.015625 0.015625
0 0.909375 0.987500 0.015625 0.015625
0 0.793750 0.985938 0.015625 0.015625
0 0.889062 0.723437 0.015625 0.015625
0 0.953125 0.462500 0.015625 0.015625
0 0.851562 0.954688 0.015625 0.015625
0 0.870313 0.921875 0.015625 0.015625
0 0.776563 0.951562 0.015625 0.015625
0 0.868750 0.987500 0.015625 0.015625
0 0.989062 0.923438 0.015625 0.015625
0 0.898438 0.432812 0.015625 0.015625
0 0.814063 0.954688 0.015625 0.015625
0 0.917188 0.462500 0.015625 0.015625
0 0.946875 0.987500 0.015625 0.015625
0 0.739062 0.818750 0.015625 0.015625
0 0.925000 0.723437 0.015625 0.015625
0 0.892188 0.889062 0.015625 0.015625
0 0.945312 0.925000 0.015625 0.015625
0 0.834375 0.921875 0.015625 0.015625
0 0.987500 0.987500 0.015625 0.015625
0 0.673438 0.426563 0.015625 0.015625
0 0.806250 0.262500 0.015625 0.015625
0 0.967187 0.956250 0.015625 0.015625
0 0.739062 0.951562 0.015625 0.015625
0 0.721875 0.789062 0.015625 0.015625
0 0.950000 0.596875 0.015625 0.015625
0 0.567187 0.982812 0.015625 0.015625
0 0.787500 0.225000 0.015625 0.015625
0 0.851562 0.887500 0.015625 0.015625
0 0.689063 0.329688 0.015625 0.015625
0 0.492188 0.782813 0.015625 0.015625
0 0.939063 0.232813 0.015625 0.015625
0 0.701562 0.953125 0.015625 0.015625
0 0.985938 0.037500 0.015625 0.015625
0 0.945312 0.034375 0.015625 0.015625
0 0.910937 0.037500 0.015625 0.015625
0 0.920312 0.065625 0.015625 0.015625
0 0.979688 0.168750 0.015625 0.015625
0 0.939063 0.165625 0.015625 0.015625
0 0.957812 0.203125 0.015625 0.015625
0 0.918750 0.200000 0.015625 0.015625
0 0.900000 0.168750 0.015625 0.015625
0 0.957812 0.264062 0.015625 0.015625
0 0.995313 0.270313 0.015625 0.015625
0 0.003125 0.842187 0.015625 0.015625
0 0.032813 0.840625 0.015625 0.015625
0 0.079687 0.778125 0.015625 0.015625
0 0.095312 0.810937 0.015625 0.015625
0 0.112500 0.834375 0.015625 0.015625
0 0.051562 0.873437 0.015625 0.015625
0 0.012500 0.868750 0.015625 0.015625
0 0.678125 0.917188 0.015625 0.015625
0 0.720313 0.921875 0.015625 0.015625
0 0.928125 0.889062 0.015625 0.015625
0 0.965625 0.893750 0.015625 0.015625
0 0.889062 0.953125 0.015625 0.015625
0 0.931250 0.956250 0.015625 0.015625
0 0.729688 0.462500 0.015625 0.015625
0 0.767188 0.462500 0.015625 0.015625
0 0.804688 0.462500 0.015625 0.015625
0 0.843750 0.464062 0.015625 0.015625
0 0.218750 0.154688 0.015625 0.015625
0 0.253125 0.157812 0.015625 0.015625
0 0.334375 0.157812 0.015625 0.015625
0 0.446875 0.093750 0.015625 0.015625
0 0.407813 0.092188 0.015625 0.015625
0 0.260937 0.089063 0.015625 0.015625
0 0.204687 0.120313 0.015625 0.015625
0 0.242188 0.120313 0.015625 0.015625
0 0.028125 0.087500 0.015625 0.015625
0 0.109375 0.085938 0.015625 0.015625
0 0.314063 0.057813 0.015625 0.015625
0 0.431250 0.057813 0.015625 0.015625
0 0.457813 0.057813 0.015625 0.015625
0 0.453125 0.032813 0.015625 0.015625
0 0.407813 0.034375 0.015625 0.015625
0 0.334375 0.034375 0.015625 0.015625
0 0.367188 0.032813 0.015625 0.015625
0 0.295312 0.031250 0.015625 0.015625
0 0.548438 0.062500 0.015625 0.015625
0 0.732812 0.001563 0.015625 0.015625
0 0.754687 0.039062 0.015625 0.015625
0 0.771875 0.067187 0.015625 0.015625
0 0.789062 0.096875 0.015625 0.015625
0 0.846875 0.200000 0.015625 0.015625
0 0.825000 0.165625 0.015625 0.015625
0 0.865625 0.232813 0.015625 0.015625
0 0.884375 0.262500 0.015625 0.015625
0 0.903125 0.301563 0.015625 0.015625
0 0.917188 0.332813 0.015625 0.015625
0 0.937500 0.368750 0.015625 0.015625
0 0.954688 0.396875 0.015625 0.015625
0 0.973437 0.435937 0.015625 0.015625
0 0.998437 0.400000 0.015625 0.015625
0 0.981250 0.364063 0.015625 0.015625
0 0.962500 0.331250 0.015625 0.015625
0 0.926562 0.265625 0.015625 0.015625
0 0.901563 0.231250 0.015625 0.015625
0 0.889062 0.193750 0.015625 0.015625
0 0.143750 0.154688 0.015625 0.015625
0 0.925000 0.000000 0.015625 0.015625
0 0.959375 0.001563 0.015625 0.015625
0 0.659375 0.062500 0.015625 0.015625
0 0.695312 0.062500 0.015625 0.015625
0 0.717187 0.035937 0.015625 0.015625
0 0.734375 0.065625 0.015625 0.015625
0 0.751563 0.093750 0.015625 0.015625
0 0.015625 0.742188 0.015625 0.015625
