0 0.057813 0.057813 0.015625 0.015625
0 0.118750 0.057813 0.015625 0.015625
0 0.195312 0.054688 0.015625 0.015625
0 0.276562 0.051562 0.015625 0.015625
0 0.509375 0.051562 0.015625 0.015625
0 0.600000 0.059375 0.015625 0.015625
0 0.809375 0.057813 0.015625 0.015625
0 0.890625 0.056250 0.015625 0.015625
0 0.012500 0.110937 0.015625 0.015625
0 0.090625 0.112500 0.015625 0.015625
0 0.156250 0.109375 0.015625 0.015625
0 0.231250 0.112500 0.015625 0.015625
0 0.310937 0.114062 0.015625 0.015625
0 0.385937 0.114062 0.015625 0.015625
0 0.551562 0.114062 0.015625 0.015625
0 0.615625 0.115625 0.015625 0.015625
0 0.700000 0.117188 0.015625 0.015625
0 0.660937 0.053125 0.015625 0.015625
0 0.735938 0.051562 0.015625 0.015625
0 0.775000 0.123438 0.015625 0.015625
0 0.837500 0.120313 0.015625 0.015625
0 0.918750 0.128125 0.015625 0.015625
0 0.048438 0.176563 0.015625 0.015625
0 0.114062 0.209375 0.015625 0.015625
0 0.129688 0.171875 0.015625 0.015625
0 0.201563 0.179688 0.015625 0.015625
0 0.284375 0.181250 0.015625 0.015625
0 0.357812 0.179688 0.015625 0.015625
0 0.425000 0.179688 0.015625 0.015625
0 0.498437 0.181250 0.015625 0.015625
0 0.589063 0.175000 0.015625 0.015625
0 0.659375 0.182812 0.015625 0.015625
0 0.732812 0.181250 0.015625 0.015625
0 0.810937 0.179688 0.015625 0.015625
0 0.885938 0.187500 0.015625 0.015625
0 0.968750 0.189062 0.015625 0.015625
0 0.045312 0.298438 0.015625 0.015625
0 0.084375 0.243750 0.015625 0.015625
0 0.165625 0.243750 0.015625 0.015625
0 0.201563 0.307812 0.015625 0.015625
0 0.237500 0.243750 0.015625 0.015625
0 0.279687 0.295312 0.015625 0.015625
0 0.315625 0.250000 0.015625 0.015625
0 0.351562 0.301563 0.015625 0.015625
0 0.385937 0.254688 0.015625 0.015625
0 0.432812 0.309375 0.015625 0.015625
0 0.464062 0.253125 0.015625 0.015625
0 0.506250 0.301563 0.015625 0.015625
0 0.540625 0.257812 0.015625 0.015625
0 0.575000 0.315625 0.015625 0.015625
0 0.618750 0.245312 0.015625 0.015625
0 0.653125 0.304688 0.015625 0.015625
0 0.689063 0.246875 0.015625 0.015625
0 0.737500 0.303125 0.015625 0.015625
0 0.767188 0.259375 0.015625 0.015625
0 0.818750 0.315625 0.015625 0.015625
0 0.846875 0.259375 0.015625 0.015625
0 0.882812 0.312500 0.015625 0.015625
0 0.912500 0.260937 0.015625 0.015625
0 0.954688 0.315625 0.015625 0.015625
0 0.993750 0.256250 0.015625 0.015625
0 0.000000 0.371875 0.015625 0.015625
0 0.039062 0.440625 0.015625 0.015625
0 0.084375 0.379688 0.015625 0.015625
0 0.114062 0.450000 0.015625 0.015625
0 0.162500 0.379688 0.015625 0.015625
0 0.195312 0.437500 0.015625 0.015625
0 0.232813 0.379688 0.015625 0.015625
0 0.273438 0.443750 0.015625 0.015625
0 0.306250 0.385937 0.015625 0.015625
0 0.337500 0.445312 0.015625 0.015625
0 0.387500 0.385937 0.015625 0.015625
0 0.410938 0.443750 0.015625 0.015625
0 0.459375 0.381250 0.015625 0.015625
0 0.498437 0.446875 0.015625 0.015625
0 0.531250 0.389062 0.015625 0.015625
0 0.564063 0.445312 0.015625 0.015625
0 0.651563 0.448437 0.015625 0.015625
0 0.695312 0.378125 0.015625 0.015625
0 0.728125 0.440625 0.015625 0.015625
0 0.770312 0.378125 0.015625 0.015625
0 0.812500 0.440625 0.015625 0.015625
0 0.843750 0.381250 0.015625 0.015625
0 0.882812 0.439063 0.015625 0.015625
0 0.928125 0.381250 0.015625 0.015625
0 0.960938 0.445312 0.015625 0.015625
0 0.995313 0.384375 0.015625 0.015625
0 0.009375 0.506250 0.015625 0.015625
0 0.045312 0.567187 0.015625 0.015625
0 0.085938 0.509375 0.015625 0.015625
0 0.118750 0.568750 0.015625 0.015625
0 0.156250 0.506250 0.015625 0.015625
0 0.192188 0.565625 0.015625 0.015625
0 0.240625 0.503125 0.015625 0.015625
0 0.270313 0.567187 0.015625 0.015625
0 0.310937 0.507812 0.015625 0.015625
0 0.337500 0.562500 0.015625 0.015625
0 0.378125 0.509375 0.015625 0.015625
0 0.412500 0.570312 0.015625 0.015625
0 0.456250 0.517188 0.015625 0.015625
0 0.525000 0.517188 0.015625 0.015625
0 0.604688 0.514062 0.015625 0.015625
0 0.696875 0.515625 0.015625 0.015625
0 0.764062 0.515625 0.015625 0.015625
0 0.839063 0.514062 0.015625 0.015625
0 0.920312 0.525000 0.015625 0.015625
0 0.879687 0.587500 0.015625 0.015625
0 0.992188 0.520312 0.015625 0.015625
0 0.956250 0.581250 0.015625 0.015625
0 0.000000 0.632812 0.015625 0.015625
0 0.051562 0.692187 0.015625 0.015625
0 0.078125 0.634375 0.015625 0.015625
0 0.107813 0.685937 0.015625 0.015625
0 0.156250 0.631250 0.015625 0.015625
0 0.179688 0.693750 0.015625 0.015625
0 0.220312 0.642188 0.015625 0.015625
0 0.265625 0.700000 0.015625 0.015625
0 0.304688 0.645312 0.015625 0.015625
0 0.340625 0.703125 0.015625 0.015625
0 0.379688 0.645312 0.015625 0.015625
0 0.425000 0.701562 0.015625 0.015625
0 0.450000 0.635938 0.015625 0.015625
0 0.489063 0.704688 0.015625 0.015625
0 0.539062 0.646875 0.015625 0.015625
0 0.564063 0.700000 0.015625 0.015625
0 0.612500 0.643750 0.015625 0.015625
0 0.642188 0.712500 0.015625 0.015625
0 0.685937 0.642188 0.015625 0.015625
0 0.723437 0.709375 0.015625 0.015625
0 0.798438 0.712500 0.015625 0.015625
0 0.943750 0.720313 0.015625 0.015625
0 0.878125 0.715625 0.015625 0.015625
0 0.068750 0.765625 0.015625 0.015625
0 0.142187 0.767188 0.015625 0.015625
0 0.229687 0.767188 0.015625 0.015625
0 0.304688 0.768750 0.015625 0.015625
0 0.376563 0.768750 0.015625 0.015625
0 0.453125 0.765625 0.015625 0.015625
0 0.532813 0.771875 0.015625 0.015625
0 0.606250 0.773438 0.015625 0.015625
0 0.681250 0.778125 0.015625 0.015625
0 0.760938 0.775000 0.015625 0.015625
0 0.831250 0.781250 0.015625 0.015625
0 0.912500 0.779687 0.015625 0.015625
0 0.976562 0.779687 0.015625 0.015625
0 0.039062 0.960938 0.015625 0.015625
0 0.073438 0.898438 0.015625 0.015625
0 0.109375 0.962500 0.015625 0.015625
0 0.142187 0.906250 0.015625 0.015625
0 0.195312 0.967187 0.015625 0.015625
0 0.226562 0.904687 0.015625 0.015625
0 0.276562 0.960938 0.015625 0.015625
0 0.307812 0.907813 0.015625 0.015625
0 0.342187 0.967187 0.015625 0.015625
0 0.373437 0.914062 0.015625 0.015625
0 0.414062 0.968750 0.015625 0.015625
0 0.451562 0.903125 0.015625 0.015625
0 0.481250 0.954688 0.015625 0.015625
0 0.535937 0.907813 0.015625 0.015625
0 0.570312 0.970313 0.015625 0.015625
0 0.604688 0.906250 0.015625 0.015625
0 0.639062 0.971875 0.015625 0.015625
0 0.665625 0.912500 0.015625 0.015625
0 0.703125 0.968750 0.015625 0.015625
0 0.757812 0.910937 0.015625 0.015625
0 0.787500 0.970313 0.015625 0.015625
0 0.823438 0.898438 0.015625 0.015625
0 0.865625 0.971875 0.015625 0.015625
0 0.898438 0.921875 0.015625 0.015625
0 0.950000 0.970313 0.015625 0.015625
0 0.971875 0.915625 0.015625 0.015625
0 0.990625 0.648438 0.015625 0.015625
0 0.925000 0.646875 0.015625 0.015625
0 0.828125 0.646875 0.015625 0.015625
0 0.756250 0.639062 0.015625 0.015625
0 0.454688 0.121875 0.015625 0.015625
0 0.804688 0.590625 0.015625 0.015625
0 0.720313 0.581250 0.015625 0.015625
0 0.639062 0.582812 0.015625 0.015625
0 0.562500 0.576562 0.015625 0.015625
0 0.484375 0.578125 0.015625 0.015625
0 0.256250 0.832812 0.015625 0.015625
0 0.185938 0.828125 0.015625 0.015625
0 0.110937 0.829688 0.015625 0.015625
0 0.032813 0.831250 0.015625 0.015625
0 0.348438 0.834375 0.015625 0.015625
0 0.417187 0.843750 0.015625 0.015625
0 0.498437 0.837500 0.015625 0.015625
0 0.576562 0.842187 0.015625 0.015625
0 0.651563 0.835938 0.015625 0.015625
0 0.742188 0.837500 0.015625 0.015625
0 0.793750 0.843750 0.015625 0.015625
0 0.873437 0.845313 0.015625 0.015625
0 0.953125 0.845313 0.015625 0.015625
0 0.615625 0.376563 0.015625 0.015625
0 0.425000 0.051562 0.015625 0.015625
0 0.340625 0.053125 0.015625 0.015625
