0 0.081250 0.307812 0.015625 0.015625
0 0.159375 0.307812 0.015625 0.015625
0 0.243750 0.310937 0.015625 0.015625
0 0.306250 0.314063 0.015625 0.015625
0 0.242188 0.432812 0.015625 0.015625
0 0.007812 0.692187 0.015625 0.015625
0 0.043750 0.653125 0.015625 0.015625
0 0.084375 0.692187 0.015625 0.015625
0 0.140625 0.689063 0.015625 0.015625
0 0.014063 0.564063 0.015625 0.015625
0 0.064062 0.564063 0.015625 0.015625
0 0.131250 0.568750 0.015625 0.015625
0 0.225000 0.568750 0.015625 0.015625
0 0.126562 0.632812 0.015625 0.015625
0 0.195312 0.639062 0.015625 0.015625
0 0.000000 0.960938 0.015625 0.015625
0 0.064062 0.967187 0.015625 0.015625
0 0.100000 0.896875 0.015625 0.015625
0 0.062500 0.890625 0.015625 0.015625
0 0.181250 0.895312 0.015625 0.015625
0 0.253125 0.898438 0.015625 0.015625
0 0.325000 0.906250 0.015625 0.015625
0 0.304688 0.968750 0.015625 0.015625
0 0.015625 0.043750 0.015625 0.015625
0 0.095312 0.051562 0.015625 0.015625
0 0.168750 0.042188 0.015625 0.015625
0 0.239063 0.045312 0.015625 0.015625
0 0.209375 0.120313 0.015625 0.015625
0 0.284375 0.118750 0.015625 0.015625
0 0.340625 0.118750 0.015625 0.015625
0 0.314063 0.181250 0.015625 0.015625
0 0.235937 0.179688 0.015625 0.015625
0 0.156250 0.179688 0.015625 0.015625
0 0.040625 0.246875 0.015625 0.015625
0 0.190625 0.248438 0.015625 0.015625
0 0.281250 0.250000 0.015625 0.015625
0 0.339062 0.250000 0.015625 0.015625
0 0.021875 0.765625 0.015625 0.015625
0 0.070312 0.826562 0.015625 0.015625
0 0.104688 0.765625 0.015625 0.015625
0 0.182812 0.768750 0.015625 0.015625
0 0.221875 0.707812 0.015625 0.015625
0 0.260937 0.762500 0.015625 0.015625
0 0.268750 0.631250 0.015625 0.015625
0 0.345313 0.637500 0.015625 0.015625
0 0.270313 0.506250 0.015625 0.015625
0 0.112500 0.503125 0.015625 0.015625
0 0.078125 0.432812 0.015625 0.015625
0 0.110937 0.379688 0.015625 0.015625
0 0.345313 0.375000 0.015625 0.015625
