0 0.220312 0.048438 0.015625 0.015625
0 0.065625 0.050000 0.015625 0.015625
0 0.371875 0.050000 0.015625 0.015625
0 0.139063 0.051562 0.015625 0.015625
0 0.679688 0.057813 0.015625 0.015625
0 0.757812 0.059375 0.015625 0.015625
0 0.906250 0.060937 0.015625 0.015625
0 0.831250 0.062500 0.015625 0.015625
0 0.182812 0.114062 0.015625 0.015625
0 0.106250 0.114062 0.015625 0.015625
0 0.028125 0.114062 0.015625 0.015625
0 0.256250 0.114062 0.015625 0.015625
0 0.409375 0.115625 0.015625 0.015625
0 0.334375 0.120313 0.015625 0.015625
0 0.490625 0.121875 0.015625 0.015625
0 0.289062 0.182812 0.015625 0.015625
0 0.367188 0.184375 0.015625 0.015625
0 0.440625 0.184375 0.015625 0.015625
0 0.601562 0.187500 0.015625 0.015625
0 0.753125 0.189062 0.015625 0.015625
0 0.829688 0.189062 0.015625 0.015625
0 0.906250 0.193750 0.015625 0.015625
0 0.979688 0.193750 0.015625 0.015625
0 0.018750 0.246875 0.015625 0.015625
0 0.253125 0.248438 0.015625 0.015625
0 0.331250 0.248438 0.015625 0.015625
0 0.106250 0.248438 0.015625 0.015625
0 0.406250 0.250000 0.015625 0.015625
0 0.482812 0.251563 0.015625 0.015625
0 0.559375 0.253125 0.015625 0.015625
0 0.784375 0.256250 0.015625 0.015625
0 0.864062 0.259375 0.015625 0.015625
0 0.937500 0.262500 0.015625 0.015625
0 0.710938 0.264062 0.015625 0.015625
0 0.212500 0.310937 0.015625 0.015625
0 0.134375 0.312500 0.015625 0.015625
0 0.367188 0.312500 0.015625 0.015625
0 0.057813 0.314063 0.015625 0.015625
0 0.289062 0.314063 0.015625 0.015625
0 0.442188 0.317188 0.015625 0.015625
0 0.520312 0.317188 0.015625 0.015625
0 0.018750 0.371875 0.015625 0.015625
0 0.170313 0.373437 0.015625 0.015625
0 0.248438 0.373437 0.015625 0.015625
0 0.092188 0.375000 0.015625 0.015625
0 0.482812 0.379688 0.015625 0.015625
0 0.329688 0.381250 0.015625 0.015625
0 0.406250 0.381250 0.015625 0.015625
0 0.557813 0.382812 0.015625 0.015625
0 0.634375 0.387500 0.015625 0.015625
0 0.859375 0.389062 0.015625 0.015625
0 0.784375 0.390625 0.015625 0.015625
0 0.935937 0.393750 0.015625 0.015625
0 0.056250 0.439063 0.015625 0.015625
0 0.210938 0.445312 0.015625 0.015625
0 0.134375 0.446875 0.015625 0.015625
0 0.439063 0.446875 0.015625 0.015625
0 0.289062 0.446875 0.015625 0.015625
0 0.365625 0.450000 0.015625 0.015625
0 0.820312 0.453125 0.015625 0.015625
0 0.971875 0.457813 0.015625 0.015625
0 0.017188 0.500000 0.015625 0.015625
0 0.170313 0.503125 0.015625 0.015625
0 0.250000 0.509375 0.015625 0.015625
0 0.406250 0.510938 0.015625 0.015625
0 0.325000 0.512500 0.015625 0.015625
0 0.482812 0.514062 0.015625 0.015625
0 0.631250 0.518750 0.015625 0.015625
0 0.554688 0.518750 0.015625 0.015625
0 0.707812 0.520312 0.015625 0.015625
0 0.932813 0.520312 0.015625 0.015625
0 0.857812 0.520312 0.015625 0.015625
0 0.056250 0.571875 0.015625 0.015625
0 0.134375 0.571875 0.015625 0.015625
0 0.210938 0.573438 0.015625 0.015625
0 0.284375 0.576562 0.015625 0.015625
0 0.437500 0.579688 0.015625 0.015625
0 0.359375 0.579688 0.015625 0.015625
0 0.509375 0.582812 0.015625 0.015625
0 0.818750 0.582812 0.015625 0.015625
0 0.662500 0.582812 0.015625 0.015625
0 0.590625 0.584375 0.015625 0.015625
0 0.739062 0.585938 0.015625 0.015625
0 0.890625 0.585938 0.015625 0.015625
0 0.968750 0.585938 0.015625 0.015625
0 0.015625 0.631250 0.015625 0.015625
0 0.092188 0.634375 0.015625 0.015625
0 0.170313 0.635938 0.015625 0.015625
0 0.243750 0.639062 0.015625 0.015625
0 0.318750 0.643750 0.015625 0.015625
0 0.393750 0.643750 0.015625 0.015625
0 0.475000 0.643750 0.015625 0.015625
0 0.550000 0.645312 0.015625 0.015625
0 0.701562 0.646875 0.015625 0.015625
0 0.626563 0.646875 0.015625 0.015625
0 0.778125 0.650000 0.015625 0.015625
0 0.854688 0.650000 0.015625 0.015625
0 0.928125 0.654687 0.015625 0.015625
0 0.131250 0.701562 0.015625 0.015625
0 0.057813 0.703125 0.015625 0.015625
0 0.285938 0.707812 0.015625 0.015625
0 0.207813 0.707812 0.015625 0.015625
0 0.437500 0.709375 0.015625 0.015625
0 0.359375 0.710938 0.015625 0.015625
0 0.664062 0.710938 0.015625 0.015625
0 0.587500 0.712500 0.015625 0.015625
0 0.740625 0.712500 0.015625 0.015625
0 0.510938 0.712500 0.015625 0.015625
0 0.965625 0.717187 0.015625 0.015625
0 0.812500 0.717187 0.015625 0.015625
0 0.012500 0.765625 0.015625 0.015625
0 0.090625 0.765625 0.015625 0.015625
0 0.168750 0.768750 0.015625 0.015625
0 0.245312 0.770312 0.015625 0.015625
0 0.318750 0.773438 0.015625 0.015625
0 0.623437 0.773438 0.015625 0.015625
0 0.393750 0.773438 0.015625 0.015625
0 0.471875 0.773438 0.015625 0.015625
0 0.700000 0.775000 0.015625 0.015625
0 0.546875 0.775000 0.015625 0.015625
0 0.771875 0.778125 0.015625 0.015625
0 0.051562 0.834375 0.015625 0.015625
0 0.206250 0.837500 0.015625 0.015625
0 0.282813 0.837500 0.015625 0.015625
0 0.129688 0.837500 0.015625 0.015625
0 0.357812 0.840625 0.015625 0.015625
0 0.432812 0.840625 0.015625 0.015625
0 0.585938 0.843750 0.015625 0.015625
0 0.510938 0.843750 0.015625 0.015625
0 0.657813 0.845313 0.015625 0.015625
0 0.734375 0.846875 0.015625 0.015625
0 0.810937 0.850000 0.015625 0.015625
0 0.965625 0.851562 0.015625 0.015625
0 0.887500 0.851562 0.015625 0.015625
0 0.012500 0.893750 0.015625 0.015625
0 0.089063 0.900000 0.015625 0.015625
0 0.165625 0.901563 0.015625 0.015625
0 0.243750 0.901563 0.015625 0.015625
0 0.317188 0.903125 0.015625 0.015625
0 0.468750 0.904687 0.015625 0.015625
0 0.545312 0.906250 0.015625 0.015625
0 0.392188 0.906250 0.015625 0.015625
0 0.695312 0.907813 0.015625 0.015625
0 0.620313 0.909375 0.015625 0.015625
0 0.771875 0.910937 0.015625 0.015625
0 0.848437 0.914062 0.015625 0.015625
0 0.928125 0.917188 0.015625 0.015625
0 0.048438 0.964063 0.015625 0.015625
0 0.198437 0.968750 0.015625 0.015625
0 0.278125 0.970313 0.015625 0.015625
0 0.125000 0.970313 0.015625 0.015625
0 0.432812 0.970313 0.015625 0.015625
0 0.353125 0.970313 0.015625 0.015625
0 0.507812 0.971875 0.015625 0.015625
0 0.584375 0.973437 0.015625 0.015625
0 0.659375 0.973437 0.015625 0.015625
0 0.734375 0.976562 0.015625 0.015625
0 0.884375 0.978125 0.015625 0.015625
0 0.809375 0.981250 0.015625 0.015625
0 0.959375 0.981250 0.015625 0.015625
0 0.929688 0.792188 0.015625 0.015625
0 0.854688 0.781250 0.015625 0.015625
0 0.895312 0.456250 0.015625 0.015625
0 0.779687 0.517188 0.015625 0.015625
0 0.740625 0.446875 0.015625 0.015625
0 0.707812 0.389062 0.015625 0.015625
0 0.662500 0.312500 0.015625 0.015625
0 0.628125 0.254688 0.015625 0.015625
0 0.593750 0.321875 0.015625 0.015625
0 0.660937 0.454688 0.015625 0.015625
0 0.584375 0.450000 0.015625 0.015625
0 0.517188 0.453125 0.015625 0.015625
0 0.667188 0.182812 0.015625 0.015625
0 0.945312 0.125000 0.015625 0.015625
0 0.790625 0.126562 0.015625 0.015625
0 0.703125 0.121875 0.015625 0.015625
0 0.979688 0.060937 0.015625 0.015625
