0 0.092188 0.034375 0.015625 0.015625
0 0.171875 0.035937 0.015625 0.015625
0 0.018750 0.035937 0.015625 0.015625
0 0.245312 0.037500 0.015625 0.015625
0 0.326562 0.039062 0.015625 0.015625
0 0.479687 0.040625 0.015625 0.015625
0 0.403125 0.040625 0.015625 0.015625
0 0.553125 0.043750 0.015625 0.015625
0 0.931250 0.046875 0.015625 0.015625
0 0.854688 0.046875 0.015625 0.015625
0 0.781250 0.048438 0.015625 0.015625
0 0.631250 0.048438 0.015625 0.015625
0 0.700000 0.065625 0.015625 0.015625
0 0.134375 0.095312 0.015625 0.015625
0 0.057813 0.098437 0.015625 0.015625
0 0.207813 0.103125 0.015625 0.015625
0 0.510938 0.106250 0.015625 0.015625
0 0.435937 0.106250 0.015625 0.015625
0 0.589063 0.109375 0.015625 0.015625
0 0.889062 0.112500 0.015625 0.015625
0 0.665625 0.114062 0.015625 0.015625
0 0.814063 0.114062 0.015625 0.015625
0 0.965625 0.114062 0.015625 0.015625
0 0.017188 0.164062 0.015625 0.015625
0 0.093750 0.165625 0.015625 0.015625
0 0.626563 0.167187 0.015625 0.015625
0 0.243750 0.167187 0.015625 0.015625
0 0.168750 0.167187 0.015625 0.015625
0 0.317188 0.167187 0.015625 0.015625
0 0.393750 0.168750 0.015625 0.015625
0 0.548438 0.168750 0.015625 0.015625
0 0.470313 0.170313 0.015625 0.015625
0 0.931250 0.170313 0.015625 0.015625
0 0.854688 0.173437 0.015625 0.015625
0 0.779687 0.173437 0.015625 0.015625
0 0.057813 0.231250 0.015625 0.015625
0 0.131250 0.231250 0.015625 0.015625
0 0.890625 0.232813 0.015625 0.015625
0 0.584375 0.234375 0.015625 0.015625
0 0.207813 0.234375 0.015625 0.015625
0 0.965625 0.235937 0.015625 0.015625
0 0.281250 0.237500 0.015625 0.015625
0 0.432812 0.239063 0.015625 0.015625
0 0.815625 0.239063 0.015625 0.015625
0 0.737500 0.240625 0.015625 0.015625
0 0.356250 0.240625 0.015625 0.015625
0 0.506250 0.240625 0.015625 0.015625
0 0.092188 0.293750 0.015625 0.015625
0 0.018750 0.293750 0.015625 0.015625
0 0.164062 0.295312 0.015625 0.015625
0 0.240625 0.295312 0.015625 0.015625
0 0.390625 0.296875 0.015625 0.015625
0 0.315625 0.298438 0.015625 0.015625
0 0.778125 0.298438 0.015625 0.015625
0 0.628125 0.298438 0.015625 0.015625
0 0.703125 0.300000 0.015625 0.015625
0 0.468750 0.303125 0.015625 0.015625
0 0.928125 0.306250 0.015625 0.015625
0 0.542188 0.314063 0.015625 0.015625
0 0.053125 0.359375 0.015625 0.015625
0 0.200000 0.360938 0.015625 0.015625
0 0.129688 0.362500 0.015625 0.015625
0 0.281250 0.362500 0.015625 0.015625
0 0.892188 0.364063 0.015625 0.015625
0 0.357812 0.364063 0.015625 0.015625
0 0.429688 0.365625 0.015625 0.015625
0 0.582812 0.367188 0.015625 0.015625
0 0.812500 0.368750 0.015625 0.015625
0 0.509375 0.368750 0.015625 0.015625
0 0.735938 0.368750 0.015625 0.015625
0 0.659375 0.370312 0.015625 0.015625
0 0.010937 0.418750 0.015625 0.015625
0 0.387500 0.418750 0.015625 0.015625
0 0.165625 0.425000 0.015625 0.015625
0 0.090625 0.425000 0.015625 0.015625
0 0.204687 0.492188 0.015625 0.015625
0 0.054688 0.493750 0.015625 0.015625
0 0.129688 0.493750 0.015625 0.015625
0 0.279687 0.495312 0.015625 0.015625
0 0.582812 0.496875 0.015625 0.015625
0 0.354687 0.498437 0.015625 0.015625
0 0.431250 0.498437 0.015625 0.015625
0 0.657813 0.498437 0.015625 0.015625
0 0.504687 0.500000 0.015625 0.015625
0 0.734375 0.500000 0.015625 0.015625
0 0.809375 0.501563 0.015625 0.015625
0 0.965625 0.506250 0.015625 0.015625
0 0.889062 0.506250 0.015625 0.015625
0 0.012500 0.554688 0.015625 0.015625
0 0.087500 0.560937 0.015625 0.015625
0 0.162500 0.560937 0.015625 0.015625
0 0.237500 0.562500 0.015625 0.015625
0 0.542188 0.562500 0.015625 0.015625
0 0.618750 0.564063 0.015625 0.015625
0 0.389062 0.565625 0.015625 0.015625
0 0.768750 0.570312 0.015625 0.015625
0 0.690625 0.571875 0.015625 0.015625
0 0.426563 0.634375 0.015625 0.015625
0 0.656250 0.634375 0.015625 0.015625
0 0.276562 0.635938 0.015625 0.015625
0 0.501563 0.635938 0.015625 0.015625
0 0.359375 0.635938 0.015625 0.015625
0 0.960938 0.635938 0.015625 0.015625
0 0.882812 0.639062 0.015625 0.015625
0 0.162500 0.690625 0.015625 0.015625
0 0.915625 0.690625 0.015625 0.015625
0 0.634375 0.718750 0.015625 0.015625
0 0.423438 0.756250 0.015625 0.015625
0 0.234375 0.812500 0.015625 0.015625
0 0.687500 0.814063 0.015625 0.015625
0 0.531250 0.815625 0.015625 0.015625
0 0.268750 0.882812 0.015625 0.015625
0 0.193750 0.882812 0.015625 0.015625
0 0.418750 0.884375 0.015625 0.015625
0 0.731250 0.885938 0.015625 0.015625
0 0.348438 0.885938 0.015625 0.015625
0 0.654687 0.887500 0.015625 0.015625
0 0.579688 0.887500 0.015625 0.015625
0 0.495312 0.887500 0.015625 0.015625
0 0.806250 0.887500 0.015625 0.015625
0 0.885938 0.887500 0.015625 0.015625
0 0.957812 0.892188 0.015625 0.015625
0 0.034375 0.903125 0.015625 0.015625
0 0.385937 0.946875 0.015625 0.015625
0 0.689063 0.948438 0.015625 0.015625
0 0.460938 0.950000 0.015625 0.015625
0 0.767188 0.951562 0.015625 0.015625
0 0.610938 0.965625 0.015625 0.015625
0 0.267188 0.996875 0.015625 0.015625
0 0.285938 0.100000 0.015625 0.015625
0 0.662500 0.235937 0.015625 0.015625
0 0.318750 0.423438 0.015625 0.015625
0 0.237500 0.428125 0.015625 0.015625
0 0.535937 0.432812 0.015625 0.015625
0 0.473438 0.431250 0.015625 0.015625
0 0.618750 0.434375 0.015625 0.015625
0 0.703125 0.432812 0.015625 0.015625
0 0.779687 0.435937 0.015625 0.015625
0 0.860938 0.432812 0.015625 0.015625
0 0.929688 0.431250 0.015625 0.015625
0 0.970313 0.375000 0.015625 0.015625
0 0.989062 0.568750 0.015625 0.015625
0 0.909375 0.573438 0.015625 0.015625
0 0.846875 0.568750 0.015625 0.015625
0 0.809375 0.631250 0.015625 0.015625
0 0.573438 0.631250 0.015625 0.015625
0 0.729688 0.632812 0.015625 0.015625
0 0.309375 0.562500 0.015625 0.015625
0 0.059375 0.625000 0.015625 0.015625
0 0.132812 0.628125 0.015625 0.015625
0 0.192188 0.628125 0.015625 0.015625
0 0.089063 0.689063 0.015625 0.015625
0 0.234375 0.690625 0.015625 0.015625
0 0.321875 0.692187 0.015625 0.015625
0 0.390625 0.696875 0.015625 0.015625
0 0.345313 0.754687 0.015625 0.015625
0 0.273438 0.754687 0.015625 0.015625
0 0.200000 0.759375 0.015625 0.015625
0 0.109375 0.759375 0.015625 0.015625
0 0.459375 0.707812 0.015625 0.015625
0 0.504687 0.753125 0.015625 0.015625
0 0.540625 0.693750 0.015625 0.015625
0 0.571875 0.754687 0.015625 0.015625
0 0.656250 0.756250 0.015625 0.015625
0 0.723437 0.762500 0.015625 0.015625
0 0.803125 0.762500 0.015625 0.015625
0 0.879687 0.762500 0.015625 0.015625
0 0.950000 0.760938 0.015625 0.015625
0 0.993750 0.825000 0.015625 0.015625
0 0.915625 0.825000 0.015625 0.015625
0 0.843750 0.825000 0.015625 0.015625
0 0.460938 0.821875 0.015625 0.015625
0 0.382812 0.821875 0.015625 0.015625
0 0.309375 0.817187 0.015625 0.015625
0 0.129688 0.882812 0.015625 0.015625
0 0.228125 0.945312 0.015625 0.015625
0 0.318750 0.942187 0.015625 0.015625
0 0.545312 0.948438 0.015625 0.015625
0 0.862500 0.962500 0.015625 0.015625
0 0.926562 0.960938 0.015625 0.015625
0 0.979688 0.953125 0.015625 0.015625
0 0.740625 0.112500 0.015625 0.015625
0 0.381250 0.110937 0.015625 0.015625
