0 0.656250 0.026562 0.015625 0.015625
0 0.676562 0.068750 0.015625 0.015625
0 0.717187 0.067187 0.015625 0.015625
0 0.700000 0.032813 0.015625 0.015625
0 0.681250 0.001563 0.015625 0.015625
0 0.734375 0.029687 0.015625 0.015625
0 0.754687 0.067187 0.015625 0.015625
0 0.790625 0.071875 0.015625 0.015625
0 0.775000 0.035937 0.015625 0.015625
0 0.754687 0.000000 0.015625 0.015625
0 0.810937 0.031250 0.015625 0.015625
0 0.826562 0.065625 0.015625 0.015625
0 0.871875 0.070312 0.015625 0.015625
0 0.851562 0.039062 0.015625 0.015625
0 0.906250 0.067187 0.015625 0.015625
0 0.893750 0.032813 0.015625 0.015625
0 0.918750 0.032813 0.015625 0.015625
0 0.954688 0.034375 0.015625 0.015625
0 0.993750 0.034375 0.015625 0.015625
0 0.985938 0.067187 0.015625 0.015625
0 0.943750 0.068750 0.015625 0.015625
0 0.985938 0.001563 0.015625 0.015625
0 0.943750 0.001563 0.015625 0.015625
0 0.912500 0.001563 0.015625 0.015625
0 0.870313 0.000000 0.015625 0.015625
0 0.696875 0.095312 0.015625 0.015625
0 0.728125 0.095312 0.015625 0.015625
0 0.767188 0.096875 0.015625 0.015625
0 0.809375 0.095312 0.015625 0.015625
0 0.717187 0.129688 0.015625 0.015625
0 0.750000 0.128125 0.015625 0.015625
0 0.784375 0.128125 0.015625 0.015625
0 0.735938 0.160938 0.015625 0.015625
0 0.767188 0.157812 0.015625 0.015625
0 0.810937 0.165625 0.015625 0.015625
0 0.782813 0.200000 0.015625 0.015625
0 0.754687 0.196875 0.015625 0.015625
0 0.823438 0.198437 0.015625 0.015625
0 0.842187 0.165625 0.015625 0.015625
0 0.860938 0.131250 0.015625 0.015625
0 0.821875 0.132812 0.015625 0.015625
0 0.845313 0.100000 0.015625 0.015625
0 0.884375 0.096875 0.015625 0.015625
0 0.867188 0.196875 0.015625 0.015625
0 0.898438 0.195312 0.015625 0.015625
0 0.939063 0.195312 0.015625 0.015625
0 0.960938 0.159375 0.015625 0.015625
0 0.923438 0.160938 0.015625 0.015625
0 0.885938 0.160938 0.015625 0.015625
0 0.898438 0.131250 0.015625 0.015625
0 0.931250 0.139063 0.015625 0.015625
0 0.971875 0.135937 0.015625 0.015625
0 0.996875 0.101562 0.015625 0.015625
0 0.964063 0.101562 0.015625 0.015625
0 0.910937 0.096875 0.015625 0.015625
0 0.993750 0.200000 0.015625 0.015625
0 0.804688 0.226562 0.015625 0.015625
0 0.825000 0.262500 0.015625 0.015625
0 0.837500 0.292187 0.015625 0.015625
0 0.842187 0.231250 0.015625 0.015625
0 0.857812 0.264062 0.015625 0.015625
0 0.878125 0.292187 0.015625 0.015625
0 0.914062 0.300000 0.015625 0.015625
0 0.893750 0.257812 0.015625 0.015625
0 0.885938 0.234375 0.015625 0.015625
0 0.920312 0.229687 0.015625 0.015625
0 0.945312 0.264062 0.015625 0.015625
0 0.962500 0.304688 0.015625 0.015625
0 0.985938 0.301563 0.015625 0.015625
0 0.975000 0.267188 0.015625 0.015625
0 0.956250 0.228125 0.015625 0.015625
0 0.998437 0.240625 0.015625 0.015625
0 0.860938 0.325000 0.015625 0.015625
0 0.876563 0.359375 0.015625 0.015625
0 0.898438 0.395313 0.015625 0.015625
0 0.912500 0.432812 0.015625 0.015625
0 0.951562 0.426563 0.015625 0.015625
0 0.939063 0.396875 0.015625 0.015625
0 0.914062 0.356250 0.015625 0.015625
0 0.898438 0.320312 0.015625 0.015625
0 0.934375 0.328125 0.015625 0.015625
0 0.956250 0.360938 0.015625 0.015625
0 0.975000 0.395313 0.015625 0.015625
0 0.992188 0.426563 0.015625 0.015625
0 0.996875 0.367188 0.015625 0.015625
0 0.968750 0.323437 0.015625 0.015625
0 0.956250 0.495312 0.015625 0.015625
0 0.928125 0.459375 0.015625 0.015625
0 0.965625 0.462500 0.015625 0.015625
0 0.993750 0.492188 0.015625 0.015625
0 0.973437 0.526563 0.015625 0.015625
