0 0.196875 0.042188 0.015625 0.015625
0 0.887500 0.057813 0.015625 0.015625
0 0.960938 0.059375 0.015625 0.015625
0 0.087500 0.101562 0.015625 0.015625
0 0.034375 0.960938 0.015625 0.015625
0 0.298438 0.503125 0.015625 0.015625
0 0.037500 0.695312 0.015625 0.015625
0 0.146875 0.250000 0.015625 0.015625
0 0.142187 0.895312 0.015625 0.015625
0 0.192188 0.828125 0.015625 0.015625
0 0.107813 0.960938 0.015625 0.015625
0 0.182812 0.960938 0.015625 0.015625
0 0.034375 0.823438 0.015625 0.015625
0 0.110937 0.693750 0.015625 0.015625
0 0.262500 0.828125 0.015625 0.015625
0 0.042188 0.314063 0.015625 0.015625
0 0.032813 0.437500 0.015625 0.015625
0 0.065625 0.893750 0.015625 0.015625
0 0.865625 0.839063 0.015625 0.015625
0 0.734375 0.053125 0.015625 0.015625
0 0.831250 0.778125 0.015625 0.015625
0 0.371875 0.767188 0.015625 0.015625
0 0.848437 0.125000 0.015625 0.015625
0 0.923438 0.126562 0.015625 0.015625
0 0.996875 0.126562 0.015625 0.015625
0 0.359375 0.045312 0.015625 0.015625
0 0.453125 0.051562 0.015625 0.015625
0 0.504687 0.045312 0.015625 0.015625
0 0.568750 0.045312 0.015625 0.015625
0 0.548438 0.110937 0.015625 0.015625
0 0.617188 0.110937 0.015625 0.015625
0 0.679688 0.109375 0.015625 0.015625
0 0.650000 0.054688 0.015625 0.015625
0 0.382812 0.110937 0.015625 0.015625
0 0.301563 0.114062 0.015625 0.015625
0 0.226562 0.101562 0.015625 0.015625
0 0.159375 0.103125 0.015625 0.015625
0 0.050000 0.565625 0.015625 0.015625
0 0.059375 0.631250 0.015625 0.015625
0 0.115625 0.575000 0.015625 0.015625
0 0.153125 0.629687 0.015625 0.015625
0 0.084375 0.496875 0.015625 0.015625
0 0.121875 0.437500 0.015625 0.015625
0 0.150000 0.371875 0.015625 0.015625
0 0.215625 0.706250 0.015625 0.015625
0 0.235937 0.760938 0.015625 0.015625
0 0.303125 0.778125 0.015625 0.015625
0 0.143750 0.760938 0.015625 0.015625
0 0.262500 0.965625 0.015625 0.015625
0 0.339062 0.964063 0.015625 0.015625
0 0.376563 0.901563 0.015625 0.015625
0 0.412500 0.962500 0.015625 0.015625
0 0.425000 0.185938 0.015625 0.015625
0 0.340625 0.176563 0.015625 0.015625
0 0.270313 0.178125 0.015625 0.015625
0 0.462500 0.240625 0.015625 0.015625
0 0.387500 0.250000 0.015625 0.015625
0 0.501563 0.176563 0.015625 0.015625
0 0.539062 0.243750 0.015625 0.015625
0 0.568750 0.303125 0.015625 0.015625
0 0.645312 0.310937 0.015625 0.015625
0 0.734375 0.317188 0.015625 0.015625
0 0.609375 0.240625 0.015625 0.015625
0 0.581250 0.182812 0.015625 0.015625
0 0.651563 0.187500 0.015625 0.015625
0 0.804688 0.295312 0.015625 0.015625
0 0.771875 0.245312 0.015625 0.015625
0 0.771875 0.385937 0.015625 0.015625
0 0.804688 0.459375 0.015625 0.015625
0 0.804688 0.189062 0.015625 0.015625
0 0.018750 0.240625 0.015625 0.015625
0 0.104688 0.823438 0.015625 0.015625
0 0.312500 0.842187 0.015625 0.015625
0 0.226562 0.901563 0.015625 0.015625
0 0.948438 0.970313 0.015625 0.015625
0 0.600000 0.904687 0.015625 0.015625
0 0.535937 0.901563 0.015625 0.015625
0 0.635938 0.837500 0.015625 0.015625
0 0.717187 0.837500 0.015625 0.015625
0 0.528125 0.843750 0.015625 0.015625
0 0.939063 0.839063 0.015625 0.015625
0 0.785937 0.835938 0.015625 0.015625
0 0.898438 0.779687 0.015625 0.015625
0 0.756250 0.781250 0.015625 0.015625
0 0.621875 0.775000 0.015625 0.015625
0 0.526563 0.770312 0.015625 0.015625
0 0.451562 0.768750 0.015625 0.015625
0 0.715625 0.709375 0.015625 0.015625
0 0.198437 0.568750 0.015625 0.015625
0 0.265625 0.571875 0.015625 0.015625
0 0.334375 0.573438 0.015625 0.015625
0 0.332813 0.700000 0.015625 0.015625
0 0.407813 0.696875 0.015625 0.015625
0 0.490625 0.700000 0.015625 0.015625
0 0.570312 0.710938 0.015625 0.015625
0 0.651563 0.714063 0.015625 0.015625
0 0.575000 0.839063 0.015625 0.015625
0 0.468750 0.831250 0.015625 0.015625
0 0.796875 0.709375 0.015625 0.015625
0 0.870313 0.707812 0.015625 0.015625
0 0.678125 0.643750 0.015625 0.015625
0 0.782813 0.646875 0.015625 0.015625
0 0.810937 0.054688 0.015625 0.015625
0 0.689063 0.245312 0.015625 0.015625
0 0.960938 0.192188 0.015625 0.015625
0 0.989062 0.256250 0.015625 0.015625
0 0.990625 0.385937 0.015625 0.015625
0 0.906250 0.514062 0.015625 0.015625
0 0.945312 0.585938 0.015625 0.015625
0 0.879687 0.440625 0.015625 0.015625
0 0.907813 0.379688 0.015625 0.015625
