0 0.365625 0.051562 0.015625 0.015625
0 0.442188 0.056250 0.015625 0.015625
0 0.829688 0.059375 0.015625 0.015625
0 0.331250 0.117188 0.015625 0.015625
0 0.406250 0.118750 0.015625 0.015625
0 0.626563 0.120313 0.015625 0.015625
0 0.482812 0.121875 0.015625 0.015625
0 0.365625 0.179688 0.015625 0.015625
0 0.515625 0.185938 0.015625 0.015625
0 0.439063 0.187500 0.015625 0.015625
0 0.592187 0.189062 0.015625 0.015625
0 0.743750 0.190625 0.015625 0.015625
0 0.665625 0.192188 0.015625 0.015625
0 0.823438 0.193750 0.015625 0.015625
0 0.976562 0.195312 0.015625 0.015625
0 0.901563 0.195312 0.015625 0.015625
0 0.403125 0.245312 0.015625 0.015625
0 0.328125 0.248438 0.015625 0.015625
0 0.559375 0.251563 0.015625 0.015625
0 0.706250 0.259375 0.015625 0.015625
0 0.781250 0.259375 0.015625 0.015625
0 0.857812 0.262500 0.015625 0.015625
0 0.935937 0.264062 0.015625 0.015625
0 0.360938 0.312500 0.015625 0.015625
0 0.439063 0.314063 0.015625 0.015625
0 0.737500 0.326562 0.015625 0.015625
0 0.817187 0.326562 0.015625 0.015625
0 0.403125 0.376563 0.015625 0.015625
0 0.553125 0.384375 0.015625 0.015625
0 0.628125 0.384375 0.015625 0.015625
0 0.704688 0.387500 0.015625 0.015625
0 0.779687 0.389062 0.015625 0.015625
0 0.859375 0.389062 0.015625 0.015625
0 0.360938 0.443750 0.015625 0.015625
0 0.509375 0.443750 0.015625 0.015625
0 0.435937 0.445312 0.015625 0.015625
0 0.587500 0.450000 0.015625 0.015625
0 0.667188 0.450000 0.015625 0.015625
0 0.740625 0.453125 0.015625 0.015625
0 0.965625 0.454688 0.015625 0.015625
0 0.812500 0.456250 0.015625 0.015625
0 0.314063 0.507812 0.015625 0.015625
0 0.470313 0.509375 0.015625 0.015625
0 0.395313 0.510938 0.015625 0.015625
0 0.553125 0.514062 0.015625 0.015625
0 0.625000 0.518750 0.015625 0.015625
0 0.706250 0.521875 0.015625 0.015625
0 0.779687 0.521875 0.015625 0.015625
0 0.853125 0.521875 0.015625 0.015625
0 0.931250 0.521875 0.015625 0.015625
0 0.434375 0.576562 0.015625 0.015625
0 0.357812 0.578125 0.015625 0.015625
0 0.510938 0.578125 0.015625 0.015625
0 0.585938 0.584375 0.015625 0.015625
0 0.660937 0.584375 0.015625 0.015625
0 0.892188 0.585938 0.015625 0.015625
0 0.735938 0.587500 0.015625 0.015625
0 0.812500 0.587500 0.015625 0.015625
0 0.968750 0.589063 0.015625 0.015625
0 0.393750 0.643750 0.015625 0.015625
0 0.470313 0.646875 0.015625 0.015625
0 0.550000 0.646875 0.015625 0.015625
0 0.312500 0.648438 0.015625 0.015625
0 0.773438 0.650000 0.015625 0.015625
0 0.846875 0.653125 0.015625 0.015625
0 0.631250 0.653125 0.015625 0.015625
0 0.931250 0.653125 0.015625 0.015625
0 0.281250 0.701562 0.015625 0.015625
0 0.356250 0.706250 0.015625 0.015625
0 0.662500 0.709375 0.015625 0.015625
0 0.584375 0.709375 0.015625 0.015625
0 0.434375 0.709375 0.015625 0.015625
0 0.735938 0.710938 0.015625 0.015625
0 0.890625 0.717187 0.015625 0.015625
0 0.964063 0.717187 0.015625 0.015625
0 0.810937 0.717187 0.015625 0.015625
0 0.392188 0.770312 0.015625 0.015625
0 0.310937 0.770312 0.015625 0.015625
0 0.543750 0.773438 0.015625 0.015625
0 0.621875 0.775000 0.015625 0.015625
0 0.467187 0.776563 0.015625 0.015625
0 0.850000 0.778125 0.015625 0.015625
0 0.925000 0.782813 0.015625 0.015625
0 0.759375 0.784375 0.015625 0.015625
0 0.278125 0.834375 0.015625 0.015625
0 0.356250 0.835938 0.015625 0.015625
0 0.429688 0.837500 0.015625 0.015625
0 0.509375 0.842187 0.015625 0.015625
0 0.585938 0.843750 0.015625 0.015625
0 0.732812 0.846875 0.015625 0.015625
0 0.810937 0.846875 0.015625 0.015625
0 0.657813 0.848437 0.015625 0.015625
0 0.882812 0.853125 0.015625 0.015625
0 0.957812 0.857812 0.015625 0.015625
0 0.312500 0.901563 0.015625 0.015625
0 0.467187 0.904687 0.015625 0.015625
0 0.540625 0.909375 0.015625 0.015625
0 0.615625 0.910937 0.015625 0.015625
0 0.689063 0.915625 0.015625 0.015625
0 0.840625 0.915625 0.015625 0.015625
0 0.910937 0.915625 0.015625 0.015625
0 0.995313 0.923438 0.015625 0.015625
0 0.426563 0.971875 0.015625 0.015625
0 0.353125 0.971875 0.015625 0.015625
0 0.581250 0.973437 0.015625 0.015625
0 0.506250 0.973437 0.015625 0.015625
0 0.653125 0.975000 0.015625 0.015625
0 0.729688 0.976562 0.015625 0.015625
0 0.810937 0.976562 0.015625 0.015625
0 0.954688 0.984375 0.015625 0.015625
0 0.679688 0.059375 0.015625 0.015625
0 0.739062 0.062500 0.015625 0.015625
0 0.592187 0.057813 0.015625 0.015625
0 0.518750 0.057813 0.015625 0.015625
0 0.934375 0.126562 0.015625 0.015625
0 0.787500 0.131250 0.015625 0.015625
0 0.520312 0.315625 0.015625 0.015625
0 0.667188 0.318750 0.015625 0.015625
0 0.501563 0.350000 0.015625 0.015625
0 0.473438 0.245312 0.015625 0.015625
0 0.290625 0.178125 0.015625 0.015625
0 0.285938 0.303125 0.015625 0.015625
0 0.287500 0.443750 0.015625 0.015625
0 0.284375 0.576562 0.015625 0.015625
