0 0.387500 0.039062 0.015625 0.015625
0 0.082812 0.039062 0.015625 0.015625
0 0.157812 0.039062 0.015625 0.015625
0 0.234375 0.040625 0.015625 0.015625
0 0.318750 0.042188 0.015625 0.015625
0 0.010937 0.043750 0.015625 0.015625
0 0.095312 0.123438 0.015625 0.015625
0 0.317188 0.151562 0.015625 0.015625
0 0.239063 0.153125 0.015625 0.015625
0 0.165625 0.156250 0.015625 0.015625
0 0.467187 0.162500 0.015625 0.015625
0 0.385937 0.171875 0.015625 0.015625
0 0.060937 0.210938 0.015625 0.015625
0 0.129688 0.217188 0.015625 0.015625
0 0.203125 0.218750 0.015625 0.015625
0 0.520312 0.221875 0.015625 0.015625
0 0.296875 0.250000 0.015625 0.015625
0 0.440625 0.260937 0.015625 0.015625
0 0.484375 0.262500 0.015625 0.015625
0 0.015625 0.279687 0.015625 0.015625
0 0.090625 0.281250 0.015625 0.015625
0 0.164062 0.284375 0.015625 0.015625
0 0.554688 0.284375 0.015625 0.015625
0 0.239063 0.285938 0.015625 0.015625
0 0.481250 0.332813 0.015625 0.015625
0 0.062500 0.345313 0.015625 0.015625
0 0.585938 0.346875 0.015625 0.015625
0 0.126562 0.346875 0.015625 0.015625
0 0.357812 0.346875 0.015625 0.015625
0 0.432812 0.350000 0.015625 0.015625
0 0.279687 0.350000 0.015625 0.015625
0 0.203125 0.351562 0.015625 0.015625
0 0.476562 0.409375 0.015625 0.015625
0 0.392188 0.410938 0.015625 0.015625
0 0.314063 0.412500 0.015625 0.015625
0 0.165625 0.414062 0.015625 0.015625
0 0.015625 0.414062 0.015625 0.015625
0 0.090625 0.414062 0.015625 0.015625
0 0.545312 0.415625 0.015625 0.015625
0 0.240625 0.415625 0.015625 0.015625
0 0.615625 0.431250 0.015625 0.015625
0 0.709375 0.439063 0.015625 0.015625
0 0.212500 0.468750 0.015625 0.015625
0 0.287500 0.475000 0.015625 0.015625
0 0.518750 0.475000 0.015625 0.015625
0 0.442188 0.476562 0.015625 0.015625
0 0.357812 0.485938 0.015625 0.015625
0 0.662500 0.503125 0.015625 0.015625
0 0.593750 0.510938 0.015625 0.015625
0 0.507812 0.517188 0.015625 0.015625
0 0.437500 0.518750 0.015625 0.015625
0 0.385937 0.520312 0.015625 0.015625
0 0.084375 0.520312 0.015625 0.015625
0 0.020313 0.534375 0.015625 0.015625
0 0.315625 0.535937 0.015625 0.015625
0 0.162500 0.539062 0.015625 0.015625
0 0.240625 0.542188 0.015625 0.015625
0 0.692187 0.567187 0.015625 0.015625
0 0.796875 0.578125 0.015625 0.015625
0 0.140625 0.582812 0.015625 0.015625
0 0.554688 0.587500 0.015625 0.015625
0 0.490625 0.593750 0.015625 0.015625
0 0.056250 0.604688 0.015625 0.015625
0 0.356250 0.620313 0.015625 0.015625
0 0.801562 0.637500 0.015625 0.015625
0 0.285938 0.642188 0.015625 0.015625
0 0.193750 0.646875 0.015625 0.015625
0 0.628125 0.696875 0.015625 0.015625
0 0.690625 0.698438 0.015625 0.015625
0 0.828125 0.703125 0.015625 0.015625
0 0.757812 0.704688 0.015625 0.015625
0 0.068750 0.709375 0.015625 0.015625
0 0.514062 0.714063 0.015625 0.015625
0 0.145313 0.714063 0.015625 0.015625
0 0.295312 0.715625 0.015625 0.015625
0 0.364063 0.718750 0.015625 0.015625
0 0.223438 0.739062 0.015625 0.015625
0 0.576562 0.753125 0.015625 0.015625
0 0.881250 0.757812 0.015625 0.015625
0 0.807813 0.767188 0.015625 0.015625
0 0.485938 0.770312 0.015625 0.015625
0 0.182812 0.771875 0.015625 0.015625
0 0.101562 0.773438 0.015625 0.015625
0 0.282813 0.775000 0.015625 0.015625
0 0.362500 0.782813 0.015625 0.015625
0 0.742188 0.785937 0.015625 0.015625
0 0.679688 0.790625 0.015625 0.015625
0 0.539062 0.814063 0.015625 0.015625
0 0.015625 0.814063 0.015625 0.015625
0 0.614062 0.815625 0.015625 0.015625
0 0.243750 0.823438 0.015625 0.015625
0 0.150000 0.828125 0.015625 0.015625
0 0.471875 0.832812 0.015625 0.015625
0 0.779687 0.835938 0.015625 0.015625
0 0.318750 0.835938 0.015625 0.015625
0 0.403125 0.839063 0.015625 0.015625
0 0.657813 0.879687 0.015625 0.015625
0 0.506250 0.884375 0.015625 0.015625
0 0.581250 0.884375 0.015625 0.015625
0 0.734375 0.885938 0.015625 0.015625
0 0.887500 0.890625 0.015625 0.015625
0 0.810937 0.890625 0.015625 0.015625
0 0.067187 0.895312 0.015625 0.015625
0 0.167187 0.923438 0.015625 0.015625
0 0.240625 0.928125 0.015625 0.015625
0 0.318750 0.940625 0.015625 0.015625
0 0.395313 0.942187 0.015625 0.015625
0 0.464062 0.942187 0.015625 0.015625
0 0.107813 0.942187 0.015625 0.015625
0 0.692187 0.945312 0.015625 0.015625
0 0.929688 0.953125 0.015625 0.015625
0 0.768750 0.953125 0.015625 0.015625
0 0.539062 0.954688 0.015625 0.015625
0 0.848437 0.954688 0.015625 0.015625
0 0.617188 0.956250 0.015625 0.015625
