0 0.806250 0.000000 0.015625 0.015625
0 0.728125 0.001563 0.015625 0.015625
0 0.884375 0.003125 0.015625 0.015625
0 0.960938 0.007812 0.015625 0.015625
0 0.314063 0.051562 0.015625 0.015625
0 0.085938 0.053125 0.015625 0.015625
0 0.159375 0.054688 0.015625 0.015625
0 0.010937 0.054688 0.015625 0.015625
0 0.237500 0.056250 0.015625 0.015625
0 0.385937 0.056250 0.015625 0.015625
0 0.459375 0.059375 0.015625 0.015625
0 0.537500 0.059375 0.015625 0.015625
0 0.609375 0.065625 0.015625 0.015625
0 0.760938 0.070312 0.015625 0.015625
0 0.921875 0.070312 0.015625 0.015625
0 0.840625 0.071875 0.015625 0.015625
0 0.998437 0.076563 0.015625 0.015625
0 0.123438 0.115625 0.015625 0.015625
0 0.276562 0.117188 0.015625 0.015625
0 0.196875 0.118750 0.015625 0.015625
0 0.048438 0.120313 0.015625 0.015625
0 0.346875 0.121875 0.015625 0.015625
0 0.417187 0.121875 0.015625 0.015625
0 0.500000 0.129688 0.015625 0.015625
0 0.651563 0.129688 0.015625 0.015625
0 0.725000 0.131250 0.015625 0.015625
0 0.575000 0.134375 0.015625 0.015625
0 0.807813 0.135937 0.015625 0.015625
0 0.298438 0.178125 0.015625 0.015625
0 0.085938 0.179688 0.015625 0.015625
0 0.234375 0.181250 0.015625 0.015625
0 0.025000 0.182812 0.015625 0.015625
0 0.157812 0.182812 0.015625 0.015625
0 0.382812 0.187500 0.015625 0.015625
0 0.459375 0.189062 0.015625 0.015625
0 0.537500 0.192188 0.015625 0.015625
0 0.681250 0.198437 0.015625 0.015625
0 0.756250 0.200000 0.015625 0.015625
0 0.607812 0.200000 0.015625 0.015625
0 0.834375 0.200000 0.015625 0.015625
0 0.987500 0.201563 0.015625 0.015625
0 0.907813 0.204687 0.015625 0.015625
0 0.123438 0.242188 0.015625 0.015625
0 0.064062 0.248438 0.015625 0.015625
0 0.189062 0.250000 0.015625 0.015625
0 0.265625 0.251563 0.015625 0.015625
0 0.420312 0.256250 0.015625 0.015625
0 0.348438 0.256250 0.015625 0.015625
0 0.501563 0.257812 0.015625 0.015625
0 0.879687 0.264062 0.015625 0.015625
0 0.795312 0.265625 0.015625 0.015625
0 0.721875 0.267188 0.015625 0.015625
0 0.953125 0.271875 0.015625 0.015625
0 0.639062 0.275000 0.015625 0.015625
0 0.225000 0.309375 0.015625 0.015625
0 0.154688 0.310937 0.015625 0.015625
0 0.379688 0.314063 0.015625 0.015625
0 0.004687 0.315625 0.015625 0.015625
0 0.446875 0.317188 0.015625 0.015625
0 0.531250 0.320312 0.015625 0.015625
0 0.759375 0.325000 0.015625 0.015625
0 0.835938 0.328125 0.015625 0.015625
0 0.685937 0.328125 0.015625 0.015625
0 0.906250 0.331250 0.015625 0.015625
0 0.990625 0.334375 0.015625 0.015625
0 0.120313 0.337500 0.015625 0.015625
0 0.345313 0.371875 0.015625 0.015625
0 0.192188 0.373437 0.015625 0.015625
0 0.490625 0.378125 0.015625 0.015625
0 0.420312 0.381250 0.015625 0.015625
0 0.578125 0.385937 0.015625 0.015625
0 0.875000 0.389062 0.015625 0.015625
0 0.804688 0.389062 0.015625 0.015625
0 0.045312 0.390625 0.015625 0.015625
0 0.645312 0.392188 0.015625 0.015625
0 0.721875 0.393750 0.015625 0.015625
0 0.953125 0.398438 0.015625 0.015625
0 0.306250 0.453125 0.015625 0.015625
0 0.459375 0.454688 0.015625 0.015625
0 0.532813 0.456250 0.015625 0.015625
0 0.382812 0.457813 0.015625 0.015625
0 0.607812 0.459375 0.015625 0.015625
0 0.834375 0.462500 0.015625 0.015625
0 0.685937 0.462500 0.015625 0.015625
0 0.756250 0.464062 0.015625 0.015625
0 0.909375 0.465625 0.015625 0.015625
0 0.057813 0.468750 0.015625 0.015625
0 0.989062 0.468750 0.015625 0.015625
0 0.935937 0.517188 0.015625 0.015625
0 0.571875 0.517188 0.015625 0.015625
0 0.343750 0.521875 0.015625 0.015625
0 0.642188 0.523438 0.015625 0.015625
0 0.492188 0.525000 0.015625 0.015625
0 0.415625 0.526563 0.015625 0.015625
0 0.717187 0.529687 0.015625 0.015625
0 0.803125 0.532813 0.015625 0.015625
0 0.018750 0.535937 0.015625 0.015625
0 0.109375 0.539062 0.015625 0.015625
0 0.306250 0.578125 0.015625 0.015625
0 0.379688 0.585938 0.015625 0.015625
0 0.454688 0.585938 0.015625 0.015625
0 0.529687 0.585938 0.015625 0.015625
0 0.604688 0.589063 0.015625 0.015625
0 0.681250 0.589063 0.015625 0.015625
0 0.834375 0.593750 0.015625 0.015625
0 0.910937 0.595313 0.015625 0.015625
0 0.759375 0.596875 0.015625 0.015625
0 0.987500 0.598437 0.015625 0.015625
0 0.721875 0.648438 0.015625 0.015625
0 0.415625 0.650000 0.015625 0.015625
0 0.339062 0.650000 0.015625 0.015625
0 0.562500 0.651563 0.015625 0.015625
0 0.640625 0.653125 0.015625 0.015625
0 0.489063 0.653125 0.015625 0.015625
0 0.868750 0.656250 0.015625 0.015625
0 0.795312 0.660937 0.015625 0.015625
0 0.953125 0.662500 0.015625 0.015625
0 0.381250 0.712500 0.015625 0.015625
0 0.454688 0.712500 0.015625 0.015625
0 0.604688 0.714063 0.015625 0.015625
0 0.681250 0.714063 0.015625 0.015625
0 0.528125 0.715625 0.015625 0.015625
0 0.907813 0.720313 0.015625 0.015625
0 0.985938 0.721875 0.015625 0.015625
0 0.832812 0.721875 0.015625 0.015625
0 0.754687 0.721875 0.015625 0.015625
0 0.265625 0.729688 0.015625 0.015625
0 0.107813 0.767188 0.015625 0.015625
0 0.484375 0.779687 0.015625 0.015625
0 0.560937 0.779687 0.015625 0.015625
0 0.862500 0.784375 0.015625 0.015625
0 0.634375 0.784375 0.015625 0.015625
0 0.939063 0.785937 0.015625 0.015625
0 0.714063 0.785937 0.015625 0.015625
0 0.787500 0.785937 0.015625 0.015625
0 0.082812 0.796875 0.015625 0.015625
0 0.182812 0.803125 0.015625 0.015625
