0 0.959375 0.000000 0.015625 0.015625
0 0.996875 0.000000 0.015625 0.015625
0 0.860938 0.029687 0.015625 0.015625
0 0.900000 0.029687 0.015625 0.015625
0 0.939063 0.029687 0.015625 0.015625
0 0.975000 0.034375 0.015625 0.015625
0 0.881250 0.060937 0.015625 0.015625
0 0.918750 0.062500 0.015625 0.015625
0 0.957812 0.065625 0.015625 0.015625
0 0.996875 0.065625 0.015625 0.015625
0 0.898438 0.095312 0.015625 0.015625
0 0.935937 0.096875 0.015625 0.015625
0 0.975000 0.098437 0.015625 0.015625
0 0.915625 0.129688 0.015625 0.015625
0 0.995313 0.129688 0.015625 0.015625
0 0.956250 0.131250 0.015625 0.015625
0 0.898438 0.160938 0.015625 0.015625
0 0.935937 0.160938 0.015625 0.015625
0 0.973437 0.162500 0.015625 0.015625
0 0.990625 0.196875 0.015625 0.015625
0 0.896875 0.226562 0.015625 0.015625
0 0.934375 0.228125 0.015625 0.015625
0 0.971875 0.228125 0.015625 0.015625
0 0.875000 0.259375 0.015625 0.015625
0 0.912500 0.260937 0.015625 0.015625
0 0.951562 0.260937 0.015625 0.015625
0 0.989062 0.262500 0.015625 0.015625
0 0.895312 0.293750 0.015625 0.015625
0 0.932813 0.293750 0.015625 0.015625
0 0.971875 0.293750 0.015625 0.015625
0 0.910937 0.326562 0.015625 0.015625
0 0.950000 0.328125 0.015625 0.015625
0 0.987500 0.329688 0.015625 0.015625
0 0.932813 0.360938 0.015625 0.015625
0 0.871875 0.390625 0.015625 0.015625
0 0.910937 0.392188 0.015625 0.015625
0 0.948438 0.395313 0.015625 0.015625
0 0.985938 0.396875 0.015625 0.015625
0 0.889062 0.425000 0.015625 0.015625
0 0.926562 0.428125 0.015625 0.015625
0 0.871875 0.457813 0.015625 0.015625
0 0.909375 0.459375 0.015625 0.015625
0 0.946875 0.460938 0.015625 0.015625
0 0.889062 0.489063 0.015625 0.015625
0 0.964063 0.492188 0.015625 0.015625
0 0.925000 0.493750 0.015625 0.015625
0 0.907813 0.521875 0.015625 0.015625
0 0.870313 0.523438 0.015625 0.015625
0 0.985938 0.525000 0.015625 0.015625
0 0.885938 0.556250 0.015625 0.015625
0 0.925000 0.556250 0.015625 0.015625
0 0.907813 0.587500 0.015625 0.015625
0 0.982812 0.592187 0.015625 0.015625
0 0.885938 0.621875 0.015625 0.015625
0 0.960938 0.621875 0.015625 0.015625
0 0.923438 0.621875 0.015625 0.015625
0 0.862500 0.653125 0.015625 0.015625
0 0.940625 0.654687 0.015625 0.015625
0 0.903125 0.654687 0.015625 0.015625
0 0.982812 0.656250 0.015625 0.015625
0 0.923438 0.687500 0.015625 0.015625
0 0.884375 0.689063 0.015625 0.015625
0 0.960938 0.689063 0.015625 0.015625
0 0.998437 0.692187 0.015625 0.015625
0 0.903125 0.721875 0.015625 0.015625
0 0.940625 0.723437 0.015625 0.015625
0 0.981250 0.723437 0.015625 0.015625
0 0.862500 0.723437 0.015625 0.015625
0 0.846875 0.750000 0.015625 0.015625
0 0.884375 0.753125 0.015625 0.015625
0 0.998437 0.754687 0.015625 0.015625
0 0.923438 0.754687 0.015625 0.015625
0 0.901563 0.784375 0.015625 0.015625
0 0.860938 0.784375 0.015625 0.015625
0 0.978125 0.785937 0.015625 0.015625
0 0.939063 0.787500 0.015625 0.015625
0 0.845313 0.817187 0.015625 0.015625
0 0.884375 0.817187 0.015625 0.015625
0 0.920312 0.818750 0.015625 0.015625
0 0.960938 0.820312 0.015625 0.015625
0 0.998437 0.821875 0.015625 0.015625
0 0.862500 0.850000 0.015625 0.015625
0 0.939063 0.851562 0.015625 0.015625
0 0.976562 0.854688 0.015625 0.015625
0 0.918750 0.885938 0.015625 0.015625
0 0.882812 0.885938 0.015625 0.015625
0 0.996875 0.885938 0.015625 0.015625
0 0.959375 0.885938 0.015625 0.015625
0 0.939063 0.917188 0.015625 0.015625
0 0.976562 0.917188 0.015625 0.015625
0 0.898438 0.918750 0.015625 0.015625
0 0.840625 0.946875 0.015625 0.015625
0 0.995313 0.951562 0.015625 0.015625
0 0.918750 0.951562 0.015625 0.015625
0 0.935937 0.984375 0.015625 0.015625
0 0.973437 0.984375 0.015625 0.015625
0 0.896875 0.984375 0.015625 0.015625
0 0.965625 0.428125 0.015625 0.015625
0 0.965625 0.557813 0.015625 0.015625
0 0.956250 0.575000 0.015625 0.015625
0 0.942187 0.521875 0.015625 0.015625
0 0.851562 0.489063 0.015625 0.015625
0 0.848437 0.551562 0.015625 0.015625
0 0.850000 0.621875 0.015625 0.015625
0 0.848437 0.687500 0.015625 0.015625
0 0.876563 0.945312 0.015625 0.015625
0 0.860938 0.914062 0.015625 0.015625
0 0.857812 0.978125 0.015625 0.015625
