0 0.275000 0.026562 0.015625 0.015625
0 0.196875 0.026562 0.015625 0.015625
0 0.042188 0.028125 0.015625 0.015625
0 0.120313 0.031250 0.015625 0.015625
0 0.348438 0.031250 0.015625 0.015625
0 0.423438 0.034375 0.015625 0.015625
0 0.503125 0.037500 0.015625 0.015625
0 0.654687 0.042188 0.015625 0.015625
0 0.960938 0.050000 0.015625 0.015625
0 0.315625 0.081250 0.015625 0.015625
0 0.160938 0.082812 0.015625 0.015625
0 0.076563 0.090625 0.015625 0.015625
0 0.239063 0.092188 0.015625 0.015625
0 0.460938 0.095312 0.015625 0.015625
0 0.387500 0.100000 0.015625 0.015625
0 0.543750 0.103125 0.015625 0.015625
0 0.696875 0.110937 0.015625 0.015625
0 0.996875 0.123438 0.015625 0.015625
0 0.348438 0.154688 0.015625 0.015625
0 0.042188 0.156250 0.015625 0.015625
0 0.196875 0.157812 0.015625 0.015625
0 0.418750 0.159375 0.015625 0.015625
0 0.125000 0.159375 0.015625 0.015625
0 0.271875 0.160938 0.015625 0.015625
0 0.575000 0.167187 0.015625 0.015625
0 0.500000 0.168750 0.015625 0.015625
0 0.735938 0.173437 0.015625 0.015625
0 0.809375 0.176563 0.015625 0.015625
0 0.882812 0.179688 0.015625 0.015625
0 0.956250 0.179688 0.015625 0.015625
0 0.000000 0.223438 0.015625 0.015625
0 0.385937 0.226562 0.015625 0.015625
0 0.078125 0.226562 0.015625 0.015625
0 0.157812 0.228125 0.015625 0.015625
0 0.229687 0.231250 0.015625 0.015625
0 0.465625 0.232813 0.015625 0.015625
0 0.614062 0.235937 0.015625 0.015625
0 0.535937 0.239063 0.015625 0.015625
0 0.670312 0.240625 0.015625 0.015625
0 0.840625 0.248438 0.015625 0.015625
0 0.995313 0.248438 0.015625 0.015625
0 0.915625 0.250000 0.015625 0.015625
0 0.117188 0.287500 0.015625 0.015625
0 0.345313 0.287500 0.015625 0.015625
0 0.192188 0.287500 0.015625 0.015625
0 0.039062 0.290625 0.015625 0.015625
0 0.420312 0.292187 0.015625 0.015625
0 0.267188 0.292187 0.015625 0.015625
0 0.496875 0.298438 0.015625 0.015625
0 0.573438 0.303125 0.015625 0.015625
0 0.962500 0.303125 0.015625 0.015625
0 0.648438 0.304688 0.015625 0.015625
0 0.715625 0.306250 0.015625 0.015625
0 0.876563 0.310937 0.015625 0.015625
0 0.153125 0.356250 0.015625 0.015625
0 0.228125 0.356250 0.015625 0.015625
0 0.078125 0.360938 0.015625 0.015625
0 0.378125 0.362500 0.015625 0.015625
0 0.682813 0.368750 0.015625 0.015625
0 0.612500 0.368750 0.015625 0.015625
0 0.531250 0.368750 0.015625 0.015625
0 0.753125 0.373437 0.015625 0.015625
0 0.915625 0.376563 0.015625 0.015625
0 0.995313 0.378125 0.015625 0.015625
0 0.114062 0.420312 0.015625 0.015625
0 0.190625 0.425000 0.015625 0.015625
0 0.265625 0.428125 0.015625 0.015625
0 0.415625 0.428125 0.015625 0.015625
0 0.343750 0.428125 0.015625 0.015625
0 0.493750 0.431250 0.015625 0.015625
0 0.568750 0.434375 0.015625 0.015625
0 0.721875 0.435937 0.015625 0.015625
0 0.650000 0.435937 0.015625 0.015625
0 0.948438 0.448437 0.015625 0.015625
0 0.075000 0.481250 0.015625 0.015625
0 0.151562 0.484375 0.015625 0.015625
0 0.303125 0.489063 0.015625 0.015625
0 0.226562 0.489063 0.015625 0.015625
0 0.451562 0.490625 0.015625 0.015625
0 0.376563 0.495312 0.015625 0.015625
0 0.528125 0.496875 0.015625 0.015625
0 0.609375 0.498437 0.015625 0.015625
0 0.765625 0.498437 0.015625 0.015625
0 0.682813 0.501563 0.015625 0.015625
0 0.848437 0.506250 0.015625 0.015625
0 0.990625 0.510938 0.015625 0.015625
0 0.037500 0.543750 0.015625 0.015625
0 0.114062 0.545312 0.015625 0.015625
0 0.192188 0.548438 0.015625 0.015625
0 0.267188 0.553125 0.015625 0.015625
0 0.414062 0.557813 0.015625 0.015625
0 0.340625 0.559375 0.015625 0.015625
0 0.567187 0.562500 0.015625 0.015625
0 0.801562 0.565625 0.015625 0.015625
0 0.720313 0.567187 0.015625 0.015625
0 0.071875 0.607812 0.015625 0.015625
0 0.300000 0.617188 0.015625 0.015625
0 0.523438 0.620313 0.015625 0.015625
0 0.226562 0.621875 0.015625 0.015625
0 0.446875 0.621875 0.015625 0.015625
0 0.606250 0.626563 0.015625 0.015625
0 0.837500 0.628125 0.015625 0.015625
0 0.914062 0.629687 0.015625 0.015625
0 0.682813 0.632812 0.015625 0.015625
0 0.754687 0.632812 0.015625 0.015625
0 0.106250 0.670312 0.015625 0.015625
0 0.262500 0.684375 0.015625 0.015625
0 0.337500 0.684375 0.015625 0.015625
0 0.406250 0.685937 0.015625 0.015625
0 0.484375 0.689063 0.015625 0.015625
0 0.565625 0.690625 0.015625 0.015625
0 0.795312 0.692187 0.015625 0.015625
0 0.642188 0.692187 0.015625 0.015625
0 0.868750 0.696875 0.015625 0.015625
0 0.946875 0.696875 0.015625 0.015625
0 0.718750 0.700000 0.015625 0.015625
0 0.145313 0.742188 0.015625 0.015625
0 0.220312 0.748437 0.015625 0.015625
0 0.445312 0.750000 0.015625 0.015625
0 0.296875 0.751563 0.015625 0.015625
0 0.370312 0.753125 0.015625 0.015625
0 0.520312 0.754687 0.015625 0.015625
0 0.750000 0.756250 0.015625 0.015625
0 0.593750 0.756250 0.015625 0.015625
0 0.676562 0.759375 0.015625 0.015625
0 0.829688 0.760938 0.015625 0.015625
0 0.909375 0.762500 0.015625 0.015625
0 0.987500 0.764062 0.015625 0.015625
0 0.254688 0.814063 0.015625 0.015625
0 0.485938 0.815625 0.015625 0.015625
0 0.412500 0.817187 0.015625 0.015625
0 0.715625 0.823438 0.015625 0.015625
0 0.639062 0.823438 0.015625 0.015625
0 0.792188 0.825000 0.015625 0.015625
0 0.946875 0.828125 0.015625 0.015625
0 0.865625 0.831250 0.015625 0.015625
0 0.065625 0.870313 0.015625 0.015625
0 0.218750 0.879687 0.015625 0.015625
0 0.370312 0.879687 0.015625 0.015625
0 0.296875 0.879687 0.015625 0.015625
0 0.443750 0.882812 0.015625 0.015625
0 0.521875 0.884375 0.015625 0.015625
0 0.593750 0.889062 0.015625 0.015625
0 0.671875 0.889062 0.015625 0.015625
0 0.750000 0.890625 0.015625 0.015625
0 0.907813 0.892188 0.015625 0.015625
0 0.825000 0.895312 0.015625 0.015625
0 0.984375 0.896875 0.015625 0.015625
0 0.171875 0.934375 0.015625 0.015625
0 0.093750 0.934375 0.015625 0.015625
0 0.256250 0.942187 0.015625 0.015625
0 0.015625 0.943750 0.015625 0.015625
0 0.407813 0.945312 0.015625 0.015625
0 0.335938 0.948438 0.015625 0.015625
0 0.478125 0.948438 0.015625 0.015625
0 0.557813 0.950000 0.015625 0.015625
0 0.628125 0.954688 0.015625 0.015625
0 0.709375 0.957812 0.015625 0.015625
0 0.787500 0.957812 0.015625 0.015625
0 0.864062 0.959375 0.015625 0.015625
0 0.946875 0.960938 0.015625 0.015625
0 0.014063 0.089063 0.015625 0.015625
0 0.882812 0.046875 0.015625 0.015625
0 0.795312 0.053125 0.015625 0.015625
0 0.840625 0.110937 0.015625 0.015625
0 0.395313 0.617188 0.015625 0.015625
0 0.490625 0.553125 0.015625 0.015625
0 0.560937 0.818750 0.015625 0.015625
0 0.187500 0.809375 0.015625 0.015625
0 0.139063 0.870313 0.015625 0.015625
0 0.104688 0.803125 0.015625 0.015625
0 0.028125 0.806250 0.015625 0.015625
0 0.645312 0.559375 0.015625 0.015625
0 0.550000 0.032813 0.015625 0.015625
0 0.593750 0.109375 0.015625 0.015625
0 0.634375 0.178125 0.015625 0.015625
