0 0.007812 0.942187 0.015625 0.015625
0 0.026562 0.970313 0.015625 0.015625
0 0.028125 0.154688 0.015625 0.015625
0 0.059375 0.156250 0.015625 0.015625
0 0.026562 0.215625 0.015625 0.015625
0 0.018750 0.284375 0.015625 0.015625
0 0.003125 0.318750 0.015625 0.015625
0 0.007812 0.615625 0.015625 0.015625
0 0.032813 0.515625 0.015625 0.015625
0 0.032813 0.448437 0.015625 0.015625
0 0.068750 0.453125 0.015625 0.015625
0 0.057813 0.484375 0.015625 0.015625
0 0.068750 0.517188 0.015625 0.015625
0 0.068750 0.582812 0.015625 0.015625
0 0.028125 0.581250 0.015625 0.015625
0 0.014063 0.551562 0.015625 0.015625
0 0.010937 0.593750 0.015625 0.015625
0 0.046875 0.618750 0.015625 0.015625
0 0.064062 0.621875 0.015625 0.015625
0 0.042188 0.651563 0.015625 0.015625
0 0.018750 0.654687 0.015625 0.015625
0 0.017188 0.679688 0.015625 0.015625
0 0.037500 0.684375 0.015625 0.015625
0 0.020313 0.745313 0.015625 0.015625
0 0.050000 0.748437 0.015625 0.015625
0 0.067187 0.779687 0.015625 0.015625
0 0.023438 0.776563 0.015625 0.015625
0 0.010937 0.812500 0.015625 0.015625
0 0.042188 0.812500 0.015625 0.015625
0 0.157812 0.781250 0.015625 0.015625
0 0.193750 0.782813 0.015625 0.015625
0 0.218750 0.782813 0.015625 0.015625
0 0.256250 0.784375 0.015625 0.015625
0 0.296875 0.784375 0.015625 0.015625
0 0.335938 0.785937 0.015625 0.015625
0 0.025000 0.021875 0.015625 0.015625
0 0.010937 0.059375 0.015625 0.015625
0 0.048438 0.059375 0.015625 0.015625
0 0.076563 0.059375 0.015625 0.015625
0 0.062500 0.090625 0.015625 0.015625
0 0.023438 0.089063 0.015625 0.015625
0 0.001563 0.123438 0.015625 0.015625
0 0.046875 0.125000 0.015625 0.015625
0 0.075000 0.125000 0.015625 0.015625
