0 0.003125 0.112500 0.015625 0.015625
0 0.018750 0.145313 0.015625 0.015625
0 0.003125 0.178125 0.015625 0.015625
0 0.021875 0.210938 0.015625 0.015625
0 0.042188 0.178125 0.015625 0.015625
0 0.060937 0.212500 0.015625 0.015625
0 0.000000 0.242188 0.015625 0.015625
0 0.017188 0.276562 0.015625 0.015625
0 0.035937 0.240625 0.015625 0.015625
0 0.056250 0.271875 0.015625 0.015625
0 0.078125 0.242188 0.015625 0.015625
0 0.090625 0.279687 0.015625 0.015625
0 0.075000 0.307812 0.015625 0.015625
0 0.034375 0.307812 0.015625 0.015625
0 0.107813 0.307812 0.015625 0.015625
0 0.054688 0.342187 0.015625 0.015625
0 0.092188 0.342187 0.015625 0.015625
0 0.132812 0.343750 0.015625 0.015625
0 0.159375 0.345313 0.015625 0.015625
0 0.115625 0.375000 0.015625 0.015625
0 0.153125 0.378125 0.015625 0.015625
0 0.129688 0.407813 0.015625 0.015625
0 0.168750 0.409375 0.015625 0.015625
0 0.201563 0.410938 0.015625 0.015625
0 0.185938 0.445312 0.015625 0.015625
0 0.223438 0.446875 0.015625 0.015625
0 0.429688 0.548438 0.015625 0.015625
0 0.468750 0.546875 0.015625 0.015625
0 0.507812 0.546875 0.015625 0.015625
0 0.545312 0.546875 0.015625 0.015625
0 0.579688 0.548438 0.015625 0.015625
0 0.618750 0.548438 0.015625 0.015625
0 0.657813 0.550000 0.015625 0.015625
0 0.695312 0.551562 0.015625 0.015625
0 0.732812 0.551562 0.015625 0.015625
0 0.770312 0.553125 0.015625 0.015625
0 0.810937 0.554688 0.015625 0.015625
0 0.850000 0.556250 0.015625 0.015625
0 0.889062 0.557813 0.015625 0.015625
0 0.925000 0.560937 0.015625 0.015625
0 0.962500 0.559375 0.015625 0.015625
0 0.446875 0.579688 0.015625 0.015625
0 0.407813 0.579688 0.015625 0.015625
0 0.482812 0.579688 0.015625 0.015625
0 0.528125 0.581250 0.015625 0.015625
0 0.562500 0.581250 0.015625 0.015625
0 0.601562 0.581250 0.015625 0.015625
0 0.639062 0.584375 0.015625 0.015625
0 0.678125 0.584375 0.015625 0.015625
0 0.717187 0.584375 0.015625 0.015625
0 0.753125 0.585938 0.015625 0.015625
0 0.792188 0.585938 0.015625 0.015625
0 0.834375 0.587500 0.015625 0.015625
0 0.870313 0.587500 0.015625 0.015625
0 0.903125 0.587500 0.015625 0.015625
0 0.940625 0.589063 0.015625 0.015625
0 0.978125 0.589063 0.015625 0.015625
0 0.429688 0.610938 0.015625 0.015625
0 0.465625 0.610938 0.015625 0.015625
0 0.503125 0.612500 0.015625 0.015625
0 0.542188 0.612500 0.015625 0.015625
0 0.579688 0.614062 0.015625 0.015625
0 0.615625 0.615625 0.015625 0.015625
0 0.654687 0.617188 0.015625 0.015625
0 0.693750 0.617188 0.015625 0.015625
0 0.734375 0.614062 0.015625 0.015625
0 0.771875 0.617188 0.015625 0.015625
0 0.809375 0.620313 0.015625 0.015625
0 0.843750 0.618750 0.015625 0.015625
0 0.884375 0.623437 0.015625 0.015625
0 0.923438 0.623437 0.015625 0.015625
0 0.960938 0.625000 0.015625 0.015625
0 0.428125 0.678125 0.015625 0.015625
0 0.462500 0.678125 0.015625 0.015625
0 0.501563 0.678125 0.015625 0.015625
0 0.481250 0.645312 0.015625 0.015625
0 0.442188 0.643750 0.015625 0.015625
0 0.412500 0.645312 0.015625 0.015625
0 0.520312 0.645312 0.015625 0.015625
0 0.560937 0.645312 0.015625 0.015625
0 0.601562 0.645312 0.015625 0.015625
0 0.648438 0.646875 0.015625 0.015625
0 0.675000 0.648438 0.015625 0.015625
0 0.715625 0.648438 0.015625 0.015625
0 0.757812 0.648438 0.015625 0.015625
0 0.792188 0.651563 0.015625 0.015625
0 0.837500 0.653125 0.015625 0.015625
0 0.910937 0.654687 0.015625 0.015625
0 0.943750 0.654687 0.015625 0.015625
0 0.981250 0.656250 0.015625 0.015625
0 0.535937 0.681250 0.015625 0.015625
0 0.575000 0.681250 0.015625 0.015625
0 0.612500 0.681250 0.015625 0.015625
0 0.654687 0.681250 0.015625 0.015625
0 0.728125 0.684375 0.015625 0.015625
0 0.462500 0.743750 0.015625 0.015625
0 0.498437 0.746875 0.015625 0.015625
0 0.535937 0.743750 0.015625 0.015625
0 0.576562 0.743750 0.015625 0.015625
0 0.614062 0.743750 0.015625 0.015625
0 0.651563 0.746875 0.015625 0.015625
0 0.692187 0.746875 0.015625 0.015625
0 0.751563 0.717187 0.015625 0.015625
0 0.709375 0.715625 0.015625 0.015625
0 0.673438 0.715625 0.015625 0.015625
0 0.635938 0.715625 0.015625 0.015625
0 0.593750 0.714063 0.015625 0.015625
0 0.789062 0.715625 0.015625 0.015625
0 0.823438 0.715625 0.015625 0.015625
0 0.732812 0.748437 0.015625 0.015625
0 0.767188 0.748437 0.015625 0.015625
0 0.803125 0.750000 0.015625 0.015625
0 0.840625 0.753125 0.015625 0.015625
0 0.881250 0.753125 0.015625 0.015625
0 0.920312 0.754687 0.015625 0.015625
0 0.954688 0.754687 0.015625 0.015625
0 0.992188 0.756250 0.015625 0.015625
0 0.465625 0.807813 0.015625 0.015625
0 0.501563 0.809375 0.015625 0.015625
0 0.542188 0.809375 0.015625 0.015625
0 0.573438 0.810937 0.015625 0.015625
0 0.609375 0.812500 0.015625 0.015625
0 0.685937 0.815625 0.015625 0.015625
0 0.648438 0.815625 0.015625 0.015625
0 0.726562 0.814063 0.015625 0.015625
0 0.767188 0.817187 0.015625 0.015625
0 0.804688 0.820312 0.015625 0.015625
0 0.840625 0.820312 0.015625 0.015625
0 0.878125 0.821875 0.015625 0.015625
0 0.917188 0.820312 0.015625 0.015625
0 0.953125 0.817187 0.015625 0.015625
0 0.996875 0.823438 0.015625 0.015625
0 0.481250 0.848437 0.015625 0.015625
0 0.490625 0.875000 0.015625 0.015625
0 0.525000 0.875000 0.015625 0.015625
0 0.579688 0.876563 0.015625 0.015625
0 0.648438 0.876563 0.015625 0.015625
0 0.689063 0.876563 0.015625 0.015625
0 0.720313 0.876563 0.015625 0.015625
0 0.760938 0.878125 0.015625 0.015625
0 0.804688 0.879687 0.015625 0.015625
0 0.839063 0.881250 0.015625 0.015625
0 0.881250 0.882812 0.015625 0.015625
0 0.993750 0.884375 0.015625 0.015625
0 0.479687 0.909375 0.015625 0.015625
0 0.521875 0.909375 0.015625 0.015625
0 0.553125 0.909375 0.015625 0.015625
0 0.590625 0.909375 0.015625 0.015625
0 0.629687 0.907813 0.015625 0.015625
0 0.706250 0.910937 0.015625 0.015625
0 0.743750 0.912500 0.015625 0.015625
0 0.782813 0.912500 0.015625 0.015625
0 0.821875 0.915625 0.015625 0.015625
0 0.856250 0.917188 0.015625 0.015625
0 0.900000 0.917188 0.015625 0.015625
0 0.939063 0.915625 0.015625 0.015625
0 0.971875 0.917188 0.015625 0.015625
0 0.496875 0.943750 0.015625 0.015625
0 0.534375 0.942187 0.015625 0.015625
0 0.576562 0.942187 0.015625 0.015625
0 0.612500 0.943750 0.015625 0.015625
0 0.646875 0.943750 0.015625 0.015625
0 0.689063 0.945312 0.015625 0.015625
0 0.726562 0.946875 0.015625 0.015625
0 0.764062 0.946875 0.015625 0.015625
0 0.796875 0.946875 0.015625 0.015625
0 0.840625 0.948438 0.015625 0.015625
0 0.878125 0.951562 0.015625 0.015625
0 0.915625 0.951562 0.015625 0.015625
0 0.959375 0.951562 0.015625 0.015625
0 0.990625 0.951562 0.015625 0.015625
0 0.709375 0.978125 0.015625 0.015625
0 0.745313 0.979688 0.015625 0.015625
0 0.779687 0.978125 0.015625 0.015625
0 0.818750 0.978125 0.015625 0.015625
0 0.937500 0.979688 0.015625 0.015625
0 0.970313 0.981250 0.015625 0.015625
0 0.775000 0.682813 0.015625 0.015625
0 0.856250 0.689063 0.015625 0.015625
0 0.956250 0.690625 0.015625 0.015625
0 0.996875 0.689063 0.015625 0.015625
0 0.689063 0.000000 0.015625 0.015625
0 0.998437 0.000000 0.015625 0.015625
0 0.978125 0.031250 0.015625 0.015625
0 0.020313 0.010937 0.015625 0.015625
0 0.062500 0.014063 0.015625 0.015625
0 0.101562 0.017188 0.015625 0.015625
0 0.135937 0.017188 0.015625 0.015625
0 0.175000 0.017188 0.015625 0.015625
0 0.214062 0.017188 0.015625 0.015625
0 0.251563 0.020313 0.015625 0.015625
0 0.289062 0.018750 0.015625 0.015625
0 0.329688 0.020313 0.015625 0.015625
0 0.364063 0.020313 0.015625 0.015625
0 0.406250 0.021875 0.015625 0.015625
0 0.445312 0.023438 0.015625 0.015625
0 0.595313 0.025000 0.015625 0.015625
0 0.060937 0.081250 0.015625 0.015625
0 0.098437 0.082812 0.015625 0.015625
0 0.076563 0.050000 0.015625 0.015625
0 0.040625 0.045312 0.015625 0.015625
0 0.115625 0.048438 0.015625 0.015625
0 0.153125 0.048438 0.015625 0.015625
0 0.190625 0.048438 0.015625 0.015625
0 0.225000 0.050000 0.015625 0.015625
0 0.264062 0.050000 0.015625 0.015625
0 0.137500 0.084375 0.015625 0.015625
0 0.167187 0.082812 0.015625 0.015625
0 0.223438 0.082812 0.015625 0.015625
0 0.251563 0.082812 0.015625 0.015625
0 0.289062 0.085938 0.015625 0.015625
0 0.326562 0.085938 0.015625 0.015625
0 0.310937 0.051562 0.015625 0.015625
0 0.354687 0.054688 0.015625 0.015625
0 0.385937 0.054688 0.015625 0.015625
0 0.423438 0.054688 0.015625 0.015625
0 0.460938 0.054688 0.015625 0.015625
0 0.442188 0.087500 0.015625 0.015625
0 0.476562 0.085938 0.015625 0.015625
0 0.498437 0.054688 0.015625 0.015625
0 0.532813 0.057813 0.015625 0.015625
0 0.515625 0.085938 0.015625 0.015625
0 0.571875 0.057813 0.015625 0.015625
0 0.554688 0.087500 0.015625 0.015625
0 0.593750 0.090625 0.015625 0.015625
0 0.610938 0.057813 0.015625 0.015625
0 0.650000 0.060937 0.015625 0.015625
0 0.673438 0.057813 0.015625 0.015625
0 0.706250 0.031250 0.015625 0.015625
0 0.932813 0.095312 0.015625 0.015625
0 0.912500 0.129688 0.015625 0.015625
0 0.951562 0.132812 0.015625 0.015625
0 0.984375 0.131250 0.015625 0.015625
0 0.971875 0.098437 0.015625 0.015625
0 0.870313 0.195312 0.015625 0.015625
0 0.895312 0.164062 0.015625 0.015625
0 0.909375 0.192188 0.015625 0.015625
0 0.931250 0.164062 0.015625 0.015625
0 0.951562 0.195312 0.015625 0.015625
0 0.968750 0.164062 0.015625 0.015625
0 0.987500 0.196875 0.015625 0.015625
0 0.582812 0.482812 0.015625 0.015625
0 0.601562 0.515625 0.015625 0.015625
0 0.620313 0.485938 0.015625 0.015625
0 0.640625 0.514062 0.015625 0.015625
0 0.657813 0.485938 0.015625 0.015625
0 0.678125 0.515625 0.015625 0.015625
0 0.696875 0.485938 0.015625 0.015625
0 0.714063 0.520312 0.015625 0.015625
0 0.598437 0.450000 0.015625 0.015625
0 0.639062 0.451562 0.015625 0.015625
0 0.679688 0.450000 0.015625 0.015625
0 0.717187 0.453125 0.015625 0.015625
0 0.756250 0.454688 0.015625 0.015625
0 0.740625 0.420312 0.015625 0.015625
0 0.773438 0.420312 0.015625 0.015625
0 0.800000 0.454688 0.015625 0.015625
0 0.815625 0.421875 0.015625 0.015625
0 0.834375 0.451562 0.015625 0.015625
0 0.853125 0.425000 0.015625 0.015625
0 0.871875 0.459375 0.015625 0.015625
0 0.909375 0.390625 0.015625 0.015625
0 0.925000 0.426563 0.015625 0.015625
0 0.893750 0.423438 0.015625 0.015625
0 0.945312 0.390625 0.015625 0.015625
0 0.965625 0.426563 0.015625 0.015625
0 0.979688 0.392188 0.015625 0.015625
0 0.750000 0.092188 0.015625 0.015625
0 0.789062 0.092188 0.015625 0.015625
0 0.828125 0.092188 0.015625 0.015625
0 0.859375 0.090625 0.015625 0.015625
0 0.857812 0.131250 0.015625 0.015625
0 0.076563 0.112500 0.015625 0.015625
0 0.120313 0.117188 0.015625 0.015625
0 0.157812 0.118750 0.015625 0.015625
0 0.196875 0.120313 0.015625 0.015625
0 0.229687 0.118750 0.015625 0.015625
0 0.271875 0.121875 0.015625 0.015625
0 0.314063 0.120313 0.015625 0.015625
0 0.353125 0.120313 0.015625 0.015625
0 0.382812 0.120313 0.015625 0.015625
0 0.425000 0.121875 0.015625 0.015625
0 0.454688 0.121875 0.015625 0.015625
0 0.365625 0.090625 0.015625 0.015625
0 0.400000 0.090625 0.015625 0.015625
0 0.537500 0.121875 0.015625 0.015625
0 0.568750 0.123438 0.015625 0.015625
0 0.604688 0.123438 0.015625 0.015625
0 0.592187 0.151562 0.015625 0.015625
0 0.546875 0.154688 0.015625 0.015625
0 0.515625 0.156250 0.015625 0.015625
0 0.468750 0.154688 0.015625 0.015625
0 0.437500 0.157812 0.015625 0.015625
0 0.395313 0.153125 0.015625 0.015625
0 0.359375 0.153125 0.015625 0.015625
0 0.321875 0.151562 0.015625 0.015625
0 0.278125 0.150000 0.015625 0.015625
0 0.237500 0.148438 0.015625 0.015625
0 0.204687 0.148438 0.015625 0.015625
0 0.171875 0.148438 0.015625 0.015625
0 0.128125 0.148438 0.015625 0.015625
0 0.089063 0.146875 0.015625 0.015625
0 0.118750 0.184375 0.015625 0.015625
0 0.159375 0.179688 0.015625 0.015625
0 0.193750 0.179688 0.015625 0.015625
0 0.232813 0.181250 0.015625 0.015625
0 0.270313 0.182812 0.015625 0.015625
0 0.312500 0.182812 0.015625 0.015625
0 0.346875 0.184375 0.015625 0.015625
0 0.387500 0.184375 0.015625 0.015625
0 0.423438 0.184375 0.015625 0.015625
0 0.537500 0.185938 0.015625 0.015625
0 0.560937 0.187500 0.015625 0.015625
0 0.132812 0.210938 0.015625 0.015625
0 0.145313 0.242188 0.015625 0.015625
0 0.167187 0.215625 0.015625 0.015625
0 0.187500 0.245312 0.015625 0.015625
0 0.207813 0.215625 0.015625 0.015625
0 0.226562 0.246875 0.015625 0.015625
0 0.246875 0.214062 0.015625 0.015625
0 0.270313 0.246875 0.015625 0.015625
0 0.284375 0.217188 0.015625 0.015625
0 0.307812 0.245312 0.015625 0.015625
0 0.320312 0.218750 0.015625 0.015625
0 0.342187 0.245312 0.015625 0.015625
0 0.357812 0.223438 0.015625 0.015625
0 0.378125 0.253125 0.015625 0.015625
0 0.396875 0.221875 0.015625 0.015625
0 0.442188 0.215625 0.015625 0.015625
0 0.262500 0.317188 0.015625 0.015625
0 0.245312 0.350000 0.015625 0.015625
0 0.265625 0.378125 0.015625 0.015625
0 0.284375 0.350000 0.015625 0.015625
0 0.303125 0.365625 0.015625 0.015625
0 0.303125 0.314063 0.015625 0.015625
0 0.320312 0.345313 0.015625 0.015625
0 0.340625 0.312500 0.015625 0.015625
0 0.359375 0.346875 0.015625 0.015625
0 0.342187 0.373437 0.015625 0.015625
0 0.378125 0.379688 0.015625 0.015625
0 0.421875 0.379688 0.015625 0.015625
0 0.457813 0.382812 0.015625 0.015625
0 0.492188 0.382812 0.015625 0.015625
0 0.528125 0.381250 0.015625 0.015625
0 0.565625 0.382812 0.015625 0.015625
0 0.604688 0.382812 0.015625 0.015625
0 0.645312 0.382812 0.015625 0.015625
0 0.685937 0.385937 0.015625 0.015625
0 0.623437 0.418750 0.015625 0.015625
0 0.585938 0.418750 0.015625 0.015625
0 0.546875 0.415625 0.015625 0.015625
0 0.509375 0.415625 0.015625 0.015625
0 0.465625 0.417187 0.015625 0.015625
0 0.431250 0.415625 0.015625 0.015625
0 0.393750 0.414062 0.015625 0.015625
0 0.353125 0.415625 0.015625 0.015625
0 0.318750 0.414062 0.015625 0.015625
0 0.279687 0.410938 0.015625 0.015625
0 0.300000 0.450000 0.015625 0.015625
0 0.340625 0.445312 0.015625 0.015625
0 0.315625 0.481250 0.015625 0.015625
0 0.354687 0.482812 0.015625 0.015625
0 0.409375 0.445312 0.015625 0.015625
0 0.454688 0.445312 0.015625 0.015625
0 0.489063 0.446875 0.015625 0.015625
0 0.389062 0.479687 0.015625 0.015625
0 0.412500 0.512500 0.015625 0.015625
0 0.451562 0.515625 0.015625 0.015625
0 0.718750 0.384375 0.015625 0.015625
0 0.781250 0.354687 0.015625 0.015625
0 0.545312 0.476562 0.015625 0.015625
0 0.731250 0.487500 0.015625 0.015625
0 0.787500 0.489063 0.015625 0.015625
0 0.792188 0.523438 0.015625 0.015625
0 0.832812 0.521875 0.015625 0.015625
0 0.875000 0.525000 0.015625 0.015625
0 0.906250 0.523438 0.015625 0.015625
0 0.948438 0.526563 0.015625 0.015625
0 0.926562 0.493750 0.015625 0.015625
0 0.892188 0.492188 0.015625 0.015625
0 0.850000 0.490625 0.015625 0.015625
0 0.810937 0.490625 0.015625 0.015625
0 0.967187 0.493750 0.015625 0.015625
0 0.985938 0.457813 0.015625 0.015625
0 0.931250 0.229687 0.015625 0.015625
0 0.970313 0.228125 0.015625 0.015625
0 0.982812 0.264062 0.015625 0.015625
0 0.951562 0.262500 0.015625 0.015625
0 0.910937 0.260937 0.015625 0.015625
0 0.887500 0.296875 0.015625 0.015625
0 0.929688 0.293750 0.015625 0.015625
0 0.970313 0.295312 0.015625 0.015625
0 0.982812 0.326562 0.015625 0.015625
0 0.945312 0.326562 0.015625 0.015625
0 0.907813 0.326562 0.015625 0.015625
0 0.823438 0.162500 0.015625 0.015625
0 0.857812 0.162500 0.015625 0.015625
0 0.976562 0.853125 0.015625 0.015625
0 0.942187 0.853125 0.015625 0.015625
0 0.903125 0.850000 0.015625 0.015625
0 0.857812 0.848437 0.015625 0.015625
0 0.809375 0.846875 0.015625 0.015625
0 0.468750 0.778125 0.015625 0.015625
0 0.525000 0.779687 0.015625 0.015625
0 0.559375 0.779687 0.015625 0.015625
0 0.596875 0.779687 0.015625 0.015625
0 0.629687 0.779687 0.015625 0.015625
0 0.673438 0.779687 0.015625 0.015625
0 0.707812 0.781250 0.015625 0.015625
0 0.745313 0.781250 0.015625 0.015625
0 0.787500 0.784375 0.015625 0.015625
0 0.826562 0.785937 0.015625 0.015625
0 0.523438 0.712500 0.015625 0.015625
0 0.942187 0.720313 0.015625 0.015625
0 0.981250 0.718750 0.015625 0.015625
0 0.909375 0.787500 0.015625 0.015625
0 0.940625 0.785937 0.015625 0.015625
0 0.973437 0.784375 0.015625 0.015625
