0 0.004687 0.340625 0.015625 0.015625
0 0.021875 0.368750 0.015625 0.015625
0 0.004687 0.404687 0.015625 0.015625
0 0.021875 0.437500 0.015625 0.015625
0 0.040625 0.409375 0.015625 0.015625
0 0.057813 0.435937 0.015625 0.015625
0 0.001563 0.470313 0.015625 0.015625
0 0.020313 0.500000 0.015625 0.015625
0 0.039062 0.468750 0.015625 0.015625
0 0.059375 0.503125 0.015625 0.015625
0 0.076563 0.471875 0.015625 0.015625
0 0.096875 0.506250 0.015625 0.015625
0 0.009375 0.237500 0.015625 0.015625
0 0.028125 0.270313 0.015625 0.015625
0 0.050000 0.307812 0.015625 0.015625
0 0.067187 0.337500 0.015625 0.015625
0 0.084375 0.376563 0.015625 0.015625
0 0.100000 0.409375 0.015625 0.015625
0 0.117188 0.443750 0.015625 0.015625
0 0.134375 0.473438 0.015625 0.015625
0 0.135937 0.504687 0.015625 0.015625
0 0.003125 0.539062 0.015625 0.015625
0 0.025000 0.565625 0.015625 0.015625
0 0.039062 0.535937 0.015625 0.015625
0 0.076563 0.534375 0.015625 0.015625
0 0.115625 0.537500 0.015625 0.015625
0 0.131250 0.568750 0.015625 0.015625
0 0.017188 0.626563 0.015625 0.015625
0 0.039062 0.600000 0.015625 0.015625
0 0.056250 0.635938 0.015625 0.015625
0 0.075000 0.600000 0.015625 0.015625
0 0.092188 0.635938 0.015625 0.015625
0 0.110937 0.604688 0.015625 0.015625
0 0.132812 0.637500 0.015625 0.015625
0 0.150000 0.604688 0.015625 0.015625
0 0.175000 0.642188 0.015625 0.015625
0 0.154688 0.539062 0.015625 0.015625
0 0.189062 0.575000 0.015625 0.015625
0 0.203125 0.606250 0.015625 0.015625
0 0.017188 0.698438 0.015625 0.015625
0 0.031250 0.668750 0.015625 0.015625
0 0.051562 0.698438 0.015625 0.015625
0 0.075000 0.673438 0.015625 0.015625
0 0.090625 0.698438 0.015625 0.015625
0 0.112500 0.667188 0.015625 0.015625
0 0.129688 0.696875 0.015625 0.015625
0 0.146875 0.664062 0.015625 0.015625
0 0.173437 0.700000 0.015625 0.015625
0 0.185938 0.670312 0.015625 0.015625
0 0.012500 0.764062 0.015625 0.015625
0 0.031250 0.728125 0.015625 0.015625
0 0.051562 0.767188 0.015625 0.015625
0 0.068750 0.732812 0.015625 0.015625
0 0.087500 0.765625 0.015625 0.015625
0 0.112500 0.731250 0.015625 0.015625
0 0.129688 0.767188 0.015625 0.015625
0 0.148438 0.732812 0.015625 0.015625
0 0.165625 0.764062 0.015625 0.015625
0 0.187500 0.737500 0.015625 0.015625
0 0.018750 0.831250 0.015625 0.015625
0 0.034375 0.800000 0.015625 0.015625
0 0.056250 0.829688 0.015625 0.015625
0 0.071875 0.803125 0.015625 0.015625
0 0.090625 0.834375 0.015625 0.015625
0 0.109375 0.801562 0.015625 0.015625
0 0.125000 0.835938 0.015625 0.015625
0 0.145313 0.801562 0.015625 0.015625
0 0.168750 0.829688 0.015625 0.015625
0 0.182812 0.801562 0.015625 0.015625
0 0.190625 0.835938 0.015625 0.015625
0 0.214062 0.704688 0.015625 0.015625
0 0.201563 0.768750 0.015625 0.015625
0 0.014063 0.896875 0.015625 0.015625
0 0.050000 0.900000 0.015625 0.015625
0 0.076563 0.864062 0.015625 0.015625
0 0.082812 0.904687 0.015625 0.015625
0 0.112500 0.870313 0.015625 0.015625
0 0.117188 0.900000 0.015625 0.015625
0 0.142187 0.865625 0.015625 0.015625
0 0.151562 0.901563 0.015625 0.015625
0 0.139063 0.934375 0.015625 0.015625
0 0.315625 0.970313 0.015625 0.015625
0 0.354687 0.968750 0.015625 0.015625
0 0.392188 0.970313 0.015625 0.015625
0 0.009375 0.140625 0.015625 0.015625
0 0.026562 0.173437 0.015625 0.015625
0 0.042188 0.142187 0.015625 0.015625
0 0.064062 0.175000 0.015625 0.015625
0 0.079687 0.142187 0.015625 0.015625
0 0.101562 0.173437 0.015625 0.015625
0 0.118750 0.150000 0.015625 0.015625
0 0.135937 0.178125 0.015625 0.015625
0 0.159375 0.143750 0.015625 0.015625
0 0.175000 0.173437 0.015625 0.015625
0 0.192188 0.146875 0.015625 0.015625
0 0.217188 0.178125 0.015625 0.015625
0 0.235937 0.145313 0.015625 0.015625
0 0.254688 0.179688 0.015625 0.015625
0 0.271875 0.148438 0.015625 0.015625
0 0.293750 0.178125 0.015625 0.015625
0 0.312500 0.150000 0.015625 0.015625
0 0.331250 0.181250 0.015625 0.015625
0 0.350000 0.151562 0.015625 0.015625
0 0.370312 0.178125 0.015625 0.015625
0 0.389062 0.151562 0.015625 0.015625
0 0.406250 0.175000 0.015625 0.015625
0 0.423438 0.151562 0.015625 0.015625
0 0.445312 0.182812 0.015625 0.015625
0 0.457813 0.151562 0.015625 0.015625
0 0.484375 0.179688 0.015625 0.015625
0 0.503125 0.150000 0.015625 0.015625
0 0.517188 0.184375 0.015625 0.015625
0 0.060937 0.237500 0.015625 0.015625
0 0.093750 0.237500 0.015625 0.015625
0 0.139063 0.239063 0.015625 0.015625
0 0.178125 0.239063 0.015625 0.015625
0 0.210938 0.245312 0.015625 0.015625
0 0.043750 0.204687 0.015625 0.015625
0 0.117188 0.207813 0.015625 0.015625
0 0.154688 0.207813 0.015625 0.015625
0 0.196875 0.210938 0.015625 0.015625
0 0.462500 0.215625 0.015625 0.015625
0 0.445312 0.246875 0.015625 0.015625
0 0.479687 0.246875 0.015625 0.015625
0 0.518750 0.246875 0.015625 0.015625
0 0.554688 0.250000 0.015625 0.015625
0 0.084375 0.276562 0.015625 0.015625
0 0.121875 0.275000 0.015625 0.015625
0 0.159375 0.275000 0.015625 0.015625
0 0.190625 0.275000 0.015625 0.015625
0 0.231250 0.275000 0.015625 0.015625
0 0.271875 0.275000 0.015625 0.015625
0 0.309375 0.278125 0.015625 0.015625
0 0.346875 0.278125 0.015625 0.015625
0 0.470313 0.281250 0.015625 0.015625
0 0.503125 0.282813 0.015625 0.015625
0 0.540625 0.282813 0.015625 0.015625
0 0.632812 0.251563 0.015625 0.015625
0 0.576562 0.151562 0.015625 0.015625
0 0.612500 0.153125 0.015625 0.015625
0 0.632812 0.185938 0.015625 0.015625
0 0.653125 0.220312 0.015625 0.015625
0 0.671875 0.251563 0.015625 0.015625
0 0.706250 0.254688 0.015625 0.015625
0 0.745313 0.253125 0.015625 0.015625
0 0.767188 0.289062 0.015625 0.015625
0 0.801562 0.289062 0.015625 0.015625
0 0.784375 0.323437 0.015625 0.015625
0 0.729688 0.351562 0.015625 0.015625
0 0.764062 0.353125 0.015625 0.015625
0 0.801562 0.353125 0.015625 0.015625
0 0.132812 0.373437 0.015625 0.015625
0 0.153125 0.409375 0.015625 0.015625
0 0.231250 0.409375 0.015625 0.015625
0 0.268750 0.410938 0.015625 0.015625
0 0.250000 0.373437 0.015625 0.015625
0 0.284375 0.379688 0.015625 0.015625
0 0.270313 0.342187 0.015625 0.015625
0 0.309375 0.410938 0.015625 0.015625
0 0.342187 0.410938 0.015625 0.015625
0 0.500000 0.345313 0.015625 0.015625
0 0.362500 0.312500 0.015625 0.015625
0 0.406250 0.315625 0.015625 0.015625
0 0.385937 0.279687 0.015625 0.015625
0 0.421875 0.278125 0.015625 0.015625
0 0.190625 0.473438 0.015625 0.015625
0 0.173437 0.442188 0.015625 0.015625
0 0.231250 0.473438 0.015625 0.015625
0 0.268750 0.475000 0.015625 0.015625
0 0.303125 0.475000 0.015625 0.015625
0 0.210938 0.507812 0.015625 0.015625
0 0.251563 0.507812 0.015625 0.015625
0 0.284375 0.507812 0.015625 0.015625
0 0.320312 0.509375 0.015625 0.015625
0 0.340625 0.475000 0.015625 0.015625
0 0.362500 0.512500 0.015625 0.015625
0 0.382812 0.475000 0.015625 0.015625
0 0.537500 0.346875 0.015625 0.015625
0 0.575000 0.350000 0.015625 0.015625
0 0.692187 0.285938 0.015625 0.015625
0 0.673438 0.315625 0.015625 0.015625
0 0.631250 0.315625 0.015625 0.015625
0 0.703125 0.318750 0.015625 0.015625
0 0.840625 0.353125 0.015625 0.015625
0 0.871875 0.353125 0.015625 0.015625
0 0.418750 0.412500 0.015625 0.015625
0 0.434375 0.443750 0.015625 0.015625
0 0.421875 0.476562 0.015625 0.015625
0 0.437500 0.518750 0.015625 0.015625
0 0.396875 0.514062 0.015625 0.015625
0 0.379688 0.543750 0.015625 0.015625
0 0.421875 0.543750 0.015625 0.015625
0 0.462500 0.545312 0.015625 0.015625
0 0.339062 0.548438 0.015625 0.015625
0 0.295312 0.548438 0.015625 0.015625
0 0.259375 0.545312 0.015625 0.015625
0 0.281250 0.575000 0.015625 0.015625
0 0.342187 0.604688 0.015625 0.015625
0 0.320312 0.579688 0.015625 0.015625
0 0.364063 0.578125 0.015625 0.015625
0 0.395313 0.578125 0.015625 0.015625
0 0.487500 0.610938 0.015625 0.015625
0 0.573438 0.612500 0.015625 0.015625
0 0.606250 0.614062 0.015625 0.015625
0 0.648438 0.614062 0.015625 0.015625
0 0.685937 0.617188 0.015625 0.015625
0 0.759375 0.615625 0.015625 0.015625
0 0.798438 0.618750 0.015625 0.015625
0 0.448437 0.807813 0.015625 0.015625
0 0.487500 0.807813 0.015625 0.015625
0 0.517188 0.807813 0.015625 0.015625
0 0.564063 0.812500 0.015625 0.015625
0 0.726562 0.814063 0.015625 0.015625
0 0.762500 0.815625 0.015625 0.015625
0 0.800000 0.815625 0.015625 0.015625
0 0.832812 0.815625 0.015625 0.015625
0 0.878125 0.817187 0.015625 0.015625
0 0.945312 0.821875 0.015625 0.015625
0 0.509375 0.843750 0.015625 0.015625
0 0.546875 0.843750 0.015625 0.015625
0 0.582812 0.845313 0.015625 0.015625
0 0.700000 0.850000 0.015625 0.015625
0 0.729688 0.850000 0.015625 0.015625
0 0.778125 0.851562 0.015625 0.015625
0 0.812500 0.851562 0.015625 0.015625
0 0.856250 0.851562 0.015625 0.015625
0 0.887500 0.851562 0.015625 0.015625
0 0.923438 0.851562 0.015625 0.015625
0 0.962500 0.857812 0.015625 0.015625
0 0.442188 0.876563 0.015625 0.015625
0 0.487500 0.873437 0.015625 0.015625
0 0.525000 0.876563 0.015625 0.015625
0 0.567187 0.876563 0.015625 0.015625
0 0.600000 0.876563 0.015625 0.015625
0 0.675000 0.879687 0.015625 0.015625
0 0.718750 0.879687 0.015625 0.015625
0 0.754687 0.879687 0.015625 0.015625
0 0.793750 0.879687 0.015625 0.015625
0 0.862500 0.884375 0.015625 0.015625
0 0.909375 0.885938 0.015625 0.015625
0 0.946875 0.885938 0.015625 0.015625
0 0.985938 0.885938 0.015625 0.015625
0 0.504687 0.909375 0.015625 0.015625
0 0.551562 0.906250 0.015625 0.015625
0 0.584375 0.909375 0.015625 0.015625
0 0.618750 0.909375 0.015625 0.015625
0 0.650000 0.909375 0.015625 0.015625
0 0.740625 0.914062 0.015625 0.015625
0 0.809375 0.917188 0.015625 0.015625
0 0.853125 0.917188 0.015625 0.015625
0 0.926562 0.917188 0.015625 0.015625
0 0.967187 0.920312 0.015625 0.015625
0 0.998437 0.923438 0.015625 0.015625
0 0.525000 0.942187 0.015625 0.015625
0 0.564063 0.945312 0.015625 0.015625
0 0.601562 0.945312 0.015625 0.015625
0 0.678125 0.946875 0.015625 0.015625
0 0.717187 0.946875 0.015625 0.015625
0 0.742188 0.946875 0.015625 0.015625
0 0.789062 0.948438 0.015625 0.015625
0 0.875000 0.951562 0.015625 0.015625
0 0.940625 0.950000 0.015625 0.015625
0 0.981250 0.953125 0.015625 0.015625
0 0.498437 0.971875 0.015625 0.015625
0 0.545312 0.973437 0.015625 0.015625
0 0.578125 0.975000 0.015625 0.015625
0 0.620313 0.976562 0.015625 0.015625
0 0.656250 0.975000 0.015625 0.015625
0 0.687500 0.978125 0.015625 0.015625
0 0.804688 0.979688 0.015625 0.015625
0 0.851562 0.982812 0.015625 0.015625
0 0.881250 0.984375 0.015625 0.015625
0 0.921875 0.984375 0.015625 0.015625
0 0.957812 0.984375 0.015625 0.015625
