0 0.142187 0.032813 0.015625 0.015625
0 0.062500 0.034375 0.015625 0.015625
0 0.218750 0.035937 0.015625 0.015625
0 0.298438 0.039062 0.015625 0.015625
0 0.368750 0.039062 0.015625 0.015625
0 0.450000 0.042188 0.015625 0.015625
0 0.528125 0.042188 0.015625 0.015625
0 0.029687 0.096875 0.015625 0.015625
0 0.181250 0.100000 0.015625 0.015625
0 0.106250 0.100000 0.015625 0.015625
0 0.257812 0.100000 0.015625 0.015625
0 0.331250 0.101562 0.015625 0.015625
0 0.409375 0.107813 0.015625 0.015625
0 0.562500 0.107813 0.015625 0.015625
0 0.485938 0.107813 0.015625 0.015625
0 0.639062 0.110937 0.015625 0.015625
0 0.065625 0.160938 0.015625 0.015625
0 0.142187 0.162500 0.015625 0.015625
0 0.218750 0.165625 0.015625 0.015625
0 0.293750 0.167187 0.015625 0.015625
0 0.367188 0.168750 0.015625 0.015625
0 0.446875 0.170313 0.015625 0.015625
0 0.525000 0.171875 0.015625 0.015625
0 0.601562 0.173437 0.015625 0.015625
0 0.676562 0.173437 0.015625 0.015625
0 0.259375 0.226562 0.015625 0.015625
0 0.106250 0.228125 0.015625 0.015625
0 0.184375 0.229687 0.015625 0.015625
0 0.031250 0.229687 0.015625 0.015625
0 0.407813 0.232813 0.015625 0.015625
0 0.635938 0.232813 0.015625 0.015625
0 0.335938 0.232813 0.015625 0.015625
0 0.487500 0.234375 0.015625 0.015625
0 0.562500 0.235937 0.015625 0.015625
0 0.710938 0.239063 0.015625 0.015625
0 0.140625 0.292187 0.015625 0.015625
0 0.067187 0.292187 0.015625 0.015625
0 0.218750 0.298438 0.015625 0.015625
0 0.293750 0.298438 0.015625 0.015625
0 0.371875 0.300000 0.015625 0.015625
0 0.521875 0.300000 0.015625 0.015625
0 0.446875 0.301563 0.015625 0.015625
0 0.601562 0.303125 0.015625 0.015625
0 0.676562 0.304688 0.015625 0.015625
0 0.754687 0.307812 0.015625 0.015625
0 0.106250 0.360938 0.015625 0.015625
0 0.334375 0.360938 0.015625 0.015625
0 0.029687 0.362500 0.015625 0.015625
0 0.182812 0.362500 0.015625 0.015625
0 0.259375 0.364063 0.015625 0.015625
0 0.412500 0.365625 0.015625 0.015625
0 0.485938 0.367188 0.015625 0.015625
0 0.632812 0.368750 0.015625 0.015625
0 0.712500 0.368750 0.015625 0.015625
0 0.560937 0.370312 0.015625 0.015625
0 0.785937 0.370312 0.015625 0.015625
0 0.217188 0.425000 0.015625 0.015625
0 0.137500 0.425000 0.015625 0.015625
0 0.287500 0.426563 0.015625 0.015625
0 0.064062 0.426563 0.015625 0.015625
0 0.365625 0.429688 0.015625 0.015625
0 0.443750 0.432812 0.015625 0.015625
0 0.670312 0.432812 0.015625 0.015625
0 0.593750 0.434375 0.015625 0.015625
0 0.521875 0.434375 0.015625 0.015625
0 0.746875 0.435937 0.015625 0.015625
0 0.815625 0.437500 0.015625 0.015625
0 0.256250 0.492188 0.015625 0.015625
0 0.100000 0.493750 0.015625 0.015625
0 0.176563 0.493750 0.015625 0.015625
0 0.409375 0.493750 0.015625 0.015625
0 0.331250 0.493750 0.015625 0.015625
0 0.029687 0.496875 0.015625 0.015625
0 0.710938 0.496875 0.015625 0.015625
0 0.632812 0.498437 0.015625 0.015625
0 0.484375 0.498437 0.015625 0.015625
0 0.559375 0.500000 0.015625 0.015625
0 0.782813 0.503125 0.015625 0.015625
0 0.853125 0.504687 0.015625 0.015625
0 0.132812 0.556250 0.015625 0.015625
0 0.062500 0.557813 0.015625 0.015625
0 0.367188 0.559375 0.015625 0.015625
0 0.287500 0.559375 0.015625 0.015625
0 0.210938 0.559375 0.015625 0.015625
0 0.442188 0.560937 0.015625 0.015625
0 0.518750 0.564063 0.015625 0.015625
0 0.593750 0.565625 0.015625 0.015625
0 0.743750 0.565625 0.015625 0.015625
0 0.667188 0.565625 0.015625 0.015625
0 0.820312 0.568750 0.015625 0.015625
0 0.887500 0.571875 0.015625 0.015625
0 0.659375 0.917188 0.015625 0.015625
0 0.548438 0.920312 0.015625 0.015625
0 0.901563 0.442188 0.015625 0.015625
0 0.967187 0.440625 0.015625 0.015625
0 0.618750 0.628125 0.015625 0.015625
0 0.545312 0.628125 0.015625 0.015625
0 0.470313 0.628125 0.015625 0.015625
0 0.392188 0.625000 0.015625 0.015625
0 0.321875 0.623437 0.015625 0.015625
0 0.250000 0.623437 0.015625 0.015625
0 0.167187 0.628125 0.015625 0.015625
0 0.070312 0.621875 0.015625 0.015625
0 0.018750 0.617188 0.015625 0.015625
0 0.068750 0.696875 0.015625 0.015625
0 0.135937 0.690625 0.015625 0.015625
0 0.214062 0.693750 0.015625 0.015625
0 0.293750 0.695312 0.015625 0.015625
0 0.357812 0.692187 0.015625 0.015625
0 0.431250 0.695312 0.015625 0.015625
0 0.470313 0.762500 0.015625 0.015625
0 0.390625 0.757812 0.015625 0.015625
0 0.320312 0.757812 0.015625 0.015625
0 0.246875 0.756250 0.015625 0.015625
0 0.171875 0.751563 0.015625 0.015625
0 0.090625 0.750000 0.015625 0.015625
0 0.021875 0.753125 0.015625 0.015625
0 0.210938 0.817187 0.015625 0.015625
0 0.289062 0.815625 0.015625 0.015625
0 0.360938 0.826562 0.015625 0.015625
0 0.601562 0.715625 0.015625 0.015625
0 0.689063 0.698438 0.015625 0.015625
0 0.754687 0.700000 0.015625 0.015625
0 0.818750 0.695312 0.015625 0.015625
0 0.764062 0.629687 0.015625 0.015625
0 0.704688 0.631250 0.015625 0.015625
0 0.875000 0.634375 0.015625 0.015625
0 0.932813 0.629687 0.015625 0.015625
0 0.825000 0.964063 0.015625 0.015625
0 0.903125 0.967187 0.015625 0.015625
0 0.970313 0.967187 0.015625 0.015625
0 0.756250 0.965625 0.015625 0.015625
0 0.653125 0.964063 0.015625 0.015625
0 0.575000 0.957812 0.015625 0.015625
0 0.509375 0.954688 0.015625 0.015625
0 0.000000 0.910937 0.015625 0.015625
0 0.064062 0.910937 0.015625 0.015625
0 0.117188 0.909375 0.015625 0.015625
0 0.189062 0.907813 0.015625 0.015625
0 0.246875 0.912500 0.015625 0.015625
0 0.439063 0.920312 0.015625 0.015625
