0 0.457813 0.015625 0.015625 0.015625
0 0.670312 0.040625 0.015625 0.015625
0 0.382812 0.048438 0.015625 0.015625
0 0.034375 0.089063 0.015625 0.015625
0 0.726562 0.095312 0.015625 0.015625
0 0.578125 0.123438 0.015625 0.015625
0 0.090625 0.126562 0.015625 0.015625
0 0.504687 0.132812 0.015625 0.015625
0 0.226562 0.151562 0.015625 0.015625
0 0.985938 0.175000 0.015625 0.015625
0 0.901563 0.178125 0.015625 0.015625
0 0.817187 0.200000 0.015625 0.015625
0 0.268750 0.206250 0.015625 0.015625
0 0.414062 0.207813 0.015625 0.015625
0 0.114062 0.209375 0.015625 0.015625
0 0.187500 0.210938 0.015625 0.015625
0 0.768750 0.251563 0.015625 0.015625
0 0.978125 0.257812 0.015625 0.015625
0 0.396875 0.257812 0.015625 0.015625
0 0.865625 0.260937 0.015625 0.015625
0 0.307812 0.270313 0.015625 0.015625
0 0.154688 0.273438 0.015625 0.015625
0 0.228125 0.275000 0.015625 0.015625
0 0.078125 0.275000 0.015625 0.015625
0 0.457813 0.332813 0.015625 0.015625
0 0.834375 0.340625 0.015625 0.015625
0 0.035937 0.342187 0.015625 0.015625
0 0.337500 0.343750 0.015625 0.015625
0 0.189062 0.345313 0.015625 0.015625
0 0.109375 0.346875 0.015625 0.015625
0 0.267188 0.346875 0.015625 0.015625
0 0.787500 0.360938 0.015625 0.015625
0 0.542188 0.390625 0.015625 0.015625
0 0.414062 0.392188 0.015625 0.015625
0 0.329688 0.393750 0.015625 0.015625
0 0.862500 0.395313 0.015625 0.015625
0 0.610938 0.400000 0.015625 0.015625
0 0.962500 0.403125 0.015625 0.015625
0 0.071875 0.407813 0.015625 0.015625
0 0.146875 0.410938 0.015625 0.015625
0 0.229687 0.414062 0.015625 0.015625
0 0.732812 0.431250 0.015625 0.015625
0 0.821875 0.454688 0.015625 0.015625
0 0.432812 0.457813 0.015625 0.015625
0 0.987500 0.468750 0.015625 0.015625
0 0.109375 0.475000 0.015625 0.015625
0 0.009375 0.478125 0.015625 0.015625
0 0.185938 0.479687 0.015625 0.015625
0 0.632812 0.485938 0.015625 0.015625
0 0.717187 0.495312 0.015625 0.015625
0 0.303125 0.512500 0.015625 0.015625
0 0.456250 0.523438 0.015625 0.015625
0 0.067187 0.525000 0.015625 0.015625
0 0.370312 0.529687 0.015625 0.015625
0 0.704688 0.531250 0.015625 0.015625
0 0.620313 0.537500 0.015625 0.015625
0 0.243750 0.540625 0.015625 0.015625
0 0.145313 0.542188 0.015625 0.015625
0 0.781250 0.587500 0.015625 0.015625
0 0.987500 0.600000 0.015625 0.015625
0 0.184375 0.607812 0.015625 0.015625
0 0.009375 0.609375 0.015625 0.015625
0 0.367188 0.625000 0.015625 0.015625
0 0.731250 0.653125 0.015625 0.015625
0 0.278125 0.653125 0.015625 0.015625
0 0.831250 0.659375 0.015625 0.015625
0 0.128125 0.662500 0.015625 0.015625
0 0.217188 0.670312 0.015625 0.015625
0 0.529687 0.671875 0.015625 0.015625
0 0.448437 0.676562 0.015625 0.015625
0 0.670312 0.682813 0.015625 0.015625
0 0.598437 0.684375 0.015625 0.015625
0 0.767188 0.723437 0.015625 0.015625
0 0.096875 0.732812 0.015625 0.015625
0 0.178125 0.735938 0.015625 0.015625
0 0.256250 0.739062 0.015625 0.015625
0 0.003125 0.740625 0.015625 0.015625
0 0.487500 0.740625 0.015625 0.015625
0 0.335938 0.743750 0.015625 0.015625
0 0.637500 0.746875 0.015625 0.015625
0 0.559375 0.746875 0.015625 0.015625
0 0.929688 0.782813 0.015625 0.015625
0 0.057813 0.789062 0.015625 0.015625
0 0.817187 0.796875 0.015625 0.015625
0 0.756250 0.796875 0.015625 0.015625
0 0.137500 0.801562 0.015625 0.015625
0 0.217188 0.804688 0.015625 0.015625
0 0.293750 0.806250 0.015625 0.015625
0 0.637500 0.862500 0.015625 0.015625
0 0.179688 0.873437 0.015625 0.015625
0 0.251563 0.873437 0.015625 0.015625
0 0.931250 0.875000 0.015625 0.015625
0 0.414062 0.910937 0.015625 0.015625
0 0.867188 0.914062 0.015625 0.015625
0 0.809375 0.918750 0.015625 0.015625
0 0.042188 0.931250 0.015625 0.015625
0 0.960938 0.937500 0.015625 0.015625
0 0.289062 0.937500 0.015625 0.015625
0 0.214062 0.939063 0.015625 0.015625
0 0.137500 0.939063 0.015625 0.015625
0 0.678125 0.939063 0.015625 0.015625
0 0.742188 0.945312 0.015625 0.015625
0 0.381250 0.968750 0.015625 0.015625
0 0.857812 0.985938 0.015625 0.015625
