0 0.062500 0.112500 0.015625 0.015625
0 0.135937 0.112500 0.015625 0.015625
0 0.215625 0.114062 0.015625 0.015625
0 0.295312 0.117188 0.015625 0.015625
0 0.364063 0.117188 0.015625 0.015625
0 0.443750 0.118750 0.015625 0.015625
0 0.521875 0.118750 0.015625 0.015625
0 0.593750 0.120313 0.015625 0.015625
0 0.679688 0.125000 0.015625 0.015625
0 0.762500 0.129688 0.015625 0.015625
0 0.828125 0.129688 0.015625 0.015625
0 0.895312 0.128125 0.015625 0.015625
0 0.975000 0.131250 0.015625 0.015625
0 0.060937 0.245312 0.015625 0.015625
0 0.015625 0.178125 0.015625 0.015625
0 0.089063 0.171875 0.015625 0.015625
0 0.140625 0.248438 0.015625 0.015625
0 0.173437 0.175000 0.015625 0.015625
0 0.210938 0.245312 0.015625 0.015625
0 0.254688 0.179688 0.015625 0.015625
0 0.290625 0.253125 0.015625 0.015625
0 0.332813 0.178125 0.015625 0.015625
0 0.360938 0.250000 0.015625 0.015625
0 0.400000 0.176563 0.015625 0.015625
0 0.446875 0.256250 0.015625 0.015625
0 0.481250 0.190625 0.015625 0.015625
0 0.520312 0.246875 0.015625 0.015625
0 0.559375 0.196875 0.015625 0.015625
0 0.592187 0.251563 0.015625 0.015625
0 0.664062 0.254688 0.015625 0.015625
0 0.710938 0.195312 0.015625 0.015625
0 0.742188 0.268750 0.015625 0.015625
0 0.821875 0.262500 0.015625 0.015625
0 0.023438 0.309375 0.015625 0.015625
0 0.103125 0.312500 0.015625 0.015625
0 0.182812 0.314063 0.015625 0.015625
0 0.414062 0.318750 0.015625 0.015625
0 0.210938 0.378125 0.015625 0.015625
0 0.278125 0.384375 0.015625 0.015625
0 0.365625 0.382812 0.015625 0.015625
0 0.517188 0.387500 0.015625 0.015625
0 0.596875 0.387500 0.015625 0.015625
0 0.739062 0.387500 0.015625 0.015625
0 0.020313 0.440625 0.015625 0.015625
0 0.084375 0.440625 0.015625 0.015625
0 0.248438 0.440625 0.015625 0.015625
0 0.325000 0.440625 0.015625 0.015625
0 0.392188 0.448437 0.015625 0.015625
0 0.476562 0.450000 0.015625 0.015625
0 0.546875 0.453125 0.015625 0.015625
0 0.635938 0.453125 0.015625 0.015625
0 0.832812 0.457813 0.015625 0.015625
0 0.707812 0.456250 0.015625 0.015625
0 0.926562 0.457813 0.015625 0.015625
0 0.820312 0.390625 0.015625 0.015625
0 0.893750 0.396875 0.015625 0.015625
0 0.978125 0.396875 0.015625 0.015625
0 0.034375 0.578125 0.015625 0.015625
0 0.087500 0.573438 0.015625 0.015625
0 0.189062 0.581250 0.015625 0.015625
0 0.251563 0.581250 0.015625 0.015625
0 0.060937 0.512500 0.015625 0.015625
0 0.139063 0.514062 0.015625 0.015625
0 0.206250 0.514062 0.015625 0.015625
0 0.295312 0.515625 0.015625 0.015625
0 0.370312 0.517188 0.015625 0.015625
0 0.451562 0.518750 0.015625 0.015625
0 0.517188 0.520312 0.015625 0.015625
0 0.587500 0.520312 0.015625 0.015625
0 0.665625 0.520312 0.015625 0.015625
0 0.745313 0.526563 0.015625 0.015625
0 0.817187 0.526563 0.015625 0.015625
0 0.896875 0.528125 0.015625 0.015625
0 0.967187 0.526563 0.015625 0.015625
0 0.407813 0.578125 0.015625 0.015625
0 0.476562 0.578125 0.015625 0.015625
0 0.560937 0.579688 0.015625 0.015625
0 0.628125 0.579688 0.015625 0.015625
0 0.693750 0.581250 0.015625 0.015625
0 0.767188 0.589063 0.015625 0.015625
0 0.851562 0.589063 0.015625 0.015625
0 0.928125 0.590625 0.015625 0.015625
0 0.975000 0.262500 0.015625 0.015625
0 0.109375 0.645312 0.015625 0.015625
0 0.200000 0.648438 0.015625 0.015625
0 0.285938 0.648438 0.015625 0.015625
0 0.364063 0.650000 0.015625 0.015625
0 0.431250 0.646875 0.015625 0.015625
0 0.507812 0.653125 0.015625 0.015625
0 0.592187 0.653125 0.015625 0.015625
0 0.665625 0.656250 0.015625 0.015625
0 0.746875 0.657813 0.015625 0.015625
0 0.814063 0.659375 0.015625 0.015625
0 0.889062 0.662500 0.015625 0.015625
0 0.953125 0.660937 0.015625 0.015625
0 0.067187 0.712500 0.015625 0.015625
0 0.048438 0.771875 0.015625 0.015625
0 0.156250 0.709375 0.015625 0.015625
0 0.240625 0.709375 0.015625 0.015625
0 0.321875 0.707812 0.015625 0.015625
0 0.400000 0.707812 0.015625 0.015625
0 0.476562 0.709375 0.015625 0.015625
0 0.546875 0.710938 0.015625 0.015625
0 0.632812 0.710938 0.015625 0.015625
0 0.701562 0.710938 0.015625 0.015625
0 0.775000 0.714063 0.015625 0.015625
0 0.857812 0.717187 0.015625 0.015625
0 0.917188 0.725000 0.015625 0.015625
0 0.998437 0.726562 0.015625 0.015625
0 0.129688 0.778125 0.015625 0.015625
0 0.217188 0.776563 0.015625 0.015625
0 0.356250 0.778125 0.015625 0.015625
0 0.434375 0.779687 0.015625 0.015625
0 0.514062 0.779687 0.015625 0.015625
0 0.589063 0.779687 0.015625 0.015625
0 0.665625 0.782813 0.015625 0.015625
0 0.726562 0.782813 0.015625 0.015625
0 0.812500 0.787500 0.015625 0.015625
0 0.092188 0.843750 0.015625 0.015625
0 0.025000 0.846875 0.015625 0.015625
0 0.167187 0.835938 0.015625 0.015625
0 0.467187 0.848437 0.015625 0.015625
0 0.629687 0.853125 0.015625 0.015625
0 0.712500 0.853125 0.015625 0.015625
0 0.785937 0.856250 0.015625 0.015625
0 0.918750 0.857812 0.015625 0.015625
0 0.584375 0.910937 0.015625 0.015625
0 0.667188 0.912500 0.015625 0.015625
0 0.745313 0.914062 0.015625 0.015625
0 0.832812 0.917188 0.015625 0.015625
0 0.896875 0.917188 0.015625 0.015625
0 0.978125 0.912500 0.015625 0.015625
0 0.239063 0.976562 0.015625 0.015625
0 0.695312 0.990625 0.015625 0.015625
0 0.853125 0.989062 0.015625 0.015625
0 0.929688 0.990625 0.015625 0.015625
0 0.007812 0.012500 0.015625 0.015625
0 0.073438 0.012500 0.015625 0.015625
0 0.157812 0.012500 0.015625 0.015625
0 0.245312 0.012500 0.015625 0.015625
0 0.318750 0.012500 0.015625 0.015625
0 0.401562 0.012500 0.015625 0.015625
0 0.478125 0.020313 0.015625 0.015625
0 0.553125 0.031250 0.015625 0.015625
0 0.904687 0.259375 0.015625 0.015625
0 0.932813 0.189062 0.015625 0.015625
0 0.634375 0.028125 0.015625 0.015625
0 0.701562 0.029687 0.015625 0.015625
0 0.764062 0.034375 0.015625 0.015625
0 0.846875 0.032813 0.015625 0.015625
0 0.925000 0.035937 0.015625 0.015625
