0 0.085938 0.432812 0.015625 0.015625
0 0.062500 0.456250 0.015625 0.015625
0 0.132812 0.468750 0.015625 0.015625
0 0.460938 0.484375 0.015625 0.015625
0 0.418750 0.492188 0.015625 0.015625
0 0.384375 0.496875 0.015625 0.015625
0 0.350000 0.501563 0.015625 0.015625
0 0.095312 0.503125 0.015625 0.015625
0 0.312500 0.504687 0.015625 0.015625
0 0.014063 0.507812 0.015625 0.015625
0 0.485938 0.507812 0.015625 0.015625
0 0.235937 0.509375 0.015625 0.015625
0 0.267188 0.512500 0.015625 0.015625
0 0.326562 0.531250 0.015625 0.015625
0 0.101562 0.531250 0.015625 0.015625
0 0.164062 0.534375 0.015625 0.015625
0 0.200000 0.534375 0.015625 0.015625
0 0.392188 0.535937 0.015625 0.015625
0 0.232813 0.535937 0.015625 0.015625
0 0.281250 0.535937 0.015625 0.015625
0 0.043750 0.537500 0.015625 0.015625
0 0.128125 0.539062 0.015625 0.015625
0 0.353125 0.539062 0.015625 0.015625
0 0.254688 0.539062 0.015625 0.015625
0 0.503125 0.543750 0.015625 0.015625
0 0.426563 0.543750 0.015625 0.015625
0 0.465625 0.543750 0.015625 0.015625
0 0.107813 0.565625 0.015625 0.015625
0 0.181250 0.567187 0.015625 0.015625
0 0.026562 0.567187 0.015625 0.015625
0 0.218750 0.568750 0.015625 0.015625
0 0.254688 0.568750 0.015625 0.015625
0 0.142187 0.568750 0.015625 0.015625
0 0.296875 0.570312 0.015625 0.015625
0 0.332813 0.570312 0.015625 0.015625
0 0.370312 0.571875 0.015625 0.015625
0 0.062500 0.571875 0.015625 0.015625
0 0.446875 0.573438 0.015625 0.015625
0 0.407813 0.573438 0.015625 0.015625
0 0.484375 0.575000 0.015625 0.015625
0 0.520312 0.578125 0.015625 0.015625
0 0.557813 0.584375 0.015625 0.015625
0 0.093750 0.592187 0.015625 0.015625
0 0.196875 0.592187 0.015625 0.015625
0 0.235937 0.598437 0.015625 0.015625
0 0.160938 0.600000 0.015625 0.015625
0 0.275000 0.600000 0.015625 0.015625
0 0.314063 0.600000 0.015625 0.015625
0 0.046875 0.601562 0.015625 0.015625
0 0.426563 0.603125 0.015625 0.015625
0 0.464062 0.604688 0.015625 0.015625
0 0.123438 0.604688 0.015625 0.015625
0 0.351562 0.606250 0.015625 0.015625
0 0.503125 0.607812 0.015625 0.015625
0 0.387500 0.607812 0.015625 0.015625
0 0.560937 0.620313 0.015625 0.015625
0 0.257812 0.629687 0.015625 0.015625
0 0.026562 0.631250 0.015625 0.015625
0 0.217188 0.631250 0.015625 0.015625
0 0.142187 0.632812 0.015625 0.015625
0 0.179688 0.632812 0.015625 0.015625
0 0.064062 0.632812 0.015625 0.015625
0 0.295312 0.634375 0.015625 0.015625
0 0.101562 0.634375 0.015625 0.015625
0 0.331250 0.635938 0.015625 0.015625
0 0.367188 0.637500 0.015625 0.015625
0 0.482812 0.640625 0.015625 0.015625
0 0.446875 0.640625 0.015625 0.015625
0 0.195312 0.656250 0.015625 0.015625
0 0.257812 0.657813 0.015625 0.015625
0 0.309375 0.657813 0.015625 0.015625
0 0.004687 0.662500 0.015625 0.015625
0 0.123438 0.665625 0.015625 0.015625
0 0.085938 0.667188 0.015625 0.015625
0 0.276562 0.667188 0.015625 0.015625
0 0.043750 0.667188 0.015625 0.015625
0 0.235937 0.668750 0.015625 0.015625
0 0.159375 0.671875 0.015625 0.015625
0 0.350000 0.671875 0.015625 0.015625
0 0.537500 0.673438 0.015625 0.015625
0 0.426563 0.673438 0.015625 0.015625
0 0.462500 0.673438 0.015625 0.015625
0 0.576562 0.673438 0.015625 0.015625
0 0.500000 0.675000 0.015625 0.015625
0 0.101562 0.695312 0.015625 0.015625
0 0.026562 0.698438 0.015625 0.015625
0 0.064062 0.698438 0.015625 0.015625
0 0.217188 0.698438 0.015625 0.015625
0 0.251563 0.698438 0.015625 0.015625
0 0.295312 0.700000 0.015625 0.015625
0 0.329688 0.703125 0.015625 0.015625
0 0.520312 0.704688 0.015625 0.015625
0 0.179688 0.704688 0.015625 0.015625
0 0.368750 0.704688 0.015625 0.015625
0 0.443750 0.704688 0.015625 0.015625
0 0.557813 0.706250 0.015625 0.015625
0 0.595313 0.706250 0.015625 0.015625
0 0.406250 0.706250 0.015625 0.015625
0 0.482812 0.706250 0.015625 0.015625
0 0.140625 0.707812 0.015625 0.015625
0 0.084375 0.726562 0.015625 0.015625
0 0.234375 0.726562 0.015625 0.015625
0 0.196875 0.729688 0.015625 0.015625
0 0.270313 0.729688 0.015625 0.015625
0 0.043750 0.729688 0.015625 0.015625
0 0.007812 0.731250 0.015625 0.015625
0 0.162500 0.731250 0.015625 0.015625
0 0.346875 0.732812 0.015625 0.015625
0 0.596875 0.734375 0.015625 0.015625
0 0.310937 0.734375 0.015625 0.015625
0 0.625000 0.734375 0.015625 0.015625
0 0.120313 0.735938 0.015625 0.015625
0 0.460938 0.735938 0.015625 0.015625
0 0.500000 0.737500 0.015625 0.015625
0 0.426563 0.737500 0.015625 0.015625
0 0.395313 0.740625 0.015625 0.015625
0 0.535937 0.740625 0.015625 0.015625
0 0.359375 0.759375 0.015625 0.015625
0 0.214062 0.762500 0.015625 0.015625
0 0.251563 0.764062 0.015625 0.015625
0 0.025000 0.764062 0.015625 0.015625
0 0.290625 0.767188 0.015625 0.015625
0 0.329688 0.768750 0.015625 0.015625
0 0.135937 0.768750 0.015625 0.015625
0 0.550000 0.768750 0.015625 0.015625
0 0.442188 0.768750 0.015625 0.015625
0 0.404687 0.770312 0.015625 0.015625
0 0.481250 0.770312 0.015625 0.015625
0 0.520312 0.771875 0.015625 0.015625
0 0.632812 0.773438 0.015625 0.015625
0 0.175000 0.775000 0.015625 0.015625
0 0.200000 0.784375 0.015625 0.015625
0 0.379688 0.785937 0.015625 0.015625
0 0.237500 0.787500 0.015625 0.015625
0 0.084375 0.795312 0.015625 0.015625
0 0.270313 0.796875 0.015625 0.015625
0 0.153125 0.796875 0.015625 0.015625
0 0.340625 0.796875 0.015625 0.015625
0 0.117188 0.798438 0.015625 0.015625
0 0.310937 0.800000 0.015625 0.015625
0 0.039062 0.801562 0.015625 0.015625
0 0.425000 0.801562 0.015625 0.015625
0 0.460938 0.801562 0.015625 0.015625
0 0.500000 0.803125 0.015625 0.015625
0 0.651563 0.804688 0.015625 0.015625
0 0.535937 0.804688 0.015625 0.015625
0 0.329688 0.821875 0.015625 0.015625
0 0.365625 0.823438 0.015625 0.015625
0 0.200000 0.823438 0.015625 0.015625
0 0.137500 0.829688 0.015625 0.015625
0 0.690625 0.831250 0.015625 0.015625
0 0.171875 0.831250 0.015625 0.015625
0 0.401562 0.832812 0.015625 0.015625
0 0.437500 0.832812 0.015625 0.015625
0 0.248438 0.832812 0.015625 0.015625
0 0.520312 0.834375 0.015625 0.015625
0 0.551562 0.834375 0.015625 0.015625
0 0.665625 0.837500 0.015625 0.015625
0 0.631250 0.839063 0.015625 0.015625
0 0.570312 0.842187 0.015625 0.015625
0 0.217188 0.843750 0.015625 0.015625
0 0.287500 0.846875 0.015625 0.015625
0 0.473438 0.851562 0.015625 0.015625
0 0.318750 0.853125 0.015625 0.015625
0 0.389062 0.856250 0.015625 0.015625
0 0.539062 0.859375 0.015625 0.015625
0 0.351562 0.859375 0.015625 0.015625
0 0.623437 0.859375 0.015625 0.015625
0 0.704688 0.860938 0.015625 0.015625
0 0.193750 0.862500 0.015625 0.015625
0 0.157812 0.862500 0.015625 0.015625
0 0.234375 0.865625 0.015625 0.015625
0 0.423438 0.865625 0.015625 0.015625
0 0.654687 0.867188 0.015625 0.015625
0 0.500000 0.867188 0.015625 0.015625
0 0.098437 0.868750 0.015625 0.015625
0 0.171875 0.892188 0.015625 0.015625
0 0.073438 0.893750 0.015625 0.015625
0 0.475000 0.895312 0.015625 0.015625
0 0.400000 0.896875 0.015625 0.015625
0 0.360938 0.896875 0.015625 0.015625
0 0.325000 0.896875 0.015625 0.015625
0 0.251563 0.896875 0.015625 0.015625
0 0.437500 0.896875 0.015625 0.015625
0 0.518750 0.900000 0.015625 0.015625
0 0.668750 0.903125 0.015625 0.015625
0 0.631250 0.904687 0.015625 0.015625
0 0.285938 0.904687 0.015625 0.015625
0 0.704688 0.906250 0.015625 0.015625
0 0.739062 0.906250 0.015625 0.015625
0 0.159375 0.920312 0.015625 0.015625
0 0.195312 0.928125 0.015625 0.015625
0 0.229687 0.931250 0.015625 0.015625
0 0.343750 0.931250 0.015625 0.015625
0 0.306250 0.932813 0.015625 0.015625
0 0.457813 0.934375 0.015625 0.015625
0 0.381250 0.934375 0.015625 0.015625
0 0.496875 0.934375 0.015625 0.015625
0 0.648438 0.935937 0.015625 0.015625
0 0.535937 0.935937 0.015625 0.015625
0 0.421875 0.937500 0.015625 0.015625
0 0.723437 0.939063 0.015625 0.015625
0 0.685937 0.942187 0.015625 0.015625
0 0.181250 0.957812 0.015625 0.015625
0 0.021875 0.957812 0.015625 0.015625
0 0.321875 0.967187 0.015625 0.015625
0 0.517188 0.970313 0.015625 0.015625
0 0.626563 0.970313 0.015625 0.015625
0 0.743750 0.973437 0.015625 0.015625
0 0.242188 0.976562 0.015625 0.015625
0 0.712500 0.982812 0.015625 0.015625
0 0.681250 0.982812 0.015625 0.015625
0 0.656250 0.982812 0.015625 0.015625
0 0.387500 0.987500 0.015625 0.015625
0 0.075000 0.992188 0.015625 0.015625
0 0.164062 0.993750 0.015625 0.015625
0 0.340625 0.998437 0.015625 0.015625
0 0.198437 0.998437 0.015625 0.015625
0 0.495312 0.998437 0.015625 0.015625
