0 0.889062 0.007812 0.015625 0.015625
0 0.214062 0.032813 0.015625 0.015625
0 0.287500 0.035937 0.015625 0.015625
0 0.139063 0.037500 0.015625 0.015625
0 0.740625 0.056250 0.015625 0.015625
0 0.535937 0.059375 0.015625 0.015625
0 0.676562 0.060937 0.015625 0.015625
0 0.590625 0.060937 0.015625 0.015625
0 0.932813 0.073438 0.015625 0.015625
0 0.103125 0.093750 0.015625 0.015625
0 0.253125 0.095312 0.015625 0.015625
0 0.475000 0.104688 0.015625 0.015625
0 0.779687 0.107813 0.015625 0.015625
0 0.628125 0.107813 0.015625 0.015625
0 0.856250 0.109375 0.015625 0.015625
0 0.137500 0.164062 0.015625 0.015625
0 0.364063 0.165625 0.015625 0.015625
0 0.592187 0.165625 0.015625 0.015625
0 0.514062 0.165625 0.015625 0.015625
0 0.442188 0.165625 0.015625 0.015625
0 0.059375 0.168750 0.015625 0.015625
0 0.210938 0.170313 0.015625 0.015625
0 0.812500 0.189062 0.015625 0.015625
0 0.759375 0.190625 0.015625 0.015625
0 0.714063 0.190625 0.015625 0.015625
0 0.665625 0.192188 0.015625 0.015625
0 0.856250 0.200000 0.015625 0.015625
0 0.965625 0.215625 0.015625 0.015625
0 0.015625 0.221875 0.015625 0.015625
0 0.101562 0.226562 0.015625 0.015625
0 0.176563 0.231250 0.015625 0.015625
0 0.553125 0.235937 0.015625 0.015625
0 0.629687 0.235937 0.015625 0.015625
0 0.321875 0.235937 0.015625 0.015625
0 0.478125 0.237500 0.015625 0.015625
0 0.406250 0.239063 0.015625 0.015625
0 0.781250 0.242188 0.015625 0.015625
0 0.585938 0.289062 0.015625 0.015625
0 0.209375 0.292187 0.015625 0.015625
0 0.134375 0.292187 0.015625 0.015625
0 0.284375 0.295312 0.015625 0.015625
0 0.510938 0.296875 0.015625 0.015625
0 0.435937 0.298438 0.015625 0.015625
0 0.362500 0.304688 0.015625 0.015625
0 0.662500 0.309375 0.015625 0.015625
0 0.965625 0.317188 0.015625 0.015625
0 0.776563 0.348438 0.015625 0.015625
0 0.090625 0.359375 0.015625 0.015625
0 0.471875 0.360938 0.015625 0.015625
0 0.546875 0.360938 0.015625 0.015625
0 0.321875 0.360938 0.015625 0.015625
0 0.242188 0.360938 0.015625 0.015625
0 0.015625 0.360938 0.015625 0.015625
0 0.625000 0.365625 0.015625 0.015625
0 0.700000 0.365625 0.015625 0.015625
0 0.928125 0.375000 0.015625 0.015625
0 0.509375 0.420312 0.015625 0.015625
0 0.581250 0.420312 0.015625 0.015625
0 0.282813 0.428125 0.015625 0.015625
0 0.701562 0.462500 0.015625 0.015625
0 0.087500 0.482812 0.015625 0.015625
0 0.003125 0.485938 0.015625 0.015625
0 0.164062 0.485938 0.015625 0.015625
0 0.395313 0.489063 0.015625 0.015625
0 0.317188 0.492188 0.015625 0.015625
0 0.550000 0.492188 0.015625 0.015625
0 0.026562 0.535937 0.015625 0.015625
0 0.804688 0.539062 0.015625 0.015625
0 0.504687 0.560937 0.015625 0.015625
0 0.432812 0.562500 0.015625 0.015625
0 0.582812 0.565625 0.015625 0.015625
0 0.885938 0.567187 0.015625 0.015625
0 0.265625 0.573438 0.015625 0.015625
0 0.340625 0.582812 0.015625 0.015625
0 0.184375 0.584375 0.015625 0.015625
0 0.106250 0.589063 0.015625 0.015625
0 0.709375 0.598437 0.015625 0.015625
0 0.031250 0.635938 0.015625 0.015625
0 0.309375 0.637500 0.015625 0.015625
0 0.429688 0.665625 0.015625 0.015625
0 0.184375 0.682813 0.015625 0.015625
0 0.962500 0.690625 0.015625 0.015625
0 0.893750 0.690625 0.015625 0.015625
0 0.479687 0.745313 0.015625 0.015625
0 0.778125 0.767188 0.015625 0.015625
0 0.700000 0.767188 0.015625 0.015625
0 0.848437 0.768750 0.015625 0.015625
0 0.920312 0.770312 0.015625 0.015625
0 0.631250 0.785937 0.015625 0.015625
0 0.214062 0.837500 0.015625 0.015625
0 0.956250 0.843750 0.015625 0.015625
0 0.879687 0.848437 0.015625 0.015625
0 0.304688 0.860938 0.015625 0.015625
0 0.628125 0.873437 0.015625 0.015625
0 0.460938 0.885938 0.015625 0.015625
0 0.710938 0.887500 0.015625 0.015625
0 0.237500 0.889062 0.015625 0.015625
0 0.542188 0.890625 0.015625 0.015625
0 0.167187 0.898438 0.015625 0.015625
0 0.910937 0.917188 0.015625 0.015625
0 0.981250 0.931250 0.015625 0.015625
0 0.610938 0.934375 0.015625 0.015625
0 0.267188 0.935937 0.015625 0.015625
0 0.807813 0.935937 0.015625 0.015625
0 0.535937 0.937500 0.015625 0.015625
0 0.659375 0.942187 0.015625 0.015625
0 0.126562 0.954688 0.015625 0.015625
0 0.206250 0.957812 0.015625 0.015625
0 0.507812 0.964063 0.015625 0.015625
0 0.292187 0.971875 0.015625 0.015625
0 0.584375 0.978125 0.015625 0.015625
0 0.753125 0.981250 0.015625 0.015625
0 0.807813 0.990625 0.015625 0.015625
