0 0.029687 0.409375 0.015625 0.015625
0 0.071875 0.350000 0.015625 0.015625
0 0.150000 0.350000 0.015625 0.015625
0 0.109375 0.409375 0.015625 0.015625
0 0.181250 0.417187 0.015625 0.015625
0 0.223438 0.348438 0.015625 0.015625
0 0.260937 0.414062 0.015625 0.015625
0 0.304688 0.350000 0.015625 0.015625
0 0.345313 0.417187 0.015625 0.015625
0 0.375000 0.357812 0.015625 0.015625
0 0.412500 0.418750 0.015625 0.015625
0 0.453125 0.359375 0.015625 0.015625
0 0.495312 0.421875 0.015625 0.015625
0 0.529687 0.351562 0.015625 0.015625
0 0.576562 0.426563 0.015625 0.015625
0 0.606250 0.357812 0.015625 0.015625
0 0.646875 0.426563 0.015625 0.015625
0 0.682813 0.359375 0.015625 0.015625
0 0.729688 0.423438 0.015625 0.015625
0 0.764062 0.359375 0.015625 0.015625
0 0.796875 0.423438 0.015625 0.015625
0 0.832812 0.364063 0.015625 0.015625
0 0.871875 0.423438 0.015625 0.015625
0 0.915625 0.365625 0.015625 0.015625
0 0.954688 0.432812 0.015625 0.015625
0 0.987500 0.356250 0.015625 0.015625
0 0.185938 0.281250 0.015625 0.015625
0 0.271875 0.282813 0.015625 0.015625
0 0.337500 0.285938 0.015625 0.015625
0 0.417187 0.287500 0.015625 0.015625
0 0.381250 0.225000 0.015625 0.015625
0 0.456250 0.223438 0.015625 0.015625
0 0.514062 0.289062 0.015625 0.015625
0 0.528125 0.218750 0.015625 0.015625
0 0.493750 0.164062 0.015625 0.015625
0 0.560937 0.168750 0.015625 0.015625
0 0.628125 0.165625 0.015625 0.015625
0 0.717187 0.165625 0.015625 0.015625
0 0.610938 0.221875 0.015625 0.015625
0 0.573438 0.289062 0.015625 0.015625
0 0.653125 0.284375 0.015625 0.015625
0 0.685937 0.226562 0.015625 0.015625
0 0.721875 0.293750 0.015625 0.015625
0 0.760938 0.228125 0.015625 0.015625
0 0.798438 0.285938 0.015625 0.015625
0 0.839063 0.225000 0.015625 0.015625
0 0.873437 0.295312 0.015625 0.015625
0 0.909375 0.231250 0.015625 0.015625
0 0.950000 0.293750 0.015625 0.015625
0 0.795312 0.150000 0.015625 0.015625
0 0.837500 0.092188 0.015625 0.015625
0 0.762500 0.089063 0.015625 0.015625
0 0.879687 0.164062 0.015625 0.015625
0 0.726562 0.034375 0.015625 0.015625
0 0.687500 0.098437 0.015625 0.015625
0 0.071875 0.478125 0.015625 0.015625
0 0.151562 0.479687 0.015625 0.015625
0 0.221875 0.482812 0.015625 0.015625
0 0.304688 0.482812 0.015625 0.015625
0 0.389062 0.487500 0.015625 0.015625
0 0.453125 0.487500 0.015625 0.015625
0 0.529687 0.487500 0.015625 0.015625
0 0.609375 0.490625 0.015625 0.015625
0 0.685937 0.487500 0.015625 0.015625
0 0.753125 0.487500 0.015625 0.015625
0 0.840625 0.490625 0.015625 0.015625
0 0.921875 0.492188 0.015625 0.015625
0 0.989062 0.492188 0.015625 0.015625
0 0.029687 0.540625 0.015625 0.015625
0 0.065625 0.604688 0.015625 0.015625
0 0.109375 0.546875 0.015625 0.015625
0 0.143750 0.607812 0.015625 0.015625
0 0.182812 0.542188 0.015625 0.015625
0 0.225000 0.606250 0.015625 0.015625
0 0.264062 0.543750 0.015625 0.015625
0 0.301563 0.615625 0.015625 0.015625
0 0.335938 0.553125 0.015625 0.015625
0 0.371875 0.610938 0.015625 0.015625
0 0.414062 0.550000 0.015625 0.015625
0 0.443750 0.609375 0.015625 0.015625
0 0.482812 0.550000 0.015625 0.015625
0 0.526563 0.612500 0.015625 0.015625
0 0.565625 0.554688 0.015625 0.015625
0 0.600000 0.620313 0.015625 0.015625
0 0.642188 0.551562 0.015625 0.015625
0 0.676562 0.615625 0.015625 0.015625
0 0.710938 0.560937 0.015625 0.015625
0 0.753125 0.621875 0.015625 0.015625
0 0.795312 0.557813 0.015625 0.015625
0 0.829688 0.620313 0.015625 0.015625
0 0.868750 0.565625 0.015625 0.015625
0 0.904687 0.620313 0.015625 0.015625
0 0.945312 0.554688 0.015625 0.015625
0 0.981250 0.618750 0.015625 0.015625
0 0.000000 0.731250 0.015625 0.015625
0 0.028125 0.671875 0.015625 0.015625
0 0.068750 0.732812 0.015625 0.015625
0 0.100000 0.673438 0.015625 0.015625
0 0.142187 0.745313 0.015625 0.015625
0 0.187500 0.671875 0.015625 0.015625
0 0.217188 0.742188 0.015625 0.015625
0 0.264062 0.671875 0.015625 0.015625
0 0.301563 0.742188 0.015625 0.015625
0 0.326562 0.678125 0.015625 0.015625
0 0.370312 0.743750 0.015625 0.015625
0 0.404687 0.678125 0.015625 0.015625
0 0.445312 0.743750 0.015625 0.015625
0 0.482812 0.676562 0.015625 0.015625
0 0.559375 0.679688 0.015625 0.015625
0 0.518750 0.750000 0.015625 0.015625
0 0.637500 0.684375 0.015625 0.015625
0 0.600000 0.742188 0.015625 0.015625
0 0.714063 0.684375 0.015625 0.015625
0 0.679688 0.740625 0.015625 0.015625
0 0.751563 0.753125 0.015625 0.015625
0 0.789062 0.684375 0.015625 0.015625
0 0.826562 0.748437 0.015625 0.015625
0 0.868750 0.690625 0.015625 0.015625
0 0.906250 0.748437 0.015625 0.015625
0 0.943750 0.690625 0.015625 0.015625
0 0.981250 0.756250 0.015625 0.015625
0 0.026562 0.804688 0.015625 0.015625
0 0.070312 0.870313 0.015625 0.015625
0 0.106250 0.803125 0.015625 0.015625
0 0.143750 0.873437 0.015625 0.015625
0 0.181250 0.807813 0.015625 0.015625
0 0.212500 0.868750 0.015625 0.015625
0 0.256250 0.806250 0.015625 0.015625
0 0.293750 0.873437 0.015625 0.015625
0 0.331250 0.812500 0.015625 0.015625
0 0.373437 0.878125 0.015625 0.015625
0 0.410938 0.814063 0.015625 0.015625
0 0.445312 0.870313 0.015625 0.015625
0 0.481250 0.814063 0.015625 0.015625
0 0.518750 0.876563 0.015625 0.015625
0 0.556250 0.810937 0.015625 0.015625
0 0.593750 0.881250 0.015625 0.015625
0 0.626563 0.817187 0.015625 0.015625
0 0.668750 0.879687 0.015625 0.015625
0 0.707812 0.820312 0.015625 0.015625
0 0.745313 0.879687 0.015625 0.015625
0 0.784375 0.817187 0.015625 0.015625
0 0.825000 0.881250 0.015625 0.015625
0 0.859375 0.817187 0.015625 0.015625
0 0.900000 0.887500 0.015625 0.015625
0 0.937500 0.810937 0.015625 0.015625
0 0.975000 0.882812 0.015625 0.015625
0 0.026562 0.935937 0.015625 0.015625
0 0.064062 0.993750 0.015625 0.015625
0 0.095312 0.935937 0.015625 0.015625
0 0.179688 0.943750 0.015625 0.015625
0 0.248438 0.943750 0.015625 0.015625
0 0.325000 0.942187 0.015625 0.015625
0 0.404687 0.943750 0.015625 0.015625
0 0.476562 0.946875 0.015625 0.015625
0 0.553125 0.953125 0.015625 0.015625
0 0.629687 0.951562 0.015625 0.015625
0 0.704688 0.951562 0.015625 0.015625
0 0.784375 0.945312 0.015625 0.015625
0 0.854688 0.954688 0.015625 0.015625
0 0.934375 0.948438 0.015625 0.015625
0 0.995313 0.106250 0.015625 0.015625
0 0.410938 0.025000 0.015625 0.015625
0 0.342187 0.026562 0.015625 0.015625
0 0.275000 0.029687 0.015625 0.015625
0 0.310937 0.095312 0.015625 0.015625
0 0.232813 0.085938 0.015625 0.015625
0 0.262500 0.154688 0.015625 0.015625
0 0.182812 0.156250 0.015625 0.015625
0 0.101562 0.156250 0.015625 0.015625
0 0.026562 0.154688 0.015625 0.015625
0 0.148438 0.082812 0.015625 0.015625
0 0.070312 0.089063 0.015625 0.015625
0 0.014063 0.070312 0.015625 0.015625
0 0.040625 0.025000 0.015625 0.015625
0 0.123438 0.028125 0.015625 0.015625
0 0.198437 0.023438 0.015625 0.015625
0 0.953125 0.031250 0.015625 0.015625
0 0.887500 0.025000 0.015625 0.015625
0 0.940625 0.100000 0.015625 0.015625
