0 0.020313 0.318750 0.015625 0.015625
0 0.096875 0.321875 0.015625 0.015625
0 0.167187 0.323437 0.015625 0.015625
0 0.250000 0.320312 0.015625 0.015625
0 0.323437 0.323437 0.015625 0.015625
0 0.398438 0.328125 0.015625 0.015625
0 0.473438 0.331250 0.015625 0.015625
0 0.550000 0.331250 0.015625 0.015625
0 0.053125 0.387500 0.015625 0.015625
0 0.125000 0.389062 0.015625 0.015625
0 0.207813 0.390625 0.015625 0.015625
0 0.285938 0.392188 0.015625 0.015625
0 0.353125 0.392188 0.015625 0.015625
0 0.423438 0.395313 0.015625 0.015625
0 0.503125 0.395313 0.015625 0.015625
0 0.582812 0.398438 0.015625 0.015625
0 0.018750 0.453125 0.015625 0.015625
0 0.084375 0.453125 0.015625 0.015625
0 0.165625 0.457813 0.015625 0.015625
0 0.400000 0.460938 0.015625 0.015625
0 0.473438 0.462500 0.015625 0.015625
0 0.548438 0.464062 0.015625 0.015625
0 0.056250 0.521875 0.015625 0.015625
0 0.132812 0.521875 0.015625 0.015625
0 0.210938 0.523438 0.015625 0.015625
0 0.284375 0.528125 0.015625 0.015625
0 0.354687 0.528125 0.015625 0.015625
0 0.429688 0.528125 0.015625 0.015625
0 0.517188 0.529687 0.015625 0.015625
0 0.579688 0.526563 0.015625 0.015625
0 0.617188 0.464062 0.015625 0.015625
0 0.662500 0.529687 0.015625 0.015625
0 0.084375 0.715625 0.015625 0.015625
0 0.170313 0.717187 0.015625 0.015625
0 0.237500 0.717187 0.015625 0.015625
0 0.007812 0.848437 0.015625 0.015625
0 0.082812 0.851562 0.015625 0.015625
0 0.156250 0.850000 0.015625 0.015625
0 0.225000 0.850000 0.015625 0.015625
0 0.310937 0.853125 0.015625 0.015625
0 0.373437 0.853125 0.015625 0.015625
0 0.460938 0.853125 0.015625 0.015625
0 0.540625 0.853125 0.015625 0.015625
0 0.609375 0.854688 0.015625 0.015625
0 0.692187 0.859375 0.015625 0.015625
0 0.765625 0.859375 0.015625 0.015625
0 0.845313 0.860938 0.015625 0.015625
0 0.007812 0.978125 0.015625 0.015625
0 0.154688 0.985938 0.015625 0.015625
0 0.229687 0.981250 0.015625 0.015625
0 0.307812 0.982812 0.015625 0.015625
0 0.395313 0.982812 0.015625 0.015625
0 0.457813 0.987500 0.015625 0.015625
0 0.543750 0.990625 0.015625 0.015625
0 0.610938 0.990625 0.015625 0.015625
0 0.692187 0.992188 0.015625 0.015625
0 0.768750 0.995313 0.015625 0.015625
0 0.848437 0.993750 0.015625 0.015625
0 0.318750 0.718750 0.015625 0.015625
0 0.262500 0.653125 0.015625 0.015625
0 0.346875 0.650000 0.015625 0.015625
0 0.431250 0.654687 0.015625 0.015625
0 0.389062 0.723437 0.015625 0.015625
0 0.462500 0.723437 0.015625 0.015625
0 0.503125 0.662500 0.015625 0.015625
0 0.537500 0.721875 0.015625 0.015625
0 0.620313 0.725000 0.015625 0.015625
0 0.703125 0.721875 0.015625 0.015625
0 0.018750 0.582812 0.015625 0.015625
0 0.164062 0.587500 0.015625 0.015625
0 0.243750 0.592187 0.015625 0.015625
0 0.320312 0.589063 0.015625 0.015625
0 0.376563 0.587500 0.015625 0.015625
0 0.459375 0.590625 0.015625 0.015625
0 0.545312 0.598437 0.015625 0.015625
0 0.028125 0.053125 0.015625 0.015625
0 0.106250 0.057813 0.015625 0.015625
0 0.173437 0.057813 0.015625 0.015625
0 0.256250 0.068750 0.015625 0.015625
0 0.281250 0.001563 0.015625 0.015625
0 0.326562 0.064062 0.015625 0.015625
0 0.520312 0.004687 0.015625 0.015625
0 0.557813 0.071875 0.015625 0.015625
0 0.479687 0.070312 0.015625 0.015625
0 0.598437 0.007812 0.015625 0.015625
0 0.635938 0.073438 0.015625 0.015625
0 0.704688 0.071875 0.015625 0.015625
0 0.746875 0.010937 0.015625 0.015625
0 0.779687 0.070312 0.015625 0.015625
0 0.823438 0.007812 0.015625 0.015625
0 0.860938 0.079687 0.015625 0.015625
0 0.900000 0.012500 0.015625 0.015625
0 0.935937 0.073438 0.015625 0.015625
0 0.985938 0.001563 0.015625 0.015625
0 0.592187 0.135937 0.015625 0.015625
0 0.514062 0.132812 0.015625 0.015625
0 0.670312 0.139063 0.015625 0.015625
0 0.743750 0.140625 0.015625 0.015625
0 0.834375 0.142187 0.015625 0.015625
0 0.890625 0.142187 0.015625 0.015625
0 0.771875 0.210938 0.015625 0.015625
0 0.703125 0.209375 0.015625 0.015625
0 0.864062 0.215625 0.015625 0.015625
0 0.929688 0.212500 0.015625 0.015625
0 0.973437 0.151562 0.015625 0.015625
0 0.659375 0.268750 0.015625 0.015625
0 0.701562 0.334375 0.015625 0.015625
0 0.740625 0.270313 0.015625 0.015625
0 0.810937 0.270313 0.015625 0.015625
0 0.845313 0.343750 0.015625 0.015625
0 0.885938 0.275000 0.015625 0.015625
0 0.926562 0.335938 0.015625 0.015625
0 0.967187 0.276562 0.015625 0.015625
0 0.890625 0.404687 0.015625 0.015625
0 0.926562 0.467187 0.015625 0.015625
0 0.959375 0.407813 0.015625 0.015625
0 0.804688 0.534375 0.015625 0.015625
0 0.846875 0.596875 0.015625 0.015625
0 0.923438 0.603125 0.015625 0.015625
0 0.962500 0.537500 0.015625 0.015625
0 0.998437 0.620313 0.015625 0.015625
0 0.812500 0.668750 0.015625 0.015625
0 0.848437 0.731250 0.015625 0.015625
0 0.881250 0.667188 0.015625 0.015625
0 0.921875 0.729688 0.015625 0.015625
0 0.959375 0.667188 0.015625 0.015625
0 0.998437 0.739062 0.015625 0.015625
0 0.887500 0.801562 0.015625 0.015625
0 0.918750 0.857812 0.015625 0.015625
0 0.959375 0.809375 0.015625 0.015625
0 0.989062 0.864062 0.015625 0.015625
0 0.082812 0.128125 0.015625 0.015625
0 0.143750 0.126562 0.015625 0.015625
0 0.232813 0.129688 0.015625 0.015625
0 0.300000 0.128125 0.015625 0.015625
0 0.368750 0.128125 0.015625 0.015625
0 0.396875 0.203125 0.015625 0.015625
0 0.325000 0.195312 0.015625 0.015625
0 0.251563 0.192188 0.015625 0.015625
0 0.176563 0.192188 0.015625 0.015625
0 0.098437 0.192188 0.015625 0.015625
0 0.001563 0.190625 0.015625 0.015625
0 0.618750 0.203125 0.015625 0.015625
0 0.620313 0.332813 0.015625 0.015625
0 0.668750 0.396875 0.015625 0.015625
0 0.743750 0.400000 0.015625 0.015625
0 0.806250 0.400000 0.015625 0.015625
0 0.776563 0.328125 0.015625 0.015625
0 0.851562 0.470313 0.015625 0.015625
0 0.759375 0.464062 0.015625 0.015625
0 0.690625 0.464062 0.015625 0.015625
0 0.984375 0.996875 0.015625 0.015625
0 0.950000 0.918750 0.015625 0.015625
0 0.042188 0.912500 0.015625 0.015625
0 0.123438 0.648438 0.015625 0.015625
0 0.046875 0.648438 0.015625 0.015625
0 0.204687 0.650000 0.015625 0.015625
0 0.048438 0.789062 0.015625 0.015625
0 0.121875 0.785937 0.015625 0.015625
0 0.196875 0.785937 0.015625 0.015625
0 0.271875 0.785937 0.015625 0.015625
0 0.353125 0.793750 0.015625 0.015625
0 0.432812 0.793750 0.015625 0.015625
0 0.662500 0.795312 0.015625 0.015625
0 0.732812 0.801562 0.015625 0.015625
0 0.807813 0.803125 0.015625 0.015625
0 0.776563 0.731250 0.015625 0.015625
0 0.740625 0.660937 0.015625 0.015625
0 0.632812 0.604688 0.015625 0.015625
0 0.681250 0.600000 0.015625 0.015625
0 0.114062 0.912500 0.015625 0.015625
0 0.196875 0.915625 0.015625 0.015625
0 0.275000 0.914062 0.015625 0.015625
0 0.345313 0.918750 0.015625 0.015625
0 0.428125 0.921875 0.015625 0.015625
0 0.500000 0.925000 0.015625 0.015625
0 0.587500 0.925000 0.015625 0.015625
0 0.640625 0.926562 0.015625 0.015625
0 0.735938 0.926562 0.015625 0.015625
0 0.807813 0.929688 0.015625 0.015625
0 0.515625 0.792188 0.015625 0.015625
0 0.921875 0.995313 0.015625 0.015625
0 0.670312 0.014063 0.015625 0.015625
0 0.590625 0.270313 0.015625 0.015625
0 0.884375 0.540625 0.015625 0.015625
