0 0.745313 0.771875 0.015625 0.015625
0 0.710938 0.445312 0.015625 0.015625
0 0.787500 0.578125 0.015625 0.015625
0 0.789062 0.446875 0.015625 0.015625
0 0.635938 0.834375 0.015625 0.015625
0 0.332813 0.437500 0.015625 0.015625
0 0.593750 0.765625 0.015625 0.015625
0 0.867188 0.451562 0.015625 0.015625
0 0.023438 0.821875 0.015625 0.015625
0 0.668750 0.642188 0.015625 0.015625
0 0.484375 0.440625 0.015625 0.015625
0 0.406250 0.442188 0.015625 0.015625
0 0.098437 0.696875 0.015625 0.015625
0 0.020313 0.695312 0.015625 0.015625
0 0.143750 0.370312 0.015625 0.015625
0 0.559375 0.442188 0.015625 0.015625
0 0.148438 0.240625 0.015625 0.015625
0 0.670312 0.510938 0.015625 0.015625
0 0.176563 0.437500 0.015625 0.015625
0 0.107813 0.300000 0.015625 0.015625
0 0.100000 0.562500 0.015625 0.015625
0 0.589063 0.373437 0.015625 0.015625
0 0.220312 0.371875 0.015625 0.015625
0 0.518750 0.764062 0.015625 0.015625
0 0.482812 0.570312 0.015625 0.015625
0 0.562500 0.701562 0.015625 0.015625
0 0.634375 0.443750 0.015625 0.015625
0 0.934375 0.712500 0.015625 0.015625
0 0.515625 0.642188 0.015625 0.015625
0 0.070312 0.237500 0.015625 0.015625
0 0.554688 0.571875 0.015625 0.015625
0 0.789062 0.839063 0.015625 0.015625
0 0.098437 0.823438 0.015625 0.015625
0 0.934375 0.839063 0.015625 0.015625
0 0.021875 0.562500 0.015625 0.015625
0 0.140625 0.500000 0.015625 0.015625
0 0.671875 0.770312 0.015625 0.015625
0 0.260937 0.304688 0.015625 0.015625
0 0.443750 0.764062 0.015625 0.015625
0 0.296875 0.371875 0.015625 0.015625
0 0.214062 0.764062 0.015625 0.015625
0 0.367188 0.762500 0.015625 0.015625
0 0.289062 0.637500 0.015625 0.015625
0 0.821875 0.514062 0.015625 0.015625
0 0.292187 0.760938 0.015625 0.015625
0 0.895312 0.775000 0.015625 0.015625
0 0.251563 0.437500 0.015625 0.015625
0 0.062500 0.759375 0.015625 0.015625
0 0.482812 0.826562 0.015625 0.015625
0 0.862500 0.587500 0.015625 0.015625
0 0.365625 0.504687 0.015625 0.015625
0 0.139063 0.759375 0.015625 0.015625
0 0.592187 0.639062 0.015625 0.015625
0 0.065625 0.498437 0.015625 0.015625
0 0.971875 0.776563 0.015625 0.015625
0 0.062500 0.631250 0.015625 0.015625
0 0.518750 0.507812 0.015625 0.015625
0 0.939063 0.450000 0.015625 0.015625
0 0.173437 0.565625 0.015625 0.015625
0 0.182812 0.303125 0.015625 0.015625
0 0.745313 0.643750 0.015625 0.015625
0 0.746875 0.514062 0.015625 0.015625
0 0.714063 0.571875 0.015625 0.015625
0 0.370312 0.375000 0.015625 0.015625
0 0.026562 0.301563 0.015625 0.015625
0 0.714063 0.835938 0.015625 0.015625
0 0.971875 0.648438 0.015625 0.015625
0 0.818750 0.765625 0.015625 0.015625
0 0.443750 0.893750 0.015625 0.015625
0 0.062500 0.887500 0.015625 0.015625
0 0.562500 0.826562 0.015625 0.015625
0 0.746875 0.901563 0.015625 0.015625
0 0.773438 0.971875 0.015625 0.015625
0 0.821875 0.900000 0.015625 0.015625
0 0.289062 0.889062 0.015625 0.015625
0 0.250000 0.821875 0.015625 0.015625
0 0.671875 0.898438 0.015625 0.015625
0 0.370312 0.892188 0.015625 0.015625
0 0.137500 0.887500 0.015625 0.015625
0 0.326562 0.821875 0.015625 0.015625
0 0.021875 0.953125 0.015625 0.015625
0 0.967187 0.904687 0.015625 0.015625
0 0.220312 0.890625 0.015625 0.015625
0 0.860938 0.835938 0.015625 0.015625
0 0.701562 0.970313 0.015625 0.015625
0 0.031250 0.162500 0.015625 0.015625
0 0.418750 0.304688 0.015625 0.015625
0 0.476562 0.304688 0.015625 0.015625
0 0.562500 0.306250 0.015625 0.015625
0 0.459375 0.376563 0.015625 0.015625
0 0.518750 0.378125 0.015625 0.015625
0 0.679688 0.384375 0.015625 0.015625
0 0.746875 0.379688 0.015625 0.015625
0 0.029687 0.426563 0.015625 0.015625
0 0.106250 0.432812 0.015625 0.015625
0 0.960938 0.267188 0.015625 0.015625
0 0.882812 0.268750 0.015625 0.015625
0 0.828125 0.273438 0.015625 0.015625
0 0.935937 0.181250 0.015625 0.015625
0 0.873437 0.185938 0.015625 0.015625
0 0.812500 0.185938 0.015625 0.015625
0 0.714063 0.185938 0.015625 0.015625
0 0.639062 0.178125 0.015625 0.015625
0 0.575000 0.178125 0.015625 0.015625
0 0.935937 0.059375 0.015625 0.015625
0 0.975000 0.126562 0.015625 0.015625
0 0.910937 0.121875 0.015625 0.015625
0 0.875000 0.056250 0.015625 0.015625
0 0.829688 0.118750 0.015625 0.015625
0 0.789062 0.064062 0.015625 0.015625
0 0.754687 0.117188 0.015625 0.015625
0 0.720313 0.054688 0.015625 0.015625
0 0.668750 0.107813 0.015625 0.015625
0 0.642188 0.043750 0.015625 0.015625
0 0.598437 0.110937 0.015625 0.015625
0 0.567187 0.043750 0.015625 0.015625
0 0.525000 0.104688 0.015625 0.015625
0 0.501563 0.054688 0.015625 0.015625
0 0.418750 0.117188 0.015625 0.015625
0 0.414062 0.043750 0.015625 0.015625
0 0.368750 0.114062 0.015625 0.015625
0 0.350000 0.040625 0.015625 0.015625
0 0.257812 0.042188 0.015625 0.015625
0 0.245312 0.571875 0.015625 0.015625
0 0.318750 0.571875 0.015625 0.015625
0 0.389062 0.568750 0.015625 0.015625
0 0.290625 0.504687 0.015625 0.015625
0 0.446875 0.500000 0.015625 0.015625
0 0.625000 0.575000 0.015625 0.015625
0 0.596875 0.509375 0.015625 0.015625
0 0.170313 0.700000 0.015625 0.015625
0 0.245312 0.696875 0.015625 0.015625
0 0.325000 0.701562 0.015625 0.015625
0 0.400000 0.703125 0.015625 0.015625
0 0.484375 0.703125 0.015625 0.015625
0 0.632812 0.706250 0.015625 0.015625
0 0.882812 0.909375 0.015625 0.015625
0 0.851562 0.975000 0.015625 0.015625
0 0.910937 0.981250 0.015625 0.015625
0 0.512500 0.889062 0.015625 0.015625
0 0.604688 0.904687 0.015625 0.015625
0 0.323437 0.962500 0.015625 0.015625
0 0.393750 0.960938 0.015625 0.015625
0 0.175000 0.820312 0.015625 0.015625
0 0.095312 0.951562 0.015625 0.015625
0 0.218750 0.500000 0.015625 0.015625
0 0.332813 0.303125 0.015625 0.015625
0 0.639062 0.314063 0.015625 0.015625
0 0.371875 0.637500 0.015625 0.015625
0 0.448437 0.631250 0.015625 0.015625
0 0.207813 0.637500 0.015625 0.015625
0 0.126562 0.639062 0.015625 0.015625
0 0.406250 0.826562 0.015625 0.015625
0 0.626563 0.967187 0.015625 0.015625
