0 0.104688 0.034375 0.015625 0.015625
0 0.254688 0.034375 0.015625 0.015625
0 0.181250 0.035937 0.015625 0.015625
0 0.332813 0.039062 0.015625 0.015625
0 0.482812 0.039062 0.015625 0.015625
0 0.709375 0.042188 0.015625 0.015625
0 0.410938 0.042188 0.015625 0.015625
0 0.787500 0.050000 0.015625 0.015625
0 0.868750 0.054688 0.015625 0.015625
0 0.935937 0.057813 0.015625 0.015625
0 0.142187 0.095312 0.015625 0.015625
0 0.071875 0.096875 0.015625 0.015625
0 0.365625 0.098437 0.015625 0.015625
0 0.517188 0.103125 0.015625 0.015625
0 0.223438 0.106250 0.015625 0.015625
0 0.445312 0.107813 0.015625 0.015625
0 0.979688 0.109375 0.015625 0.015625
0 0.665625 0.109375 0.015625 0.015625
0 0.710938 0.160938 0.015625 0.015625
0 0.028125 0.162500 0.015625 0.015625
0 0.632812 0.170313 0.015625 0.015625
0 0.785937 0.170313 0.015625 0.015625
0 0.559375 0.170313 0.015625 0.015625
0 0.481250 0.171875 0.015625 0.015625
0 0.935937 0.181250 0.015625 0.015625
0 0.207813 0.221875 0.015625 0.015625
0 0.439063 0.231250 0.015625 0.015625
0 0.287500 0.234375 0.015625 0.015625
0 0.518750 0.235937 0.015625 0.015625
0 0.590625 0.237500 0.015625 0.015625
0 0.667188 0.239063 0.015625 0.015625
0 0.740625 0.242188 0.015625 0.015625
0 0.967187 0.245312 0.015625 0.015625
0 0.895312 0.245312 0.015625 0.015625
0 0.815625 0.246875 0.015625 0.015625
0 0.017188 0.290625 0.015625 0.015625
0 0.178125 0.293750 0.015625 0.015625
0 0.087500 0.293750 0.015625 0.015625
0 0.325000 0.295312 0.015625 0.015625
0 0.403125 0.296875 0.015625 0.015625
0 0.628125 0.298438 0.015625 0.015625
0 0.481250 0.300000 0.015625 0.015625
0 0.554688 0.301563 0.015625 0.015625
0 0.935937 0.303125 0.015625 0.015625
0 0.704688 0.306250 0.015625 0.015625
0 0.854688 0.307812 0.015625 0.015625
0 0.773438 0.307812 0.015625 0.015625
0 0.057813 0.360938 0.015625 0.015625
0 0.207813 0.362500 0.015625 0.015625
0 0.360938 0.364063 0.015625 0.015625
0 0.284375 0.365625 0.015625 0.015625
0 0.659375 0.367188 0.015625 0.015625
0 0.434375 0.368750 0.015625 0.015625
0 0.514062 0.368750 0.015625 0.015625
0 0.735938 0.370312 0.015625 0.015625
0 0.589063 0.370312 0.015625 0.015625
0 0.901563 0.373437 0.015625 0.015625
0 0.967187 0.375000 0.015625 0.015625
0 0.810937 0.375000 0.015625 0.015625
0 0.010937 0.420312 0.015625 0.015625
0 0.850000 0.437500 0.015625 0.015625
0 0.440625 0.490625 0.015625 0.015625
0 0.360938 0.492188 0.015625 0.015625
0 0.734375 0.493750 0.015625 0.015625
0 0.664062 0.498437 0.015625 0.015625
0 0.590625 0.500000 0.015625 0.015625
0 0.809375 0.500000 0.015625 0.015625
0 0.962500 0.504687 0.015625 0.015625
0 0.885938 0.506250 0.015625 0.015625
0 0.237500 0.550000 0.015625 0.015625
0 0.321875 0.554688 0.015625 0.015625
0 0.465625 0.562500 0.015625 0.015625
0 0.559375 0.567187 0.015625 0.015625
0 0.765625 0.571875 0.015625 0.015625
0 0.926562 0.571875 0.015625 0.015625
0 0.126562 0.615625 0.015625 0.015625
0 0.282813 0.620313 0.015625 0.015625
0 0.732812 0.631250 0.015625 0.015625
0 0.809375 0.632812 0.015625 0.015625
0 0.960938 0.634375 0.015625 0.015625
0 0.659375 0.635938 0.015625 0.015625
0 0.585938 0.637500 0.015625 0.015625
0 0.239063 0.682813 0.015625 0.015625
0 0.481250 0.692187 0.015625 0.015625
0 0.768750 0.695312 0.015625 0.015625
0 0.696875 0.695312 0.015625 0.015625
0 0.915625 0.698438 0.015625 0.015625
0 0.842187 0.700000 0.015625 0.015625
0 0.579688 0.743750 0.015625 0.015625
0 0.657813 0.759375 0.015625 0.015625
0 0.732812 0.760938 0.015625 0.015625
0 0.010937 0.806250 0.015625 0.015625
0 0.085938 0.809375 0.015625 0.015625
0 0.309375 0.815625 0.015625 0.015625
0 0.232813 0.815625 0.015625 0.015625
0 0.390625 0.820312 0.015625 0.015625
0 0.460938 0.821875 0.015625 0.015625
0 0.614062 0.823438 0.015625 0.015625
0 0.689063 0.826562 0.015625 0.015625
0 0.764062 0.828125 0.015625 0.015625
0 0.046875 0.873437 0.015625 0.015625
0 0.129688 0.876563 0.015625 0.015625
0 0.425000 0.885938 0.015625 0.015625
0 0.495312 0.887500 0.015625 0.015625
0 0.657813 0.887500 0.015625 0.015625
0 0.731250 0.890625 0.015625 0.015625
0 0.882812 0.895312 0.015625 0.015625
0 0.809375 0.898438 0.015625 0.015625
0 0.957812 0.898438 0.015625 0.015625
0 0.006250 0.940625 0.015625 0.015625
0 0.159375 0.942187 0.015625 0.015625
0 0.085938 0.943750 0.015625 0.015625
0 0.460938 0.946875 0.015625 0.015625
0 0.534375 0.948438 0.015625 0.015625
0 0.609375 0.954688 0.015625 0.015625
0 0.689063 0.956250 0.015625 0.015625
0 0.768750 0.957812 0.015625 0.015625
0 0.912500 0.959375 0.015625 0.015625
0 0.992188 0.960938 0.015625 0.015625
0 0.842187 0.960938 0.015625 0.015625
0 0.104688 0.156250 0.015625 0.015625
0 0.178125 0.167187 0.015625 0.015625
0 0.260937 0.167187 0.015625 0.015625
0 0.329688 0.168750 0.015625 0.015625
0 0.404687 0.167187 0.015625 0.015625
0 0.556250 0.050000 0.015625 0.015625
0 0.587500 0.117188 0.015625 0.015625
0 0.632812 0.042188 0.015625 0.015625
0 0.132812 0.360938 0.015625 0.015625
0 0.162500 0.423438 0.015625 0.015625
0 0.095312 0.431250 0.015625 0.015625
0 0.120313 0.485938 0.015625 0.015625
0 0.043750 0.482812 0.015625 0.015625
0 0.004687 0.540625 0.015625 0.015625
0 0.004687 0.676562 0.015625 0.015625
0 0.043750 0.731250 0.015625 0.015625
0 0.118750 0.748437 0.015625 0.015625
0 0.196875 0.742188 0.015625 0.015625
0 0.203125 0.876563 0.015625 0.015625
0 0.265625 0.881250 0.015625 0.015625
0 0.339062 0.882812 0.015625 0.015625
0 0.287500 0.751563 0.015625 0.015625
0 0.362500 0.743750 0.015625 0.015625
0 0.435937 0.748437 0.015625 0.015625
0 0.493750 0.750000 0.015625 0.015625
0 0.151562 0.684375 0.015625 0.015625
0 0.090625 0.678125 0.015625 0.015625
0 0.057813 0.612500 0.015625 0.015625
0 0.090625 0.535937 0.015625 0.015625
0 0.200000 0.607812 0.015625 0.015625
0 0.323437 0.682813 0.015625 0.015625
0 0.571875 0.685937 0.015625 0.015625
0 0.617188 0.682813 0.015625 0.015625
0 0.635938 0.557813 0.015625 0.015625
0 0.703125 0.560937 0.015625 0.015625
0 0.401562 0.557813 0.015625 0.015625
0 0.951562 0.762500 0.015625 0.015625
0 0.551562 0.432812 0.015625 0.015625
0 0.621875 0.435937 0.015625 0.015625
0 0.700000 0.439063 0.015625 0.015625
0 0.451562 0.420312 0.015625 0.015625
0 0.390625 0.434375 0.015625 0.015625
0 0.240625 0.428125 0.015625 0.015625
0 0.279687 0.490625 0.015625 0.015625
0 0.198437 0.492188 0.015625 0.015625
0 0.173437 0.554688 0.015625 0.015625
0 0.128125 0.225000 0.015625 0.015625
0 0.046875 0.225000 0.015625 0.015625
0 0.750000 0.112500 0.015625 0.015625
0 0.829688 0.112500 0.015625 0.015625
0 0.901563 0.114062 0.015625 0.015625
0 0.025000 0.029687 0.015625 0.015625
0 0.242188 0.295312 0.015625 0.015625
0 0.240625 0.950000 0.015625 0.015625
0 0.846875 0.568750 0.015625 0.015625
0 0.879687 0.634375 0.015625 0.015625
0 0.857812 0.828125 0.015625 0.015625
0 0.925000 0.828125 0.015625 0.015625
0 0.995313 0.837500 0.015625 0.015625
0 0.567187 0.893750 0.015625 0.015625
0 0.535937 0.825000 0.015625 0.015625
