0 0.006250 0.000000 0.015625 0.015625
0 0.689063 0.003125 0.015625 0.015625
0 0.084375 0.003125 0.015625 0.015625
0 0.160938 0.007812 0.015625 0.015625
0 0.762500 0.010937 0.015625 0.015625
0 0.235937 0.010937 0.015625 0.015625
0 0.315625 0.015625 0.015625 0.015625
0 0.610938 0.018750 0.015625 0.015625
0 0.389062 0.020313 0.015625 0.015625
0 0.501563 0.040625 0.015625 0.015625
0 0.121875 0.070312 0.015625 0.015625
0 0.040625 0.071875 0.015625 0.015625
0 0.198437 0.076563 0.015625 0.015625
0 0.278125 0.076563 0.015625 0.015625
0 0.350000 0.076563 0.015625 0.015625
0 0.728125 0.082812 0.015625 0.015625
0 0.942187 0.085938 0.015625 0.015625
0 0.429688 0.089063 0.015625 0.015625
0 0.537500 0.128125 0.015625 0.015625
0 0.007812 0.135937 0.015625 0.015625
0 0.759375 0.146875 0.015625 0.015625
0 0.687500 0.146875 0.015625 0.015625
0 0.987500 0.146875 0.015625 0.015625
0 0.835938 0.150000 0.015625 0.015625
0 0.384375 0.151562 0.015625 0.015625
0 0.034375 0.200000 0.015625 0.015625
0 0.187500 0.201563 0.015625 0.015625
0 0.107813 0.204687 0.015625 0.015625
0 0.573438 0.206250 0.015625 0.015625
0 0.492188 0.209375 0.015625 0.015625
0 0.642188 0.210938 0.015625 0.015625
0 0.721875 0.212500 0.015625 0.015625
0 0.079687 0.264062 0.015625 0.015625
0 0.309375 0.268750 0.015625 0.015625
0 0.232813 0.268750 0.015625 0.015625
0 0.153125 0.271875 0.015625 0.015625
0 0.837500 0.276562 0.015625 0.015625
0 0.381250 0.276562 0.015625 0.015625
0 0.535937 0.278125 0.015625 0.015625
0 0.987500 0.281250 0.015625 0.015625
0 0.684375 0.282813 0.015625 0.015625
0 0.600000 0.282813 0.015625 0.015625
0 0.759375 0.284375 0.015625 0.015625
0 0.904687 0.285938 0.015625 0.015625
0 0.035937 0.328125 0.015625 0.015625
0 0.106250 0.331250 0.015625 0.015625
0 0.190625 0.334375 0.015625 0.015625
0 0.267188 0.335938 0.015625 0.015625
0 0.351562 0.339062 0.015625 0.015625
0 0.942187 0.340625 0.015625 0.015625
0 0.506250 0.340625 0.015625 0.015625
0 0.790625 0.342187 0.015625 0.015625
0 0.420312 0.342187 0.015625 0.015625
0 0.725000 0.342187 0.015625 0.015625
0 0.643750 0.343750 0.015625 0.015625
0 0.575000 0.343750 0.015625 0.015625
0 0.865625 0.346875 0.015625 0.015625
0 0.075000 0.389062 0.015625 0.015625
0 0.004687 0.389062 0.015625 0.015625
0 0.153125 0.398438 0.015625 0.015625
0 0.309375 0.400000 0.015625 0.015625
0 0.385937 0.400000 0.015625 0.015625
0 0.229687 0.403125 0.015625 0.015625
0 0.606250 0.404687 0.015625 0.015625
0 0.531250 0.404687 0.015625 0.015625
0 0.679688 0.406250 0.015625 0.015625
0 0.457813 0.406250 0.015625 0.015625
0 0.757812 0.407813 0.015625 0.015625
0 0.984375 0.409375 0.015625 0.015625
0 0.906250 0.409375 0.015625 0.015625
0 0.832812 0.410938 0.015625 0.015625
0 0.034375 0.462500 0.015625 0.015625
0 0.109375 0.465625 0.015625 0.015625
0 0.643750 0.468750 0.015625 0.015625
0 0.189062 0.468750 0.015625 0.015625
0 0.340625 0.471875 0.015625 0.015625
0 0.567187 0.473438 0.015625 0.015625
0 0.718750 0.473438 0.015625 0.015625
0 0.418750 0.475000 0.015625 0.015625
0 0.264062 0.475000 0.015625 0.015625
0 0.496875 0.476562 0.015625 0.015625
0 0.790625 0.479687 0.015625 0.015625
0 0.135937 0.517188 0.015625 0.015625
0 0.003125 0.532813 0.015625 0.015625
0 0.379688 0.534375 0.015625 0.015625
0 0.534375 0.535937 0.015625 0.015625
0 0.306250 0.537500 0.015625 0.015625
0 0.226562 0.537500 0.015625 0.015625
0 0.604688 0.539062 0.015625 0.015625
0 0.756250 0.539062 0.015625 0.015625
0 0.682813 0.543750 0.015625 0.015625
0 0.984375 0.551562 0.015625 0.015625
0 0.912500 0.553125 0.015625 0.015625
0 0.034375 0.593750 0.015625 0.015625
0 0.260937 0.595313 0.015625 0.015625
0 0.110937 0.595313 0.015625 0.015625
0 0.187500 0.598437 0.015625 0.015625
0 0.412500 0.598437 0.015625 0.015625
0 0.337500 0.598437 0.015625 0.015625
0 0.493750 0.603125 0.015625 0.015625
0 0.565625 0.606250 0.015625 0.015625
0 0.712500 0.606250 0.015625 0.015625
0 0.789062 0.607812 0.015625 0.015625
0 0.864062 0.609375 0.015625 0.015625
0 0.639062 0.610938 0.015625 0.015625
0 0.942187 0.610938 0.015625 0.015625
0 0.068750 0.656250 0.015625 0.015625
0 0.217188 0.662500 0.015625 0.015625
0 0.153125 0.662500 0.015625 0.015625
0 0.303125 0.662500 0.015625 0.015625
0 0.370312 0.671875 0.015625 0.015625
0 0.532813 0.678125 0.015625 0.015625
0 0.982812 0.679688 0.015625 0.015625
0 0.910937 0.679688 0.015625 0.015625
0 0.837500 0.681250 0.015625 0.015625
0 0.665625 0.682813 0.015625 0.015625
0 0.107813 0.720313 0.015625 0.015625
0 0.185938 0.721875 0.015625 0.015625
0 0.032813 0.721875 0.015625 0.015625
0 0.257812 0.725000 0.015625 0.015625
0 0.337500 0.726562 0.015625 0.015625
0 0.409375 0.726562 0.015625 0.015625
0 0.485938 0.732812 0.015625 0.015625
0 0.635938 0.734375 0.015625 0.015625
0 0.709375 0.734375 0.015625 0.015625
0 0.859375 0.734375 0.015625 0.015625
0 0.785937 0.735938 0.015625 0.015625
0 0.942187 0.737500 0.015625 0.015625
0 0.562500 0.737500 0.015625 0.015625
0 0.062500 0.784375 0.015625 0.015625
0 0.139063 0.785937 0.015625 0.015625
0 0.440625 0.785937 0.015625 0.015625
0 0.210938 0.789062 0.015625 0.015625
0 0.292187 0.790625 0.015625 0.015625
0 0.371875 0.792188 0.015625 0.015625
0 0.754687 0.798438 0.015625 0.015625
0 0.825000 0.800000 0.015625 0.015625
0 0.903125 0.801562 0.015625 0.015625
0 0.978125 0.801562 0.015625 0.015625
0 0.254688 0.853125 0.015625 0.015625
0 0.940625 0.864062 0.015625 0.015625
