0 0.026562 0.434375 0.015625 0.015625
0 0.048438 0.401562 0.015625 0.015625
0 0.062500 0.500000 0.015625 0.015625
0 0.009375 0.401562 0.015625 0.015625
0 0.325000 0.570312 0.015625 0.015625
0 0.250000 0.435937 0.015625 0.015625
0 0.253125 0.371875 0.015625 0.015625
0 0.610938 0.607812 0.015625 0.015625
0 0.400000 0.506250 0.015625 0.015625
0 0.553125 0.573438 0.015625 0.015625
0 0.139063 0.435937 0.015625 0.015625
0 0.212500 0.434375 0.015625 0.015625
0 0.100000 0.500000 0.015625 0.015625
0 0.290625 0.373437 0.015625 0.015625
0 0.415625 0.734375 0.015625 0.015625
0 0.801562 0.545312 0.015625 0.015625
0 0.328125 0.373437 0.015625 0.015625
0 0.651563 0.350000 0.015625 0.015625
0 0.764062 0.545312 0.015625 0.015625
0 0.196875 0.401562 0.015625 0.015625
0 0.175000 0.568750 0.015625 0.015625
0 0.176563 0.434375 0.015625 0.015625
0 0.640625 0.935937 0.015625 0.015625
0 0.290625 0.435937 0.015625 0.015625
0 0.301563 0.798438 0.015625 0.015625
0 0.801562 0.610938 0.015625 0.015625
0 0.778125 0.775000 0.015625 0.015625
0 0.271875 0.470313 0.015625 0.015625
0 0.250000 0.504687 0.015625 0.015625
0 0.818750 0.773438 0.015625 0.015625
0 0.725000 0.610938 0.015625 0.015625
0 0.460938 0.473438 0.015625 0.015625
0 0.710938 0.381250 0.015625 0.015625
0 0.435937 0.832812 0.015625 0.015625
0 0.226562 0.800000 0.015625 0.015625
0 0.575000 0.412500 0.015625 0.015625
0 0.393750 0.964063 0.015625 0.015625
0 0.681250 0.806250 0.015625 0.015625
0 0.585938 0.834375 0.015625 0.015625
0 0.289062 0.501563 0.015625 0.015625
0 0.551562 0.637500 0.015625 0.015625
0 0.625000 0.837500 0.015625 0.015625
0 0.137500 0.500000 0.015625 0.015625
0 0.785937 0.381250 0.015625 0.015625
0 0.212500 0.504687 0.015625 0.015625
0 0.098437 0.565625 0.015625 0.015625
0 0.135937 0.567187 0.015625 0.015625
0 0.648438 0.609375 0.015625 0.015625
0 0.265625 0.800000 0.015625 0.015625
0 0.212500 0.568750 0.015625 0.015625
0 0.414062 0.932813 0.015625 0.015625
0 0.378125 0.734375 0.015625 0.015625
0 0.265625 0.734375 0.015625 0.015625
0 0.192188 0.598437 0.015625 0.015625
0 0.498437 0.473438 0.015625 0.015625
0 0.510938 0.900000 0.015625 0.015625
0 0.320312 0.898438 0.015625 0.015625
0 0.573438 0.476562 0.015625 0.015625
0 0.323437 0.762500 0.015625 0.015625
0 0.590625 0.507812 0.015625 0.015625
0 0.792188 0.939063 0.015625 0.015625
0 0.435937 0.964063 0.015625 0.015625
0 0.267188 0.604688 0.015625 0.015625
0 0.490625 0.800000 0.015625 0.015625
0 0.664062 0.700000 0.015625 0.015625
0 0.360938 0.964063 0.015625 0.015625
0 0.060937 0.568750 0.015625 0.015625
0 0.735938 0.971875 0.015625 0.015625
0 0.662500 0.770312 0.015625 0.015625
0 0.554688 0.445312 0.015625 0.015625
0 0.156250 0.468750 0.015625 0.015625
0 0.453125 0.734375 0.015625 0.015625
0 0.400000 0.832812 0.015625 0.015625
0 0.421875 0.473438 0.015625 0.015625
0 0.596875 0.381250 0.015625 0.015625
0 0.801562 0.481250 0.015625 0.015625
0 0.339062 0.864062 0.015625 0.015625
0 0.775000 0.906250 0.015625 0.015625
0 0.535937 0.539062 0.015625 0.015625
0 0.525000 0.934375 0.015625 0.015625
0 0.739062 0.835938 0.015625 0.015625
0 0.479687 0.442188 0.015625 0.015625
0 0.506250 0.831250 0.015625 0.015625
0 0.815625 0.904687 0.015625 0.015625
0 0.737500 0.904687 0.015625 0.015625
0 0.614062 0.412500 0.015625 0.015625
0 0.614062 0.346875 0.015625 0.015625
0 0.764062 0.610938 0.015625 0.015625
0 0.117188 0.600000 0.015625 0.015625
0 0.728125 0.350000 0.015625 0.015625
0 0.192188 0.467187 0.015625 0.015625
0 0.634375 0.381250 0.015625 0.015625
0 0.101562 0.434375 0.015625 0.015625
0 0.154688 0.600000 0.015625 0.015625
0 0.384375 0.473438 0.015625 0.015625
0 0.228125 0.664062 0.015625 0.015625
0 0.229687 0.471875 0.015625 0.015625
0 0.784375 0.512500 0.015625 0.015625
0 0.115625 0.534375 0.015625 0.015625
0 0.425000 0.407813 0.015625 0.015625
0 0.689063 0.350000 0.015625 0.015625
0 0.645312 0.671875 0.015625 0.015625
0 0.246875 0.634375 0.015625 0.015625
0 0.076563 0.598437 0.015625 0.015625
0 0.673438 0.382812 0.015625 0.015625
0 0.725000 0.543750 0.015625 0.015625
0 0.453125 0.798438 0.015625 0.015625
0 0.285938 0.634375 0.015625 0.015625
0 0.781250 0.645312 0.015625 0.015625
0 0.771875 0.971875 0.015625 0.015625
0 0.592187 0.445312 0.015625 0.015625
0 0.687500 0.609375 0.015625 0.015625
0 0.665625 0.642188 0.015625 0.015625
0 0.251563 0.700000 0.015625 0.015625
0 0.553125 0.507812 0.015625 0.015625
0 0.612500 0.896875 0.015625 0.015625
0 0.207813 0.634375 0.015625 0.015625
0 0.310937 0.406250 0.015625 0.015625
0 0.698438 0.971875 0.015625 0.015625
0 0.728125 0.410938 0.015625 0.015625
0 0.589063 0.639062 0.015625 0.015625
0 0.471875 0.898438 0.015625 0.015625
0 0.609375 0.804688 0.015625 0.015625
0 0.101562 0.371875 0.015625 0.015625
0 0.548438 0.834375 0.015625 0.015625
0 0.642188 0.806250 0.015625 0.015625
0 0.701562 0.771875 0.015625 0.015625
0 0.718750 0.806250 0.015625 0.015625
0 0.228125 0.601562 0.015625 0.015625
0 0.662500 0.837500 0.015625 0.015625
0 0.800000 0.742188 0.015625 0.015625
0 0.571875 0.670312 0.015625 0.015625
0 0.118750 0.467187 0.015625 0.015625
0 0.348438 0.343750 0.015625 0.015625
0 0.300000 0.865625 0.015625 0.015625
0 0.470313 0.832812 0.015625 0.015625
0 0.781250 0.450000 0.015625 0.015625
0 0.478125 0.506250 0.015625 0.015625
0 0.042188 0.465625 0.015625 0.015625
0 0.459375 0.539062 0.015625 0.015625
0 0.700000 0.904687 0.015625 0.015625
0 0.171875 0.634375 0.015625 0.015625
0 0.378125 0.932813 0.015625 0.015625
0 0.762500 0.742188 0.015625 0.015625
0 0.320312 0.832812 0.015625 0.015625
0 0.345313 0.470313 0.015625 0.015625
0 0.339062 0.995313 0.015625 0.015625
0 0.723437 0.740625 0.015625 0.015625
0 0.281250 0.768750 0.015625 0.015625
0 0.796875 0.810937 0.015625 0.015625
0 0.153125 0.534375 0.015625 0.015625
0 0.142187 0.375000 0.015625 0.015625
0 0.398438 0.701562 0.015625 0.015625
0 0.289062 0.570312 0.015625 0.015625
0 0.684375 0.739062 0.015625 0.015625
0 0.418750 0.537500 0.015625 0.015625
0 0.567187 0.801562 0.015625 0.015625
0 0.715625 0.935937 0.015625 0.015625
0 0.175000 0.501563 0.015625 0.015625
0 0.079687 0.465625 0.015625 0.015625
0 0.629687 0.446875 0.015625 0.015625
0 0.267188 0.667188 0.015625 0.015625
0 0.592187 0.310937 0.015625 0.015625
0 0.234375 0.403125 0.015625 0.015625
0 0.207813 0.698438 0.015625 0.015625
0 0.628125 0.639062 0.015625 0.015625
0 0.431250 0.898438 0.015625 0.015625
0 0.245312 0.767188 0.015625 0.015625
0 0.487500 0.932813 0.015625 0.015625
0 0.496875 0.735938 0.015625 0.015625
0 0.273438 0.404687 0.015625 0.015625
0 0.121875 0.401562 0.015625 0.015625
0 0.470313 0.967187 0.015625 0.015625
0 0.800000 0.676562 0.015625 0.015625
0 0.215625 0.370312 0.015625 0.015625
0 0.373437 0.993750 0.015625 0.015625
0 0.889062 0.973437 0.015625 0.015625
0 0.975000 0.385937 0.015625 0.015625
0 0.915625 0.546875 0.015625 0.015625
0 0.937500 0.384375 0.015625 0.015625
0 0.851562 0.971875 0.015625 0.015625
0 0.898438 0.382812 0.015625 0.015625
0 0.951562 0.546875 0.015625 0.015625
0 0.835938 0.937500 0.015625 0.015625
0 0.985938 0.875000 0.015625 0.015625
0 0.873437 0.937500 0.015625 0.015625
0 0.879687 0.548438 0.015625 0.015625
0 0.951562 0.809375 0.015625 0.015625
0 0.951562 0.746875 0.015625 0.015625
0 0.876563 0.745313 0.015625 0.015625
0 0.935937 0.448437 0.015625 0.015625
0 0.914062 0.746875 0.015625 0.015625
0 0.896875 0.712500 0.015625 0.015625
0 0.967187 0.843750 0.015625 0.015625
0 0.839063 0.612500 0.015625 0.015625
0 0.860938 0.381250 0.015625 0.015625
0 0.989062 0.746875 0.015625 0.015625
0 0.910937 0.809375 0.015625 0.015625
0 0.929688 0.973437 0.015625 0.015625
0 0.860938 0.646875 0.015625 0.015625
0 0.934375 0.712500 0.015625 0.015625
0 0.975000 0.450000 0.015625 0.015625
0 0.989062 0.810937 0.015625 0.015625
0 0.967187 0.971875 0.015625 0.015625
0 0.835938 0.809375 0.015625 0.015625
0 0.964063 0.907813 0.015625 0.015625
0 0.953125 0.612500 0.015625 0.015625
0 0.990625 0.546875 0.015625 0.015625
0 0.915625 0.481250 0.015625 0.015625
0 0.823438 0.382812 0.015625 0.015625
0 0.895312 0.450000 0.015625 0.015625
0 0.839063 0.546875 0.015625 0.015625
0 0.954688 0.420312 0.015625 0.015625
0 0.931250 0.779687 0.015625 0.015625
0 0.873437 0.807813 0.015625 0.015625
0 0.953125 0.681250 0.015625 0.015625
0 0.823438 0.448437 0.015625 0.015625
0 0.948438 0.937500 0.015625 0.015625
0 0.892188 0.776563 0.015625 0.015625
0 0.934375 0.650000 0.015625 0.015625
0 0.992188 0.421875 0.015625 0.015625
0 0.840625 0.348438 0.015625 0.015625
0 0.878125 0.481250 0.015625 0.015625
0 0.948438 0.873437 0.015625 0.015625
0 0.968750 0.779687 0.015625 0.015625
0 0.990625 0.681250 0.015625 0.015625
0 0.895312 0.515625 0.015625 0.015625
0 0.878125 0.614062 0.015625 0.015625
0 0.973437 0.648438 0.015625 0.015625
0 0.910937 0.939063 0.015625 0.015625
0 0.873437 0.873437 0.015625 0.015625
0 0.898438 0.582812 0.015625 0.015625
0 0.004687 0.531250 0.015625 0.015625
0 0.004687 0.598437 0.015625 0.015625
0 0.025000 0.570312 0.015625 0.015625
0 0.042188 0.596875 0.015625 0.015625
0 0.062500 0.629687 0.015625 0.015625
0 0.076563 0.662500 0.015625 0.015625
0 0.046875 0.664062 0.015625 0.015625
0 0.025000 0.628125 0.015625 0.015625
0 0.015625 0.698438 0.015625 0.015625
0 0.007812 0.732812 0.015625 0.015625
0 0.062500 0.695312 0.015625 0.015625
0 0.078125 0.731250 0.015625 0.015625
0 0.035937 0.732812 0.015625 0.015625
0 0.098437 0.696875 0.015625 0.015625
0 0.117188 0.735938 0.015625 0.015625
0 0.139063 0.767188 0.015625 0.015625
0 0.153125 0.792188 0.015625 0.015625
0 0.106250 0.795312 0.015625 0.015625
0 0.089063 0.765625 0.015625 0.015625
0 0.067187 0.790625 0.015625 0.015625
0 0.059375 0.767188 0.015625 0.015625
0 0.018750 0.765625 0.015625 0.015625
0 0.035937 0.798438 0.015625 0.015625
0 0.000000 0.795312 0.015625 0.015625
0 0.262500 0.995313 0.015625 0.015625
0 0.215625 0.993750 0.015625 0.015625
0 0.185938 0.995313 0.015625 0.015625
0 0.171875 0.962500 0.015625 0.015625
0 0.200000 0.962500 0.015625 0.015625
0 0.246875 0.962500 0.015625 0.015625
0 0.128125 0.960938 0.015625 0.015625
0 0.085938 0.959375 0.015625 0.015625
0 0.154688 0.989062 0.015625 0.015625
0 0.054688 0.959375 0.015625 0.015625
0 0.185938 0.926562 0.015625 0.015625
0 0.150000 0.925000 0.015625 0.015625
0 0.110937 0.923438 0.015625 0.015625
0 0.068750 0.926562 0.015625 0.015625
0 0.039062 0.925000 0.015625 0.015625
0 0.171875 0.896875 0.015625 0.015625
0 0.135937 0.895312 0.015625 0.015625
0 0.096875 0.895312 0.015625 0.015625
0 0.053125 0.892188 0.015625 0.015625
0 0.015625 0.896875 0.015625 0.015625
0 0.206250 0.896875 0.015625 0.015625
0 0.225000 0.926562 0.015625 0.015625
0 0.187500 0.859375 0.015625 0.015625
0 0.151562 0.864062 0.015625 0.015625
0 0.131250 0.831250 0.015625 0.015625
0 0.170313 0.829688 0.015625 0.015625
0 0.112500 0.859375 0.015625 0.015625
0 0.092188 0.828125 0.015625 0.015625
0 0.068750 0.862500 0.015625 0.015625
0 0.056250 0.829688 0.015625 0.015625
0 0.034375 0.859375 0.015625 0.015625
0 0.018750 0.829688 0.015625 0.015625
0 0.007812 0.340625 0.015625 0.015625
0 0.046875 0.337500 0.015625 0.015625
0 0.078125 0.339062 0.015625 0.015625
0 0.115625 0.337500 0.015625 0.015625
0 0.156250 0.337500 0.015625 0.015625
0 0.193750 0.337500 0.015625 0.015625
0 0.235937 0.339062 0.015625 0.015625
0 0.270313 0.340625 0.015625 0.015625
0 0.310937 0.340625 0.015625 0.015625
0 0.364063 0.371875 0.015625 0.015625
0 0.179688 0.371875 0.015625 0.015625
0 0.065625 0.371875 0.015625 0.015625
0 0.025000 0.368750 0.015625 0.015625
0 0.457813 0.340625 0.015625 0.015625
0 0.498437 0.343750 0.015625 0.015625
0 0.535937 0.343750 0.015625 0.015625
0 0.581250 0.346875 0.015625 0.015625
0 0.765625 0.353125 0.015625 0.015625
0 0.801562 0.350000 0.015625 0.015625
0 0.879687 0.351562 0.015625 0.015625
0 0.917188 0.350000 0.015625 0.015625
0 0.956250 0.350000 0.015625 0.015625
0 0.996875 0.356250 0.015625 0.015625
0 0.748437 0.381250 0.015625 0.015625
0 0.765625 0.415625 0.015625 0.015625
0 0.803125 0.417187 0.015625 0.015625
0 0.842187 0.417187 0.015625 0.015625
0 0.878125 0.418750 0.015625 0.015625
0 0.920312 0.417187 0.015625 0.015625
0 0.740625 0.446875 0.015625 0.015625
0 0.703125 0.446875 0.015625 0.015625
0 0.670312 0.442188 0.015625 0.015625
0 0.654687 0.412500 0.015625 0.015625
0 0.682813 0.414062 0.015625 0.015625
0 0.535937 0.415625 0.015625 0.015625
0 0.500000 0.410938 0.015625 0.015625
0 0.518750 0.443750 0.015625 0.015625
0 0.365625 0.437500 0.015625 0.015625
0 0.614062 0.475000 0.015625 0.015625
0 0.648438 0.476562 0.015625 0.015625
0 0.689063 0.476562 0.015625 0.015625
0 0.717187 0.478125 0.015625 0.015625
0 0.760938 0.478125 0.015625 0.015625
0 0.840625 0.479687 0.015625 0.015625
0 0.990625 0.479687 0.015625 0.015625
0 0.973437 0.514062 0.015625 0.015625
0 0.931250 0.514062 0.015625 0.015625
0 0.856250 0.512500 0.015625 0.015625
0 0.821875 0.514062 0.015625 0.015625
0 0.737500 0.512500 0.015625 0.015625
0 0.707812 0.512500 0.015625 0.015625
0 0.670312 0.510938 0.015625 0.015625
0 0.518750 0.509375 0.015625 0.015625
0 0.495312 0.542188 0.015625 0.015625
0 0.442188 0.507812 0.015625 0.015625
0 0.368750 0.503125 0.015625 0.015625
0 0.384375 0.537500 0.015625 0.015625
0 0.568750 0.545312 0.015625 0.015625
0 0.607812 0.545312 0.015625 0.015625
0 0.640625 0.543750 0.015625 0.015625
0 0.681250 0.545312 0.015625 0.015625
0 0.667188 0.578125 0.015625 0.015625
0 0.704688 0.575000 0.015625 0.015625
0 0.743750 0.578125 0.015625 0.015625
0 0.787500 0.578125 0.015625 0.015625
0 0.818750 0.578125 0.015625 0.015625
0 0.851562 0.579688 0.015625 0.015625
0 0.935937 0.581250 0.015625 0.015625
0 0.976562 0.581250 0.015625 0.015625
0 0.985938 0.615625 0.015625 0.015625
0 0.917188 0.614062 0.015625 0.015625
0 0.900000 0.645312 0.015625 0.015625
0 0.821875 0.645312 0.015625 0.015625
0 0.740625 0.643750 0.015625 0.015625
0 0.706250 0.642188 0.015625 0.015625
0 0.529687 0.607812 0.015625 0.015625
0 0.495312 0.607812 0.015625 0.015625
0 0.518750 0.642188 0.015625 0.015625
0 0.604688 0.668750 0.015625 0.015625
0 0.681250 0.673438 0.015625 0.015625
0 0.706250 0.673438 0.015625 0.015625
0 0.759375 0.673438 0.015625 0.015625
0 0.968750 0.712500 0.015625 0.015625
0 0.623437 0.703125 0.015625 0.015625
0 0.589063 0.703125 0.015625 0.015625
0 0.551562 0.703125 0.015625 0.015625
0 0.507812 0.704688 0.015625 0.015625
0 0.470313 0.703125 0.015625 0.015625
0 0.529687 0.737500 0.015625 0.015625
0 0.607812 0.739062 0.015625 0.015625
0 0.645312 0.739062 0.015625 0.015625
0 0.568750 0.737500 0.015625 0.015625
0 0.548438 0.770312 0.015625 0.015625
0 0.509375 0.770312 0.015625 0.015625
0 0.526563 0.803125 0.015625 0.015625
0 0.585938 0.771875 0.015625 0.015625
0 0.625000 0.773438 0.015625 0.015625
0 0.703125 0.707812 0.015625 0.015625
0 0.839063 0.742188 0.015625 0.015625
0 0.857812 0.707812 0.015625 0.015625
0 0.843750 0.681250 0.015625 0.015625
0 0.879687 0.681250 0.015625 0.015625
0 0.914062 0.681250 0.015625 0.015625
0 0.406250 0.373437 0.015625 0.015625
0 0.445312 0.375000 0.015625 0.015625
0 0.478125 0.375000 0.015625 0.015625
0 0.517188 0.375000 0.015625 0.015625
0 0.556250 0.378125 0.015625 0.015625
0 0.406250 0.439063 0.015625 0.015625
0 0.442188 0.439063 0.015625 0.015625
0 0.306250 0.476562 0.015625 0.015625
0 0.326562 0.504687 0.015625 0.015625
0 0.250000 0.568750 0.015625 0.015625
0 0.003125 0.467187 0.015625 0.015625
0 0.025000 0.504687 0.015625 0.015625
0 0.040625 0.534375 0.015625 0.015625
0 0.437500 0.571875 0.015625 0.015625
0 0.403125 0.571875 0.015625 0.015625
0 0.512500 0.570312 0.015625 0.015625
0 0.592187 0.573438 0.015625 0.015625
0 0.621875 0.515625 0.015625 0.015625
0 0.532813 0.673438 0.015625 0.015625
0 0.764062 0.807813 0.015625 0.015625
0 0.778125 0.840625 0.015625 0.015625
0 0.817187 0.843750 0.015625 0.015625
0 0.856250 0.843750 0.015625 0.015625
0 0.892188 0.842187 0.015625 0.015625
0 0.678125 0.871875 0.015625 0.015625
0 0.718750 0.871875 0.015625 0.015625
0 0.756250 0.873437 0.015625 0.015625
0 0.795312 0.875000 0.015625 0.015625
0 0.832812 0.875000 0.015625 0.015625
0 0.854688 0.906250 0.015625 0.015625
0 0.810937 0.968750 0.015625 0.015625
0 0.901563 0.873437 0.015625 0.015625
0 0.560937 0.931250 0.015625 0.015625
0 0.576562 0.971875 0.015625 0.015625
0 0.542188 0.964063 0.015625 0.015625
0 0.510938 0.970313 0.015625 0.015625
0 0.540625 0.900000 0.015625 0.015625
0 0.528125 0.867188 0.015625 0.015625
0 0.487500 0.865625 0.015625 0.015625
0 0.448437 0.865625 0.015625 0.015625
0 0.407813 0.865625 0.015625 0.015625
0 0.371875 0.867188 0.015625 0.015625
0 0.398438 0.898438 0.015625 0.015625
0 0.381250 0.801562 0.015625 0.015625
0 0.414062 0.804688 0.015625 0.015625
0 0.309375 0.732812 0.015625 0.015625
0 0.343750 0.732812 0.015625 0.015625
0 0.317188 0.698438 0.015625 0.015625
0 0.282813 0.700000 0.015625 0.015625
0 0.306250 0.665625 0.015625 0.015625
0 0.348438 0.667188 0.015625 0.015625
0 0.385937 0.668750 0.015625 0.015625
0 0.407813 0.668750 0.015625 0.015625
0 0.435937 0.704688 0.015625 0.015625
0 0.392188 0.634375 0.015625 0.015625
0 0.359375 0.632812 0.015625 0.015625
0 0.320312 0.634375 0.015625 0.015625
0 0.403125 0.653125 0.015625 0.015625
0 0.306250 0.598437 0.015625 0.015625
0 0.345313 0.603125 0.015625 0.015625
0 0.371875 0.604688 0.015625 0.015625
0 0.415625 0.600000 0.015625 0.015625
0 0.440625 0.637500 0.015625 0.015625
0 0.234375 0.534375 0.015625 0.015625
0 0.192188 0.534375 0.015625 0.015625
0 0.289062 0.554688 0.015625 0.015625
0 0.303125 0.537500 0.015625 0.015625
0 0.081250 0.532813 0.015625 0.015625
0 0.464062 0.612500 0.015625 0.015625
0 0.131250 0.631250 0.015625 0.015625
0 0.153125 0.665625 0.015625 0.015625
0 0.168750 0.700000 0.015625 0.015625
0 0.187500 0.732812 0.015625 0.015625
0 0.229687 0.735938 0.015625 0.015625
0 0.284375 0.835938 0.015625 0.015625
0 0.279687 0.893750 0.015625 0.015625
