0 0.614062 0.000000 0.015625 0.015625
0 0.456250 0.000000 0.015625 0.015625
0 0.532813 0.003125 0.015625 0.015625
0 0.835938 0.009375 0.015625 0.015625
0 0.909375 0.014063 0.015625 0.015625
0 0.987500 0.015625 0.015625 0.015625
0 0.190625 0.060937 0.015625 0.015625
0 0.107813 0.062500 0.015625 0.015625
0 0.267188 0.067187 0.015625 0.015625
0 0.339062 0.067187 0.015625 0.015625
0 0.492188 0.068750 0.015625 0.015625
0 0.573438 0.068750 0.015625 0.015625
0 0.723437 0.068750 0.015625 0.015625
0 0.414062 0.070312 0.015625 0.015625
0 0.648438 0.073438 0.015625 0.015625
0 0.798438 0.073438 0.015625 0.015625
0 0.871875 0.076563 0.015625 0.015625
0 0.948438 0.078125 0.015625 0.015625
0 0.756250 0.131250 0.015625 0.015625
0 0.609375 0.132812 0.015625 0.015625
0 0.531250 0.135937 0.015625 0.015625
0 0.684375 0.135937 0.015625 0.015625
0 0.835938 0.145313 0.015625 0.015625
0 0.985938 0.146875 0.015625 0.015625
0 0.910937 0.146875 0.015625 0.015625
0 0.181250 0.193750 0.015625 0.015625
0 0.259375 0.196875 0.015625 0.015625
0 0.484375 0.203125 0.015625 0.015625
0 0.567187 0.203125 0.015625 0.015625
0 0.801562 0.204687 0.015625 0.015625
0 0.642188 0.204687 0.015625 0.015625
0 0.718750 0.206250 0.015625 0.015625
0 0.876563 0.209375 0.015625 0.015625
0 0.948438 0.210938 0.015625 0.015625
0 0.060937 0.257812 0.015625 0.015625
0 0.215625 0.259375 0.015625 0.015625
0 0.140625 0.260937 0.015625 0.015625
0 0.293750 0.265625 0.015625 0.015625
0 0.370312 0.268750 0.015625 0.015625
0 0.443750 0.270313 0.015625 0.015625
0 0.607812 0.271875 0.015625 0.015625
0 0.757812 0.271875 0.015625 0.015625
0 0.682813 0.271875 0.015625 0.015625
0 0.525000 0.273438 0.015625 0.015625
0 0.985938 0.275000 0.015625 0.015625
0 0.834375 0.278125 0.015625 0.015625
0 0.907813 0.279687 0.015625 0.015625
0 0.103125 0.321875 0.015625 0.015625
0 0.181250 0.329688 0.015625 0.015625
0 0.253125 0.331250 0.015625 0.015625
0 0.329688 0.335938 0.015625 0.015625
0 0.409375 0.340625 0.015625 0.015625
0 0.717187 0.342187 0.015625 0.015625
0 0.485938 0.343750 0.015625 0.015625
0 0.639062 0.343750 0.015625 0.015625
0 0.796875 0.343750 0.015625 0.015625
0 0.562500 0.343750 0.015625 0.015625
0 0.870313 0.345313 0.015625 0.015625
0 0.943750 0.346875 0.015625 0.015625
0 0.210938 0.400000 0.015625 0.015625
0 0.289062 0.401562 0.015625 0.015625
0 0.367188 0.403125 0.015625 0.015625
0 0.604688 0.409375 0.015625 0.015625
0 0.907813 0.409375 0.015625 0.015625
0 0.521875 0.409375 0.015625 0.015625
0 0.985938 0.410938 0.015625 0.015625
0 0.831250 0.410938 0.015625 0.015625
0 0.684375 0.410938 0.015625 0.015625
0 0.253125 0.462500 0.015625 0.015625
0 0.179688 0.462500 0.015625 0.015625
0 0.329688 0.464062 0.015625 0.015625
0 0.404687 0.468750 0.015625 0.015625
0 0.557813 0.471875 0.015625 0.015625
0 0.640625 0.471875 0.015625 0.015625
0 0.792188 0.473438 0.015625 0.015625
0 0.720313 0.473438 0.015625 0.015625
0 0.482812 0.473438 0.015625 0.015625
0 0.867188 0.475000 0.015625 0.015625
0 0.945312 0.476562 0.015625 0.015625
0 0.367188 0.531250 0.015625 0.015625
0 0.210938 0.532813 0.015625 0.015625
0 0.596875 0.535937 0.015625 0.015625
0 0.440625 0.535937 0.015625 0.015625
0 0.517188 0.537500 0.015625 0.015625
0 0.678125 0.539062 0.015625 0.015625
0 0.753125 0.540625 0.015625 0.015625
0 0.904687 0.542188 0.015625 0.015625
0 0.828125 0.545312 0.015625 0.015625
0 0.059375 0.550000 0.015625 0.015625
0 0.103125 0.592187 0.015625 0.015625
0 0.179688 0.592187 0.015625 0.015625
0 0.256250 0.593750 0.015625 0.015625
0 0.481250 0.596875 0.015625 0.015625
0 0.560937 0.600000 0.015625 0.015625
0 0.331250 0.600000 0.015625 0.015625
0 0.410938 0.601562 0.015625 0.015625
0 0.634375 0.603125 0.015625 0.015625
0 0.864062 0.604688 0.015625 0.015625
0 0.714063 0.604688 0.015625 0.015625
0 0.789062 0.607812 0.015625 0.015625
0 0.060937 0.659375 0.015625 0.015625
0 0.289062 0.660937 0.015625 0.015625
0 0.214062 0.662500 0.015625 0.015625
0 0.515625 0.665625 0.015625 0.015625
0 0.129688 0.665625 0.015625 0.015625
0 0.979688 0.668750 0.015625 0.015625
0 0.829688 0.668750 0.015625 0.015625
0 0.668750 0.670312 0.015625 0.015625
0 0.590625 0.670312 0.015625 0.015625
0 0.751563 0.671875 0.015625 0.015625
0 0.907813 0.671875 0.015625 0.015625
0 0.632812 0.734375 0.015625 0.015625
0 0.787500 0.734375 0.015625 0.015625
0 0.709375 0.734375 0.015625 0.015625
0 0.554688 0.735938 0.015625 0.015625
0 0.479687 0.735938 0.015625 0.015625
0 0.856250 0.735938 0.015625 0.015625
0 0.934375 0.739062 0.015625 0.015625
0 0.135937 0.789062 0.015625 0.015625
0 0.364063 0.790625 0.015625 0.015625
0 0.212500 0.790625 0.015625 0.015625
0 0.289062 0.792188 0.015625 0.015625
0 0.442188 0.793750 0.015625 0.015625
0 0.518750 0.795312 0.015625 0.015625
0 0.670312 0.796875 0.015625 0.015625
0 0.825000 0.798438 0.015625 0.015625
0 0.742188 0.798438 0.015625 0.015625
0 0.592187 0.800000 0.015625 0.015625
0 0.901563 0.801562 0.015625 0.015625
0 0.975000 0.803125 0.015625 0.015625
0 0.173437 0.853125 0.015625 0.015625
0 0.251563 0.859375 0.015625 0.015625
0 0.329688 0.860938 0.015625 0.015625
0 0.404687 0.860938 0.015625 0.015625
0 0.478125 0.862500 0.015625 0.015625
0 0.632812 0.864062 0.015625 0.015625
0 0.784375 0.864062 0.015625 0.015625
0 0.553125 0.867188 0.015625 0.015625
0 0.707812 0.867188 0.015625 0.015625
0 0.859375 0.871875 0.015625 0.015625
0 0.934375 0.873437 0.015625 0.015625
0 0.137500 0.917188 0.015625 0.015625
0 0.367188 0.923438 0.015625 0.015625
0 0.212500 0.925000 0.015625 0.015625
0 0.287500 0.926562 0.015625 0.015625
0 0.437500 0.929688 0.015625 0.015625
0 0.592187 0.931250 0.015625 0.015625
0 0.512500 0.931250 0.015625 0.015625
0 0.668750 0.931250 0.015625 0.015625
0 0.817187 0.932813 0.015625 0.015625
0 0.893750 0.934375 0.015625 0.015625
0 0.975000 0.935937 0.015625 0.015625
0 0.103125 0.985938 0.015625 0.015625
0 0.176563 0.987500 0.015625 0.015625
0 0.251563 0.987500 0.015625 0.015625
0 0.335938 0.989062 0.015625 0.015625
0 0.401562 0.992188 0.015625 0.015625
0 0.701562 0.993750 0.015625 0.015625
0 0.554688 0.993750 0.015625 0.015625
0 0.475000 0.995313 0.015625 0.015625
0 0.857812 0.995313 0.015625 0.015625
0 0.626563 0.996875 0.015625 0.015625
0 0.784375 0.996875 0.015625 0.015625
