0 0.187500 0.017188 0.015625 0.015625
0 0.032813 0.018750 0.015625 0.015625
0 0.110937 0.021875 0.015625 0.015625
0 0.565625 0.023438 0.015625 0.015625
0 0.492188 0.025000 0.015625 0.015625
0 0.640625 0.026562 0.015625 0.015625
0 0.942187 0.032813 0.015625 0.015625
0 0.862500 0.034375 0.015625 0.015625
0 0.146875 0.085938 0.015625 0.015625
0 0.226562 0.087500 0.015625 0.015625
0 0.451562 0.089063 0.015625 0.015625
0 0.379688 0.089063 0.015625 0.015625
0 0.303125 0.089063 0.015625 0.015625
0 0.606250 0.089063 0.015625 0.015625
0 0.682813 0.092188 0.015625 0.015625
0 0.529687 0.092188 0.015625 0.015625
0 0.754687 0.092188 0.015625 0.015625
0 0.829688 0.096875 0.015625 0.015625
0 0.981250 0.100000 0.015625 0.015625
0 0.906250 0.100000 0.015625 0.015625
0 0.034375 0.146875 0.015625 0.015625
0 0.110937 0.148438 0.015625 0.015625
0 0.260937 0.150000 0.015625 0.015625
0 0.181250 0.151562 0.015625 0.015625
0 0.339062 0.151562 0.015625 0.015625
0 0.414062 0.153125 0.015625 0.015625
0 0.564063 0.154688 0.015625 0.015625
0 0.717187 0.156250 0.015625 0.015625
0 0.489063 0.157812 0.015625 0.015625
0 0.640625 0.157812 0.015625 0.015625
0 0.790625 0.159375 0.015625 0.015625
0 0.865625 0.160938 0.015625 0.015625
0 0.942187 0.162500 0.015625 0.015625
0 0.221875 0.212500 0.015625 0.015625
0 0.145313 0.212500 0.015625 0.015625
0 0.070312 0.212500 0.015625 0.015625
0 0.000000 0.217188 0.015625 0.015625
0 0.301563 0.217188 0.015625 0.015625
0 0.379688 0.218750 0.015625 0.015625
0 0.453125 0.220312 0.015625 0.015625
0 0.679688 0.221875 0.015625 0.015625
0 0.528125 0.221875 0.015625 0.015625
0 0.756250 0.223438 0.015625 0.015625
0 0.600000 0.223438 0.015625 0.015625
0 0.906250 0.228125 0.015625 0.015625
0 0.984375 0.229687 0.015625 0.015625
0 0.831250 0.229687 0.015625 0.015625
0 0.110937 0.276562 0.015625 0.015625
0 0.184375 0.278125 0.015625 0.015625
0 0.034375 0.281250 0.015625 0.015625
0 0.337500 0.282813 0.015625 0.015625
0 0.262500 0.282813 0.015625 0.015625
0 0.412500 0.282813 0.015625 0.015625
0 0.487500 0.285938 0.015625 0.015625
0 0.714063 0.287500 0.015625 0.015625
0 0.562500 0.287500 0.015625 0.015625
0 0.637500 0.289062 0.015625 0.015625
0 0.940625 0.292187 0.015625 0.015625
0 0.867188 0.292187 0.015625 0.015625
0 0.789062 0.295312 0.015625 0.015625
0 0.073438 0.345313 0.015625 0.015625
0 0.151562 0.345313 0.015625 0.015625
0 0.376563 0.350000 0.015625 0.015625
0 0.226562 0.351562 0.015625 0.015625
0 0.304688 0.351562 0.015625 0.015625
0 0.525000 0.353125 0.015625 0.015625
0 0.676562 0.356250 0.015625 0.015625
0 0.453125 0.357812 0.015625 0.015625
0 0.603125 0.359375 0.015625 0.015625
0 0.906250 0.360938 0.015625 0.015625
0 0.829688 0.362500 0.015625 0.015625
0 0.982812 0.362500 0.015625 0.015625
0 0.109375 0.409375 0.015625 0.015625
0 0.184375 0.412500 0.015625 0.015625
0 0.259375 0.415625 0.015625 0.015625
0 0.335938 0.415625 0.015625 0.015625
0 0.412500 0.417187 0.015625 0.015625
0 0.560937 0.420312 0.015625 0.015625
0 0.937500 0.425000 0.015625 0.015625
0 0.864062 0.426563 0.015625 0.015625
0 0.485938 0.428125 0.015625 0.015625
0 0.021875 0.429688 0.015625 0.015625
0 0.635938 0.432812 0.015625 0.015625
0 0.795312 0.440625 0.015625 0.015625
0 0.143750 0.479687 0.015625 0.015625
0 0.218750 0.482812 0.015625 0.015625
0 0.293750 0.482812 0.015625 0.015625
0 0.370312 0.484375 0.015625 0.015625
0 0.443750 0.485938 0.015625 0.015625
0 0.520312 0.489063 0.015625 0.015625
0 0.593750 0.490625 0.015625 0.015625
0 0.671875 0.492188 0.015625 0.015625
0 0.900000 0.493750 0.015625 0.015625
0 0.976562 0.493750 0.015625 0.015625
0 0.745313 0.495312 0.015625 0.015625
0 0.829688 0.496875 0.015625 0.015625
0 0.039062 0.521875 0.015625 0.015625
0 0.104688 0.543750 0.015625 0.015625
0 0.334375 0.548438 0.015625 0.015625
0 0.559375 0.548438 0.015625 0.015625
0 0.181250 0.550000 0.015625 0.015625
0 0.407813 0.550000 0.015625 0.015625
0 0.257812 0.550000 0.015625 0.015625
0 0.484375 0.550000 0.015625 0.015625
0 0.629687 0.551562 0.015625 0.015625
0 0.932813 0.556250 0.015625 0.015625
0 0.707812 0.557813 0.015625 0.015625
0 0.862500 0.557813 0.015625 0.015625
0 0.785937 0.559375 0.015625 0.015625
0 0.028125 0.670312 0.015625 0.015625
0 0.062500 0.735938 0.015625 0.015625
0 0.106250 0.804688 0.015625 0.015625
0 0.037500 0.806250 0.015625 0.015625
0 0.182812 0.860938 0.015625 0.015625
0 0.154688 0.895312 0.015625 0.015625
0 0.090625 0.925000 0.015625 0.015625
0 0.007812 0.971875 0.015625 0.015625
0 0.057813 0.987500 0.015625 0.015625
0 0.135937 0.992188 0.015625 0.015625
0 0.209375 0.995313 0.015625 0.015625
0 0.273438 0.029687 0.015625 0.015625
0 0.340625 0.029687 0.015625 0.015625
0 0.440625 0.031250 0.015625 0.015625
0 0.709375 0.029687 0.015625 0.015625
0 0.967187 0.628125 0.015625 0.015625
0 0.870313 0.621875 0.015625 0.015625
0 0.818750 0.617188 0.015625 0.015625
0 0.743750 0.621875 0.015625 0.015625
0 0.662500 0.615625 0.015625 0.015625
0 0.585938 0.612500 0.015625 0.015625
0 0.528125 0.618750 0.015625 0.015625
0 0.439063 0.617188 0.015625 0.015625
0 0.362500 0.612500 0.015625 0.015625
0 0.292187 0.615625 0.015625 0.015625
0 0.221875 0.614062 0.015625 0.015625
0 0.253125 0.679688 0.015625 0.015625
0 0.187500 0.679688 0.015625 0.015625
0 0.337500 0.682813 0.015625 0.015625
0 0.409375 0.685937 0.015625 0.015625
0 0.489063 0.687500 0.015625 0.015625
0 0.560937 0.690625 0.015625 0.015625
0 0.629687 0.684375 0.015625 0.015625
0 0.710938 0.684375 0.015625 0.015625
0 0.751563 0.357812 0.015625 0.015625
0 0.790625 0.689063 0.015625 0.015625
0 0.868750 0.696875 0.015625 0.015625
0 0.935937 0.690625 0.015625 0.015625
0 0.971875 0.751563 0.015625 0.015625
0 0.890625 0.750000 0.015625 0.015625
0 0.821875 0.753125 0.015625 0.015625
0 0.590625 0.751563 0.015625 0.015625
0 0.521875 0.746875 0.015625 0.015625
0 0.429688 0.743750 0.015625 0.015625
0 0.287500 0.737500 0.015625 0.015625
0 0.473438 0.807813 0.015625 0.015625
0 0.548438 0.812500 0.015625 0.015625
0 0.629687 0.817187 0.015625 0.015625
0 0.700000 0.818750 0.015625 0.015625
0 0.662500 0.998437 0.015625 0.015625
0 0.712500 0.910937 0.015625 0.015625
0 0.629687 0.901563 0.015625 0.015625
0 0.560937 0.906250 0.015625 0.015625
0 0.800000 0.910937 0.015625 0.015625
0 0.864062 0.910937 0.015625 0.015625
0 0.917188 0.909375 0.015625 0.015625
0 0.989062 0.907813 0.015625 0.015625
