0 0.000000 0.020313 0.015625 0.015625
0 0.103125 0.037500 0.015625 0.015625
0 0.762500 0.042188 0.015625 0.015625
0 0.840625 0.043750 0.015625 0.015625
0 0.040625 0.075000 0.015625 0.015625
0 0.498437 0.089063 0.015625 0.015625
0 0.906250 0.093750 0.015625 0.015625
0 0.796875 0.110937 0.015625 0.015625
0 0.962500 0.114062 0.015625 0.015625
0 0.564063 0.117188 0.015625 0.015625
0 0.418750 0.140625 0.015625 0.015625
0 0.639062 0.146875 0.015625 0.015625
0 0.865625 0.165625 0.015625 0.015625
0 0.485938 0.171875 0.015625 0.015625
0 0.709375 0.178125 0.015625 0.015625
0 0.762500 0.189062 0.015625 0.015625
0 0.982812 0.201563 0.015625 0.015625
0 0.826562 0.210938 0.015625 0.015625
0 0.887500 0.225000 0.015625 0.015625
0 0.635938 0.243750 0.015625 0.015625
0 0.714063 0.262500 0.015625 0.015625
0 0.781250 0.273438 0.015625 0.015625
0 0.954688 0.296875 0.015625 0.015625
0 0.862500 0.309375 0.015625 0.015625
