0 0.028125 0.000000 0.015625 0.015625
0 0.067187 0.001563 0.015625 0.015625
0 0.146875 0.001563 0.015625 0.015625
0 0.107813 0.003125 0.015625 0.015625
0 0.221875 0.003125 0.015625 0.015625
0 0.184375 0.003125 0.015625 0.015625
0 0.260937 0.004687 0.015625 0.015625
0 0.295312 0.006250 0.015625 0.015625
0 0.089063 0.035937 0.015625 0.015625
0 0.240625 0.035937 0.015625 0.015625
0 0.126562 0.035937 0.015625 0.015625
0 0.165625 0.037500 0.015625 0.015625
0 0.203125 0.037500 0.015625 0.015625
0 0.014063 0.037500 0.015625 0.015625
0 0.278125 0.039062 0.015625 0.015625
0 0.071875 0.065625 0.015625 0.015625
0 0.106250 0.067187 0.015625 0.015625
0 0.029687 0.068750 0.015625 0.015625
0 0.143750 0.068750 0.015625 0.015625
0 0.220312 0.070312 0.015625 0.015625
0 0.298438 0.070312 0.015625 0.015625
0 0.182812 0.071875 0.015625 0.015625
0 0.260937 0.071875 0.015625 0.015625
0 0.334375 0.071875 0.015625 0.015625
0 0.042188 0.093750 0.015625 0.015625
0 0.012500 0.100000 0.015625 0.015625
0 0.084375 0.101562 0.015625 0.015625
0 0.201563 0.101562 0.015625 0.015625
0 0.125000 0.103125 0.015625 0.015625
0 0.314063 0.104688 0.015625 0.015625
0 0.160938 0.104688 0.015625 0.015625
0 0.235937 0.106250 0.015625 0.015625
0 0.357812 0.106250 0.015625 0.015625
0 0.275000 0.109375 0.015625 0.015625
0 0.028125 0.132812 0.015625 0.015625
0 0.065625 0.134375 0.015625 0.015625
0 0.104688 0.134375 0.015625 0.015625
0 0.218750 0.134375 0.015625 0.015625
0 0.181250 0.135937 0.015625 0.015625
0 0.142187 0.135937 0.015625 0.015625
0 0.295312 0.137500 0.015625 0.015625
0 0.332813 0.137500 0.015625 0.015625
0 0.254688 0.139063 0.015625 0.015625
0 0.370312 0.140625 0.015625 0.015625
0 0.012500 0.165625 0.015625 0.015625
0 0.123438 0.165625 0.015625 0.015625
0 0.085938 0.167187 0.015625 0.015625
0 0.048438 0.167187 0.015625 0.015625
0 0.200000 0.167187 0.015625 0.015625
0 0.237500 0.168750 0.015625 0.015625
0 0.159375 0.170313 0.015625 0.015625
0 0.275000 0.170313 0.015625 0.015625
0 0.314063 0.171875 0.015625 0.015625
0 0.353125 0.171875 0.015625 0.015625
0 0.389062 0.173437 0.015625 0.015625
0 0.068750 0.201563 0.015625 0.015625
0 0.137500 0.201563 0.015625 0.015625
0 0.179688 0.204687 0.015625 0.015625
0 0.207813 0.206250 0.015625 0.015625
0 0.259375 0.204687 0.015625 0.015625
0 0.292187 0.203125 0.015625 0.015625
0 0.335938 0.206250 0.015625 0.015625
0 0.371875 0.207813 0.015625 0.015625
0 0.401562 0.209375 0.015625 0.015625
