0 0.451562 0.143750 0.015625 0.015625
0 0.600000 0.145313 0.015625 0.015625
0 0.642188 0.081250 0.015625 0.015625
0 0.685937 0.146875 0.015625 0.015625
0 0.756250 0.146875 0.015625 0.015625
0 0.790625 0.085938 0.015625 0.015625
0 0.823438 0.150000 0.015625 0.015625
0 0.912500 0.154688 0.015625 0.015625
0 0.984375 0.153125 0.015625 0.015625
0 0.445312 0.275000 0.015625 0.015625
0 0.489063 0.214062 0.015625 0.015625
0 0.564063 0.209375 0.015625 0.015625
0 0.637500 0.217188 0.015625 0.015625
0 0.717187 0.212500 0.015625 0.015625
0 0.781250 0.215625 0.015625 0.015625
0 0.859375 0.214062 0.015625 0.015625
0 0.932813 0.218750 0.015625 0.015625
0 0.906250 0.018750 0.015625 0.015625
0 0.989062 0.026562 0.015625 0.015625
0 0.760938 0.289062 0.015625 0.015625
0 0.671875 0.284375 0.015625 0.015625
0 0.896875 0.290625 0.015625 0.015625
0 0.975000 0.293750 0.015625 0.015625
0 0.510938 0.406250 0.015625 0.015625
0 0.420312 0.404687 0.015625 0.015625
0 0.556250 0.343750 0.015625 0.015625
0 0.595313 0.410938 0.015625 0.015625
0 0.637500 0.345313 0.015625 0.015625
0 0.670312 0.412500 0.015625 0.015625
0 0.704688 0.345313 0.015625 0.015625
0 0.748437 0.417187 0.015625 0.015625
0 0.784375 0.351562 0.015625 0.015625
0 0.821875 0.415625 0.015625 0.015625
0 0.856250 0.353125 0.015625 0.015625
0 0.906250 0.418750 0.015625 0.015625
0 0.939063 0.354687 0.015625 0.015625
0 0.979688 0.435937 0.015625 0.015625
0 0.406250 0.471875 0.015625 0.015625
0 0.443750 0.535937 0.015625 0.015625
0 0.478125 0.470313 0.015625 0.015625
0 0.521875 0.535937 0.015625 0.015625
0 0.556250 0.478125 0.015625 0.015625
0 0.596875 0.540625 0.015625 0.015625
0 0.637500 0.476562 0.015625 0.015625
0 0.675000 0.548438 0.015625 0.015625
0 0.704688 0.475000 0.015625 0.015625
0 0.751563 0.546875 0.015625 0.015625
0 0.782813 0.481250 0.015625 0.015625
0 0.821875 0.551562 0.015625 0.015625
0 0.867188 0.484375 0.015625 0.015625
0 0.901563 0.550000 0.015625 0.015625
0 0.934375 0.481250 0.015625 0.015625
0 0.975000 0.556250 0.015625 0.015625
0 0.400000 0.604688 0.015625 0.015625
0 0.481250 0.601562 0.015625 0.015625
0 0.518750 0.668750 0.015625 0.015625
0 0.560937 0.606250 0.015625 0.015625
0 0.587500 0.665625 0.015625 0.015625
0 0.635938 0.606250 0.015625 0.015625
0 0.673438 0.675000 0.015625 0.015625
0 0.712500 0.612500 0.015625 0.015625
0 0.746875 0.678125 0.015625 0.015625
0 0.782813 0.618750 0.015625 0.015625
0 0.828125 0.681250 0.015625 0.015625
0 0.859375 0.617188 0.015625 0.015625
0 0.901563 0.676562 0.015625 0.015625
0 0.935937 0.620313 0.015625 0.015625
0 0.970313 0.687500 0.015625 0.015625
0 0.389062 0.793750 0.015625 0.015625
0 0.401562 0.734375 0.015625 0.015625
0 0.437500 0.796875 0.015625 0.015625
0 0.479687 0.739062 0.015625 0.015625
0 0.521875 0.803125 0.015625 0.015625
0 0.557813 0.729688 0.015625 0.015625
0 0.590625 0.798438 0.015625 0.015625
0 0.626563 0.740625 0.015625 0.015625
0 0.667188 0.804688 0.015625 0.015625
0 0.703125 0.746875 0.015625 0.015625
0 0.743750 0.810937 0.015625 0.015625
0 0.793750 0.743750 0.015625 0.015625
0 0.817187 0.809375 0.015625 0.015625
0 0.856250 0.745313 0.015625 0.015625
0 0.890625 0.812500 0.015625 0.015625
0 0.931250 0.750000 0.015625 0.015625
0 0.973437 0.812500 0.015625 0.015625
0 0.392188 0.862500 0.015625 0.015625
0 0.432812 0.926562 0.015625 0.015625
0 0.476562 0.873437 0.015625 0.015625
0 0.517188 0.931250 0.015625 0.015625
0 0.546875 0.868750 0.015625 0.015625
0 0.582812 0.932813 0.015625 0.015625
0 0.621875 0.870313 0.015625 0.015625
0 0.668750 0.931250 0.015625 0.015625
0 0.701562 0.871875 0.015625 0.015625
0 0.739062 0.939063 0.015625 0.015625
0 0.778125 0.871875 0.015625 0.015625
0 0.815625 0.942187 0.015625 0.015625
0 0.854688 0.878125 0.015625 0.015625
0 0.885938 0.931250 0.015625 0.015625
0 0.935937 0.876563 0.015625 0.015625
0 0.970313 0.937500 0.015625 0.015625
0 0.401562 0.998437 0.015625 0.015625
0 0.473438 0.995313 0.015625 0.015625
0 0.946875 0.087500 0.015625 0.015625
0 0.871875 0.090625 0.015625 0.015625
0 0.554688 0.081250 0.015625 0.015625
0 0.710938 0.082812 0.015625 0.015625
0 0.487500 0.078125 0.015625 0.015625
0 0.545312 0.017188 0.015625 0.015625
0 0.606250 0.014063 0.015625 0.015625
0 0.685937 0.014063 0.015625 0.015625
0 0.748437 0.025000 0.015625 0.015625
