0 0.035937 0.009375 0.015625 0.015625
0 0.420312 0.012500 0.015625 0.015625
0 0.109375 0.014063 0.015625 0.015625
0 0.262500 0.014063 0.015625 0.015625
0 0.340625 0.014063 0.015625 0.015625
0 0.187500 0.015625 0.015625 0.015625
0 0.953125 0.018750 0.015625 0.015625
0 0.495312 0.023438 0.015625 0.015625
0 0.864062 0.023438 0.015625 0.015625
0 0.792188 0.023438 0.015625 0.015625
0 0.643750 0.026562 0.015625 0.015625
0 0.071875 0.076563 0.015625 0.015625
0 0.303125 0.076563 0.015625 0.015625
0 0.148438 0.078125 0.015625 0.015625
0 0.228125 0.081250 0.015625 0.015625
0 0.378125 0.082812 0.015625 0.015625
0 0.454688 0.084375 0.015625 0.015625
0 0.681250 0.087500 0.015625 0.015625
0 0.754687 0.090625 0.015625 0.015625
0 0.984375 0.095312 0.015625 0.015625
0 0.035937 0.145313 0.015625 0.015625
0 0.265625 0.146875 0.015625 0.015625
0 0.185938 0.146875 0.015625 0.015625
0 0.110937 0.146875 0.015625 0.015625
0 0.340625 0.148438 0.015625 0.015625
0 0.567187 0.150000 0.015625 0.015625
0 0.414062 0.151562 0.015625 0.015625
0 0.485938 0.153125 0.015625 0.015625
0 0.710938 0.154688 0.015625 0.015625
0 0.864062 0.157812 0.015625 0.015625
0 0.792188 0.157812 0.015625 0.015625
0 0.001563 0.204687 0.015625 0.015625
0 0.076563 0.209375 0.015625 0.015625
0 0.148438 0.210938 0.015625 0.015625
0 0.223438 0.212500 0.015625 0.015625
0 0.300000 0.212500 0.015625 0.015625
0 0.373437 0.212500 0.015625 0.015625
0 0.448437 0.215625 0.015625 0.015625
0 0.529687 0.218750 0.015625 0.015625
0 0.596875 0.220312 0.015625 0.015625
0 0.757812 0.220312 0.015625 0.015625
0 0.185938 0.275000 0.015625 0.015625
0 0.034375 0.278125 0.015625 0.015625
0 0.107813 0.279687 0.015625 0.015625
0 0.410938 0.281250 0.015625 0.015625
0 0.565625 0.282813 0.015625 0.015625
0 0.335938 0.282813 0.015625 0.015625
0 0.640625 0.284375 0.015625 0.015625
0 0.490625 0.284375 0.015625 0.015625
0 0.264062 0.285938 0.015625 0.015625
0 0.070312 0.345313 0.015625 0.015625
0 0.143750 0.346875 0.015625 0.015625
0 0.220312 0.346875 0.015625 0.015625
0 0.681250 0.348438 0.015625 0.015625
0 0.300000 0.348438 0.015625 0.015625
0 0.604688 0.348438 0.015625 0.015625
0 0.528125 0.348438 0.015625 0.015625
0 0.375000 0.350000 0.015625 0.015625
0 0.456250 0.350000 0.015625 0.015625
0 0.107813 0.409375 0.015625 0.015625
0 0.185938 0.410938 0.015625 0.015625
0 0.031250 0.410938 0.015625 0.015625
0 0.562500 0.410938 0.015625 0.015625
0 0.259375 0.412500 0.015625 0.015625
0 0.334375 0.414062 0.015625 0.015625
0 0.640625 0.414062 0.015625 0.015625
0 0.489063 0.415625 0.015625 0.015625
0 0.717187 0.418750 0.015625 0.015625
0 0.410938 0.418750 0.015625 0.015625
0 0.598437 0.473438 0.015625 0.015625
0 0.295312 0.473438 0.015625 0.015625
0 0.223438 0.475000 0.015625 0.015625
0 0.067187 0.475000 0.015625 0.015625
0 0.367188 0.475000 0.015625 0.015625
0 0.145313 0.476562 0.015625 0.015625
0 0.456250 0.482812 0.015625 0.015625
0 0.746875 0.490625 0.015625 0.015625
0 0.328125 0.537500 0.015625 0.015625
0 0.104688 0.542188 0.015625 0.015625
0 0.259375 0.542188 0.015625 0.015625
0 0.559375 0.543750 0.015625 0.015625
0 0.403125 0.545312 0.015625 0.015625
0 0.485938 0.545312 0.015625 0.015625
0 0.028125 0.545312 0.015625 0.015625
0 0.631250 0.546875 0.015625 0.015625
0 0.932813 0.553125 0.015625 0.015625
0 0.785937 0.554688 0.015625 0.015625
0 0.710938 0.556250 0.015625 0.015625
0 0.221875 0.601562 0.015625 0.015625
0 0.523438 0.603125 0.015625 0.015625
0 0.064062 0.604688 0.015625 0.015625
0 0.290625 0.604688 0.015625 0.015625
0 0.371875 0.604688 0.015625 0.015625
0 0.445312 0.610938 0.015625 0.015625
0 0.825000 0.610938 0.015625 0.015625
0 0.676562 0.614062 0.015625 0.015625
0 0.978125 0.615625 0.015625 0.015625
0 0.751563 0.618750 0.015625 0.015625
0 0.254688 0.668750 0.015625 0.015625
0 0.179688 0.668750 0.015625 0.015625
0 0.029687 0.668750 0.015625 0.015625
0 0.107813 0.671875 0.015625 0.015625
0 0.329688 0.671875 0.015625 0.015625
0 0.404687 0.673438 0.015625 0.015625
0 0.484375 0.675000 0.015625 0.015625
0 0.709375 0.685937 0.015625 0.015625
0 0.581250 0.700000 0.015625 0.015625
0 0.289062 0.734375 0.015625 0.015625
0 0.056250 0.735938 0.015625 0.015625
0 0.212500 0.735938 0.015625 0.015625
0 0.440625 0.739062 0.015625 0.015625
0 0.829688 0.739062 0.015625 0.015625
0 0.134375 0.739062 0.015625 0.015625
0 0.360938 0.739062 0.015625 0.015625
0 0.025000 0.798438 0.015625 0.015625
0 0.328125 0.800000 0.015625 0.015625
0 0.253125 0.800000 0.015625 0.015625
0 0.101562 0.801562 0.015625 0.015625
0 0.487500 0.803125 0.015625 0.015625
0 0.175000 0.803125 0.015625 0.015625
0 0.406250 0.803125 0.015625 0.015625
0 0.564063 0.804688 0.015625 0.015625
0 0.781250 0.806250 0.015625 0.015625
0 0.859375 0.809375 0.015625 0.015625
0 0.706250 0.809375 0.015625 0.015625
0 0.634375 0.810937 0.015625 0.015625
0 0.939063 0.812500 0.015625 0.015625
0 0.287500 0.870313 0.015625 0.015625
0 0.603125 0.871875 0.015625 0.015625
0 0.059375 0.871875 0.015625 0.015625
0 0.440625 0.871875 0.015625 0.015625
0 0.360938 0.871875 0.015625 0.015625
0 0.134375 0.873437 0.015625 0.015625
0 0.967187 0.876563 0.015625 0.015625
0 0.817187 0.879687 0.015625 0.015625
0 0.739062 0.881250 0.015625 0.015625
0 0.676562 0.885938 0.015625 0.015625
0 0.017188 0.932813 0.015625 0.015625
0 0.093750 0.934375 0.015625 0.015625
0 0.175000 0.935937 0.015625 0.015625
0 0.329688 0.935937 0.015625 0.015625
0 0.250000 0.935937 0.015625 0.015625
0 0.478125 0.937500 0.015625 0.015625
0 0.553125 0.940625 0.015625 0.015625
0 0.632812 0.943750 0.015625 0.015625
0 0.782813 0.943750 0.015625 0.015625
0 0.860938 0.945312 0.015625 0.015625
0 0.707812 0.945312 0.015625 0.015625
0 0.931250 0.946875 0.015625 0.015625
0 0.057813 0.995313 0.015625 0.015625
0 0.889062 0.882812 0.015625 0.015625
0 0.514062 0.876563 0.015625 0.015625
0 0.714063 0.020313 0.015625 0.015625
0 0.953125 0.160938 0.015625 0.015625
0 0.978125 0.229687 0.015625 0.015625
0 0.900000 0.226562 0.015625 0.015625
0 0.812500 0.226562 0.015625 0.015625
0 0.793750 0.285938 0.015625 0.015625
0 0.878125 0.289062 0.015625 0.015625
0 0.951562 0.289062 0.015625 0.015625
0 0.910937 0.346875 0.015625 0.015625
0 0.831250 0.359375 0.015625 0.015625
0 0.879687 0.423438 0.015625 0.015625
0 0.903125 0.482812 0.015625 0.015625
0 0.950000 0.426563 0.015625 0.015625
0 0.979688 0.481250 0.015625 0.015625
0 0.993750 0.350000 0.015625 0.015625
