0 0.626563 0.001563 0.015625 0.015625
0 0.543750 0.004687 0.015625 0.015625
0 0.332813 0.035937 0.015625 0.015625
0 0.079687 0.060937 0.015625 0.015625
0 0.004687 0.092188 0.015625 0.015625
0 0.617188 0.096875 0.015625 0.015625
0 0.196875 0.129688 0.015625 0.015625
0 0.123438 0.129688 0.015625 0.015625
0 0.275000 0.131250 0.015625 0.015625
0 0.037500 0.135937 0.015625 0.015625
0 0.442188 0.173437 0.015625 0.015625
0 0.312500 0.182812 0.015625 0.015625
0 0.004687 0.204687 0.015625 0.015625
0 0.079687 0.206250 0.015625 0.015625
0 0.185938 0.218750 0.015625 0.015625
0 0.240625 0.226562 0.015625 0.015625
0 0.218750 0.265625 0.015625 0.015625
0 0.468750 0.267188 0.015625 0.015625
0 0.110937 0.268750 0.015625 0.015625
0 0.034375 0.271875 0.015625 0.015625
0 0.334375 0.282813 0.015625 0.015625
0 0.721875 0.298438 0.015625 0.015625
0 0.634375 0.314063 0.015625 0.015625
0 0.384375 0.346875 0.015625 0.015625
0 0.471875 0.346875 0.015625 0.015625
0 0.534375 0.350000 0.015625 0.015625
0 0.307812 0.351562 0.015625 0.015625
0 0.076563 0.357812 0.015625 0.015625
0 0.139063 0.359375 0.015625 0.015625
0 0.239063 0.364063 0.015625 0.015625
0 0.109375 0.406250 0.015625 0.015625
0 0.060937 0.465625 0.015625 0.015625
0 0.296875 0.484375 0.015625 0.015625
0 0.387500 0.490625 0.015625 0.015625
0 0.182812 0.500000 0.015625 0.015625
0 0.034375 0.517188 0.015625 0.015625
0 0.803125 0.535937 0.015625 0.015625
0 0.259375 0.568750 0.015625 0.015625
0 0.682813 0.598437 0.015625 0.015625
0 0.771875 0.603125 0.015625 0.015625
0 0.478125 0.635938 0.015625 0.015625
0 0.614062 0.637500 0.015625 0.015625
0 0.260937 0.653125 0.015625 0.015625
0 0.335938 0.657813 0.015625 0.015625
0 0.178125 0.659375 0.015625 0.015625
0 0.534375 0.682813 0.015625 0.015625
0 0.687500 0.682813 0.015625 0.015625
0 0.764062 0.689063 0.015625 0.015625
0 0.814063 0.693750 0.015625 0.015625
0 0.078125 0.725000 0.015625 0.015625
0 0.454688 0.728125 0.015625 0.015625
0 0.221875 0.731250 0.015625 0.015625
0 0.162500 0.734375 0.015625 0.015625
0 0.379688 0.734375 0.015625 0.015625
0 0.679688 0.737500 0.015625 0.015625
0 0.181250 0.784375 0.015625 0.015625
0 0.028125 0.785937 0.015625 0.015625
0 0.103125 0.785937 0.015625 0.015625
0 0.312500 0.787500 0.015625 0.015625
0 0.403125 0.789062 0.015625 0.015625
0 0.254688 0.789062 0.015625 0.015625
0 0.681250 0.807813 0.015625 0.015625
0 0.440625 0.837500 0.015625 0.015625
0 0.059375 0.842187 0.015625 0.015625
0 0.301563 0.843750 0.015625 0.015625
0 0.221875 0.851562 0.015625 0.015625
0 0.523438 0.859375 0.015625 0.015625
0 0.135937 0.870313 0.015625 0.015625
0 0.409375 0.882812 0.015625 0.015625
0 0.684375 0.882812 0.015625 0.015625
0 0.043750 0.882812 0.015625 0.015625
0 0.634375 0.884375 0.015625 0.015625
0 0.810937 0.887500 0.015625 0.015625
0 0.332813 0.904687 0.015625 0.015625
0 0.257812 0.923438 0.015625 0.015625
0 0.554688 0.926562 0.015625 0.015625
0 0.092188 0.932813 0.015625 0.015625
0 0.037500 0.939063 0.015625 0.015625
0 0.500000 0.939063 0.015625 0.015625
0 0.182812 0.942187 0.015625 0.015625
0 0.782813 0.948438 0.015625 0.015625
0 0.365625 0.976562 0.015625 0.015625
0 0.578125 0.978125 0.015625 0.015625
0 0.026562 0.989062 0.015625 0.015625
0 0.135937 0.989062 0.015625 0.015625
0 0.082812 0.990625 0.015625 0.015625
0 0.831250 0.992188 0.015625 0.015625
