0 0.078125 0.134375 0.015625 0.015625
0 0.154688 0.156250 0.015625 0.015625
0 0.054688 0.187500 0.015625 0.015625
0 0.090625 0.226562 0.015625 0.015625
0 0.164062 0.226562 0.015625 0.015625
0 0.204687 0.285938 0.015625 0.015625
0 0.048438 0.285938 0.015625 0.015625
0 0.126562 0.290625 0.015625 0.015625
0 0.240625 0.342187 0.015625 0.015625
0 0.015625 0.348438 0.015625 0.015625
0 0.165625 0.350000 0.015625 0.015625
0 0.087500 0.353125 0.015625 0.015625
0 0.203125 0.417187 0.015625 0.015625
0 0.275000 0.420312 0.015625 0.015625
0 0.121875 0.421875 0.015625 0.015625
0 0.043750 0.423438 0.015625 0.015625
0 0.087500 0.484375 0.015625 0.015625
0 0.234375 0.485938 0.015625 0.015625
0 0.317188 0.492188 0.015625 0.015625
0 0.045312 0.551562 0.015625 0.015625
0 0.125000 0.553125 0.015625 0.015625
0 0.350000 0.554688 0.015625 0.015625
0 0.096875 0.607812 0.015625 0.015625
0 0.382812 0.625000 0.015625 0.015625
0 0.054688 0.659375 0.015625 0.015625
0 0.118750 0.679688 0.015625 0.015625
0 0.195312 0.685937 0.015625 0.015625
0 0.284375 0.700000 0.015625 0.015625
0 0.085938 0.735938 0.015625 0.015625
0 0.381250 0.740625 0.015625 0.015625
0 0.120313 0.809375 0.015625 0.015625
0 0.343750 0.812500 0.015625 0.015625
0 0.043750 0.814063 0.015625 0.015625
0 0.192188 0.817187 0.015625 0.015625
0 0.484375 0.832812 0.015625 0.015625
0 0.268750 0.848437 0.015625 0.015625
0 0.003125 0.876563 0.015625 0.015625
0 0.078125 0.876563 0.015625 0.015625
0 0.151562 0.879687 0.015625 0.015625
0 0.453125 0.882812 0.015625 0.015625
0 0.370312 0.884375 0.015625 0.015625
0 0.228125 0.885938 0.015625 0.015625
0 0.039062 0.940625 0.015625 0.015625
0 0.115625 0.943750 0.015625 0.015625
0 0.190625 0.945312 0.015625 0.015625
0 0.265625 0.951562 0.015625 0.015625
0 0.418750 0.957812 0.015625 0.015625
0 0.353125 0.959375 0.015625 0.015625
0 0.134375 0.026562 0.015625 0.015625
0 0.210938 0.025000 0.015625 0.015625
0 0.273438 0.025000 0.015625 0.015625
0 0.010937 0.485938 0.015625 0.015625
0 0.353125 0.409375 0.015625 0.015625
0 0.312500 0.357812 0.015625 0.015625
0 0.279687 0.284375 0.015625 0.015625
0 0.250000 0.220312 0.015625 0.015625
0 0.321875 0.221875 0.015625 0.015625
0 0.196875 0.554688 0.015625 0.015625
0 0.157812 0.621875 0.015625 0.015625
0 0.279687 0.559375 0.015625 0.015625
0 0.307812 0.623437 0.015625 0.015625
0 0.343750 0.685937 0.015625 0.015625
0 0.242188 0.754687 0.015625 0.015625
0 0.301563 0.753125 0.015625 0.015625
0 0.268750 0.814063 0.015625 0.015625
0 0.423438 0.812500 0.015625 0.015625
0 0.454688 0.748437 0.015625 0.015625
