0 0.071875 0.053125 0.015625 0.015625
0 0.553125 0.078125 0.015625 0.015625
0 0.309375 0.085938 0.015625 0.015625
0 0.609375 0.089063 0.015625 0.015625
0 0.376563 0.090625 0.015625 0.015625
0 0.887500 0.092188 0.015625 0.015625
0 0.090625 0.112500 0.015625 0.015625
0 0.731250 0.125000 0.015625 0.015625
0 0.435937 0.134375 0.015625 0.015625
0 0.631250 0.142187 0.015625 0.015625
0 0.057813 0.176563 0.015625 0.015625
0 0.775000 0.187500 0.015625 0.015625
0 0.710938 0.212500 0.015625 0.015625
0 0.887500 0.223438 0.015625 0.015625
0 0.984375 0.225000 0.015625 0.015625
0 0.582812 0.239063 0.015625 0.015625
0 0.015625 0.310937 0.015625 0.015625
0 0.057813 0.310937 0.015625 0.015625
0 0.915625 0.321875 0.015625 0.015625
0 0.996875 0.323437 0.015625 0.015625
0 0.312500 0.332813 0.015625 0.015625
0 0.485938 0.334375 0.015625 0.015625
0 0.576562 0.339062 0.015625 0.015625
0 0.760938 0.340625 0.015625 0.015625
0 0.415625 0.346875 0.015625 0.015625
0 0.175000 0.360938 0.015625 0.015625
0 0.109375 0.365625 0.015625 0.015625
0 0.032813 0.368750 0.015625 0.015625
0 0.657813 0.384375 0.015625 0.015625
0 0.735938 0.387500 0.015625 0.015625
0 0.882812 0.387500 0.015625 0.015625
0 0.962500 0.390625 0.015625 0.015625
0 0.089063 0.435937 0.015625 0.015625
0 0.540625 0.439063 0.015625 0.015625
0 0.693750 0.446875 0.015625 0.015625
0 0.617188 0.446875 0.015625 0.015625
0 0.768750 0.453125 0.015625 0.015625
0 0.928125 0.456250 0.015625 0.015625
0 0.306250 0.481250 0.015625 0.015625
0 0.448437 0.487500 0.015625 0.015625
0 0.575000 0.504687 0.015625 0.015625
0 0.085938 0.506250 0.015625 0.015625
0 0.510938 0.509375 0.015625 0.015625
0 0.656250 0.514062 0.015625 0.015625
0 0.734375 0.515625 0.015625 0.015625
0 0.884375 0.517188 0.015625 0.015625
0 0.812500 0.518750 0.015625 0.015625
0 0.385937 0.564063 0.015625 0.015625
0 0.464062 0.568750 0.015625 0.015625
0 0.540625 0.573438 0.015625 0.015625
0 0.315625 0.575000 0.015625 0.015625
0 0.617188 0.579688 0.015625 0.015625
0 0.696875 0.582812 0.015625 0.015625
0 0.776563 0.582812 0.015625 0.015625
0 0.915625 0.585938 0.015625 0.015625
0 0.117188 0.615625 0.015625 0.015625
0 0.210938 0.617188 0.015625 0.015625
0 0.290625 0.620313 0.015625 0.015625
0 0.431250 0.637500 0.015625 0.015625
0 0.354687 0.642188 0.015625 0.015625
0 0.621875 0.648438 0.015625 0.015625
0 0.529687 0.650000 0.015625 0.015625
0 0.812500 0.650000 0.015625 0.015625
0 0.960938 0.650000 0.015625 0.015625
0 0.731250 0.651563 0.015625 0.015625
0 0.046875 0.651563 0.015625 0.015625
0 0.882812 0.653125 0.015625 0.015625
0 0.462500 0.710938 0.015625 0.015625
0 0.765625 0.714063 0.015625 0.015625
0 0.993750 0.723437 0.015625 0.015625
0 0.182812 0.729688 0.015625 0.015625
0 0.700000 0.731250 0.015625 0.015625
0 0.606250 0.731250 0.015625 0.015625
0 0.029687 0.731250 0.015625 0.015625
0 0.382812 0.732812 0.015625 0.015625
0 0.823438 0.735938 0.015625 0.015625
0 0.254688 0.737500 0.015625 0.015625
0 0.335938 0.739062 0.015625 0.015625
0 0.907813 0.740625 0.015625 0.015625
0 0.879687 0.782813 0.015625 0.015625
0 0.654687 0.784375 0.015625 0.015625
0 0.414062 0.785937 0.015625 0.015625
0 0.959375 0.792188 0.015625 0.015625
0 0.756250 0.817187 0.015625 0.015625
0 0.156250 0.826562 0.015625 0.015625
0 0.232813 0.828125 0.015625 0.015625
0 0.684375 0.839063 0.015625 0.015625
0 0.535937 0.840625 0.015625 0.015625
0 0.914062 0.845313 0.015625 0.015625
0 0.989062 0.846875 0.015625 0.015625
0 0.378125 0.860938 0.015625 0.015625
0 0.270313 0.879687 0.015625 0.015625
0 0.110937 0.879687 0.015625 0.015625
0 0.460938 0.884375 0.015625 0.015625
0 0.207813 0.885938 0.015625 0.015625
0 0.618750 0.890625 0.015625 0.015625
0 0.709375 0.893750 0.015625 0.015625
0 0.767188 0.893750 0.015625 0.015625
0 0.814063 0.895312 0.015625 0.015625
0 0.892188 0.901563 0.015625 0.015625
0 0.971875 0.901563 0.015625 0.015625
0 0.334375 0.923438 0.015625 0.015625
0 0.254688 0.943750 0.015625 0.015625
0 0.764062 0.968750 0.015625 0.015625
0 0.839063 0.970313 0.015625 0.015625
0 0.459375 0.976562 0.015625 0.015625
0 0.910937 0.982812 0.015625 0.015625
