0 0.453125 0.001563 0.015625 0.015625
0 0.678125 0.001563 0.015625 0.015625
0 0.756250 0.003125 0.015625 0.015625
0 0.603125 0.003125 0.015625 0.015625
0 0.528125 0.004687 0.015625 0.015625
0 0.831250 0.006250 0.015625 0.015625
0 0.907813 0.007812 0.015625 0.015625
0 0.984375 0.012500 0.015625 0.015625
0 0.031250 0.057813 0.015625 0.015625
0 0.107813 0.059375 0.015625 0.015625
0 0.184375 0.059375 0.015625 0.015625
0 0.262500 0.064062 0.015625 0.015625
0 0.339062 0.065625 0.015625 0.015625
0 0.640625 0.067187 0.015625 0.015625
0 0.415625 0.068750 0.015625 0.015625
0 0.565625 0.068750 0.015625 0.015625
0 0.490625 0.070312 0.015625 0.015625
0 0.717187 0.070312 0.015625 0.015625
0 0.793750 0.071875 0.015625 0.015625
0 0.868750 0.073438 0.015625 0.015625
0 0.943750 0.075000 0.015625 0.015625
0 0.065625 0.120313 0.015625 0.015625
0 0.215625 0.128125 0.015625 0.015625
0 0.293750 0.128125 0.015625 0.015625
0 0.679688 0.131250 0.015625 0.015625
0 0.606250 0.131250 0.015625 0.015625
0 0.375000 0.132812 0.015625 0.015625
0 0.753125 0.134375 0.015625 0.015625
0 0.453125 0.134375 0.015625 0.015625
0 0.529687 0.135937 0.015625 0.015625
0 0.829688 0.135937 0.015625 0.015625
0 0.906250 0.137500 0.015625 0.015625
0 0.981250 0.140625 0.015625 0.015625
0 0.104688 0.189062 0.015625 0.015625
0 0.029687 0.190625 0.015625 0.015625
0 0.181250 0.190625 0.015625 0.015625
0 0.253125 0.193750 0.015625 0.015625
0 0.332813 0.195312 0.015625 0.015625
0 0.409375 0.196875 0.015625 0.015625
0 0.487500 0.198437 0.015625 0.015625
0 0.712500 0.201563 0.015625 0.015625
0 0.637500 0.203125 0.015625 0.015625
0 0.562500 0.203125 0.015625 0.015625
0 0.787500 0.204687 0.015625 0.015625
0 0.862500 0.207813 0.015625 0.015625
0 0.939063 0.209375 0.015625 0.015625
0 0.217188 0.250000 0.015625 0.015625
0 0.139063 0.253125 0.015625 0.015625
0 0.064062 0.256250 0.015625 0.015625
0 0.290625 0.259375 0.015625 0.015625
0 0.370312 0.260937 0.015625 0.015625
0 0.445312 0.264062 0.015625 0.015625
0 0.753125 0.264062 0.015625 0.015625
0 0.901563 0.270313 0.015625 0.015625
0 0.826562 0.273438 0.015625 0.015625
0 0.973437 0.275000 0.015625 0.015625
0 0.668750 0.276562 0.015625 0.015625
0 0.100000 0.321875 0.015625 0.015625
0 0.179688 0.323437 0.015625 0.015625
0 0.254688 0.323437 0.015625 0.015625
0 0.331250 0.328125 0.015625 0.015625
0 0.407813 0.329688 0.015625 0.015625
0 0.484375 0.329688 0.015625 0.015625
0 0.560937 0.331250 0.015625 0.015625
0 0.634375 0.332813 0.015625 0.015625
0 0.712500 0.334375 0.015625 0.015625
0 0.785937 0.334375 0.015625 0.015625
0 0.865625 0.335938 0.015625 0.015625
0 0.935937 0.337500 0.015625 0.015625
0 0.137500 0.384375 0.015625 0.015625
0 0.060937 0.385937 0.015625 0.015625
0 0.212500 0.385937 0.015625 0.015625
0 0.290625 0.389062 0.015625 0.015625
0 0.364063 0.390625 0.015625 0.015625
0 0.593750 0.395313 0.015625 0.015625
0 0.745313 0.396875 0.015625 0.015625
0 0.668750 0.396875 0.015625 0.015625
0 0.517188 0.396875 0.015625 0.015625
0 0.975000 0.400000 0.015625 0.015625
0 0.900000 0.401562 0.015625 0.015625
0 0.096875 0.446875 0.015625 0.015625
0 0.025000 0.448437 0.015625 0.015625
0 0.173437 0.450000 0.015625 0.015625
0 0.253125 0.451562 0.015625 0.015625
0 0.329688 0.453125 0.015625 0.015625
0 0.406250 0.457813 0.015625 0.015625
0 0.482812 0.459375 0.015625 0.015625
0 0.557813 0.460938 0.015625 0.015625
0 0.634375 0.464062 0.015625 0.015625
0 0.709375 0.464062 0.015625 0.015625
0 0.859375 0.464062 0.015625 0.015625
0 0.784375 0.465625 0.015625 0.015625
0 0.935937 0.468750 0.015625 0.015625
0 0.060937 0.510938 0.015625 0.015625
0 0.285938 0.515625 0.015625 0.015625
0 0.135937 0.515625 0.015625 0.015625
0 0.210938 0.518750 0.015625 0.015625
0 0.439063 0.523438 0.015625 0.015625
0 0.970313 0.534375 0.015625 0.015625
0 0.245312 0.578125 0.015625 0.015625
0 0.173437 0.581250 0.015625 0.015625
0 0.012500 0.582812 0.015625 0.015625
0 0.403125 0.585938 0.015625 0.015625
0 0.629687 0.590625 0.015625 0.015625
0 0.781250 0.590625 0.015625 0.015625
0 0.859375 0.593750 0.015625 0.015625
0 0.932813 0.596875 0.015625 0.015625
0 0.828125 0.665625 0.015625 0.015625
