0 0.781250 0.004687 0.015625 0.015625
0 0.467187 0.010937 0.015625 0.015625
0 0.926562 0.010937 0.015625 0.015625
0 0.542188 0.010937 0.015625 0.015625
0 0.632812 0.023438 0.015625 0.015625
0 0.137500 0.059375 0.015625 0.015625
0 0.062500 0.060937 0.015625 0.015625
0 0.212500 0.062500 0.015625 0.015625
0 0.509375 0.065625 0.015625 0.015625
0 0.359375 0.065625 0.015625 0.015625
0 0.284375 0.067187 0.015625 0.015625
0 0.657813 0.070312 0.015625 0.015625
0 0.812500 0.070312 0.015625 0.015625
0 0.587500 0.071875 0.015625 0.015625
0 0.964063 0.071875 0.015625 0.015625
0 0.737500 0.071875 0.015625 0.015625
0 0.435937 0.071875 0.015625 0.015625
0 0.887500 0.075000 0.015625 0.015625
0 0.017188 0.114062 0.015625 0.015625
0 0.684375 0.115625 0.015625 0.015625
0 0.473438 0.120313 0.015625 0.015625
0 0.170313 0.128125 0.015625 0.015625
0 0.543750 0.128125 0.015625 0.015625
0 0.243750 0.132812 0.015625 0.015625
0 0.318750 0.132812 0.015625 0.015625
0 0.621875 0.135937 0.015625 0.015625
0 0.779687 0.135937 0.015625 0.015625
0 0.854688 0.135937 0.015625 0.015625
0 0.387500 0.137500 0.015625 0.015625
0 0.928125 0.142187 0.015625 0.015625
0 0.053125 0.185938 0.015625 0.015625
0 0.587500 0.190625 0.015625 0.015625
0 0.278125 0.190625 0.015625 0.015625
0 0.128125 0.193750 0.015625 0.015625
0 0.509375 0.193750 0.015625 0.015625
0 0.204687 0.195312 0.015625 0.015625
0 0.884375 0.196875 0.015625 0.015625
0 0.432812 0.207813 0.015625 0.015625
0 0.960938 0.210938 0.015625 0.015625
0 0.334375 0.229687 0.015625 0.015625
0 0.390625 0.237500 0.015625 0.015625
0 0.781250 0.250000 0.015625 0.015625
0 0.846875 0.250000 0.015625 0.015625
0 0.637500 0.251563 0.015625 0.015625
0 0.237500 0.253125 0.015625 0.015625
0 0.012500 0.253125 0.015625 0.015625
0 0.554688 0.257812 0.015625 0.015625
0 0.931250 0.260937 0.015625 0.015625
0 0.085938 0.265625 0.015625 0.015625
0 0.471875 0.275000 0.015625 0.015625
0 0.873437 0.300000 0.015625 0.015625
0 0.887500 0.343750 0.015625 0.015625
0 0.957812 0.345313 0.015625 0.015625
0 0.131250 0.351562 0.015625 0.015625
0 0.056250 0.351562 0.015625 0.015625
0 0.460938 0.365625 0.015625 0.015625
0 0.417187 0.370312 0.015625 0.015625
0 0.365625 0.371875 0.015625 0.015625
0 0.639062 0.375000 0.015625 0.015625
0 0.012500 0.382812 0.015625 0.015625
0 0.846875 0.382812 0.015625 0.015625
0 0.560937 0.385937 0.015625 0.015625
0 0.770312 0.403125 0.015625 0.015625
0 0.473438 0.407813 0.015625 0.015625
0 0.389062 0.415625 0.015625 0.015625
0 0.920312 0.420312 0.015625 0.015625
0 0.729688 0.465625 0.015625 0.015625
0 0.510938 0.465625 0.015625 0.015625
0 0.659375 0.470313 0.015625 0.015625
0 0.585938 0.471875 0.015625 0.015625
0 0.882812 0.478125 0.015625 0.015625
0 0.235937 0.493750 0.015625 0.015625
0 0.485938 0.495312 0.015625 0.015625
0 0.082812 0.518750 0.015625 0.015625
0 0.815625 0.526563 0.015625 0.015625
0 0.390625 0.535937 0.015625 0.015625
0 0.464062 0.542188 0.015625 0.015625
0 0.540625 0.543750 0.015625 0.015625
0 0.910937 0.543750 0.015625 0.015625
0 0.756250 0.545312 0.015625 0.015625
0 0.989062 0.546875 0.015625 0.015625
0 0.607812 0.568750 0.015625 0.015625
0 0.117188 0.587500 0.015625 0.015625
0 0.195312 0.589063 0.015625 0.015625
0 0.345313 0.593750 0.015625 0.015625
0 0.954688 0.601562 0.015625 0.015625
0 0.579688 0.603125 0.015625 0.015625
0 0.506250 0.614062 0.015625 0.015625
0 0.784375 0.634375 0.015625 0.015625
0 0.615625 0.639062 0.015625 0.015625
0 0.384375 0.642188 0.015625 0.015625
0 0.698438 0.642188 0.015625 0.015625
0 0.859375 0.643750 0.015625 0.015625
0 0.007812 0.645312 0.015625 0.015625
0 0.160938 0.650000 0.015625 0.015625
0 0.237500 0.650000 0.015625 0.015625
0 0.082812 0.651563 0.015625 0.015625
0 0.532813 0.662500 0.015625 0.015625
0 0.987500 0.668750 0.015625 0.015625
0 0.743750 0.695312 0.015625 0.015625
0 0.198437 0.712500 0.015625 0.015625
0 0.125000 0.714063 0.015625 0.015625
0 0.042188 0.720313 0.015625 0.015625
0 0.503125 0.721875 0.015625 0.015625
0 0.656250 0.725000 0.015625 0.015625
0 0.957812 0.731250 0.015625 0.015625
0 0.571875 0.756250 0.015625 0.015625
0 0.692187 0.759375 0.015625 0.015625
0 0.760938 0.768750 0.015625 0.015625
0 0.481250 0.771875 0.015625 0.015625
0 0.909375 0.789062 0.015625 0.015625
0 0.534375 0.789062 0.015625 0.015625
0 0.837500 0.798438 0.015625 0.015625
0 0.623437 0.826562 0.015625 0.015625
0 0.782813 0.835938 0.015625 0.015625
0 0.268750 0.846875 0.015625 0.015625
0 0.879687 0.860938 0.015625 0.015625
0 0.143750 0.865625 0.015625 0.015625
0 0.434375 0.887500 0.015625 0.015625
0 0.732812 0.892188 0.015625 0.015625
0 0.804688 0.892188 0.015625 0.015625
0 0.235937 0.912500 0.015625 0.015625
0 0.539062 0.914062 0.015625 0.015625
0 0.312500 0.918750 0.015625 0.015625
0 0.996875 0.929688 0.015625 0.015625
0 0.923438 0.929688 0.015625 0.015625
0 0.764062 0.934375 0.015625 0.015625
0 0.837500 0.935937 0.015625 0.015625
0 0.668750 0.939063 0.015625 0.015625
0 0.637500 0.982812 0.015625 0.015625
0 0.190625 0.985938 0.015625 0.015625
0 0.503125 0.990625 0.015625 0.015625
