0 0.015625 0.954688 0.015625 0.015625
0 0.026562 0.985938 0.015625 0.015625
0 0.035937 0.162500 0.015625 0.015625
0 0.068750 0.162500 0.015625 0.015625
0 0.114062 0.164062 0.015625 0.015625
0 0.181250 0.168750 0.015625 0.015625
0 0.253125 0.170313 0.015625 0.015625
0 0.014063 0.198437 0.015625 0.015625
0 0.048438 0.198437 0.015625 0.015625
0 0.092188 0.198437 0.015625 0.015625
0 0.123438 0.198437 0.015625 0.015625
0 0.159375 0.198437 0.015625 0.015625
0 0.198437 0.204687 0.015625 0.015625
0 0.239063 0.204687 0.015625 0.015625
0 0.273438 0.204687 0.015625 0.015625
0 0.029687 0.226562 0.015625 0.015625
0 0.098437 0.231250 0.015625 0.015625
0 0.145313 0.232813 0.015625 0.015625
0 0.182812 0.232813 0.015625 0.015625
0 0.221875 0.232813 0.015625 0.015625
0 0.254688 0.234375 0.015625 0.015625
0 0.293750 0.234375 0.015625 0.015625
0 0.329688 0.237500 0.015625 0.015625
0 0.371875 0.237500 0.015625 0.015625
0 0.404687 0.237500 0.015625 0.015625
0 0.045312 0.264062 0.015625 0.015625
0 0.089063 0.264062 0.015625 0.015625
0 0.162500 0.264062 0.015625 0.015625
0 0.203125 0.267188 0.015625 0.015625
0 0.234375 0.270313 0.015625 0.015625
0 0.281250 0.270313 0.015625 0.015625
0 0.314063 0.270313 0.015625 0.015625
0 0.351562 0.270313 0.015625 0.015625
0 0.393750 0.271875 0.015625 0.015625
0 0.420312 0.271875 0.015625 0.015625
0 0.025000 0.295312 0.015625 0.015625
0 0.110937 0.298438 0.015625 0.015625
0 0.176563 0.296875 0.015625 0.015625
0 0.217188 0.300000 0.015625 0.015625
0 0.334375 0.300000 0.015625 0.015625
0 0.370312 0.303125 0.015625 0.015625
0 0.409375 0.303125 0.015625 0.015625
0 0.481250 0.304688 0.015625 0.015625
0 0.465625 0.270313 0.015625 0.015625
0 0.271875 0.332813 0.015625 0.015625
0 0.314063 0.334375 0.015625 0.015625
0 0.351562 0.334375 0.015625 0.015625
0 0.382812 0.334375 0.015625 0.015625
0 0.421875 0.334375 0.015625 0.015625
0 0.462500 0.335938 0.015625 0.015625
0 0.007812 0.392188 0.015625 0.015625
0 0.043750 0.392188 0.015625 0.015625
0 0.081250 0.393750 0.015625 0.015625
0 0.232813 0.396875 0.015625 0.015625
0 0.270313 0.398438 0.015625 0.015625
0 0.350000 0.400000 0.015625 0.015625
0 0.025000 0.423438 0.015625 0.015625
0 0.057813 0.426563 0.015625 0.015625
0 0.104688 0.428125 0.015625 0.015625
0 0.131250 0.428125 0.015625 0.015625
0 0.295312 0.435937 0.015625 0.015625
0 0.367188 0.432812 0.015625 0.015625
0 0.401562 0.432812 0.015625 0.015625
0 0.446875 0.432812 0.015625 0.015625
0 0.473438 0.432812 0.015625 0.015625
0 0.498437 0.337500 0.015625 0.015625
0 0.517188 0.370312 0.015625 0.015625
0 0.535937 0.403125 0.015625 0.015625
0 0.554688 0.437500 0.015625 0.015625
0 0.573438 0.473438 0.015625 0.015625
0 0.529687 0.470313 0.015625 0.015625
0 0.492188 0.471875 0.015625 0.015625
0 0.451562 0.471875 0.015625 0.015625
0 0.415625 0.470313 0.015625 0.015625
0 0.381250 0.468750 0.015625 0.015625
0 0.345313 0.465625 0.015625 0.015625
0 0.296875 0.468750 0.015625 0.015625
0 0.267188 0.468750 0.015625 0.015625
0 0.229687 0.465625 0.015625 0.015625
0 0.190625 0.465625 0.015625 0.015625
0 0.156250 0.460938 0.015625 0.015625
0 0.115625 0.459375 0.015625 0.015625
0 0.076563 0.457813 0.015625 0.015625
0 0.035937 0.457813 0.015625 0.015625
0 0.037500 0.523438 0.015625 0.015625
0 0.079687 0.525000 0.015625 0.015625
0 0.118750 0.525000 0.015625 0.015625
0 0.157812 0.529687 0.015625 0.015625
0 0.095312 0.490625 0.015625 0.015625
0 0.131250 0.492188 0.015625 0.015625
0 0.168750 0.495312 0.015625 0.015625
0 0.192188 0.529687 0.015625 0.015625
0 0.228125 0.534375 0.015625 0.015625
0 0.264062 0.531250 0.015625 0.015625
0 0.300000 0.532813 0.015625 0.015625
0 0.343750 0.529687 0.015625 0.015625
0 0.442188 0.503125 0.015625 0.015625
0 0.475000 0.503125 0.015625 0.015625
0 0.493750 0.531250 0.015625 0.015625
0 0.535937 0.534375 0.015625 0.015625
0 0.548438 0.507812 0.015625 0.015625
0 0.554688 0.576562 0.015625 0.015625
0 0.042188 0.590625 0.015625 0.015625
0 0.075000 0.590625 0.015625 0.015625
0 0.110937 0.590625 0.015625 0.015625
0 0.093750 0.557813 0.015625 0.015625
0 0.132812 0.559375 0.015625 0.015625
0 0.175000 0.559375 0.015625 0.015625
0 0.214062 0.560937 0.015625 0.015625
0 0.248438 0.562500 0.015625 0.015625
0 0.287500 0.562500 0.015625 0.015625
0 0.328125 0.562500 0.015625 0.015625
0 0.359375 0.564063 0.015625 0.015625
0 0.337500 0.595313 0.015625 0.015625
0 0.159375 0.593750 0.015625 0.015625
0 0.192188 0.593750 0.015625 0.015625
0 0.228125 0.593750 0.015625 0.015625
0 0.265625 0.595313 0.015625 0.015625
0 0.398438 0.568750 0.015625 0.015625
0 0.368750 0.603125 0.015625 0.015625
0 0.418750 0.598437 0.015625 0.015625
0 0.535937 0.604688 0.015625 0.015625
0 0.575000 0.604688 0.015625 0.015625
0 0.601562 0.604688 0.015625 0.015625
0 0.587500 0.573438 0.015625 0.015625
0 0.592187 0.512500 0.015625 0.015625
0 0.607812 0.542188 0.015625 0.015625
0 0.625000 0.573438 0.015625 0.015625
0 0.631250 0.585938 0.015625 0.015625
0 0.648438 0.609375 0.015625 0.015625
0 0.021875 0.557813 0.015625 0.015625
0 0.040625 0.326562 0.015625 0.015625
0 0.087500 0.329688 0.015625 0.015625
0 0.117188 0.331250 0.015625 0.015625
0 0.157812 0.331250 0.015625 0.015625
0 0.193750 0.331250 0.015625 0.015625
0 0.096875 0.360938 0.015625 0.015625
0 0.134375 0.365625 0.015625 0.015625
0 0.175000 0.365625 0.015625 0.015625
0 0.212500 0.365625 0.015625 0.015625
0 0.245312 0.365625 0.015625 0.015625
0 0.018750 0.620313 0.015625 0.015625
0 0.053125 0.620313 0.015625 0.015625
0 0.092188 0.623437 0.015625 0.015625
0 0.132812 0.623437 0.015625 0.015625
0 0.173437 0.625000 0.015625 0.015625
0 0.214062 0.626563 0.015625 0.015625
0 0.251563 0.626563 0.015625 0.015625
0 0.282813 0.626563 0.015625 0.015625
0 0.318750 0.629687 0.015625 0.015625
0 0.353125 0.631250 0.015625 0.015625
0 0.396875 0.632812 0.015625 0.015625
0 0.434375 0.632812 0.015625 0.015625
0 0.515625 0.632812 0.015625 0.015625
0 0.553125 0.632812 0.015625 0.015625
0 0.584375 0.632812 0.015625 0.015625
0 0.570312 0.665625 0.015625 0.015625
0 0.001563 0.654687 0.015625 0.015625
0 0.032813 0.653125 0.015625 0.015625
0 0.078125 0.659375 0.015625 0.015625
0 0.110937 0.657813 0.015625 0.015625
0 0.148438 0.659375 0.015625 0.015625
0 0.187500 0.660937 0.015625 0.015625
0 0.231250 0.659375 0.015625 0.015625
0 0.264062 0.660937 0.015625 0.015625
0 0.420312 0.665625 0.015625 0.015625
0 0.531250 0.667188 0.015625 0.015625
0 0.550000 0.698438 0.015625 0.015625
0 0.510938 0.700000 0.015625 0.015625
0 0.476562 0.700000 0.015625 0.015625
0 0.017188 0.689063 0.015625 0.015625
0 0.056250 0.689063 0.015625 0.015625
0 0.585938 0.698438 0.015625 0.015625
0 0.626563 0.637500 0.015625 0.015625
0 0.642188 0.671875 0.015625 0.015625
0 0.607812 0.667188 0.015625 0.015625
0 0.623437 0.703125 0.015625 0.015625
0 0.660937 0.703125 0.015625 0.015625
0 0.695312 0.701562 0.015625 0.015625
0 0.359375 0.695312 0.015625 0.015625
0 0.342187 0.729688 0.015625 0.015625
0 0.379688 0.728125 0.015625 0.015625
0 0.417187 0.731250 0.015625 0.015625
0 0.451562 0.732812 0.015625 0.015625
0 0.400000 0.700000 0.015625 0.015625
0 0.489063 0.732812 0.015625 0.015625
0 0.534375 0.734375 0.015625 0.015625
0 0.567187 0.734375 0.015625 0.015625
0 0.603125 0.735938 0.015625 0.015625
0 0.003125 0.720313 0.015625 0.015625
0 0.042188 0.721875 0.015625 0.015625
0 0.076563 0.723437 0.015625 0.015625
0 0.112500 0.726562 0.015625 0.015625
0 0.151562 0.725000 0.015625 0.015625
0 0.018750 0.754687 0.015625 0.015625
0 0.060937 0.756250 0.015625 0.015625
0 0.092188 0.756250 0.015625 0.015625
0 0.071875 0.785937 0.015625 0.015625
0 0.107813 0.789062 0.015625 0.015625
0 0.012500 0.821875 0.015625 0.015625
0 0.225000 0.728125 0.015625 0.015625
0 0.265625 0.729688 0.015625 0.015625
0 0.304688 0.728125 0.015625 0.015625
0 0.125000 0.753125 0.015625 0.015625
0 0.150000 0.787500 0.015625 0.015625
0 0.170313 0.754687 0.015625 0.015625
0 0.189062 0.787500 0.015625 0.015625
0 0.210938 0.757812 0.015625 0.015625
0 0.226562 0.790625 0.015625 0.015625
0 0.245312 0.760938 0.015625 0.015625
0 0.260937 0.790625 0.015625 0.015625
0 0.279687 0.759375 0.015625 0.015625
0 0.301563 0.789062 0.015625 0.015625
0 0.342187 0.795312 0.015625 0.015625
0 0.379688 0.793750 0.015625 0.015625
0 0.393750 0.760938 0.015625 0.015625
0 0.420312 0.798438 0.015625 0.015625
0 0.451562 0.796875 0.015625 0.015625
0 0.473438 0.764062 0.015625 0.015625
0 0.514062 0.764062 0.015625 0.015625
0 0.490625 0.796875 0.015625 0.015625
0 0.526563 0.798438 0.015625 0.015625
0 0.623437 0.771875 0.015625 0.015625
0 0.715625 0.737500 0.015625 0.015625
0 0.735938 0.768750 0.015625 0.015625
0 0.756250 0.804688 0.015625 0.015625
0 0.051562 0.820312 0.015625 0.015625
0 0.071875 0.850000 0.015625 0.015625
0 0.092188 0.818750 0.015625 0.015625
0 0.109375 0.853125 0.015625 0.015625
0 0.129688 0.823438 0.015625 0.015625
0 0.146875 0.854688 0.015625 0.015625
0 0.167187 0.821875 0.015625 0.015625
0 0.187500 0.854688 0.015625 0.015625
0 0.203125 0.821875 0.015625 0.015625
0 0.220312 0.853125 0.015625 0.015625
0 0.242188 0.825000 0.015625 0.015625
0 0.257812 0.856250 0.015625 0.015625
0 0.278125 0.821875 0.015625 0.015625
0 0.293750 0.860938 0.015625 0.015625
0 0.314063 0.825000 0.015625 0.015625
0 0.334375 0.854688 0.015625 0.015625
0 0.353125 0.828125 0.015625 0.015625
0 0.410938 0.862500 0.015625 0.015625
0 0.454688 0.864062 0.015625 0.015625
0 0.495312 0.864062 0.015625 0.015625
0 0.529687 0.864062 0.015625 0.015625
0 0.143750 0.918750 0.015625 0.015625
0 0.181250 0.920312 0.015625 0.015625
0 0.220312 0.920312 0.015625 0.015625
0 0.278125 0.892188 0.015625 0.015625
0 0.390625 0.895312 0.015625 0.015625
0 0.198437 0.954688 0.015625 0.015625
0 0.240625 0.956250 0.015625 0.015625
0 0.275000 0.956250 0.015625 0.015625
0 0.314063 0.956250 0.015625 0.015625
0 0.350000 0.956250 0.015625 0.015625
0 0.496875 0.993750 0.015625 0.015625
0 0.528125 0.996875 0.015625 0.015625
0 0.564063 0.996875 0.015625 0.015625
0 0.675000 0.996875 0.015625 0.015625
0 0.707812 0.996875 0.015625 0.015625
0 0.750000 0.998437 0.015625 0.015625
0 0.793750 0.998437 0.015625 0.015625
0 0.725000 0.934375 0.015625 0.015625
0 0.750000 0.934375 0.015625 0.015625
0 0.792188 0.934375 0.015625 0.015625
