0 0.065625 0.032813 0.015625 0.015625
0 0.140625 0.035937 0.015625 0.015625
0 0.215625 0.037500 0.015625 0.015625
0 0.290625 0.039062 0.015625 0.015625
0 0.362500 0.042188 0.015625 0.015625
0 0.515625 0.045312 0.015625 0.015625
0 0.593750 0.046875 0.015625 0.015625
0 0.754687 0.046875 0.015625 0.015625
0 0.673438 0.046875 0.015625 0.015625
0 0.973437 0.053125 0.015625 0.015625
0 0.182812 0.096875 0.015625 0.015625
0 0.104688 0.103125 0.015625 0.015625
0 0.326562 0.112500 0.015625 0.015625
0 0.707812 0.114062 0.015625 0.015625
0 0.629687 0.114062 0.015625 0.015625
0 0.937500 0.117188 0.015625 0.015625
0 0.070312 0.160938 0.015625 0.015625
0 0.140625 0.165625 0.015625 0.015625
0 0.362500 0.167187 0.015625 0.015625
0 0.214062 0.168750 0.015625 0.015625
0 0.290625 0.168750 0.015625 0.015625
0 0.437500 0.170313 0.015625 0.015625
0 0.665625 0.181250 0.015625 0.015625
0 0.903125 0.185938 0.015625 0.015625
0 0.976562 0.187500 0.015625 0.015625
0 0.253125 0.232813 0.015625 0.015625
0 0.326562 0.234375 0.015625 0.015625
0 0.178125 0.234375 0.015625 0.015625
0 0.628125 0.243750 0.015625 0.015625
0 0.060937 0.292187 0.015625 0.015625
0 0.140625 0.293750 0.015625 0.015625
0 0.210938 0.298438 0.015625 0.015625
0 0.364063 0.298438 0.015625 0.015625
0 0.512500 0.300000 0.015625 0.015625
0 0.285938 0.301563 0.015625 0.015625
0 0.435937 0.306250 0.015625 0.015625
0 0.662500 0.306250 0.015625 0.015625
0 0.976562 0.309375 0.015625 0.015625
0 0.900000 0.312500 0.015625 0.015625
0 0.114062 0.348438 0.015625 0.015625
0 0.018750 0.356250 0.015625 0.015625
0 0.175000 0.364063 0.015625 0.015625
0 0.325000 0.368750 0.015625 0.015625
0 0.242188 0.368750 0.015625 0.015625
0 0.390625 0.370312 0.015625 0.015625
0 0.471875 0.370312 0.015625 0.015625
0 0.059375 0.425000 0.015625 0.015625
0 0.132812 0.429688 0.015625 0.015625
0 0.206250 0.432812 0.015625 0.015625
0 0.284375 0.432812 0.015625 0.015625
0 0.582812 0.434375 0.015625 0.015625
0 0.359375 0.435937 0.015625 0.015625
0 0.434375 0.435937 0.015625 0.015625
0 0.507812 0.440625 0.015625 0.015625
0 0.742188 0.443750 0.015625 0.015625
0 0.964063 0.445312 0.015625 0.015625
0 0.092188 0.495312 0.015625 0.015625
0 0.242188 0.495312 0.015625 0.015625
0 0.168750 0.496875 0.015625 0.015625
0 0.320312 0.498437 0.015625 0.015625
0 0.620313 0.503125 0.015625 0.015625
0 0.468750 0.506250 0.015625 0.015625
0 0.550000 0.507812 0.015625 0.015625
0 0.931250 0.510938 0.015625 0.015625
0 0.129688 0.557813 0.015625 0.015625
0 0.057813 0.559375 0.015625 0.015625
0 0.281250 0.559375 0.015625 0.015625
0 0.204687 0.560937 0.015625 0.015625
0 0.357812 0.564063 0.015625 0.015625
0 0.660937 0.573438 0.015625 0.015625
0 0.585938 0.575000 0.015625 0.015625
0 0.317188 0.621875 0.015625 0.015625
0 0.092188 0.621875 0.015625 0.015625
0 0.168750 0.621875 0.015625 0.015625
0 0.240625 0.623437 0.015625 0.015625
0 0.553125 0.637500 0.015625 0.015625
0 0.931250 0.642188 0.015625 0.015625
0 0.631250 0.643750 0.015625 0.015625
0 0.051562 0.690625 0.015625 0.015625
0 0.281250 0.690625 0.015625 0.015625
0 0.204687 0.692187 0.015625 0.015625
0 0.132812 0.692187 0.015625 0.015625
0 0.354687 0.693750 0.015625 0.015625
0 0.431250 0.693750 0.015625 0.015625
0 0.512500 0.703125 0.015625 0.015625
0 0.584375 0.707812 0.015625 0.015625
0 0.964063 0.707812 0.015625 0.015625
0 0.664062 0.707812 0.015625 0.015625
0 0.732812 0.710938 0.015625 0.015625
0 0.882812 0.710938 0.015625 0.015625
0 0.390625 0.760938 0.015625 0.015625
0 0.467187 0.762500 0.015625 0.015625
0 0.232813 0.762500 0.015625 0.015625
0 0.618750 0.768750 0.015625 0.015625
0 0.542188 0.770312 0.015625 0.015625
0 0.054688 0.814063 0.015625 0.015625
0 0.278125 0.823438 0.015625 0.015625
0 0.429688 0.823438 0.015625 0.015625
0 0.354687 0.826562 0.015625 0.015625
0 0.506250 0.829688 0.015625 0.015625
0 0.579688 0.832812 0.015625 0.015625
0 0.656250 0.835938 0.015625 0.015625
0 0.731250 0.837500 0.015625 0.015625
0 0.885938 0.840625 0.015625 0.015625
0 0.960938 0.843750 0.015625 0.015625
0 0.089063 0.875000 0.015625 0.015625
0 0.009375 0.881250 0.015625 0.015625
0 0.235937 0.889062 0.015625 0.015625
0 0.309375 0.893750 0.015625 0.015625
0 0.464062 0.895312 0.015625 0.015625
0 0.539062 0.895312 0.015625 0.015625
0 0.762500 0.901563 0.015625 0.015625
0 0.921875 0.907813 0.015625 0.015625
0 0.995313 0.909375 0.015625 0.015625
0 0.273438 0.950000 0.015625 0.015625
0 0.503125 0.959375 0.015625 0.015625
0 0.579688 0.965625 0.015625 0.015625
0 0.721875 0.968750 0.015625 0.015625
0 0.654687 0.970313 0.015625 0.015625
0 0.959375 0.973437 0.015625 0.015625
0 0.889062 0.965625 0.015625 0.015625
0 0.845313 0.910937 0.015625 0.015625
0 0.693750 0.904687 0.015625 0.015625
0 0.629687 0.898438 0.015625 0.015625
0 0.695312 0.773438 0.015625 0.015625
0 0.773438 0.771875 0.015625 0.015625
0 0.842187 0.773438 0.015625 0.015625
0 0.923438 0.782813 0.015625 0.015625
0 0.420312 0.950000 0.015625 0.015625
0 0.560937 0.125000 0.015625 0.015625
0 0.592187 0.175000 0.015625 0.015625
0 0.739062 0.179688 0.015625 0.015625
0 0.700000 0.390625 0.015625 0.015625
0 0.685937 0.485938 0.015625 0.015625
0 0.548438 0.376563 0.015625 0.015625
0 0.393750 0.503125 0.015625 0.015625
0 0.396875 0.639062 0.015625 0.015625
0 0.454688 0.643750 0.015625 0.015625
0 0.440625 0.575000 0.015625 0.015625
0 0.517188 0.579688 0.015625 0.015625
0 0.695312 0.654687 0.015625 0.015625
