0 0.079687 0.003125 0.015625 0.015625
0 0.010937 0.007812 0.015625 0.015625
0 0.184375 0.037500 0.015625 0.015625
0 0.782813 0.037500 0.015625 0.015625
0 0.715625 0.040625 0.015625 0.015625
0 0.859375 0.042188 0.015625 0.015625
0 0.484375 0.043750 0.015625 0.015625
0 0.106250 0.065625 0.015625 0.015625
0 0.039062 0.068750 0.015625 0.015625
0 0.290625 0.070312 0.015625 0.015625
0 0.935937 0.070312 0.015625 0.015625
0 0.843750 0.082812 0.015625 0.015625
0 0.685937 0.085938 0.015625 0.015625
0 0.751563 0.101562 0.015625 0.015625
0 0.379688 0.103125 0.015625 0.015625
0 0.218750 0.104688 0.015625 0.015625
0 0.065625 0.104688 0.015625 0.015625
0 0.140625 0.107813 0.015625 0.015625
0 0.659375 0.129688 0.015625 0.015625
0 0.612500 0.131250 0.015625 0.015625
0 0.892188 0.132812 0.015625 0.015625
0 0.793750 0.139063 0.015625 0.015625
0 0.837500 0.139063 0.015625 0.015625
0 0.982812 0.142187 0.015625 0.015625
0 0.110937 0.167187 0.015625 0.015625
0 0.256250 0.170313 0.015625 0.015625
0 0.179688 0.170313 0.015625 0.015625
0 0.409375 0.171875 0.015625 0.015625
0 0.485938 0.171875 0.015625 0.015625
0 0.018750 0.173437 0.015625 0.015625
0 0.587500 0.184375 0.015625 0.015625
0 0.826562 0.189062 0.015625 0.015625
0 0.935937 0.189062 0.015625 0.015625
0 0.882812 0.190625 0.015625 0.015625
0 0.704688 0.190625 0.015625 0.015625
0 0.156250 0.212500 0.015625 0.015625
0 0.301563 0.217188 0.015625 0.015625
0 0.112500 0.218750 0.015625 0.015625
0 0.381250 0.235937 0.015625 0.015625
0 0.750000 0.243750 0.015625 0.015625
0 0.600000 0.245312 0.015625 0.015625
0 0.670312 0.245312 0.015625 0.015625
0 0.979688 0.246875 0.015625 0.015625
0 0.128125 0.265625 0.015625 0.015625
0 0.559375 0.303125 0.015625 0.015625
0 0.812500 0.314063 0.015625 0.015625
0 0.934375 0.314063 0.015625 0.015625
0 0.095312 0.325000 0.015625 0.015625
0 0.153125 0.332813 0.015625 0.015625
0 0.212500 0.370312 0.015625 0.015625
0 0.657813 0.370312 0.015625 0.015625
0 0.290625 0.371875 0.015625 0.015625
0 0.593750 0.371875 0.015625 0.015625
0 0.514062 0.373437 0.015625 0.015625
0 0.434375 0.373437 0.015625 0.015625
0 0.781250 0.382812 0.015625 0.015625
0 0.037500 0.384375 0.015625 0.015625
0 0.889062 0.385937 0.015625 0.015625
0 0.981250 0.385937 0.015625 0.015625
0 0.131250 0.387500 0.015625 0.015625
0 0.079687 0.392188 0.015625 0.015625
0 0.103125 0.434375 0.015625 0.015625
0 0.181250 0.440625 0.015625 0.015625
0 0.554688 0.440625 0.015625 0.015625
0 0.607812 0.442188 0.015625 0.015625
0 0.475000 0.446875 0.015625 0.015625
0 0.935937 0.454688 0.015625 0.015625
0 0.848437 0.459375 0.015625 0.015625
0 0.762500 0.465625 0.015625 0.015625
0 0.062500 0.490625 0.015625 0.015625
0 0.292187 0.496875 0.015625 0.015625
0 0.509375 0.503125 0.015625 0.015625
0 0.562500 0.514062 0.015625 0.015625
0 0.612500 0.556250 0.015625 0.015625
0 0.028125 0.559375 0.015625 0.015625
0 0.103125 0.560937 0.015625 0.015625
0 0.181250 0.565625 0.015625 0.015625
0 0.796875 0.576562 0.015625 0.015625
0 0.059375 0.632812 0.015625 0.015625
0 0.284375 0.634375 0.015625 0.015625
0 0.664062 0.639062 0.015625 0.015625
0 0.753125 0.640625 0.015625 0.015625
0 0.889062 0.642188 0.015625 0.015625
0 0.965625 0.642188 0.015625 0.015625
0 0.093750 0.687500 0.015625 0.015625
0 0.026562 0.690625 0.015625 0.015625
0 0.932813 0.703125 0.015625 0.015625
0 0.392188 0.707812 0.015625 0.015625
0 0.631250 0.707812 0.015625 0.015625
0 0.781250 0.710938 0.015625 0.015625
0 0.264062 0.710938 0.015625 0.015625
0 0.556250 0.714063 0.015625 0.015625
0 0.864062 0.715625 0.015625 0.015625
0 0.318750 0.715625 0.015625 0.015625
0 0.135937 0.756250 0.015625 0.015625
0 0.060937 0.759375 0.015625 0.015625
0 0.357812 0.762500 0.015625 0.015625
0 0.432812 0.762500 0.015625 0.015625
0 0.587500 0.767188 0.015625 0.015625
0 0.810937 0.778125 0.015625 0.015625
0 0.887500 0.782813 0.015625 0.015625
0 0.657813 0.790625 0.015625 0.015625
0 0.481250 0.810937 0.015625 0.015625
0 0.246875 0.825000 0.015625 0.015625
0 0.167187 0.837500 0.015625 0.015625
0 0.996875 0.840625 0.015625 0.015625
0 0.392188 0.850000 0.015625 0.015625
0 0.687500 0.867188 0.015625 0.015625
0 0.773438 0.875000 0.015625 0.015625
0 0.837500 0.876563 0.015625 0.015625
0 0.131250 0.882812 0.015625 0.015625
0 0.204687 0.887500 0.015625 0.015625
0 0.059375 0.889062 0.015625 0.015625
0 0.282813 0.889062 0.015625 0.015625
0 0.882812 0.900000 0.015625 0.015625
0 0.959375 0.904687 0.015625 0.015625
0 0.014063 0.950000 0.015625 0.015625
0 0.171875 0.950000 0.015625 0.015625
0 0.089063 0.956250 0.015625 0.015625
0 0.779687 0.967187 0.015625 0.015625
0 0.843750 0.967187 0.015625 0.015625
0 0.921875 0.970313 0.015625 0.015625
0 0.528125 0.987500 0.015625 0.015625
0 0.623437 0.990625 0.015625 0.015625
0 0.689063 0.992188 0.015625 0.015625
0 0.740625 0.996875 0.015625 0.015625
