0 0.109375 0.026562 0.015625 0.015625
0 0.184375 0.026562 0.015625 0.015625
0 0.034375 0.026562 0.015625 0.015625
0 0.256250 0.028125 0.015625 0.015625
0 0.409375 0.031250 0.015625 0.015625
0 0.878125 0.034375 0.015625 0.015625
0 0.485938 0.034375 0.015625 0.015625
0 0.332813 0.034375 0.015625 0.015625
0 0.564063 0.037500 0.015625 0.015625
0 0.953125 0.037500 0.015625 0.015625
0 0.832812 0.100000 0.015625 0.015625
0 0.912500 0.103125 0.015625 0.015625
0 0.029687 0.150000 0.015625 0.015625
0 0.104688 0.153125 0.015625 0.015625
0 0.485938 0.153125 0.015625 0.015625
0 0.181250 0.157812 0.015625 0.015625
0 0.870313 0.159375 0.015625 0.015625
0 0.257812 0.159375 0.015625 0.015625
0 0.407813 0.159375 0.015625 0.015625
0 0.332813 0.159375 0.015625 0.015625
0 0.564063 0.159375 0.015625 0.015625
0 0.642188 0.160938 0.015625 0.015625
0 0.720313 0.160938 0.015625 0.015625
0 0.945312 0.170313 0.015625 0.015625
0 0.067187 0.218750 0.015625 0.015625
0 0.140625 0.220312 0.015625 0.015625
0 0.290625 0.223438 0.015625 0.015625
0 0.603125 0.226562 0.015625 0.015625
0 0.679688 0.229687 0.015625 0.015625
0 0.831250 0.232813 0.015625 0.015625
0 0.904687 0.232813 0.015625 0.015625
0 0.756250 0.234375 0.015625 0.015625
0 0.982812 0.234375 0.015625 0.015625
0 0.182812 0.284375 0.015625 0.015625
0 0.031250 0.284375 0.015625 0.015625
0 0.104688 0.285938 0.015625 0.015625
0 0.256250 0.289062 0.015625 0.015625
0 0.407813 0.293750 0.015625 0.015625
0 0.482812 0.293750 0.015625 0.015625
0 0.557813 0.295312 0.015625 0.015625
0 0.332813 0.295312 0.015625 0.015625
0 0.637500 0.296875 0.015625 0.015625
0 0.714063 0.296875 0.015625 0.015625
0 0.864062 0.300000 0.015625 0.015625
0 0.789062 0.301563 0.015625 0.015625
0 0.215625 0.353125 0.015625 0.015625
0 0.292187 0.357812 0.015625 0.015625
0 0.368750 0.359375 0.015625 0.015625
0 0.445312 0.359375 0.015625 0.015625
0 0.518750 0.362500 0.015625 0.015625
0 0.593750 0.362500 0.015625 0.015625
0 0.678125 0.365625 0.015625 0.015625
0 0.904687 0.365625 0.015625 0.015625
0 0.829688 0.365625 0.015625 0.015625
0 0.750000 0.365625 0.015625 0.015625
0 0.979688 0.368750 0.015625 0.015625
0 0.026562 0.410938 0.015625 0.015625
0 0.254688 0.418750 0.015625 0.015625
0 0.332813 0.421875 0.015625 0.015625
0 0.407813 0.421875 0.015625 0.015625
0 0.559375 0.426563 0.015625 0.015625
0 0.634375 0.426563 0.015625 0.015625
0 0.787500 0.428125 0.015625 0.015625
0 0.709375 0.428125 0.015625 0.015625
0 0.485938 0.429688 0.015625 0.015625
0 0.864062 0.431250 0.015625 0.015625
0 0.064062 0.479687 0.015625 0.015625
0 0.139063 0.481250 0.015625 0.015625
0 0.217188 0.485938 0.015625 0.015625
0 0.290625 0.487500 0.015625 0.015625
0 0.673438 0.489063 0.015625 0.015625
0 0.828125 0.489063 0.015625 0.015625
0 0.751563 0.490625 0.015625 0.015625
0 0.368750 0.492188 0.015625 0.015625
0 0.520312 0.492188 0.015625 0.015625
0 0.443750 0.493750 0.015625 0.015625
0 0.978125 0.496875 0.015625 0.015625
0 0.025000 0.545312 0.015625 0.015625
0 0.329688 0.553125 0.015625 0.015625
0 0.178125 0.553125 0.015625 0.015625
0 0.251563 0.554688 0.015625 0.015625
0 0.556250 0.554688 0.015625 0.015625
0 0.403125 0.556250 0.015625 0.015625
0 0.709375 0.556250 0.015625 0.015625
0 0.478125 0.557813 0.015625 0.015625
0 0.860938 0.562500 0.015625 0.015625
0 0.937500 0.564063 0.015625 0.015625
0 0.068750 0.354687 0.015625 0.015625
0 0.135937 0.354687 0.015625 0.015625
0 0.100000 0.418750 0.015625 0.015625
0 0.179688 0.415625 0.015625 0.015625
0 0.598437 0.489063 0.015625 0.015625
0 0.893750 0.503125 0.015625 0.015625
0 0.784375 0.565625 0.015625 0.015625
0 0.937500 0.429688 0.015625 0.015625
0 0.932813 0.301563 0.015625 0.015625
