0 0.073438 0.145313 0.015625 0.015625
0 0.132812 0.140625 0.015625 0.015625
0 0.217188 0.145313 0.015625 0.015625
0 0.296875 0.140625 0.015625 0.015625
0 0.364063 0.143750 0.015625 0.015625
0 0.439063 0.146875 0.015625 0.015625
0 0.521875 0.148438 0.015625 0.015625
0 0.589063 0.148438 0.015625 0.015625
0 0.668750 0.151562 0.015625 0.015625
0 0.753125 0.151562 0.015625 0.015625
0 0.823438 0.150000 0.015625 0.015625
0 0.914062 0.153125 0.015625 0.015625
0 0.989062 0.156250 0.015625 0.015625
0 0.945312 0.217188 0.015625 0.015625
0 0.856250 0.215625 0.015625 0.015625
0 0.782813 0.217188 0.015625 0.015625
0 0.717187 0.217188 0.015625 0.015625
0 0.632812 0.214062 0.015625 0.015625
0 0.550000 0.214062 0.015625 0.015625
0 0.481250 0.215625 0.015625 0.015625
0 0.404687 0.214062 0.015625 0.015625
0 0.325000 0.214062 0.015625 0.015625
0 0.253125 0.214062 0.015625 0.015625
0 0.171875 0.214062 0.015625 0.015625
0 0.092188 0.217188 0.015625 0.015625
0 0.023438 0.214062 0.015625 0.015625
0 0.067187 0.275000 0.015625 0.015625
0 0.139063 0.275000 0.015625 0.015625
0 0.214062 0.278125 0.015625 0.015625
0 0.292187 0.276562 0.015625 0.015625
0 0.360938 0.276562 0.015625 0.015625
0 0.440625 0.279687 0.015625 0.015625
0 0.520312 0.279687 0.015625 0.015625
0 0.576562 0.281250 0.015625 0.015625
0 0.668750 0.278125 0.015625 0.015625
0 0.743750 0.284375 0.015625 0.015625
0 0.818750 0.285938 0.015625 0.015625
0 0.900000 0.285938 0.015625 0.015625
0 0.975000 0.289062 0.015625 0.015625
0 0.929688 0.348438 0.015625 0.015625
0 0.857812 0.350000 0.015625 0.015625
0 0.782813 0.350000 0.015625 0.015625
0 0.696875 0.348438 0.015625 0.015625
0 0.617188 0.346875 0.015625 0.015625
0 0.543750 0.346875 0.015625 0.015625
0 0.475000 0.346875 0.015625 0.015625
0 0.396875 0.343750 0.015625 0.015625
0 0.318750 0.343750 0.015625 0.015625
0 0.248438 0.343750 0.015625 0.015625
0 0.168750 0.340625 0.015625 0.015625
0 0.096875 0.343750 0.015625 0.015625
0 0.018750 0.342187 0.015625 0.015625
0 0.053125 0.409375 0.015625 0.015625
0 0.139063 0.410938 0.015625 0.015625
0 0.207813 0.410938 0.015625 0.015625
0 0.281250 0.406250 0.015625 0.015625
0 0.360938 0.409375 0.015625 0.015625
0 0.434375 0.407813 0.015625 0.015625
0 0.510938 0.406250 0.015625 0.015625
0 0.581250 0.415625 0.015625 0.015625
0 0.665625 0.414062 0.015625 0.015625
0 0.728125 0.414062 0.015625 0.015625
0 0.796875 0.420312 0.015625 0.015625
0 0.857812 0.421875 0.015625 0.015625
0 0.951562 0.428125 0.015625 0.015625
0 0.014063 0.471875 0.015625 0.015625
0 0.093750 0.470313 0.015625 0.015625
0 0.164062 0.470313 0.015625 0.015625
0 0.232813 0.473438 0.015625 0.015625
0 0.301563 0.481250 0.015625 0.015625
0 0.387500 0.475000 0.015625 0.015625
0 0.476562 0.475000 0.015625 0.015625
0 0.532813 0.475000 0.015625 0.015625
0 0.610938 0.478125 0.015625 0.015625
0 0.662500 0.478125 0.015625 0.015625
0 0.743750 0.478125 0.015625 0.015625
0 0.828125 0.485938 0.015625 0.015625
0 0.054688 0.537500 0.015625 0.015625
0 0.129688 0.537500 0.015625 0.015625
0 0.204687 0.539062 0.015625 0.015625
0 0.281250 0.540625 0.015625 0.015625
0 0.356250 0.540625 0.015625 0.015625
0 0.428125 0.542188 0.015625 0.015625
0 0.506250 0.542188 0.015625 0.015625
0 0.578125 0.548438 0.015625 0.015625
0 0.654687 0.548438 0.015625 0.015625
0 0.737500 0.548438 0.015625 0.015625
0 0.818750 0.548438 0.015625 0.015625
0 0.026562 0.600000 0.015625 0.015625
0 0.089063 0.600000 0.015625 0.015625
0 0.162500 0.606250 0.015625 0.015625
0 0.237500 0.606250 0.015625 0.015625
0 0.307812 0.607812 0.015625 0.015625
0 0.384375 0.612500 0.015625 0.015625
0 0.473438 0.612500 0.015625 0.015625
0 0.534375 0.606250 0.015625 0.015625
0 0.620313 0.612500 0.015625 0.015625
0 0.690625 0.614062 0.015625 0.015625
0 0.781250 0.618750 0.015625 0.015625
0 0.059375 0.665625 0.015625 0.015625
0 0.123438 0.668750 0.015625 0.015625
0 0.196875 0.676562 0.015625 0.015625
0 0.271875 0.676562 0.015625 0.015625
0 0.354687 0.675000 0.015625 0.015625
0 0.498437 0.679688 0.015625 0.015625
0 0.589063 0.682813 0.015625 0.015625
0 0.668750 0.684375 0.015625 0.015625
0 0.729688 0.681250 0.015625 0.015625
0 0.095312 0.735938 0.015625 0.015625
0 0.160938 0.740625 0.015625 0.015625
0 0.232813 0.742188 0.015625 0.015625
0 0.310937 0.746875 0.015625 0.015625
0 0.389062 0.746875 0.015625 0.015625
0 0.459375 0.745313 0.015625 0.015625
0 0.528125 0.745313 0.015625 0.015625
0 0.614062 0.745313 0.015625 0.015625
0 0.698438 0.748437 0.015625 0.015625
0 0.760938 0.750000 0.015625 0.015625
0 0.129688 0.803125 0.015625 0.015625
0 0.193750 0.803125 0.015625 0.015625
0 0.276562 0.804688 0.015625 0.015625
0 0.353125 0.804688 0.015625 0.015625
0 0.421875 0.806250 0.015625 0.015625
0 0.501563 0.807813 0.015625 0.015625
0 0.584375 0.810937 0.015625 0.015625
0 0.662500 0.812500 0.015625 0.015625
0 0.729688 0.810937 0.015625 0.015625
0 0.168750 0.867188 0.015625 0.015625
0 0.235937 0.865625 0.015625 0.015625
0 0.317188 0.867188 0.015625 0.015625
0 0.396875 0.867188 0.015625 0.015625
0 0.479687 0.870313 0.015625 0.015625
0 0.556250 0.871875 0.015625 0.015625
0 0.631250 0.876563 0.015625 0.015625
0 0.696875 0.879687 0.015625 0.015625
0 0.764062 0.887500 0.015625 0.015625
0 0.273438 0.925000 0.015625 0.015625
0 0.356250 0.929688 0.015625 0.015625
0 0.453125 0.929688 0.015625 0.015625
0 0.528125 0.931250 0.015625 0.015625
0 0.598437 0.928125 0.015625 0.015625
0 0.664062 0.928125 0.015625 0.015625
0 0.721875 0.929688 0.015625 0.015625
0 0.626563 0.987500 0.015625 0.015625
0 0.926562 0.748437 0.015625 0.015625
0 0.964063 0.675000 0.015625 0.015625
0 0.993750 0.751563 0.015625 0.015625
0 0.965625 0.810937 0.015625 0.015625
0 0.896875 0.815625 0.015625 0.015625
0 0.917188 0.881250 0.015625 0.015625
0 0.948438 0.939063 0.015625 0.015625
0 0.040625 0.920312 0.015625 0.015625
0 0.015625 0.732812 0.015625 0.015625
0 0.039062 0.059375 0.015625 0.015625
0 0.107813 0.059375 0.015625 0.015625
0 0.190625 0.062500 0.015625 0.015625
0 0.271875 0.060937 0.015625 0.015625
0 0.339062 0.062500 0.015625 0.015625
0 0.406250 0.060937 0.015625 0.015625
0 0.485938 0.065625 0.015625 0.015625
0 0.557813 0.067187 0.015625 0.015625
0 0.640625 0.071875 0.015625 0.015625
0 0.718750 0.078125 0.015625 0.015625
0 0.810937 0.073438 0.015625 0.015625
0 0.878125 0.076563 0.015625 0.015625
0 0.971875 0.078125 0.015625 0.015625
