0 0.976562 0.103125 0.015625 0.015625
0 0.992188 0.131250 0.015625 0.015625
0 0.076563 0.054688 0.015625 0.015625
0 0.118750 0.054688 0.015625 0.015625
0 0.153125 0.054688 0.015625 0.015625
0 0.181250 0.054688 0.015625 0.015625
0 0.225000 0.054688 0.015625 0.015625
0 0.264062 0.056250 0.015625 0.015625
0 0.303125 0.056250 0.015625 0.015625
0 0.339062 0.056250 0.015625 0.015625
0 0.379688 0.056250 0.015625 0.015625
0 0.418750 0.057813 0.015625 0.015625
0 0.453125 0.057813 0.015625 0.015625
0 0.493750 0.059375 0.015625 0.015625
0 0.532813 0.059375 0.015625 0.015625
0 0.568750 0.059375 0.015625 0.015625
0 0.610938 0.062500 0.015625 0.015625
0 0.653125 0.064062 0.015625 0.015625
0 0.685937 0.064062 0.015625 0.015625
0 0.718750 0.064062 0.015625 0.015625
0 0.759375 0.065625 0.015625 0.015625
0 0.796875 0.065625 0.015625 0.015625
0 0.834375 0.067187 0.015625 0.015625
0 0.876563 0.067187 0.015625 0.015625
0 0.087500 0.089063 0.015625 0.015625
0 0.107813 0.118750 0.015625 0.015625
0 0.146875 0.118750 0.015625 0.015625
0 0.181250 0.120313 0.015625 0.015625
0 0.223438 0.121875 0.015625 0.015625
0 0.201563 0.090625 0.015625 0.015625
0 0.260937 0.121875 0.015625 0.015625
0 0.243750 0.089063 0.015625 0.015625
0 0.301563 0.121875 0.015625 0.015625
0 0.279687 0.089063 0.015625 0.015625
0 0.315625 0.085938 0.015625 0.015625
0 0.342187 0.123438 0.015625 0.015625
0 0.357812 0.087500 0.015625 0.015625
0 0.376563 0.121875 0.015625 0.015625
0 0.398438 0.089063 0.015625 0.015625
0 0.417187 0.126562 0.015625 0.015625
0 0.437500 0.089063 0.015625 0.015625
0 0.451562 0.125000 0.015625 0.015625
0 0.471875 0.087500 0.015625 0.015625
0 0.495312 0.128125 0.015625 0.015625
0 0.512500 0.095312 0.015625 0.015625
0 0.531250 0.123438 0.015625 0.015625
0 0.551562 0.098437 0.015625 0.015625
0 0.567187 0.125000 0.015625 0.015625
0 0.603125 0.126562 0.015625 0.015625
0 0.626563 0.096875 0.015625 0.015625
0 0.642188 0.134375 0.015625 0.015625
0 0.682813 0.131250 0.015625 0.015625
0 0.873437 0.132812 0.015625 0.015625
0 0.892188 0.162500 0.015625 0.015625
0 0.914062 0.132812 0.015625 0.015625
0 0.934375 0.165625 0.015625 0.015625
0 0.134375 0.157812 0.015625 0.015625
0 0.153125 0.181250 0.015625 0.015625
0 0.189062 0.184375 0.015625 0.015625
0 0.203125 0.156250 0.015625 0.015625
0 0.223438 0.184375 0.015625 0.015625
0 0.245312 0.159375 0.015625 0.015625
0 0.282813 0.154688 0.015625 0.015625
0 0.323437 0.156250 0.015625 0.015625
0 0.362500 0.156250 0.015625 0.015625
0 0.478125 0.159375 0.015625 0.015625
0 0.376563 0.189062 0.015625 0.015625
0 0.410938 0.192188 0.015625 0.015625
0 0.454688 0.190625 0.015625 0.015625
0 0.529687 0.193750 0.015625 0.015625
0 0.570312 0.193750 0.015625 0.015625
0 0.640625 0.193750 0.015625 0.015625
0 0.167187 0.218750 0.015625 0.015625
0 0.206250 0.218750 0.015625 0.015625
0 0.248438 0.218750 0.015625 0.015625
0 0.281250 0.220312 0.015625 0.015625
0 0.314063 0.220312 0.015625 0.015625
0 0.395313 0.220312 0.015625 0.015625
0 0.434375 0.220312 0.015625 0.015625
0 0.467187 0.223438 0.015625 0.015625
0 0.509375 0.225000 0.015625 0.015625
0 0.545312 0.226562 0.015625 0.015625
0 0.589063 0.226562 0.015625 0.015625
0 0.687500 0.228125 0.015625 0.015625
0 0.625000 0.228125 0.015625 0.015625
0 0.734375 0.228125 0.015625 0.015625
0 0.773438 0.229687 0.015625 0.015625
0 0.681250 0.195312 0.015625 0.015625
0 0.718750 0.198437 0.015625 0.015625
0 0.760938 0.198437 0.015625 0.015625
0 0.801562 0.198437 0.015625 0.015625
0 0.835938 0.198437 0.015625 0.015625
0 0.876563 0.200000 0.015625 0.015625
0 0.912500 0.200000 0.015625 0.015625
0 0.948438 0.200000 0.015625 0.015625
0 0.242188 0.289062 0.015625 0.015625
0 0.289062 0.289062 0.015625 0.015625
0 0.315625 0.285938 0.015625 0.015625
0 0.365625 0.290625 0.015625 0.015625
0 0.396875 0.290625 0.015625 0.015625
0 0.264062 0.253125 0.015625 0.015625
0 0.301563 0.256250 0.015625 0.015625
0 0.340625 0.256250 0.015625 0.015625
0 0.375000 0.256250 0.015625 0.015625
0 0.418750 0.257812 0.015625 0.015625
0 0.456250 0.257812 0.015625 0.015625
0 0.496875 0.259375 0.015625 0.015625
0 0.529687 0.259375 0.015625 0.015625
0 0.565625 0.259375 0.015625 0.015625
0 0.604688 0.259375 0.015625 0.015625
0 0.643750 0.262500 0.015625 0.015625
0 0.679688 0.262500 0.015625 0.015625
0 0.720313 0.264062 0.015625 0.015625
0 0.754687 0.262500 0.015625 0.015625
0 0.793750 0.264062 0.015625 0.015625
0 0.834375 0.262500 0.015625 0.015625
0 0.815625 0.229687 0.015625 0.015625
0 0.853125 0.232813 0.015625 0.015625
0 0.890625 0.232813 0.015625 0.015625
0 0.929688 0.234375 0.015625 0.015625
0 0.867188 0.265625 0.015625 0.015625
0 0.906250 0.265625 0.015625 0.015625
0 0.475000 0.289062 0.015625 0.015625
0 0.509375 0.289062 0.015625 0.015625
0 0.551562 0.289062 0.015625 0.015625
0 0.585938 0.289062 0.015625 0.015625
0 0.618750 0.290625 0.015625 0.015625
0 0.654687 0.293750 0.015625 0.015625
0 0.696875 0.293750 0.015625 0.015625
0 0.735938 0.295312 0.015625 0.015625
0 0.778125 0.295312 0.015625 0.015625
0 0.821875 0.296875 0.015625 0.015625
0 0.893750 0.296875 0.015625 0.015625
0 0.931250 0.296875 0.015625 0.015625
0 0.968750 0.296875 0.015625 0.015625
0 0.996875 0.298438 0.015625 0.015625
0 0.759375 0.131250 0.015625 0.015625
0 0.800000 0.132812 0.015625 0.015625
0 0.837500 0.131250 0.015625 0.015625
0 0.220312 0.320312 0.015625 0.015625
0 0.253125 0.323437 0.015625 0.015625
0 0.326562 0.321875 0.015625 0.015625
0 0.371875 0.323437 0.015625 0.015625
0 0.414062 0.323437 0.015625 0.015625
0 0.453125 0.325000 0.015625 0.015625
0 0.487500 0.323437 0.015625 0.015625
0 0.525000 0.326562 0.015625 0.015625
0 0.567187 0.326562 0.015625 0.015625
0 0.604688 0.328125 0.015625 0.015625
0 0.645312 0.328125 0.015625 0.015625
0 0.678125 0.329688 0.015625 0.015625
0 0.715625 0.331250 0.015625 0.015625
0 0.748437 0.329688 0.015625 0.015625
0 0.796875 0.329688 0.015625 0.015625
0 0.829688 0.329688 0.015625 0.015625
0 0.868750 0.331250 0.015625 0.015625
0 0.909375 0.331250 0.015625 0.015625
0 0.948438 0.331250 0.015625 0.015625
0 0.987500 0.332813 0.015625 0.015625
0 0.239063 0.359375 0.015625 0.015625
0 0.259375 0.382812 0.015625 0.015625
0 0.304688 0.356250 0.015625 0.015625
0 0.295312 0.385937 0.015625 0.015625
0 0.350000 0.354687 0.015625 0.015625
0 0.392188 0.354687 0.015625 0.015625
0 0.432812 0.353125 0.015625 0.015625
0 0.471875 0.353125 0.015625 0.015625
0 0.509375 0.354687 0.015625 0.015625
0 0.545312 0.354687 0.015625 0.015625
0 0.587500 0.354687 0.015625 0.015625
0 0.621875 0.354687 0.015625 0.015625
0 0.659375 0.356250 0.015625 0.015625
0 0.700000 0.357812 0.015625 0.015625
0 0.729688 0.362500 0.015625 0.015625
0 0.770312 0.362500 0.015625 0.015625
0 0.809375 0.362500 0.015625 0.015625
0 0.856250 0.362500 0.015625 0.015625
0 0.887500 0.364063 0.015625 0.015625
0 0.931250 0.364063 0.015625 0.015625
0 0.965625 0.365625 0.015625 0.015625
0 0.335938 0.389062 0.015625 0.015625
0 0.379688 0.387500 0.015625 0.015625
0 0.450000 0.389062 0.015625 0.015625
0 0.489063 0.389062 0.015625 0.015625
0 0.528125 0.389062 0.015625 0.015625
0 0.565625 0.389062 0.015625 0.015625
0 0.604688 0.390625 0.015625 0.015625
0 0.634375 0.390625 0.015625 0.015625
0 0.678125 0.393750 0.015625 0.015625
0 0.870313 0.396875 0.015625 0.015625
0 0.821875 0.396875 0.015625 0.015625
0 0.945312 0.396875 0.015625 0.015625
0 0.984375 0.396875 0.015625 0.015625
0 0.317188 0.421875 0.015625 0.015625
0 0.284375 0.423438 0.015625 0.015625
0 0.354687 0.417187 0.015625 0.015625
0 0.504687 0.423438 0.015625 0.015625
0 0.585938 0.426563 0.015625 0.015625
0 0.628125 0.426563 0.015625 0.015625
0 0.664062 0.428125 0.015625 0.015625
0 0.731250 0.428125 0.015625 0.015625
0 0.810937 0.429688 0.015625 0.015625
0 0.564063 0.454688 0.015625 0.015625
0 0.604688 0.456250 0.015625 0.015625
0 0.643750 0.456250 0.015625 0.015625
0 0.687500 0.457813 0.015625 0.015625
0 0.720313 0.457813 0.015625 0.015625
0 0.760938 0.456250 0.015625 0.015625
0 0.817187 0.457813 0.015625 0.015625
0 0.831250 0.459375 0.015625 0.015625
0 0.868750 0.459375 0.015625 0.015625
0 0.901563 0.459375 0.015625 0.015625
0 0.978125 0.457813 0.015625 0.015625
0 0.965625 0.431250 0.015625 0.015625
0 0.920312 0.431250 0.015625 0.015625
0 0.371875 0.517188 0.015625 0.015625
0 0.390625 0.487500 0.015625 0.015625
0 0.412500 0.517188 0.015625 0.015625
0 0.485938 0.520312 0.015625 0.015625
0 0.523438 0.523438 0.015625 0.015625
0 0.564063 0.525000 0.015625 0.015625
0 0.596875 0.525000 0.015625 0.015625
0 0.637500 0.526563 0.015625 0.015625
0 0.618750 0.495312 0.015625 0.015625
0 0.678125 0.526563 0.015625 0.015625
0 0.698438 0.493750 0.015625 0.015625
0 0.717187 0.528125 0.015625 0.015625
0 0.735938 0.495312 0.015625 0.015625
0 0.751563 0.529687 0.015625 0.015625
0 0.775000 0.493750 0.015625 0.015625
0 0.792188 0.528125 0.015625 0.015625
0 0.807813 0.493750 0.015625 0.015625
0 0.828125 0.528125 0.015625 0.015625
0 0.846875 0.496875 0.015625 0.015625
0 0.871875 0.531250 0.015625 0.015625
0 0.889062 0.500000 0.015625 0.015625
0 0.903125 0.531250 0.015625 0.015625
0 0.923438 0.496875 0.015625 0.015625
0 0.946875 0.525000 0.015625 0.015625
0 0.964063 0.498437 0.015625 0.015625
0 0.982812 0.529687 0.015625 0.015625
0 0.995313 0.498437 0.015625 0.015625
0 0.387500 0.550000 0.015625 0.015625
0 0.428125 0.553125 0.015625 0.015625
0 0.467187 0.553125 0.015625 0.015625
0 0.504687 0.554688 0.015625 0.015625
0 0.540625 0.554688 0.015625 0.015625
0 0.581250 0.556250 0.015625 0.015625
0 0.654687 0.557813 0.015625 0.015625
0 0.692187 0.557813 0.015625 0.015625
0 0.731250 0.560937 0.015625 0.015625
0 0.773438 0.562500 0.015625 0.015625
0 0.853125 0.562500 0.015625 0.015625
0 0.885938 0.562500 0.015625 0.015625
0 0.945312 0.565625 0.015625 0.015625
0 0.996875 0.560937 0.015625 0.015625
0 0.410938 0.582812 0.015625 0.015625
0 0.450000 0.585938 0.015625 0.015625
0 0.484375 0.587500 0.015625 0.015625
0 0.521875 0.587500 0.015625 0.015625
0 0.565625 0.590625 0.015625 0.015625
0 0.634375 0.590625 0.015625 0.015625
0 0.670312 0.593750 0.015625 0.015625
0 0.706250 0.595313 0.015625 0.015625
0 0.500000 0.617188 0.015625 0.015625
0 0.460938 0.618750 0.015625 0.015625
0 0.540625 0.618750 0.015625 0.015625
0 0.578125 0.621875 0.015625 0.015625
0 0.614062 0.621875 0.015625 0.015625
0 0.650000 0.621875 0.015625 0.015625
0 0.695312 0.626563 0.015625 0.015625
0 0.729688 0.626563 0.015625 0.015625
0 0.770312 0.628125 0.015625 0.015625
0 0.806250 0.626563 0.015625 0.015625
0 0.848437 0.626563 0.015625 0.015625
0 0.882812 0.628125 0.015625 0.015625
0 0.921875 0.629687 0.015625 0.015625
0 0.995313 0.628125 0.015625 0.015625
0 0.634375 0.656250 0.015625 0.015625
0 0.676562 0.656250 0.015625 0.015625
0 0.714063 0.657813 0.015625 0.015625
0 0.753125 0.662500 0.015625 0.015625
0 0.793750 0.660937 0.015625 0.015625
0 0.823438 0.660937 0.015625 0.015625
0 0.903125 0.659375 0.015625 0.015625
0 0.939063 0.662500 0.015625 0.015625
0 0.598437 0.656250 0.015625 0.015625
0 0.557813 0.654687 0.015625 0.015625
0 0.518750 0.654687 0.015625 0.015625
0 0.551562 0.854688 0.015625 0.015625
0 0.587500 0.850000 0.015625 0.015625
0 0.629687 0.853125 0.015625 0.015625
0 0.667188 0.853125 0.015625 0.015625
0 0.707812 0.854688 0.015625 0.015625
0 0.746875 0.854688 0.015625 0.015625
0 0.781250 0.856250 0.015625 0.015625
0 0.825000 0.857812 0.015625 0.015625
0 0.860938 0.857812 0.015625 0.015625
0 0.900000 0.857812 0.015625 0.015625
0 0.937500 0.859375 0.015625 0.015625
0 0.914062 0.823438 0.015625 0.015625
0 0.870313 0.825000 0.015625 0.015625
0 0.843750 0.821875 0.015625 0.015625
0 0.798438 0.820312 0.015625 0.015625
0 0.956250 0.828125 0.015625 0.015625
0 0.993750 0.828125 0.015625 0.015625
0 0.612500 0.889062 0.015625 0.015625
0 0.629687 0.917188 0.015625 0.015625
0 0.684375 0.887500 0.015625 0.015625
0 0.701562 0.912500 0.015625 0.015625
0 0.726562 0.889062 0.015625 0.015625
0 0.748437 0.921875 0.015625 0.015625
0 0.760938 0.889062 0.015625 0.015625
0 0.781250 0.923438 0.015625 0.015625
0 0.798438 0.890625 0.015625 0.015625
0 0.817187 0.926562 0.015625 0.015625
0 0.835938 0.892188 0.015625 0.015625
0 0.857812 0.925000 0.015625 0.015625
0 0.878125 0.890625 0.015625 0.015625
0 0.893750 0.921875 0.015625 0.015625
0 0.915625 0.887500 0.015625 0.015625
0 0.934375 0.923438 0.015625 0.015625
0 0.948438 0.889062 0.015625 0.015625
0 0.971875 0.921875 0.015625 0.015625
0 0.985938 0.892188 0.015625 0.015625
0 0.970313 0.857812 0.015625 0.015625
0 0.685937 0.951562 0.015625 0.015625
0 0.721875 0.951562 0.015625 0.015625
0 0.760938 0.953125 0.015625 0.015625
0 0.798438 0.953125 0.015625 0.015625
0 0.839063 0.953125 0.015625 0.015625
0 0.914062 0.957812 0.015625 0.015625
0 0.954688 0.957812 0.015625 0.015625
0 0.987500 0.957812 0.015625 0.015625
0 0.629687 0.982812 0.015625 0.015625
0 0.667188 0.982812 0.015625 0.015625
0 0.706250 0.984375 0.015625 0.015625
