0 0.001563 0.689063 0.015625 0.015625
0 0.035937 0.689063 0.015625 0.015625
0 0.018750 0.723437 0.015625 0.015625
0 0.035937 0.753125 0.015625 0.015625
0 0.075000 0.753125 0.015625 0.015625
0 0.106250 0.753125 0.015625 0.015625
0 0.282813 0.923438 0.015625 0.015625
0 0.300000 0.962500 0.015625 0.015625
0 0.321875 0.987500 0.015625 0.015625
0 0.332813 0.957812 0.015625 0.015625
0 0.432812 0.993750 0.015625 0.015625
0 0.467187 0.998437 0.015625 0.015625
0 0.156250 0.621875 0.015625 0.015625
0 0.190625 0.623437 0.015625 0.015625
0 0.221875 0.621875 0.015625 0.015625
0 0.265625 0.621875 0.015625 0.015625
0 0.246875 0.590625 0.015625 0.015625
0 0.285938 0.595313 0.015625 0.015625
0 0.304688 0.631250 0.015625 0.015625
0 0.321875 0.660937 0.015625 0.015625
0 0.282813 0.657813 0.015625 0.015625
0 0.248438 0.662500 0.015625 0.015625
0 0.204687 0.662500 0.015625 0.015625
0 0.165625 0.654687 0.015625 0.015625
0 0.128125 0.656250 0.015625 0.015625
0 0.150000 0.689063 0.015625 0.015625
0 0.189062 0.690625 0.015625 0.015625
0 0.228125 0.690625 0.015625 0.015625
0 0.268750 0.690625 0.015625 0.015625
0 0.304688 0.695312 0.015625 0.015625
0 0.343750 0.693750 0.015625 0.015625
0 0.359375 0.729688 0.015625 0.015625
0 0.318750 0.726562 0.015625 0.015625
0 0.284375 0.729688 0.015625 0.015625
0 0.242188 0.729688 0.015625 0.015625
0 0.206250 0.725000 0.015625 0.015625
0 0.167187 0.728125 0.015625 0.015625
0 0.187500 0.764062 0.015625 0.015625
0 0.226562 0.760938 0.015625 0.015625
0 0.268750 0.759375 0.015625 0.015625
0 0.304688 0.759375 0.015625 0.015625
0 0.339062 0.759375 0.015625 0.015625
0 0.376563 0.762500 0.015625 0.015625
0 0.415625 0.759375 0.015625 0.015625
0 0.359375 0.795312 0.015625 0.015625
0 0.318750 0.793750 0.015625 0.015625
0 0.237500 0.789062 0.015625 0.015625
0 0.201563 0.789062 0.015625 0.015625
0 0.257812 0.823438 0.015625 0.015625
0 0.298438 0.825000 0.015625 0.015625
0 0.342187 0.826562 0.015625 0.015625
0 0.376563 0.828125 0.015625 0.015625
0 0.410938 0.828125 0.015625 0.015625
0 0.084375 0.987500 0.015625 0.015625
0 0.129688 0.987500 0.015625 0.015625
0 0.162500 0.987500 0.015625 0.015625
0 0.204687 0.987500 0.015625 0.015625
0 0.239063 0.987500 0.015625 0.015625
0 0.356250 0.993750 0.015625 0.015625
0 0.392188 0.993750 0.015625 0.015625
0 0.378125 0.960938 0.015625 0.015625
0 0.409375 0.965625 0.015625 0.015625
0 0.318750 0.860938 0.015625 0.015625
0 0.354687 0.860938 0.015625 0.015625
0 0.396875 0.862500 0.015625 0.015625
0 0.428125 0.862500 0.015625 0.015625
0 0.464062 0.864062 0.015625 0.015625
0 0.378125 0.895312 0.015625 0.015625
0 0.406250 0.895312 0.015625 0.015625
0 0.454688 0.895312 0.015625 0.015625
0 0.490625 0.896875 0.015625 0.015625
0 0.521875 0.895312 0.015625 0.015625
0 0.503125 0.862500 0.015625 0.015625
0 0.487500 0.829688 0.015625 0.015625
0 0.456250 0.828125 0.015625 0.015625
0 0.454688 0.765625 0.015625 0.015625
0 0.432812 0.728125 0.015625 0.015625
0 0.401562 0.729688 0.015625 0.015625
0 0.379688 0.695312 0.015625 0.015625
0 0.417187 0.698438 0.015625 0.015625
0 0.476562 0.729688 0.015625 0.015625
0 0.510938 0.731250 0.015625 0.015625
0 0.496875 0.765625 0.015625 0.015625
0 0.548438 0.801562 0.015625 0.015625
0 0.565625 0.835938 0.015625 0.015625
0 0.528125 0.829688 0.015625 0.015625
0 0.548438 0.867188 0.015625 0.015625
0 0.578125 0.868750 0.015625 0.015625
0 0.567187 0.895312 0.015625 0.015625
0 0.603125 0.898438 0.015625 0.015625
0 0.617188 0.860938 0.015625 0.015625
0 0.604688 0.826562 0.015625 0.015625
0 0.635938 0.834375 0.015625 0.015625
0 0.589063 0.731250 0.015625 0.015625
0 0.645312 0.770312 0.015625 0.015625
0 0.623437 0.804688 0.015625 0.015625
0 0.665625 0.803125 0.015625 0.015625
0 0.659375 0.735938 0.015625 0.015625
0 0.696875 0.735938 0.015625 0.015625
0 0.679688 0.703125 0.015625 0.015625
0 0.642188 0.700000 0.015625 0.015625
0 0.306250 0.560937 0.015625 0.015625
0 0.342187 0.562500 0.015625 0.015625
0 0.418750 0.562500 0.015625 0.015625
0 0.495312 0.564063 0.015625 0.015625
0 0.531250 0.565625 0.015625 0.015625
0 0.457813 0.565625 0.015625 0.015625
0 0.609375 0.570312 0.015625 0.015625
0 0.650000 0.570312 0.015625 0.015625
0 0.687500 0.570312 0.015625 0.015625
0 0.725000 0.573438 0.015625 0.015625
0 0.760938 0.573438 0.015625 0.015625
0 0.835938 0.573438 0.015625 0.015625
0 0.875000 0.573438 0.015625 0.015625
0 0.953125 0.576562 0.015625 0.015625
0 0.914062 0.576562 0.015625 0.015625
0 0.989062 0.578125 0.015625 0.015625
0 0.556250 0.593750 0.015625 0.015625
0 0.401562 0.596875 0.015625 0.015625
0 0.439063 0.596875 0.015625 0.015625
0 0.362500 0.596875 0.015625 0.015625
0 0.478125 0.598437 0.015625 0.015625
0 0.514062 0.600000 0.015625 0.015625
0 0.853125 0.600000 0.015625 0.015625
0 0.701562 0.601562 0.015625 0.015625
0 0.625000 0.601562 0.015625 0.015625
0 0.742188 0.604688 0.015625 0.015625
0 0.931250 0.610938 0.015625 0.015625
0 0.892188 0.610938 0.015625 0.015625
0 0.975000 0.610938 0.015625 0.015625
0 0.529687 0.629687 0.015625 0.015625
0 0.456250 0.629687 0.015625 0.015625
0 0.417187 0.631250 0.015625 0.015625
0 0.800000 0.631250 0.015625 0.015625
0 0.340625 0.631250 0.015625 0.015625
0 0.492188 0.632812 0.015625 0.015625
0 0.378125 0.632812 0.015625 0.015625
0 0.837500 0.634375 0.015625 0.015625
0 0.760938 0.635938 0.015625 0.015625
0 0.875000 0.640625 0.015625 0.015625
0 0.945312 0.642188 0.015625 0.015625
0 0.987500 0.642188 0.015625 0.015625
0 0.912500 0.642188 0.015625 0.015625
0 0.551562 0.648438 0.015625 0.015625
0 0.437500 0.662500 0.015625 0.015625
0 0.512500 0.664062 0.015625 0.015625
0 0.398438 0.665625 0.015625 0.015625
0 0.356250 0.667188 0.015625 0.015625
0 0.859375 0.668750 0.015625 0.015625
0 0.814063 0.670312 0.015625 0.015625
0 0.776563 0.671875 0.015625 0.015625
0 0.931250 0.673438 0.015625 0.015625
0 0.893750 0.673438 0.015625 0.015625
0 0.967187 0.675000 0.015625 0.015625
0 0.718750 0.703125 0.015625 0.015625
0 0.756250 0.704688 0.015625 0.015625
0 0.793750 0.704688 0.015625 0.015625
0 0.834375 0.704688 0.015625 0.015625
0 0.873437 0.706250 0.015625 0.015625
0 0.910937 0.707812 0.015625 0.015625
0 0.987500 0.707812 0.015625 0.015625
0 0.950000 0.707812 0.015625 0.015625
0 0.854688 0.737500 0.015625 0.015625
0 0.775000 0.739062 0.015625 0.015625
0 0.815625 0.739062 0.015625 0.015625
0 0.892188 0.740625 0.015625 0.015625
0 0.929688 0.740625 0.015625 0.015625
0 0.967187 0.742188 0.015625 0.015625
0 0.790625 0.770312 0.015625 0.015625
0 0.867188 0.771875 0.015625 0.015625
0 0.907813 0.773438 0.015625 0.015625
0 0.985938 0.773438 0.015625 0.015625
0 0.946875 0.773438 0.015625 0.015625
0 0.701562 0.800000 0.015625 0.015625
0 0.739062 0.800000 0.015625 0.015625
0 0.776563 0.801562 0.015625 0.015625
0 0.812500 0.806250 0.015625 0.015625
0 0.889062 0.806250 0.015625 0.015625
0 0.926562 0.807813 0.015625 0.015625
0 0.967187 0.809375 0.015625 0.015625
0 0.681250 0.831250 0.015625 0.015625
0 0.720313 0.832812 0.015625 0.015625
0 0.946875 0.837500 0.015625 0.015625
0 0.904687 0.837500 0.015625 0.015625
0 0.867188 0.839063 0.015625 0.015625
0 0.985938 0.840625 0.015625 0.015625
0 0.829688 0.840625 0.015625 0.015625
0 0.767188 0.857812 0.015625 0.015625
0 0.659375 0.868750 0.015625 0.015625
0 0.731250 0.870313 0.015625 0.015625
0 0.926562 0.870313 0.015625 0.015625
0 0.964063 0.870313 0.015625 0.015625
0 0.789062 0.900000 0.015625 0.015625
0 0.640625 0.901563 0.015625 0.015625
0 0.751563 0.901563 0.015625 0.015625
0 0.828125 0.903125 0.015625 0.015625
0 0.865625 0.904687 0.015625 0.015625
0 0.981250 0.907813 0.015625 0.015625
0 0.962500 0.939063 0.015625 0.015625
0 0.903125 0.971875 0.015625 0.015625
0 0.657813 0.993750 0.015625 0.015625
0 0.634375 0.635938 0.015625 0.015625
0 0.665625 0.601562 0.015625 0.015625
0 0.589063 0.600000 0.015625 0.015625
0 0.576562 0.567187 0.015625 0.015625
0 0.385937 0.560937 0.015625 0.015625
0 0.550000 0.665625 0.015625 0.015625
0 0.590625 0.670312 0.015625 0.015625
0 0.532813 0.701562 0.015625 0.015625
0 0.548438 0.737500 0.015625 0.015625
0 0.482812 0.701562 0.015625 0.015625
