0 0.260937 0.446875 0.015625 0.015625
0 0.134375 0.645312 0.015625 0.015625
0 0.668750 0.392188 0.015625 0.015625
0 0.559375 0.325000 0.015625 0.015625
0 0.135937 0.385937 0.015625 0.015625
0 0.243750 0.714063 0.015625 0.015625
0 0.028125 0.446875 0.015625 0.015625
0 0.668750 0.520312 0.015625 0.015625
0 0.210938 0.512500 0.015625 0.015625
0 0.095312 0.578125 0.015625 0.015625
0 0.401562 0.576562 0.015625 0.015625
0 0.287500 0.645312 0.015625 0.015625
0 0.443750 0.646875 0.015625 0.015625
0 0.365625 0.512500 0.015625 0.015625
0 0.259375 0.318750 0.015625 0.015625
0 0.056250 0.645312 0.015625 0.015625
0 0.334375 0.446875 0.015625 0.015625
0 0.735938 0.393750 0.015625 0.015625
0 0.171875 0.582812 0.015625 0.015625
0 0.742188 0.520312 0.015625 0.015625
0 0.484375 0.714063 0.015625 0.015625
0 0.209375 0.646875 0.015625 0.015625
0 0.292187 0.378125 0.015625 0.015625
0 0.173437 0.446875 0.015625 0.015625
0 0.025000 0.318750 0.015625 0.015625
0 0.365625 0.643750 0.015625 0.015625
0 0.326562 0.578125 0.015625 0.015625
0 0.398438 0.712500 0.015625 0.015625
0 0.704688 0.323437 0.015625 0.015625
0 0.482812 0.320312 0.015625 0.015625
0 0.546875 0.715625 0.015625 0.015625
0 0.295312 0.510938 0.015625 0.015625
0 0.256250 0.576562 0.015625 0.015625
0 0.167187 0.710938 0.015625 0.015625
0 0.532813 0.643750 0.015625 0.015625
0 0.626563 0.323437 0.015625 0.015625
0 0.182812 0.317188 0.015625 0.015625
0 0.664062 0.134375 0.015625 0.015625
0 0.742188 0.656250 0.015625 0.015625
0 0.707812 0.589063 0.015625 0.015625
0 0.317188 0.706250 0.015625 0.015625
0 0.135937 0.509375 0.015625 0.015625
0 0.632812 0.448437 0.015625 0.015625
0 0.668750 0.651563 0.015625 0.015625
0 0.060937 0.385937 0.015625 0.015625
0 0.706250 0.451562 0.015625 0.015625
0 0.382812 0.001563 0.015625 0.015625
0 0.595313 0.389062 0.015625 0.015625
0 0.742188 0.135937 0.015625 0.015625
0 0.215625 0.384375 0.015625 0.015625
0 0.934375 0.593750 0.015625 0.015625
0 0.853125 0.595313 0.015625 0.015625
0 0.815625 0.653125 0.015625 0.015625
0 0.931250 0.325000 0.015625 0.015625
0 0.889062 0.653125 0.015625 0.015625
0 0.779687 0.592187 0.015625 0.015625
0 0.893750 0.525000 0.015625 0.015625
0 0.893750 0.393750 0.015625 0.015625
0 0.817187 0.393750 0.015625 0.015625
0 0.851562 0.325000 0.015625 0.015625
0 0.773438 0.450000 0.015625 0.015625
0 0.815625 0.265625 0.015625 0.015625
0 0.814063 0.523438 0.015625 0.015625
0 0.970313 0.137500 0.015625 0.015625
0 0.968750 0.265625 0.015625 0.015625
0 0.939063 0.198437 0.015625 0.015625
0 0.743750 0.264062 0.015625 0.015625
0 0.968750 0.654687 0.015625 0.015625
0 0.934375 0.462500 0.015625 0.015625
0 0.968750 0.528125 0.015625 0.015625
0 0.775000 0.326562 0.015625 0.015625
0 0.317188 0.845313 0.015625 0.015625
0 0.512500 0.778125 0.015625 0.015625
0 0.092188 0.842187 0.015625 0.015625
0 0.164062 0.845313 0.015625 0.015625
0 0.432812 0.912500 0.015625 0.015625
0 0.017188 0.840625 0.015625 0.015625
0 0.546875 0.848437 0.015625 0.015625
0 0.090625 0.970313 0.015625 0.015625
0 0.207813 0.778125 0.015625 0.015625
0 0.392188 0.845313 0.015625 0.015625
0 0.357812 0.779687 0.015625 0.015625
0 0.470313 0.848437 0.015625 0.015625
0 0.389062 0.978125 0.015625 0.015625
0 0.543750 0.985938 0.015625 0.015625
0 0.589063 0.779687 0.015625 0.015625
0 0.617188 0.985938 0.015625 0.015625
0 0.243750 0.843750 0.015625 0.015625
0 0.126562 0.776563 0.015625 0.015625
0 0.998437 0.851562 0.015625 0.015625
0 0.843750 0.850000 0.015625 0.015625
0 0.282813 0.784375 0.015625 0.015625
0 0.703125 0.984375 0.015625 0.015625
0 0.784375 0.985938 0.015625 0.015625
0 0.728125 0.906250 0.015625 0.015625
0 0.664062 0.917188 0.015625 0.015625
0 0.571875 0.910937 0.015625 0.015625
0 0.493750 0.910937 0.015625 0.015625
0 0.050000 0.909375 0.015625 0.015625
0 0.126562 0.907813 0.015625 0.015625
0 0.431250 0.778125 0.015625 0.015625
0 0.014063 0.714063 0.015625 0.015625
0 0.064062 0.512500 0.015625 0.015625
0 0.029687 0.582812 0.015625 0.015625
0 0.142187 0.251563 0.015625 0.015625
0 0.212500 0.246875 0.015625 0.015625
0 0.178125 0.190625 0.015625 0.015625
0 0.857812 0.457813 0.015625 0.015625
0 0.435937 0.126562 0.015625 0.015625
0 0.512500 0.135937 0.015625 0.015625
0 0.584375 0.134375 0.015625 0.015625
0 0.360938 0.128125 0.015625 0.015625
0 0.406250 0.193750 0.015625 0.015625
0 0.479687 0.190625 0.015625 0.015625
0 0.565625 0.193750 0.015625 0.015625
0 0.635938 0.193750 0.015625 0.015625
0 0.782813 0.195312 0.015625 0.015625
0 0.692187 0.201563 0.015625 0.015625
0 0.771875 0.725000 0.015625 0.015625
0 0.817187 0.790625 0.015625 0.015625
0 0.931250 0.723437 0.015625 0.015625
0 0.892188 0.792188 0.015625 0.015625
0 0.964063 0.787500 0.015625 0.015625
0 0.892188 0.915625 0.015625 0.015625
0 0.964063 0.915625 0.015625 0.015625
0 0.090625 0.710938 0.015625 0.015625
0 0.165625 0.964063 0.015625 0.015625
0 0.850000 0.989062 0.015625 0.015625
0 0.812500 0.923438 0.015625 0.015625
0 0.775000 0.851562 0.015625 0.015625
0 0.731250 0.779687 0.015625 0.015625
0 0.704688 0.718750 0.015625 0.015625
0 0.657813 0.776563 0.015625 0.015625
0 0.628125 0.717187 0.015625 0.015625
0 0.700000 0.848437 0.015625 0.015625
0 0.587500 0.645312 0.015625 0.015625
0 0.553125 0.590625 0.015625 0.015625
0 0.629687 0.584375 0.015625 0.015625
0 0.585938 0.521875 0.015625 0.015625
0 0.551562 0.453125 0.015625 0.015625
0 0.512500 0.392188 0.015625 0.015625
0 0.464062 0.451562 0.015625 0.015625
0 0.485938 0.579688 0.015625 0.015625
0 0.415625 0.315625 0.015625 0.015625
0 0.445312 0.254688 0.015625 0.015625
0 0.523438 0.259375 0.015625 0.015625
0 0.587500 0.260937 0.015625 0.015625
0 0.329688 0.323437 0.015625 0.015625
0 0.367188 0.395313 0.015625 0.015625
0 0.251563 0.187500 0.015625 0.015625
0 0.217188 0.135937 0.015625 0.015625
0 0.296875 0.132812 0.015625 0.015625
0 0.331250 0.187500 0.015625 0.015625
0 0.139063 0.129688 0.015625 0.015625
0 0.070312 0.125000 0.015625 0.015625
0 0.035937 0.190625 0.015625 0.015625
0 0.831250 0.135937 0.015625 0.015625
0 0.895312 0.143750 0.015625 0.015625
0 0.859375 0.203125 0.015625 0.015625
0 0.900000 0.239063 0.015625 0.015625
0 0.934375 0.079687 0.015625 0.015625
0 0.992188 0.990625 0.015625 0.015625
0 0.929688 0.985938 0.015625 0.015625
