0 0.115625 0.004687 0.015625 0.015625
0 0.270313 0.007812 0.015625 0.015625
0 0.345313 0.009375 0.015625 0.015625
0 0.423438 0.010937 0.015625 0.015625
0 0.503125 0.012500 0.015625 0.015625
0 0.575000 0.015625 0.015625 0.015625
0 0.801562 0.020313 0.015625 0.015625
0 0.725000 0.020313 0.015625 0.015625
0 0.878125 0.021875 0.015625 0.015625
0 0.954688 0.023438 0.015625 0.015625
0 0.151562 0.070312 0.015625 0.015625
0 0.078125 0.070312 0.015625 0.015625
0 0.006250 0.071875 0.015625 0.015625
0 0.231250 0.073438 0.015625 0.015625
0 0.310937 0.073438 0.015625 0.015625
0 0.384375 0.075000 0.015625 0.015625
0 0.460938 0.075000 0.015625 0.015625
0 0.612500 0.079687 0.015625 0.015625
0 0.537500 0.079687 0.015625 0.015625
0 0.837500 0.084375 0.015625 0.015625
0 0.914062 0.085938 0.015625 0.015625
0 0.992188 0.089063 0.015625 0.015625
0 0.743750 0.129688 0.015625 0.015625
0 0.040625 0.135937 0.015625 0.015625
0 0.114062 0.139063 0.015625 0.015625
0 0.423438 0.140625 0.015625 0.015625
0 0.192188 0.140625 0.015625 0.015625
0 0.350000 0.142187 0.015625 0.015625
0 0.578125 0.143750 0.015625 0.015625
0 0.270313 0.143750 0.015625 0.015625
0 0.500000 0.143750 0.015625 0.015625
0 0.646875 0.145313 0.015625 0.015625
0 0.875000 0.150000 0.015625 0.015625
0 0.953125 0.156250 0.015625 0.015625
0 0.006250 0.198437 0.015625 0.015625
0 0.078125 0.200000 0.015625 0.015625
0 0.229687 0.206250 0.015625 0.015625
0 0.154688 0.206250 0.015625 0.015625
0 0.459375 0.207813 0.015625 0.015625
0 0.384375 0.209375 0.015625 0.015625
0 0.309375 0.209375 0.015625 0.015625
0 0.610938 0.209375 0.015625 0.015625
0 0.535937 0.210938 0.015625 0.015625
0 0.682813 0.212500 0.015625 0.015625
0 0.832812 0.218750 0.015625 0.015625
0 0.987500 0.218750 0.015625 0.015625
0 0.910937 0.220312 0.015625 0.015625
0 0.035937 0.267188 0.015625 0.015625
0 0.110937 0.267188 0.015625 0.015625
0 0.189062 0.268750 0.015625 0.015625
0 0.418750 0.271875 0.015625 0.015625
0 0.265625 0.271875 0.015625 0.015625
0 0.650000 0.275000 0.015625 0.015625
0 0.946875 0.285938 0.015625 0.015625
0 0.229687 0.332813 0.015625 0.015625
0 0.076563 0.334375 0.015625 0.015625
0 0.303125 0.337500 0.015625 0.015625
0 0.381250 0.339062 0.015625 0.015625
0 0.459375 0.339062 0.015625 0.015625
0 0.606250 0.340625 0.015625 0.015625
0 0.681250 0.343750 0.015625 0.015625
0 0.757812 0.343750 0.015625 0.015625
0 0.985938 0.346875 0.015625 0.015625
0 0.035937 0.395313 0.015625 0.015625
0 0.114062 0.396875 0.015625 0.015625
0 0.190625 0.400000 0.015625 0.015625
0 0.570312 0.403125 0.015625 0.015625
0 0.262500 0.404687 0.015625 0.015625
0 0.415625 0.406250 0.015625 0.015625
0 0.492188 0.407813 0.015625 0.015625
0 0.642188 0.407813 0.015625 0.015625
0 0.339062 0.407813 0.015625 0.015625
0 0.717187 0.409375 0.015625 0.015625
0 0.070312 0.457813 0.015625 0.015625
0 0.150000 0.460938 0.015625 0.015625
0 0.300000 0.467187 0.015625 0.015625
0 0.454688 0.470313 0.015625 0.015625
0 0.375000 0.470313 0.015625 0.015625
0 0.606250 0.470313 0.015625 0.015625
0 0.529687 0.471875 0.015625 0.015625
0 0.681250 0.471875 0.015625 0.015625
0 0.757812 0.473438 0.015625 0.015625
0 0.834375 0.475000 0.015625 0.015625
0 0.981250 0.481250 0.015625 0.015625
0 0.034375 0.523438 0.015625 0.015625
0 0.110937 0.526563 0.015625 0.015625
0 0.184375 0.531250 0.015625 0.015625
0 0.335938 0.532813 0.015625 0.015625
0 0.259375 0.534375 0.015625 0.015625
0 0.414062 0.534375 0.015625 0.015625
0 0.487500 0.537500 0.015625 0.015625
0 0.564063 0.539062 0.015625 0.015625
0 0.640625 0.540625 0.015625 0.015625
0 0.715625 0.542188 0.015625 0.015625
0 0.865625 0.543750 0.015625 0.015625
0 0.067187 0.596875 0.015625 0.015625
0 0.143750 0.598437 0.015625 0.015625
0 0.221875 0.598437 0.015625 0.015625
0 0.451562 0.600000 0.015625 0.015625
0 0.371875 0.601562 0.015625 0.015625
0 0.828125 0.601562 0.015625 0.015625
0 0.298438 0.603125 0.015625 0.015625
0 0.521875 0.603125 0.015625 0.015625
0 0.601562 0.604688 0.015625 0.015625
0 0.676562 0.606250 0.015625 0.015625
0 0.031250 0.660937 0.015625 0.015625
0 0.106250 0.660937 0.015625 0.015625
0 0.182812 0.664062 0.015625 0.015625
0 0.485938 0.664062 0.015625 0.015625
0 0.259375 0.664062 0.015625 0.015625
0 0.332813 0.667188 0.015625 0.015625
0 0.409375 0.667188 0.015625 0.015625
0 0.637500 0.670312 0.015625 0.015625
0 0.865625 0.671875 0.015625 0.015625
0 0.787500 0.673438 0.015625 0.015625
0 0.712500 0.676562 0.015625 0.015625
0 0.065625 0.723437 0.015625 0.015625
0 0.531250 0.725000 0.015625 0.015625
0 0.140625 0.725000 0.015625 0.015625
0 0.903125 0.729688 0.015625 0.015625
0 0.370312 0.731250 0.015625 0.015625
0 0.292187 0.731250 0.015625 0.015625
0 0.603125 0.731250 0.015625 0.015625
0 0.450000 0.732812 0.015625 0.015625
0 0.673438 0.735938 0.015625 0.015625
0 0.825000 0.737500 0.015625 0.015625
0 0.750000 0.739062 0.015625 0.015625
0 0.179688 0.792188 0.015625 0.015625
0 0.104688 0.793750 0.015625 0.015625
0 0.028125 0.793750 0.015625 0.015625
0 0.254688 0.796875 0.015625 0.015625
0 0.332813 0.798438 0.015625 0.015625
0 0.409375 0.798438 0.015625 0.015625
0 0.635938 0.800000 0.015625 0.015625
0 0.560937 0.800000 0.015625 0.015625
0 0.485938 0.803125 0.015625 0.015625
0 0.710938 0.804688 0.015625 0.015625
0 0.785937 0.807813 0.015625 0.015625
0 0.862500 0.809375 0.015625 0.015625
0 0.939063 0.810937 0.015625 0.015625
0 0.065625 0.860938 0.015625 0.015625
0 0.214062 0.860938 0.015625 0.015625
0 0.375000 0.860938 0.015625 0.015625
0 0.140625 0.862500 0.015625 0.015625
0 0.520312 0.865625 0.015625 0.015625
0 0.595313 0.867188 0.015625 0.015625
0 0.443750 0.868750 0.015625 0.015625
0 0.673438 0.870313 0.015625 0.015625
0 0.748437 0.871875 0.015625 0.015625
0 0.825000 0.873437 0.015625 0.015625
0 0.901563 0.873437 0.015625 0.015625
0 0.978125 0.875000 0.015625 0.015625
0 0.256250 0.921875 0.015625 0.015625
0 0.028125 0.925000 0.015625 0.015625
0 0.104688 0.925000 0.015625 0.015625
0 0.332813 0.926562 0.015625 0.015625
0 0.181250 0.928125 0.015625 0.015625
0 0.406250 0.928125 0.015625 0.015625
0 0.635938 0.932813 0.015625 0.015625
0 0.557813 0.932813 0.015625 0.015625
0 0.482812 0.932813 0.015625 0.015625
0 0.709375 0.934375 0.015625 0.015625
0 0.784375 0.937500 0.015625 0.015625
0 0.859375 0.939063 0.015625 0.015625
0 0.932813 0.945312 0.015625 0.015625
0 0.292187 0.987500 0.015625 0.015625
0 0.137500 0.989062 0.015625 0.015625
0 0.215625 0.989062 0.015625 0.015625
0 0.064062 0.989062 0.015625 0.015625
0 0.368750 0.992188 0.015625 0.015625
0 0.592187 0.995313 0.015625 0.015625
0 0.670312 0.995313 0.015625 0.015625
0 0.517188 0.996875 0.015625 0.015625
0 0.743750 0.996875 0.015625 0.015625
0 0.043750 0.009375 0.015625 0.015625
0 0.200000 0.006250 0.015625 0.015625
