0 0.682813 0.004687 0.015625 0.015625
0 0.314063 0.009375 0.015625 0.015625
0 0.606250 0.009375 0.015625 0.015625
0 0.532813 0.010937 0.015625 0.015625
0 0.217188 0.010937 0.015625 0.015625
0 0.784375 0.012500 0.015625 0.015625
0 0.951562 0.048438 0.015625 0.015625
0 0.532813 0.107813 0.015625 0.015625
0 0.309375 0.112500 0.015625 0.015625
0 0.607812 0.114062 0.015625 0.015625
0 0.376563 0.120313 0.015625 0.015625
0 0.734375 0.139063 0.015625 0.015625
0 0.662500 0.140625 0.015625 0.015625
0 0.814063 0.145313 0.015625 0.015625
0 0.882812 0.157812 0.015625 0.015625
0 0.578125 0.162500 0.015625 0.015625
0 0.837500 0.235937 0.015625 0.015625
0 0.910937 0.242188 0.015625 0.015625
0 0.984375 0.250000 0.015625 0.015625
0 0.231250 0.259375 0.015625 0.015625
0 0.373437 0.262500 0.015625 0.015625
0 0.437500 0.264062 0.015625 0.015625
0 0.518750 0.264062 0.015625 0.015625
0 0.584375 0.268750 0.015625 0.015625
0 0.657813 0.276562 0.015625 0.015625
0 0.798438 0.307812 0.015625 0.015625
0 0.943750 0.314063 0.015625 0.015625
0 0.887500 0.315625 0.015625 0.015625
0 0.757812 0.371875 0.015625 0.015625
0 0.907813 0.379688 0.015625 0.015625
0 0.984375 0.381250 0.015625 0.015625
0 0.832812 0.381250 0.015625 0.015625
0 0.229687 0.385937 0.015625 0.015625
0 0.553125 0.389062 0.015625 0.015625
0 0.435937 0.393750 0.015625 0.015625
0 0.354687 0.393750 0.015625 0.015625
0 0.940625 0.443750 0.015625 0.015625
0 0.865625 0.445312 0.015625 0.015625
0 0.793750 0.446875 0.015625 0.015625
0 0.828125 0.509375 0.015625 0.015625
0 0.907813 0.510938 0.015625 0.015625
0 0.984375 0.512500 0.015625 0.015625
0 0.756250 0.514062 0.015625 0.015625
0 0.590625 0.517188 0.015625 0.015625
0 0.526563 0.517188 0.015625 0.015625
0 0.682813 0.534375 0.015625 0.015625
0 0.946875 0.573438 0.015625 0.015625
0 0.873437 0.581250 0.015625 0.015625
0 0.370312 0.639062 0.015625 0.015625
0 0.443750 0.642188 0.015625 0.015625
0 0.517188 0.645312 0.015625 0.015625
0 0.978125 0.646875 0.015625 0.015625
0 0.596875 0.651563 0.015625 0.015625
0 0.785937 0.662500 0.015625 0.015625
0 0.862500 0.662500 0.015625 0.015625
0 0.659375 0.662500 0.015625 0.015625
0 0.406250 0.695312 0.015625 0.015625
0 0.332813 0.695312 0.015625 0.015625
0 0.465625 0.771875 0.015625 0.015625
0 0.526563 0.782813 0.015625 0.015625
0 0.593750 0.784375 0.015625 0.015625
0 0.929688 0.820312 0.015625 0.015625
0 0.485938 0.843750 0.015625 0.015625
0 0.634375 0.843750 0.015625 0.015625
0 0.560937 0.846875 0.015625 0.015625
0 0.421875 0.850000 0.015625 0.015625
0 0.832812 0.871875 0.015625 0.015625
0 0.878125 0.884375 0.015625 0.015625
0 0.518750 0.907813 0.015625 0.015625
0 0.032813 0.564063 0.015625 0.015625
0 0.071875 0.621875 0.015625 0.015625
0 0.106250 0.568750 0.015625 0.015625
0 0.154688 0.623437 0.015625 0.015625
0 0.187500 0.559375 0.015625 0.015625
0 0.217188 0.626563 0.015625 0.015625
0 0.031250 0.690625 0.015625 0.015625
0 0.073438 0.735938 0.015625 0.015625
0 0.110937 0.701562 0.015625 0.015625
0 0.182812 0.700000 0.015625 0.015625
0 0.225000 0.759375 0.015625 0.015625
0 0.251563 0.714063 0.015625 0.015625
0 0.282813 0.767188 0.015625 0.015625
0 0.134375 0.759375 0.015625 0.015625
0 0.021875 0.817187 0.015625 0.015625
0 0.060937 0.878125 0.015625 0.015625
0 0.092188 0.821875 0.015625 0.015625
0 0.135937 0.881250 0.015625 0.015625
0 0.168750 0.821875 0.015625 0.015625
0 0.218750 0.881250 0.015625 0.015625
0 0.248438 0.826562 0.015625 0.015625
0 0.289062 0.887500 0.015625 0.015625
0 0.325000 0.842187 0.015625 0.015625
0 0.364063 0.890625 0.015625 0.015625
