0 0.473438 0.051562 0.015625 0.015625
0 0.550000 0.051562 0.015625 0.015625
0 0.620313 0.053125 0.015625 0.015625
0 0.385937 0.054688 0.015625 0.015625
0 0.926562 0.054688 0.015625 0.015625
0 0.767188 0.059375 0.015625 0.015625
0 0.851562 0.059375 0.015625 0.015625
0 0.581250 0.118750 0.015625 0.015625
0 0.659375 0.120313 0.015625 0.015625
0 0.510938 0.120313 0.015625 0.015625
0 0.437500 0.121875 0.015625 0.015625
0 0.890625 0.121875 0.015625 0.015625
0 0.967187 0.123438 0.015625 0.015625
0 0.737500 0.123438 0.015625 0.015625
0 0.810937 0.131250 0.015625 0.015625
0 0.695312 0.187500 0.015625 0.015625
0 0.618750 0.189062 0.015625 0.015625
0 0.926562 0.190625 0.015625 0.015625
0 0.848437 0.192188 0.015625 0.015625
0 0.428125 0.250000 0.015625 0.015625
0 0.509375 0.253125 0.015625 0.015625
0 0.660937 0.254688 0.015625 0.015625
0 0.965625 0.256250 0.015625 0.015625
0 0.812500 0.256250 0.015625 0.015625
0 0.581250 0.256250 0.015625 0.015625
0 0.737500 0.256250 0.015625 0.015625
0 0.885938 0.257812 0.015625 0.015625
0 0.468750 0.317188 0.015625 0.015625
0 0.545312 0.320312 0.015625 0.015625
0 0.700000 0.320312 0.015625 0.015625
0 0.618750 0.321875 0.015625 0.015625
0 0.770312 0.321875 0.015625 0.015625
0 0.921875 0.323437 0.015625 0.015625
0 0.507812 0.381250 0.015625 0.015625
0 0.432812 0.382812 0.015625 0.015625
0 0.660937 0.384375 0.015625 0.015625
0 0.584375 0.385937 0.015625 0.015625
0 0.737500 0.387500 0.015625 0.015625
0 0.884375 0.389062 0.015625 0.015625
0 0.810937 0.390625 0.015625 0.015625
0 0.960938 0.393750 0.015625 0.015625
0 0.625000 0.448437 0.015625 0.015625
0 0.543750 0.450000 0.015625 0.015625
0 0.693750 0.451562 0.015625 0.015625
0 0.771875 0.454688 0.015625 0.015625
0 0.467187 0.454688 0.015625 0.015625
0 0.845313 0.456250 0.015625 0.015625
0 0.507812 0.515625 0.015625 0.015625
0 0.960938 0.521875 0.015625 0.015625
0 0.882812 0.523438 0.015625 0.015625
0 0.617188 0.571875 0.015625 0.015625
0 0.693750 0.573438 0.015625 0.015625
0 0.993750 0.584375 0.015625 0.015625
0 0.914062 0.585938 0.015625 0.015625
0 0.840625 0.587500 0.015625 0.015625
0 0.581250 0.651563 0.015625 0.015625
0 0.662500 0.656250 0.015625 0.015625
0 0.956250 0.656250 0.015625 0.015625
0 0.920312 0.721875 0.015625 0.015625
0 0.993750 0.721875 0.015625 0.015625
0 0.656250 0.773438 0.015625 0.015625
0 0.957812 0.785937 0.015625 0.015625
0 0.881250 0.790625 0.015625 0.015625
0 0.803125 0.814063 0.015625 0.015625
0 0.693750 0.846875 0.015625 0.015625
0 0.532813 0.848437 0.015625 0.015625
0 0.610938 0.850000 0.015625 0.015625
0 0.917188 0.850000 0.015625 0.015625
0 0.492188 0.912500 0.015625 0.015625
0 0.876563 0.912500 0.015625 0.015625
0 0.954688 0.915625 0.015625 0.015625
0 0.804688 0.917188 0.015625 0.015625
0 0.642188 0.918750 0.015625 0.015625
0 0.457813 0.975000 0.015625 0.015625
0 0.539062 0.979688 0.015625 0.015625
0 0.612500 0.981250 0.015625 0.015625
0 0.689063 0.982812 0.015625 0.015625
0 0.764062 0.189062 0.015625 0.015625
0 0.540625 0.182812 0.015625 0.015625
0 0.471875 0.179688 0.015625 0.015625
0 0.859375 0.325000 0.015625 0.015625
0 0.564063 0.779687 0.015625 0.015625
0 0.484375 0.775000 0.015625 0.015625
0 0.723437 0.923438 0.015625 0.015625
0 0.767188 0.979688 0.015625 0.015625
0 0.839063 0.979688 0.015625 0.015625
0 0.925000 0.984375 0.015625 0.015625
0 0.996875 0.990625 0.015625 0.015625
0 0.812500 0.521875 0.015625 0.015625
0 0.731250 0.523438 0.015625 0.015625
0 0.651563 0.514062 0.015625 0.015625
0 0.881250 0.432812 0.015625 0.015625
0 0.935937 0.456250 0.015625 0.015625
0 0.767188 0.650000 0.015625 0.015625
0 0.540625 0.712500 0.015625 0.015625
0 0.470313 0.714063 0.015625 0.015625
0 0.998437 0.857812 0.015625 0.015625
