0 0.467187 0.021875 0.015625 0.015625
0 0.485938 0.051562 0.015625 0.015625
0 0.520312 0.048438 0.015625 0.015625
0 0.504687 0.018750 0.015625 0.015625
0 0.545312 0.015625 0.015625 0.015625
0 0.560937 0.046875 0.015625 0.015625
0 0.598437 0.050000 0.015625 0.015625
0 0.584375 0.021875 0.015625 0.015625
0 0.620313 0.020313 0.015625 0.015625
0 0.640625 0.053125 0.015625 0.015625
0 0.671875 0.051562 0.015625 0.015625
0 0.656250 0.023438 0.015625 0.015625
0 0.695312 0.025000 0.015625 0.015625
0 0.712500 0.053125 0.015625 0.015625
0 0.756250 0.054688 0.015625 0.015625
0 0.732812 0.023438 0.015625 0.015625
0 0.768750 0.021875 0.015625 0.015625
0 0.787500 0.054688 0.015625 0.015625
0 0.828125 0.059375 0.015625 0.015625
0 0.812500 0.023438 0.015625 0.015625
0 0.850000 0.023438 0.015625 0.015625
0 0.865625 0.056250 0.015625 0.015625
0 0.901563 0.056250 0.015625 0.015625
0 0.892188 0.026562 0.015625 0.015625
0 0.928125 0.026562 0.015625 0.015625
0 0.946875 0.059375 0.015625 0.015625
0 0.982812 0.059375 0.015625 0.015625
0 0.964063 0.025000 0.015625 0.015625
0 0.509375 0.081250 0.015625 0.015625
0 0.528125 0.117188 0.015625 0.015625
0 0.546875 0.082812 0.015625 0.015625
0 0.585938 0.085938 0.015625 0.015625
0 0.604688 0.114062 0.015625 0.015625
0 0.621875 0.150000 0.015625 0.015625
0 0.587500 0.150000 0.015625 0.015625
0 0.567187 0.114062 0.015625 0.015625
0 0.620313 0.085938 0.015625 0.015625
0 0.650000 0.084375 0.015625 0.015625
0 0.695312 0.089063 0.015625 0.015625
0 0.732812 0.087500 0.015625 0.015625
0 0.767188 0.087500 0.015625 0.015625
0 0.807813 0.089063 0.015625 0.015625
0 0.846875 0.090625 0.015625 0.015625
0 0.882812 0.089063 0.015625 0.015625
0 0.926562 0.090625 0.015625 0.015625
0 0.950000 0.121875 0.015625 0.015625
0 0.960938 0.159375 0.015625 0.015625
0 0.979688 0.187500 0.015625 0.015625
0 0.946875 0.187500 0.015625 0.015625
0 0.926562 0.160938 0.015625 0.015625
0 0.906250 0.126562 0.015625 0.015625
0 0.904687 0.185938 0.015625 0.015625
0 0.887500 0.157812 0.015625 0.015625
0 0.867188 0.121875 0.015625 0.015625
0 0.868750 0.187500 0.015625 0.015625
0 0.854688 0.156250 0.015625 0.015625
0 0.831250 0.121875 0.015625 0.015625
0 0.828125 0.187500 0.015625 0.015625
0 0.812500 0.154688 0.015625 0.015625
0 0.789062 0.118750 0.015625 0.015625
0 0.784375 0.185938 0.015625 0.015625
0 0.767188 0.154688 0.015625 0.015625
0 0.751563 0.121875 0.015625 0.015625
0 0.753125 0.185938 0.015625 0.015625
0 0.731250 0.157812 0.015625 0.015625
0 0.714063 0.123438 0.015625 0.015625
0 0.714063 0.184375 0.015625 0.015625
0 0.698438 0.154688 0.015625 0.015625
0 0.675000 0.117188 0.015625 0.015625
0 0.679688 0.190625 0.015625 0.015625
0 0.660937 0.153125 0.015625 0.015625
0 0.640625 0.120313 0.015625 0.015625
0 0.640625 0.187500 0.015625 0.015625
0 0.600000 0.185938 0.015625 0.015625
0 0.543750 0.148438 0.015625 0.015625
0 0.564063 0.184375 0.015625 0.015625
0 0.964063 0.087500 0.015625 0.015625
0 0.981250 0.126562 0.015625 0.015625
0 0.621875 0.217188 0.015625 0.015625
0 0.639062 0.248438 0.015625 0.015625
0 0.654687 0.279687 0.015625 0.015625
0 0.675000 0.321875 0.015625 0.015625
0 0.715625 0.320312 0.015625 0.015625
0 0.698438 0.285938 0.015625 0.015625
0 0.679688 0.254688 0.015625 0.015625
0 0.654687 0.217188 0.015625 0.015625
0 0.695312 0.217188 0.015625 0.015625
0 0.712500 0.248438 0.015625 0.015625
0 0.732812 0.282813 0.015625 0.015625
0 0.753125 0.320312 0.015625 0.015625
0 0.789062 0.325000 0.015625 0.015625
0 0.773438 0.289062 0.015625 0.015625
0 0.753125 0.253125 0.015625 0.015625
0 0.734375 0.220312 0.015625 0.015625
0 0.775000 0.218750 0.015625 0.015625
0 0.795312 0.250000 0.015625 0.015625
0 0.809375 0.284375 0.015625 0.015625
0 0.825000 0.318750 0.015625 0.015625
0 0.870313 0.323437 0.015625 0.015625
0 0.850000 0.292187 0.015625 0.015625
0 0.904687 0.320312 0.015625 0.015625
0 0.892188 0.285938 0.015625 0.015625
0 0.917188 0.285938 0.015625 0.015625
0 0.953125 0.287500 0.015625 0.015625
0 0.992188 0.287500 0.015625 0.015625
0 0.984375 0.320312 0.015625 0.015625
0 0.942187 0.321875 0.015625 0.015625
0 0.984375 0.254688 0.015625 0.015625
0 0.942187 0.254688 0.015625 0.015625
0 0.910937 0.254688 0.015625 0.015625
0 0.868750 0.253125 0.015625 0.015625
0 0.962500 0.220312 0.015625 0.015625
0 0.934375 0.221875 0.015625 0.015625
0 0.884375 0.220312 0.015625 0.015625
0 0.843750 0.221875 0.015625 0.015625
0 0.812500 0.217188 0.015625 0.015625
0 0.829688 0.251563 0.015625 0.015625
0 0.695312 0.348438 0.015625 0.015625
0 0.726562 0.348438 0.015625 0.015625
0 0.765625 0.350000 0.015625 0.015625
0 0.807813 0.348438 0.015625 0.015625
0 0.715625 0.382812 0.015625 0.015625
0 0.748437 0.381250 0.015625 0.015625
0 0.782813 0.381250 0.015625 0.015625
0 0.734375 0.414062 0.015625 0.015625
0 0.765625 0.410938 0.015625 0.015625
0 0.809375 0.418750 0.015625 0.015625
0 0.781250 0.453125 0.015625 0.015625
0 0.753125 0.450000 0.015625 0.015625
0 0.821875 0.451562 0.015625 0.015625
0 0.840625 0.418750 0.015625 0.015625
0 0.859375 0.384375 0.015625 0.015625
0 0.820312 0.385937 0.015625 0.015625
0 0.843750 0.353125 0.015625 0.015625
0 0.882812 0.350000 0.015625 0.015625
0 0.865625 0.450000 0.015625 0.015625
0 0.896875 0.448437 0.015625 0.015625
0 0.937500 0.448437 0.015625 0.015625
0 0.959375 0.412500 0.015625 0.015625
0 0.921875 0.414062 0.015625 0.015625
0 0.884375 0.414062 0.015625 0.015625
0 0.896875 0.384375 0.015625 0.015625
0 0.929688 0.392188 0.015625 0.015625
0 0.970313 0.389062 0.015625 0.015625
0 0.995313 0.354687 0.015625 0.015625
0 0.962500 0.354687 0.015625 0.015625
0 0.909375 0.350000 0.015625 0.015625
0 0.998437 0.417187 0.015625 0.015625
0 0.992188 0.453125 0.015625 0.015625
0 0.803125 0.479687 0.015625 0.015625
0 0.823438 0.515625 0.015625 0.015625
0 0.835938 0.545312 0.015625 0.015625
0 0.840625 0.484375 0.015625 0.015625
0 0.856250 0.517188 0.015625 0.015625
0 0.876563 0.545312 0.015625 0.015625
0 0.912500 0.553125 0.015625 0.015625
0 0.892188 0.510938 0.015625 0.015625
0 0.884375 0.487500 0.015625 0.015625
0 0.918750 0.482812 0.015625 0.015625
0 0.943750 0.517188 0.015625 0.015625
0 0.960938 0.557813 0.015625 0.015625
0 0.984375 0.554688 0.015625 0.015625
0 0.973437 0.520312 0.015625 0.015625
0 0.954688 0.481250 0.015625 0.015625
0 0.996875 0.493750 0.015625 0.015625
0 0.859375 0.578125 0.015625 0.015625
0 0.875000 0.612500 0.015625 0.015625
0 0.896875 0.648438 0.015625 0.015625
0 0.910937 0.685937 0.015625 0.015625
0 0.950000 0.679688 0.015625 0.015625
0 0.937500 0.650000 0.015625 0.015625
0 0.912500 0.609375 0.015625 0.015625
0 0.896875 0.573438 0.015625 0.015625
0 0.932813 0.581250 0.015625 0.015625
0 0.954688 0.614062 0.015625 0.015625
0 0.973437 0.648438 0.015625 0.015625
0 0.990625 0.679688 0.015625 0.015625
0 0.995313 0.620313 0.015625 0.015625
0 0.967187 0.576562 0.015625 0.015625
0 0.954688 0.748437 0.015625 0.015625
0 0.926562 0.712500 0.015625 0.015625
0 0.964063 0.715625 0.015625 0.015625
0 0.992188 0.745313 0.015625 0.015625
0 0.971875 0.779687 0.015625 0.015625
