0 0.996875 0.021875 0.015625 0.015625
0 0.084375 0.023438 0.015625 0.015625
0 0.387500 0.026562 0.015625 0.015625
0 0.015625 0.028125 0.015625 0.015625
0 0.157812 0.029687 0.015625 0.015625
0 0.460938 0.034375 0.015625 0.015625
0 0.235937 0.035937 0.015625 0.015625
0 0.634375 0.039062 0.015625 0.015625
0 0.307812 0.040625 0.015625 0.015625
0 0.545312 0.042188 0.015625 0.015625
0 0.748437 0.045312 0.015625 0.015625
0 0.925000 0.051562 0.015625 0.015625
0 0.821875 0.056250 0.015625 0.015625
0 0.357812 0.064062 0.015625 0.015625
0 0.054688 0.090625 0.015625 0.015625
0 0.190625 0.096875 0.015625 0.015625
0 0.426563 0.096875 0.015625 0.015625
0 0.712500 0.098437 0.015625 0.015625
0 0.268750 0.098437 0.015625 0.015625
0 0.785937 0.100000 0.015625 0.015625
0 0.492188 0.100000 0.015625 0.015625
0 0.328125 0.101562 0.015625 0.015625
0 0.648438 0.101562 0.015625 0.015625
0 0.576562 0.104688 0.015625 0.015625
0 0.309375 0.137500 0.015625 0.015625
0 0.090625 0.160938 0.015625 0.015625
0 0.385937 0.164062 0.015625 0.015625
0 0.459375 0.165625 0.015625 0.015625
0 0.148438 0.167187 0.015625 0.015625
0 0.535937 0.170313 0.015625 0.015625
0 0.985938 0.170313 0.015625 0.015625
0 0.684375 0.171875 0.015625 0.015625
0 0.821875 0.173437 0.015625 0.015625
0 0.607812 0.175000 0.015625 0.015625
0 0.246875 0.176563 0.015625 0.015625
0 0.743750 0.184375 0.015625 0.015625
0 0.307812 0.185938 0.015625 0.015625
0 0.785937 0.185938 0.015625 0.015625
0 0.039062 0.214062 0.015625 0.015625
0 0.187500 0.225000 0.015625 0.015625
0 0.417187 0.226562 0.015625 0.015625
0 0.267188 0.229687 0.015625 0.015625
0 0.335938 0.232813 0.015625 0.015625
0 0.635938 0.234375 0.015625 0.015625
0 0.490625 0.234375 0.015625 0.015625
0 0.575000 0.235937 0.015625 0.015625
0 0.806250 0.239063 0.015625 0.015625
0 0.756250 0.239063 0.015625 0.015625
0 0.862500 0.250000 0.015625 0.015625
0 0.078125 0.289062 0.015625 0.015625
0 0.160938 0.290625 0.015625 0.015625
0 0.531250 0.295312 0.015625 0.015625
0 0.239063 0.298438 0.015625 0.015625
0 0.454688 0.298438 0.015625 0.015625
0 0.604688 0.301563 0.015625 0.015625
0 0.917188 0.303125 0.015625 0.015625
0 0.753125 0.304688 0.015625 0.015625
0 0.685937 0.307812 0.015625 0.015625
0 0.385937 0.310937 0.015625 0.015625
0 0.287500 0.342187 0.015625 0.015625
0 0.485938 0.348438 0.015625 0.015625
0 0.110937 0.353125 0.015625 0.015625
0 0.425000 0.357812 0.015625 0.015625
0 0.201563 0.359375 0.015625 0.015625
0 0.639062 0.359375 0.015625 0.015625
0 0.339062 0.359375 0.015625 0.015625
0 0.567187 0.362500 0.015625 0.015625
0 0.714063 0.364063 0.015625 0.015625
0 0.785937 0.367188 0.015625 0.015625
0 0.865625 0.368750 0.015625 0.015625
0 0.943750 0.373437 0.015625 0.015625
0 0.000000 0.417187 0.015625 0.015625
0 0.234375 0.421875 0.015625 0.015625
0 0.303125 0.423438 0.015625 0.015625
0 0.382812 0.432812 0.015625 0.015625
0 0.457813 0.435937 0.015625 0.015625
0 0.609375 0.435937 0.015625 0.015625
0 0.676562 0.437500 0.015625 0.015625
0 0.978125 0.440625 0.015625 0.015625
0 0.748437 0.440625 0.015625 0.015625
0 0.554688 0.442188 0.015625 0.015625
0 0.821875 0.443750 0.015625 0.015625
0 0.909375 0.446875 0.015625 0.015625
0 0.423438 0.489063 0.015625 0.015625
0 0.031250 0.490625 0.015625 0.015625
0 0.273438 0.492188 0.015625 0.015625
0 0.484375 0.492188 0.015625 0.015625
0 0.575000 0.493750 0.015625 0.015625
0 0.639062 0.495312 0.015625 0.015625
0 0.106250 0.495312 0.015625 0.015625
0 0.789062 0.500000 0.015625 0.015625
0 0.709375 0.501563 0.015625 0.015625
0 0.867188 0.501563 0.015625 0.015625
0 0.943750 0.504687 0.015625 0.015625
0 0.220312 0.554688 0.015625 0.015625
0 0.140625 0.556250 0.015625 0.015625
0 0.071875 0.557813 0.015625 0.015625
0 0.912500 0.557813 0.015625 0.015625
0 0.528125 0.557813 0.015625 0.015625
0 0.448437 0.562500 0.015625 0.015625
0 0.962500 0.564063 0.015625 0.015625
0 0.753125 0.567187 0.015625 0.015625
0 0.679688 0.567187 0.015625 0.015625
0 0.834375 0.567187 0.015625 0.015625
0 0.601562 0.568750 0.015625 0.015625
0 0.479687 0.615625 0.015625 0.015625
0 0.342187 0.618750 0.015625 0.015625
0 0.032813 0.620313 0.015625 0.015625
0 0.184375 0.621875 0.015625 0.015625
0 0.109375 0.623437 0.015625 0.015625
0 0.942187 0.625000 0.015625 0.015625
0 0.554688 0.625000 0.015625 0.015625
0 0.860938 0.626563 0.015625 0.015625
0 0.789062 0.626563 0.015625 0.015625
0 0.715625 0.626563 0.015625 0.015625
0 0.407813 0.626563 0.015625 0.015625
0 0.643750 0.628125 0.015625 0.015625
0 0.384375 0.678125 0.015625 0.015625
0 0.143750 0.682813 0.015625 0.015625
0 0.890625 0.682813 0.015625 0.015625
0 0.065625 0.690625 0.015625 0.015625
0 0.217188 0.690625 0.015625 0.015625
0 0.671875 0.690625 0.015625 0.015625
0 0.579688 0.693750 0.015625 0.015625
0 0.746875 0.698438 0.015625 0.015625
0 0.818750 0.704688 0.015625 0.015625
0 0.029687 0.748437 0.015625 0.015625
0 0.331250 0.753125 0.015625 0.015625
0 0.551562 0.753125 0.015625 0.015625
0 0.107813 0.756250 0.015625 0.015625
0 0.481250 0.756250 0.015625 0.015625
0 0.631250 0.757812 0.015625 0.015625
0 0.864062 0.760938 0.015625 0.015625
0 0.782813 0.760938 0.015625 0.015625
0 0.706250 0.760938 0.015625 0.015625
0 0.839063 0.807813 0.015625 0.015625
0 0.057813 0.809375 0.015625 0.015625
0 0.209375 0.814063 0.015625 0.015625
0 0.365625 0.814063 0.015625 0.015625
0 0.589063 0.820312 0.015625 0.015625
0 0.664062 0.828125 0.015625 0.015625
0 0.748437 0.832812 0.015625 0.015625
0 0.507812 0.851562 0.015625 0.015625
0 0.332813 0.876563 0.015625 0.015625
