0 0.026562 0.984375 0.015625 0.015625
0 0.075000 0.990625 0.015625 0.015625
0 0.370312 0.001563 0.015625 0.015625
0 0.293750 0.003125 0.015625 0.015625
0 0.450000 0.004687 0.015625 0.015625
0 0.673438 0.012500 0.015625 0.015625
0 0.600000 0.014063 0.015625 0.015625
0 0.521875 0.014063 0.015625 0.015625
0 0.857812 0.057813 0.015625 0.015625
0 0.025000 0.060937 0.015625 0.015625
0 0.178125 0.062500 0.015625 0.015625
0 0.101562 0.065625 0.015625 0.015625
0 0.340625 0.067187 0.015625 0.015625
0 0.710938 0.078125 0.015625 0.015625
0 0.564063 0.078125 0.015625 0.015625
0 0.640625 0.078125 0.015625 0.015625
0 0.954688 0.082812 0.015625 0.015625
0 0.064062 0.125000 0.015625 0.015625
0 0.140625 0.129688 0.015625 0.015625
0 0.214062 0.131250 0.015625 0.015625
0 0.292187 0.134375 0.015625 0.015625
0 0.367188 0.134375 0.015625 0.015625
0 0.442188 0.140625 0.015625 0.015625
0 0.517188 0.143750 0.015625 0.015625
0 0.601562 0.145313 0.015625 0.015625
0 0.753125 0.146875 0.015625 0.015625
0 0.671875 0.148438 0.015625 0.015625
0 0.898438 0.150000 0.015625 0.015625
0 0.096875 0.192188 0.015625 0.015625
0 0.020313 0.196875 0.015625 0.015625
0 0.170313 0.203125 0.015625 0.015625
0 0.246875 0.203125 0.015625 0.015625
0 0.401562 0.206250 0.015625 0.015625
0 0.326562 0.207813 0.015625 0.015625
0 0.709375 0.207813 0.015625 0.015625
0 0.556250 0.209375 0.015625 0.015625
0 0.478125 0.210938 0.015625 0.015625
0 0.782813 0.212500 0.015625 0.015625
0 0.062500 0.260937 0.015625 0.015625
0 0.134375 0.264062 0.015625 0.015625
0 0.210938 0.265625 0.015625 0.015625
0 0.596875 0.273438 0.015625 0.015625
0 0.823438 0.278125 0.015625 0.015625
0 0.975000 0.279687 0.015625 0.015625
0 0.440625 0.281250 0.015625 0.015625
0 0.895312 0.281250 0.015625 0.015625
0 0.671875 0.282813 0.015625 0.015625
0 0.093750 0.328125 0.015625 0.015625
0 0.168750 0.332813 0.015625 0.015625
0 0.018750 0.332813 0.015625 0.015625
0 0.478125 0.335938 0.015625 0.015625
0 0.398438 0.339062 0.015625 0.015625
0 0.790625 0.340625 0.015625 0.015625
0 0.864062 0.342187 0.015625 0.015625
0 0.715625 0.342187 0.015625 0.015625
0 0.206250 0.398438 0.015625 0.015625
0 0.668750 0.398438 0.015625 0.015625
0 0.442188 0.398438 0.015625 0.015625
0 0.364063 0.401562 0.015625 0.015625
0 0.592187 0.401562 0.015625 0.015625
0 0.517188 0.401562 0.015625 0.015625
0 0.746875 0.406250 0.015625 0.015625
0 0.968750 0.415625 0.015625 0.015625
0 0.103125 0.460938 0.015625 0.015625
0 0.018750 0.464062 0.015625 0.015625
0 0.168750 0.465625 0.015625 0.015625
0 0.700000 0.468750 0.015625 0.015625
0 0.246875 0.470313 0.015625 0.015625
0 0.395313 0.470313 0.015625 0.015625
0 0.471875 0.470313 0.015625 0.015625
0 0.626563 0.471875 0.015625 0.015625
0 0.550000 0.475000 0.015625 0.015625
0 0.778125 0.478125 0.015625 0.015625
0 0.926562 0.482812 0.015625 0.015625
0 0.056250 0.529687 0.015625 0.015625
0 0.128125 0.532813 0.015625 0.015625
0 0.664062 0.534375 0.015625 0.015625
0 0.356250 0.540625 0.015625 0.015625
0 0.512500 0.540625 0.015625 0.015625
0 0.217188 0.540625 0.015625 0.015625
0 0.968750 0.553125 0.015625 0.015625
0 0.092188 0.595313 0.015625 0.015625
0 0.240625 0.596875 0.015625 0.015625
0 0.164062 0.596875 0.015625 0.015625
0 0.318750 0.603125 0.015625 0.015625
0 0.623437 0.603125 0.015625 0.015625
0 0.393750 0.604688 0.015625 0.015625
0 0.546875 0.607812 0.015625 0.015625
0 0.467187 0.607812 0.015625 0.015625
0 0.923438 0.612500 0.015625 0.015625
0 0.050000 0.662500 0.015625 0.015625
0 0.198437 0.664062 0.015625 0.015625
0 0.121875 0.665625 0.015625 0.015625
0 0.276562 0.665625 0.015625 0.015625
0 0.589063 0.671875 0.015625 0.015625
0 0.350000 0.673438 0.015625 0.015625
0 0.664062 0.676562 0.015625 0.015625
0 0.881250 0.679688 0.015625 0.015625
0 0.964063 0.681250 0.015625 0.015625
0 0.503125 0.682813 0.015625 0.015625
0 0.167187 0.728125 0.015625 0.015625
0 0.240625 0.734375 0.015625 0.015625
0 0.315625 0.734375 0.015625 0.015625
0 0.390625 0.735938 0.015625 0.015625
0 0.465625 0.737500 0.015625 0.015625
0 0.621875 0.739062 0.015625 0.015625
0 0.543750 0.740625 0.015625 0.015625
0 0.696875 0.740625 0.015625 0.015625
0 0.923438 0.750000 0.015625 0.015625
0 0.129688 0.776563 0.015625 0.015625
0 0.053125 0.781250 0.015625 0.015625
0 0.196875 0.796875 0.015625 0.015625
0 0.275000 0.798438 0.015625 0.015625
0 0.498437 0.800000 0.015625 0.015625
0 0.351562 0.801562 0.015625 0.015625
0 0.576562 0.804688 0.015625 0.015625
0 0.656250 0.806250 0.015625 0.015625
0 0.428125 0.807813 0.015625 0.015625
0 0.815625 0.807813 0.015625 0.015625
0 0.734375 0.810937 0.015625 0.015625
0 0.968750 0.814063 0.015625 0.015625
0 0.165625 0.859375 0.015625 0.015625
0 0.240625 0.864062 0.015625 0.015625
0 0.387500 0.871875 0.015625 0.015625
0 0.464062 0.873437 0.015625 0.015625
0 0.542188 0.873437 0.015625 0.015625
0 0.843750 0.878125 0.015625 0.015625
0 0.623437 0.879687 0.015625 0.015625
0 0.717187 0.881250 0.015625 0.015625
0 0.920312 0.882812 0.015625 0.015625
0 0.995313 0.884375 0.015625 0.015625
0 0.215625 0.928125 0.015625 0.015625
0 0.275000 0.929688 0.015625 0.015625
0 0.800000 0.939063 0.015625 0.015625
0 0.885938 0.943750 0.015625 0.015625
0 0.243750 0.989062 0.015625 0.015625
0 0.165625 0.990625 0.015625 0.015625
0 0.609375 0.992188 0.015625 0.015625
0 0.462500 0.996875 0.015625 0.015625
0 0.390625 0.996875 0.015625 0.015625
0 0.540625 0.996875 0.015625 0.015625
0 0.414062 0.076563 0.015625 0.015625
0 0.484375 0.076563 0.015625 0.015625
0 0.260937 0.068750 0.015625 0.015625
0 0.285938 0.275000 0.015625 0.015625
0 0.337500 0.321875 0.015625 0.015625
0 0.131250 0.395313 0.015625 0.015625
0 0.059375 0.398438 0.015625 0.015625
0 0.010937 0.728125 0.015625 0.015625
0 0.020313 0.601562 0.015625 0.015625
0 0.089063 0.726562 0.015625 0.015625
0 0.426563 0.535937 0.015625 0.015625
0 0.320312 0.473438 0.015625 0.015625
0 0.284375 0.398438 0.015625 0.015625
0 0.251563 0.331250 0.015625 0.015625
0 0.432812 0.670312 0.015625 0.015625
0 0.704688 0.601562 0.015625 0.015625
0 0.739062 0.545312 0.015625 0.015625
0 0.789062 0.601562 0.015625 0.015625
0 0.817187 0.537500 0.015625 0.015625
0 0.850000 0.609375 0.015625 0.015625
0 0.896875 0.545312 0.015625 0.015625
0 0.856250 0.473438 0.015625 0.015625
0 0.825000 0.410938 0.015625 0.015625
0 0.903125 0.425000 0.015625 0.015625
0 0.937500 0.353125 0.015625 0.015625
0 0.770312 0.743750 0.015625 0.015625
0 0.750000 0.676562 0.015625 0.015625
0 0.732812 0.937500 0.015625 0.015625
0 0.654687 0.939063 0.015625 0.015625
0 0.573438 0.934375 0.015625 0.015625
0 0.495312 0.929688 0.015625 0.015625
0 0.423438 0.929688 0.015625 0.015625
0 0.346875 0.937500 0.015625 0.015625
0 0.314063 0.865625 0.015625 0.015625
0 0.292187 0.996875 0.015625 0.015625
0 0.979688 0.162500 0.015625 0.015625
0 0.787500 0.081250 0.015625 0.015625
0 0.014063 0.864062 0.015625 0.015625
0 0.087500 0.860938 0.015625 0.015625
0 0.051562 0.923438 0.015625 0.015625
0 0.760938 0.014063 0.015625 0.015625
0 0.896875 0.004687 0.015625 0.015625
0 0.978125 0.025000 0.015625 0.015625
0 0.517188 0.276562 0.015625 0.015625
0 0.557813 0.326562 0.015625 0.015625
0 0.353125 0.271875 0.015625 0.015625
0 0.885938 0.814063 0.015625 0.015625
0 0.775000 0.876563 0.015625 0.015625
