0 0.410938 0.110937 0.015625 0.015625
0 0.493750 0.110937 0.015625 0.015625
0 0.564063 0.110937 0.015625 0.015625
0 0.618750 0.110937 0.015625 0.015625
0 0.706250 0.109375 0.015625 0.015625
0 0.785937 0.114062 0.015625 0.015625
0 0.862500 0.112500 0.015625 0.015625
0 0.935937 0.112500 0.015625 0.015625
0 0.432812 0.178125 0.015625 0.015625
0 0.471875 0.239063 0.015625 0.015625
0 0.551562 0.237500 0.015625 0.015625
0 0.618750 0.240625 0.015625 0.015625
0 0.704688 0.245312 0.015625 0.015625
0 0.659375 0.182812 0.015625 0.015625
0 0.779687 0.245312 0.015625 0.015625
0 0.745313 0.179688 0.015625 0.015625
0 0.860938 0.245312 0.015625 0.015625
0 0.815625 0.178125 0.015625 0.015625
0 0.889062 0.171875 0.015625 0.015625
0 0.940625 0.248438 0.015625 0.015625
0 0.973437 0.175000 0.015625 0.015625
0 0.525000 0.315625 0.015625 0.015625
0 0.564063 0.364063 0.015625 0.015625
0 0.634375 0.368750 0.015625 0.015625
0 0.664062 0.312500 0.015625 0.015625
0 0.703125 0.370312 0.015625 0.015625
0 0.746875 0.318750 0.015625 0.015625
0 0.823438 0.309375 0.015625 0.015625
0 0.903125 0.312500 0.015625 0.015625
0 0.982812 0.314063 0.015625 0.015625
0 0.590625 0.437500 0.015625 0.015625
0 0.668750 0.439063 0.015625 0.015625
0 0.753125 0.439063 0.015625 0.015625
0 0.820312 0.440625 0.015625 0.015625
0 0.884375 0.440625 0.015625 0.015625
0 0.740625 0.578125 0.015625 0.015625
0 0.834375 0.578125 0.015625 0.015625
0 0.887500 0.573438 0.015625 0.015625
0 0.989062 0.581250 0.015625 0.015625
0 0.785937 0.507812 0.015625 0.015625
0 0.860938 0.512500 0.015625 0.015625
0 0.939063 0.514062 0.015625 0.015625
0 0.696875 0.640625 0.015625 0.015625
0 0.762500 0.648438 0.015625 0.015625
0 0.909375 0.645312 0.015625 0.015625
0 0.734375 0.718750 0.015625 0.015625
0 0.776563 0.767188 0.015625 0.015625
0 0.867188 0.712500 0.015625 0.015625
0 0.848437 0.771875 0.015625 0.015625
0 0.956250 0.709375 0.015625 0.015625
0 0.929688 0.778125 0.015625 0.015625
0 0.892188 0.843750 0.015625 0.015625
0 0.825000 0.846875 0.015625 0.015625
0 0.967187 0.835938 0.015625 0.015625
0 0.470313 0.765625 0.015625 0.015625
0 0.065625 0.171875 0.015625 0.015625
0 0.212500 0.696875 0.015625 0.015625
0 0.134375 0.695312 0.015625 0.015625
0 0.512500 0.696875 0.015625 0.015625
0 0.140625 0.173437 0.015625 0.015625
0 0.510938 0.968750 0.015625 0.015625
0 0.435937 0.835938 0.015625 0.015625
0 0.293750 0.301563 0.015625 0.015625
0 0.331250 0.367188 0.015625 0.015625
0 0.287500 0.695312 0.015625 0.015625
0 0.020313 0.625000 0.015625 0.015625
0 0.431250 0.696875 0.015625 0.015625
0 0.546875 0.770312 0.015625 0.015625
0 0.248438 0.634375 0.015625 0.015625
0 0.140625 0.301563 0.015625 0.015625
0 0.170313 0.764062 0.015625 0.015625
0 0.467187 0.898438 0.015625 0.015625
0 0.093750 0.893750 0.015625 0.015625
0 0.360938 0.696875 0.015625 0.015625
0 0.220312 0.301563 0.015625 0.015625
0 0.017188 0.240625 0.015625 0.015625
0 0.220312 0.173437 0.015625 0.015625
0 0.212500 0.437500 0.015625 0.015625
0 0.090625 0.762500 0.015625 0.015625
0 0.243750 0.767188 0.015625 0.015625
0 0.096875 0.500000 0.015625 0.015625
0 0.396875 0.767188 0.015625 0.015625
0 0.320312 0.764062 0.015625 0.015625
0 0.106250 0.368750 0.015625 0.015625
0 0.182812 0.368750 0.015625 0.015625
0 0.179688 0.242188 0.015625 0.015625
0 0.031250 0.103125 0.015625 0.015625
0 0.251563 0.370312 0.015625 0.015625
0 0.293750 0.437500 0.015625 0.015625
0 0.657813 0.964063 0.015625 0.015625
0 0.365625 0.437500 0.015625 0.015625
0 0.060937 0.300000 0.015625 0.015625
0 0.321875 0.635938 0.015625 0.015625
0 0.068750 0.043750 0.015625 0.015625
0 0.059375 0.693750 0.015625 0.015625
0 0.254688 0.239063 0.015625 0.015625
0 0.140625 0.439063 0.015625 0.015625
0 0.245312 0.892188 0.015625 0.015625
0 0.440625 0.565625 0.015625 0.015625
0 0.100000 0.240625 0.015625 0.015625
0 0.185938 0.104688 0.015625 0.015625
0 0.259375 0.504687 0.015625 0.015625
0 0.060937 0.560937 0.015625 0.015625
0 0.434375 0.964063 0.015625 0.015625
0 0.584375 0.965625 0.015625 0.015625
0 0.218750 0.048438 0.015625 0.015625
0 0.396875 0.509375 0.015625 0.015625
0 0.201563 0.960938 0.015625 0.015625
0 0.173437 0.501563 0.015625 0.015625
0 0.171875 0.629687 0.015625 0.015625
0 0.360938 0.570312 0.015625 0.015625
0 0.021875 0.500000 0.015625 0.015625
0 0.132812 0.826562 0.015625 0.015625
0 0.167187 0.893750 0.015625 0.015625
0 0.659375 0.837500 0.015625 0.015625
0 0.109375 0.109375 0.015625 0.015625
0 0.395313 0.635938 0.015625 0.015625
0 0.259375 0.112500 0.015625 0.015625
0 0.295312 0.168750 0.015625 0.015625
0 0.332813 0.248438 0.015625 0.015625
0 0.367188 0.304688 0.015625 0.015625
0 0.409375 0.370312 0.015625 0.015625
0 0.439063 0.432812 0.015625 0.015625
0 0.476562 0.507812 0.015625 0.015625
0 0.520312 0.576562 0.015625 0.015625
0 0.548438 0.639062 0.015625 0.015625
0 0.585938 0.700000 0.015625 0.015625
0 0.623437 0.764062 0.015625 0.015625
0 0.584375 0.842187 0.015625 0.015625
0 0.206250 0.835938 0.015625 0.015625
0 0.054688 0.825000 0.015625 0.015625
0 0.359375 0.829688 0.015625 0.015625
0 0.268750 0.835938 0.015625 0.015625
0 0.053125 0.429688 0.015625 0.015625
0 0.507812 0.000000 0.015625 0.015625
0 0.593750 0.006250 0.015625 0.015625
0 0.646875 0.006250 0.015625 0.015625
0 0.725000 0.001563 0.015625 0.015625
0 0.807813 0.012500 0.015625 0.015625
0 0.873437 0.012500 0.015625 0.015625
0 0.957812 0.012500 0.015625 0.015625
0 0.046875 0.951562 0.015625 0.015625
0 0.121875 0.956250 0.015625 0.015625
0 0.351562 0.956250 0.015625 0.015625
0 0.317188 0.900000 0.015625 0.015625
0 0.406250 0.900000 0.015625 0.015625
0 0.528125 0.906250 0.015625 0.015625
0 0.618750 0.903125 0.015625 0.015625
0 0.687500 0.900000 0.015625 0.015625
0 0.720313 0.964063 0.015625 0.015625
0 0.139063 0.557813 0.015625 0.015625
0 0.214062 0.567187 0.015625 0.015625
0 0.282813 0.565625 0.015625 0.015625
0 0.329688 0.495312 0.015625 0.015625
0 0.159375 0.039062 0.015625 0.015625
