0 0.201563 0.531250 0.015625 0.015625
0 0.276562 0.540625 0.015625 0.015625
0 0.128125 0.542188 0.015625 0.015625
0 0.428125 0.543750 0.015625 0.015625
0 0.351562 0.543750 0.015625 0.015625
0 0.504687 0.546875 0.015625 0.015625
0 0.579688 0.551562 0.015625 0.015625
0 0.960938 0.556250 0.015625 0.015625
0 0.881250 0.559375 0.015625 0.015625
0 0.807813 0.560937 0.015625 0.015625
0 0.156250 0.606250 0.015625 0.015625
0 0.921875 0.606250 0.015625 0.015625
0 0.235937 0.607812 0.015625 0.015625
0 0.081250 0.609375 0.015625 0.015625
0 0.775000 0.610938 0.015625 0.015625
0 0.003125 0.612500 0.015625 0.015625
0 0.309375 0.612500 0.015625 0.015625
0 0.682813 0.615625 0.015625 0.015625
0 0.535937 0.618750 0.015625 0.015625
0 0.614062 0.618750 0.015625 0.015625
0 0.114062 0.676562 0.015625 0.015625
0 0.189062 0.676562 0.015625 0.015625
0 0.037500 0.678125 0.015625 0.015625
0 0.265625 0.682813 0.015625 0.015625
0 0.501563 0.687500 0.015625 0.015625
0 0.565625 0.689063 0.015625 0.015625
0 0.721875 0.693750 0.015625 0.015625
0 0.950000 0.695312 0.015625 0.015625
0 0.634375 0.698438 0.015625 0.015625
0 0.865625 0.698438 0.015625 0.015625
0 0.235937 0.712500 0.015625 0.015625
0 0.382812 0.735938 0.015625 0.015625
0 0.006250 0.737500 0.015625 0.015625
0 0.090625 0.737500 0.015625 0.015625
0 0.157812 0.737500 0.015625 0.015625
0 0.845313 0.742188 0.015625 0.015625
0 0.765625 0.743750 0.015625 0.015625
0 0.921875 0.745313 0.015625 0.015625
0 0.689063 0.746875 0.015625 0.015625
0 0.351562 0.798438 0.015625 0.015625
0 0.040625 0.801562 0.015625 0.015625
0 0.260937 0.806250 0.015625 0.015625
0 0.114062 0.806250 0.015625 0.015625
0 0.653125 0.810937 0.015625 0.015625
0 0.728125 0.810937 0.015625 0.015625
0 0.579688 0.810937 0.015625 0.015625
0 0.806250 0.812500 0.015625 0.015625
0 0.959375 0.815625 0.015625 0.015625
0 0.884375 0.817187 0.015625 0.015625
0 0.514062 0.823438 0.015625 0.015625
0 0.076563 0.860938 0.015625 0.015625
0 0.154688 0.864062 0.015625 0.015625
0 0.460938 0.864062 0.015625 0.015625
0 0.004687 0.865625 0.015625 0.015625
0 0.310937 0.865625 0.015625 0.015625
0 0.385937 0.867188 0.015625 0.015625
0 0.231250 0.870313 0.015625 0.015625
0 0.534375 0.871875 0.015625 0.015625
0 0.612500 0.871875 0.015625 0.015625
0 0.762500 0.873437 0.015625 0.015625
0 0.685937 0.873437 0.015625 0.015625
0 0.843750 0.875000 0.015625 0.015625
0 0.917188 0.882812 0.015625 0.015625
0 0.114062 0.923438 0.015625 0.015625
0 0.428125 0.929688 0.015625 0.015625
0 0.501563 0.934375 0.015625 0.015625
0 0.578125 0.935937 0.015625 0.015625
0 0.653125 0.937500 0.015625 0.015625
0 0.882812 0.940625 0.015625 0.015625
0 0.959375 0.942187 0.015625 0.015625
0 0.731250 0.945312 0.015625 0.015625
0 0.809375 0.945312 0.015625 0.015625
0 0.078125 0.992188 0.015625 0.015625
0 0.232813 0.995313 0.015625 0.015625
0 0.312500 0.996875 0.015625 0.015625
0 0.157812 0.996875 0.015625 0.015625
0 0.662500 0.548438 0.015625 0.015625
0 0.726562 0.542188 0.015625 0.015625
0 0.846875 0.612500 0.015625 0.015625
0 0.996875 0.614062 0.015625 0.015625
