0 0.009375 0.001563 0.015625 0.015625
0 0.239063 0.003125 0.015625 0.015625
0 0.310937 0.004687 0.015625 0.015625
0 0.387500 0.006250 0.015625 0.015625
0 0.690625 0.009375 0.015625 0.015625
0 0.459375 0.010937 0.015625 0.015625
0 0.046875 0.045312 0.015625 0.015625
0 0.118750 0.048438 0.015625 0.015625
0 0.770312 0.062500 0.015625 0.015625
0 0.192188 0.065625 0.015625 0.015625
0 0.264062 0.067187 0.015625 0.015625
0 0.428125 0.070312 0.015625 0.015625
0 0.490625 0.070312 0.015625 0.015625
0 0.720313 0.076563 0.015625 0.015625
0 0.651563 0.079687 0.015625 0.015625
0 0.529687 0.084375 0.015625 0.015625
0 0.334375 0.103125 0.015625 0.015625
0 0.025000 0.107813 0.015625 0.015625
0 0.165625 0.114062 0.015625 0.015625
0 0.465625 0.120313 0.015625 0.015625
0 0.090625 0.120313 0.015625 0.015625
0 0.635938 0.120313 0.015625 0.015625
0 0.796875 0.123438 0.015625 0.015625
0 0.234375 0.132812 0.015625 0.015625
0 0.698438 0.134375 0.015625 0.015625
0 0.387500 0.135937 0.015625 0.015625
0 0.339062 0.190625 0.015625 0.015625
0 0.189062 0.193750 0.015625 0.015625
0 0.110937 0.193750 0.015625 0.015625
0 0.037500 0.193750 0.015625 0.015625
0 0.264062 0.195312 0.015625 0.015625
0 0.426563 0.200000 0.015625 0.015625
0 0.726562 0.207813 0.015625 0.015625
0 0.650000 0.209375 0.015625 0.015625
0 0.796875 0.212500 0.015625 0.015625
0 0.865625 0.214062 0.015625 0.015625
0 0.076563 0.264062 0.015625 0.015625
0 0.000000 0.267188 0.015625 0.015625
0 0.304688 0.268750 0.015625 0.015625
0 0.151562 0.268750 0.015625 0.015625
0 0.382812 0.270313 0.015625 0.015625
0 0.684375 0.273438 0.015625 0.015625
0 0.459375 0.273438 0.015625 0.015625
0 0.232813 0.275000 0.015625 0.015625
0 0.834375 0.279687 0.015625 0.015625
0 0.759375 0.284375 0.015625 0.015625
0 0.032813 0.335938 0.015625 0.015625
0 0.423438 0.340625 0.015625 0.015625
0 0.642188 0.342187 0.015625 0.015625
0 0.875000 0.348438 0.015625 0.015625
0 0.814063 0.365625 0.015625 0.015625
0 0.750000 0.367188 0.015625 0.015625
0 0.700000 0.367188 0.015625 0.015625
0 0.164062 0.375000 0.015625 0.015625
0 0.070312 0.398438 0.015625 0.015625
0 0.379688 0.398438 0.015625 0.015625
0 0.515625 0.400000 0.015625 0.015625
0 0.904687 0.403125 0.015625 0.015625
0 0.303125 0.404687 0.015625 0.015625
0 0.685937 0.409375 0.015625 0.015625
0 0.610938 0.410938 0.015625 0.015625
0 0.828125 0.418750 0.015625 0.015625
0 0.759375 0.426563 0.015625 0.015625
0 0.131250 0.439063 0.015625 0.015625
0 0.032813 0.467187 0.015625 0.015625
0 0.340625 0.467187 0.015625 0.015625
0 0.418750 0.467187 0.015625 0.015625
0 0.639062 0.473438 0.015625 0.015625
0 0.496875 0.479687 0.015625 0.015625
0 0.951562 0.485938 0.015625 0.015625
0 0.734375 0.489063 0.015625 0.015625
0 0.884375 0.498437 0.015625 0.015625
0 0.806250 0.498437 0.015625 0.015625
0 0.379688 0.532813 0.015625 0.015625
0 0.064062 0.532813 0.015625 0.015625
0 0.300000 0.534375 0.015625 0.015625
0 0.603125 0.537500 0.015625 0.015625
0 0.675000 0.542188 0.015625 0.015625
0 0.909375 0.543750 0.015625 0.015625
0 0.760938 0.543750 0.015625 0.015625
0 0.832812 0.545312 0.015625 0.015625
0 0.990625 0.546875 0.015625 0.015625
0 0.521875 0.551562 0.015625 0.015625
0 0.121875 0.557813 0.015625 0.015625
0 0.415625 0.595313 0.015625 0.015625
0 0.337500 0.595313 0.015625 0.015625
0 0.256250 0.596875 0.015625 0.015625
0 0.031250 0.601562 0.015625 0.015625
0 0.870313 0.603125 0.015625 0.015625
0 0.950000 0.607812 0.015625 0.015625
0 0.635938 0.607812 0.015625 0.015625
0 0.714063 0.609375 0.015625 0.015625
0 0.792188 0.610938 0.015625 0.015625
0 0.067187 0.657813 0.015625 0.015625
0 0.373437 0.660937 0.015625 0.015625
0 0.295312 0.662500 0.015625 0.015625
0 0.520312 0.664062 0.015625 0.015625
0 0.603125 0.664062 0.015625 0.015625
0 0.681250 0.668750 0.015625 0.015625
0 0.904687 0.673438 0.015625 0.015625
0 0.984375 0.678125 0.015625 0.015625
0 0.776563 0.712500 0.015625 0.015625
0 0.101562 0.721875 0.015625 0.015625
0 0.029687 0.721875 0.015625 0.015625
0 0.259375 0.721875 0.015625 0.015625
0 0.634375 0.732812 0.015625 0.015625
0 0.709375 0.737500 0.015625 0.015625
0 0.337500 0.740625 0.015625 0.015625
0 0.867188 0.743750 0.015625 0.015625
0 0.946875 0.750000 0.015625 0.015625
0 0.151562 0.771875 0.015625 0.015625
0 0.062500 0.787500 0.015625 0.015625
0 0.590625 0.795312 0.015625 0.015625
0 0.292187 0.796875 0.015625 0.015625
0 0.667188 0.796875 0.015625 0.015625
0 0.829688 0.800000 0.015625 0.015625
0 0.746875 0.803125 0.015625 0.015625
0 0.982812 0.807813 0.015625 0.015625
0 0.376563 0.809375 0.015625 0.015625
0 0.906250 0.810937 0.015625 0.015625
0 0.103125 0.850000 0.015625 0.015625
0 0.029687 0.853125 0.015625 0.015625
0 0.329688 0.859375 0.015625 0.015625
0 0.559375 0.862500 0.015625 0.015625
0 0.254688 0.864062 0.015625 0.015625
0 0.634375 0.864062 0.015625 0.015625
0 0.787500 0.870313 0.015625 0.015625
0 0.865625 0.875000 0.015625 0.015625
0 0.712500 0.878125 0.015625 0.015625
0 0.942187 0.881250 0.015625 0.015625
0 0.062500 0.917188 0.015625 0.015625
0 0.440625 0.923438 0.015625 0.015625
0 0.210938 0.923438 0.015625 0.015625
0 0.135937 0.923438 0.015625 0.015625
0 0.515625 0.925000 0.015625 0.015625
0 0.290625 0.925000 0.015625 0.015625
0 0.590625 0.929688 0.015625 0.015625
0 0.750000 0.935937 0.015625 0.015625
0 0.656250 0.935937 0.015625 0.015625
0 0.979688 0.935937 0.015625 0.015625
0 0.826562 0.940625 0.015625 0.015625
0 0.898438 0.943750 0.015625 0.015625
0 0.176563 0.985938 0.015625 0.015625
0 0.485938 0.987500 0.015625 0.015625
0 0.309375 0.987500 0.015625 0.015625
0 0.103125 0.989062 0.015625 0.015625
0 0.253125 0.990625 0.015625 0.015625
0 0.554688 0.990625 0.015625 0.015625
