0 0.067187 0.021875 0.015625 0.015625
0 0.300000 0.026562 0.015625 0.015625
0 0.370312 0.026562 0.015625 0.015625
0 0.901563 0.034375 0.015625 0.015625
0 0.754687 0.035937 0.015625 0.015625
0 0.981250 0.035937 0.015625 0.015625
0 0.106250 0.089063 0.015625 0.015625
0 0.028125 0.089063 0.015625 0.015625
0 0.182812 0.089063 0.015625 0.015625
0 0.409375 0.095312 0.015625 0.015625
0 0.332813 0.095312 0.015625 0.015625
0 0.785937 0.095312 0.015625 0.015625
0 0.862500 0.095312 0.015625 0.015625
0 0.485938 0.095312 0.015625 0.015625
0 0.635938 0.096875 0.015625 0.015625
0 0.709375 0.096875 0.015625 0.015625
0 0.939063 0.096875 0.015625 0.015625
0 0.259375 0.098437 0.015625 0.015625
0 0.523438 0.157812 0.015625 0.015625
0 0.215625 0.159375 0.015625 0.015625
0 0.062500 0.159375 0.015625 0.015625
0 0.290625 0.159375 0.015625 0.015625
0 0.826562 0.159375 0.015625 0.015625
0 0.593750 0.159375 0.015625 0.015625
0 0.365625 0.160938 0.015625 0.015625
0 0.748437 0.162500 0.015625 0.015625
0 0.450000 0.164062 0.015625 0.015625
0 0.898438 0.165625 0.015625 0.015625
0 0.978125 0.167187 0.015625 0.015625
0 0.481250 0.221875 0.015625 0.015625
0 0.559375 0.223438 0.015625 0.015625
0 0.404687 0.223438 0.015625 0.015625
0 0.635938 0.225000 0.015625 0.015625
0 0.710938 0.225000 0.015625 0.015625
0 0.178125 0.226562 0.015625 0.015625
0 0.328125 0.226562 0.015625 0.015625
0 0.864062 0.228125 0.015625 0.015625
0 0.785937 0.229687 0.015625 0.015625
0 0.937500 0.231250 0.015625 0.015625
0 0.139063 0.287500 0.015625 0.015625
0 0.062500 0.287500 0.015625 0.015625
0 0.518750 0.289062 0.015625 0.015625
0 0.218750 0.289062 0.015625 0.015625
0 0.365625 0.289062 0.015625 0.015625
0 0.667188 0.290625 0.015625 0.015625
0 0.440625 0.290625 0.015625 0.015625
0 0.742188 0.290625 0.015625 0.015625
0 0.900000 0.295312 0.015625 0.015625
0 0.821875 0.295312 0.015625 0.015625
0 0.979688 0.296875 0.015625 0.015625
0 0.103125 0.350000 0.015625 0.015625
0 0.179688 0.350000 0.015625 0.015625
0 0.331250 0.351562 0.015625 0.015625
0 0.254688 0.351562 0.015625 0.015625
0 0.403125 0.351562 0.015625 0.015625
0 0.478125 0.353125 0.015625 0.015625
0 0.710938 0.354687 0.015625 0.015625
0 0.562500 0.354687 0.015625 0.015625
0 0.937500 0.357812 0.015625 0.015625
0 0.635938 0.359375 0.015625 0.015625
0 0.859375 0.359375 0.015625 0.015625
0 0.057813 0.417187 0.015625 0.015625
0 0.439063 0.420312 0.015625 0.015625
0 0.367188 0.421875 0.015625 0.015625
0 0.289062 0.423438 0.015625 0.015625
0 0.970313 0.423438 0.015625 0.015625
0 0.095312 0.479687 0.015625 0.015625
0 0.026562 0.484375 0.015625 0.015625
0 0.328125 0.484375 0.015625 0.015625
0 0.478125 0.484375 0.015625 0.015625
0 0.706250 0.487500 0.015625 0.015625
0 0.854688 0.492188 0.015625 0.015625
0 0.059375 0.546875 0.015625 0.015625
0 0.132812 0.546875 0.015625 0.015625
0 0.515625 0.548438 0.015625 0.015625
0 0.357812 0.548438 0.015625 0.015625
0 0.435937 0.548438 0.015625 0.015625
0 0.590625 0.550000 0.015625 0.015625
0 0.670312 0.551562 0.015625 0.015625
0 0.817187 0.554688 0.015625 0.015625
0 0.739062 0.556250 0.015625 0.015625
0 0.959375 0.557813 0.015625 0.015625
0 0.015625 0.607812 0.015625 0.015625
0 0.092188 0.612500 0.015625 0.015625
0 0.167187 0.614062 0.015625 0.015625
0 0.706250 0.621875 0.015625 0.015625
0 0.850000 0.621875 0.015625 0.015625
0 0.926562 0.621875 0.015625 0.015625
0 0.551562 0.623437 0.015625 0.015625
0 0.626563 0.623437 0.015625 0.015625
0 0.781250 0.626563 0.015625 0.015625
0 0.054688 0.673438 0.015625 0.015625
0 0.132812 0.676562 0.015625 0.015625
0 0.434375 0.679688 0.015625 0.015625
0 0.284375 0.682813 0.015625 0.015625
0 0.209375 0.684375 0.015625 0.015625
0 0.509375 0.685937 0.015625 0.015625
0 0.360938 0.689063 0.015625 0.015625
0 0.585938 0.692187 0.015625 0.015625
0 0.012500 0.739062 0.015625 0.015625
0 0.087500 0.739062 0.015625 0.015625
0 0.168750 0.745313 0.015625 0.015625
0 0.468750 0.751563 0.015625 0.015625
0 0.317188 0.751563 0.015625 0.015625
0 0.620313 0.753125 0.015625 0.015625
0 0.125000 0.803125 0.015625 0.015625
0 0.210938 0.803125 0.015625 0.015625
0 0.579688 0.810937 0.015625 0.015625
0 0.284375 0.814063 0.015625 0.015625
0 0.656250 0.815625 0.015625 0.015625
0 0.012500 0.868750 0.015625 0.015625
0 0.085938 0.871875 0.015625 0.015625
0 0.160938 0.875000 0.015625 0.015625
0 0.317188 0.879687 0.015625 0.015625
0 0.395313 0.881250 0.015625 0.015625
0 0.925000 0.885938 0.015625 0.015625
0 0.842187 0.890625 0.015625 0.015625
0 0.992188 0.890625 0.015625 0.015625
0 0.618750 0.892188 0.015625 0.015625
0 0.201563 0.932813 0.015625 0.015625
0 0.281250 0.940625 0.015625 0.015625
0 0.125000 0.943750 0.015625 0.015625
0 0.431250 0.943750 0.015625 0.015625
0 0.356250 0.943750 0.015625 0.015625
0 0.504687 0.945312 0.015625 0.015625
0 0.579688 0.946875 0.015625 0.015625
0 0.884375 0.951562 0.015625 0.015625
0 0.732812 0.814063 0.015625 0.015625
0 0.696875 0.764062 0.015625 0.015625
0 0.543750 0.753125 0.015625 0.015625
0 0.390625 0.751563 0.015625 0.015625
0 0.428125 0.814063 0.015625 0.015625
0 0.464062 0.878125 0.015625 0.015625
0 0.859375 0.762500 0.015625 0.015625
0 0.945312 0.817187 0.015625 0.015625
0 0.971875 0.706250 0.015625 0.015625
0 0.960938 0.962500 0.015625 0.015625
0 0.467187 0.626563 0.015625 0.015625
0 0.396875 0.620313 0.015625 0.015625
0 0.318750 0.625000 0.015625 0.015625
0 0.253125 0.614062 0.015625 0.015625
0 0.212500 0.465625 0.015625 0.015625
0 0.295312 0.543750 0.015625 0.015625
0 0.203125 0.553125 0.015625 0.015625
0 0.218750 0.020313 0.015625 0.015625
0 0.017188 0.351562 0.015625 0.015625
0 0.051562 0.807813 0.015625 0.015625
0 0.250000 0.893750 0.015625 0.015625
0 0.876563 0.423438 0.015625 0.015625
0 0.814063 0.425000 0.015625 0.015625
0 0.740625 0.425000 0.015625 0.015625
0 0.775000 0.487500 0.015625 0.015625
0 0.590625 0.425000 0.015625 0.015625
0 0.621875 0.485938 0.015625 0.015625
0 0.525000 0.479687 0.015625 0.015625
0 0.507812 0.414062 0.015625 0.015625
0 0.943750 0.485938 0.015625 0.015625
0 0.043750 0.935937 0.015625 0.015625
0 0.287500 0.284375 0.015625 0.015625
0 0.256250 0.220312 0.015625 0.015625
0 0.148438 0.157812 0.015625 0.015625
0 0.098437 0.223438 0.015625 0.015625
0 0.026562 0.223438 0.015625 0.015625
0 0.885938 0.690625 0.015625 0.015625
