0 0.695312 0.003125 0.015625 0.015625
0 0.615625 0.006250 0.015625 0.015625
0 0.460938 0.006250 0.015625 0.015625
0 0.535937 0.007812 0.015625 0.015625
0 0.920312 0.009375 0.015625 0.015625
0 0.768750 0.014063 0.015625 0.015625
0 0.843750 0.014063 0.015625 0.015625
0 0.992188 0.017188 0.015625 0.015625
0 0.037500 0.039062 0.015625 0.015625
0 0.420312 0.071875 0.015625 0.015625
0 0.498437 0.073438 0.015625 0.015625
0 0.803125 0.076563 0.015625 0.015625
0 0.878125 0.076563 0.015625 0.015625
0 0.648438 0.078125 0.015625 0.015625
0 0.571875 0.078125 0.015625 0.015625
0 0.951562 0.079687 0.015625 0.015625
0 0.226562 0.132812 0.015625 0.015625
0 0.462500 0.135937 0.015625 0.015625
0 0.381250 0.137500 0.015625 0.015625
0 0.762500 0.137500 0.015625 0.015625
0 0.537500 0.139063 0.015625 0.015625
0 0.612500 0.139063 0.015625 0.015625
0 0.839063 0.140625 0.015625 0.015625
0 0.915625 0.143750 0.015625 0.015625
0 0.098437 0.145313 0.015625 0.015625
0 0.990625 0.145313 0.015625 0.015625
0 0.121875 0.195312 0.015625 0.015625
0 0.271875 0.196875 0.015625 0.015625
0 0.203125 0.196875 0.015625 0.015625
0 0.707812 0.200000 0.015625 0.015625
0 0.420312 0.203125 0.015625 0.015625
0 0.340625 0.204687 0.015625 0.015625
0 0.873437 0.206250 0.015625 0.015625
0 0.798438 0.206250 0.015625 0.015625
0 0.495312 0.207813 0.015625 0.015625
0 0.650000 0.207813 0.015625 0.015625
0 0.571875 0.210938 0.015625 0.015625
0 0.948438 0.215625 0.015625 0.015625
0 0.279687 0.245312 0.015625 0.015625
0 0.392188 0.250000 0.015625 0.015625
0 0.075000 0.259375 0.015625 0.015625
0 0.535937 0.273438 0.015625 0.015625
0 0.910937 0.273438 0.015625 0.015625
0 0.678125 0.275000 0.015625 0.015625
0 0.601562 0.275000 0.015625 0.015625
0 0.459375 0.279687 0.015625 0.015625
0 0.989062 0.281250 0.015625 0.015625
0 0.192188 0.296875 0.015625 0.015625
0 0.339062 0.331250 0.015625 0.015625
0 0.487500 0.332813 0.015625 0.015625
0 0.415625 0.334375 0.015625 0.015625
0 0.567187 0.335938 0.015625 0.015625
0 0.796875 0.337500 0.015625 0.015625
0 0.642188 0.337500 0.015625 0.015625
0 0.717187 0.339062 0.015625 0.015625
0 0.873437 0.339062 0.015625 0.015625
0 0.942187 0.345313 0.015625 0.015625
0 0.095312 0.384375 0.015625 0.015625
0 0.293750 0.393750 0.015625 0.015625
0 0.914062 0.395313 0.015625 0.015625
0 0.450000 0.395313 0.015625 0.015625
0 0.370312 0.395313 0.015625 0.015625
0 0.528125 0.398438 0.015625 0.015625
0 0.679688 0.401562 0.015625 0.015625
0 0.759375 0.401562 0.015625 0.015625
0 0.601562 0.401562 0.015625 0.015625
0 0.179688 0.434375 0.015625 0.015625
0 0.985938 0.437500 0.015625 0.015625
0 0.037500 0.450000 0.015625 0.015625
0 0.567187 0.462500 0.015625 0.015625
0 0.864062 0.462500 0.015625 0.015625
0 0.642188 0.464062 0.015625 0.015625
0 0.414062 0.464062 0.015625 0.015625
0 0.489063 0.465625 0.015625 0.015625
0 0.715625 0.467187 0.015625 0.015625
0 0.790625 0.468750 0.015625 0.015625
0 0.943750 0.501563 0.015625 0.015625
0 0.070312 0.521875 0.015625 0.015625
0 0.598437 0.529687 0.015625 0.015625
0 0.673438 0.531250 0.015625 0.015625
0 0.371875 0.531250 0.015625 0.015625
0 0.446875 0.531250 0.015625 0.015625
0 0.750000 0.531250 0.015625 0.015625
0 0.521875 0.532813 0.015625 0.015625
0 0.832812 0.537500 0.015625 0.015625
0 0.981250 0.539062 0.015625 0.015625
0 0.906250 0.539062 0.015625 0.015625
0 0.282813 0.545312 0.015625 0.015625
0 0.037500 0.579688 0.015625 0.015625
0 0.879687 0.590625 0.015625 0.015625
0 0.709375 0.595313 0.015625 0.015625
0 0.942187 0.598437 0.015625 0.015625
0 0.635938 0.598437 0.015625 0.015625
0 0.789062 0.598437 0.015625 0.015625
0 0.314063 0.635938 0.015625 0.015625
0 0.234375 0.645312 0.015625 0.015625
0 0.067187 0.651563 0.015625 0.015625
0 0.670312 0.662500 0.015625 0.015625
0 0.828125 0.662500 0.015625 0.015625
0 0.595313 0.662500 0.015625 0.015625
0 0.904687 0.664062 0.015625 0.015625
0 0.526563 0.665625 0.015625 0.015625
0 0.750000 0.665625 0.015625 0.015625
0 0.976562 0.668750 0.015625 0.015625
0 0.100000 0.682813 0.015625 0.015625
0 0.025000 0.720313 0.015625 0.015625
0 0.489063 0.726562 0.015625 0.015625
0 0.564063 0.726562 0.015625 0.015625
0 0.634375 0.728125 0.015625 0.015625
0 0.793750 0.729688 0.015625 0.015625
0 0.714063 0.732812 0.015625 0.015625
0 0.062500 0.779687 0.015625 0.015625
0 0.142187 0.779687 0.015625 0.015625
0 0.359375 0.784375 0.015625 0.015625
0 0.823438 0.785937 0.015625 0.015625
0 0.595313 0.785937 0.015625 0.015625
0 0.746875 0.789062 0.015625 0.015625
0 0.670312 0.790625 0.015625 0.015625
0 0.904687 0.790625 0.015625 0.015625
0 0.442188 0.790625 0.015625 0.015625
0 0.287500 0.792188 0.015625 0.015625
0 0.523438 0.792188 0.015625 0.015625
0 0.973437 0.796875 0.015625 0.015625
0 0.504687 0.843750 0.015625 0.015625
0 0.023438 0.850000 0.015625 0.015625
0 0.098437 0.850000 0.015625 0.015625
0 0.718750 0.851562 0.015625 0.015625
0 0.639062 0.851562 0.015625 0.015625
0 0.337500 0.853125 0.015625 0.015625
0 0.559375 0.853125 0.015625 0.015625
0 0.175000 0.856250 0.015625 0.015625
0 0.940625 0.862500 0.015625 0.015625
0 0.787500 0.864062 0.015625 0.015625
0 0.287500 0.915625 0.015625 0.015625
0 0.060937 0.917188 0.015625 0.015625
0 0.743750 0.917188 0.015625 0.015625
0 0.676562 0.918750 0.015625 0.015625
0 0.139063 0.918750 0.015625 0.015625
0 0.365625 0.920312 0.015625 0.015625
0 0.595313 0.921875 0.015625 0.015625
0 0.518750 0.923438 0.015625 0.015625
0 0.440625 0.925000 0.015625 0.015625
0 0.820312 0.928125 0.015625 0.015625
0 0.895312 0.931250 0.015625 0.015625
0 0.968750 0.932813 0.015625 0.015625
0 0.628125 0.971875 0.015625 0.015625
0 0.764062 0.981250 0.015625 0.015625
0 0.246875 0.981250 0.015625 0.015625
0 0.171875 0.981250 0.015625 0.015625
0 0.020313 0.982812 0.015625 0.015625
0 0.095312 0.982812 0.015625 0.015625
0 0.321875 0.984375 0.015625 0.015625
0 0.714063 0.984375 0.015625 0.015625
0 0.482812 0.987500 0.015625 0.015625
0 0.968750 0.990625 0.015625 0.015625
0 0.850000 0.998437 0.015625 0.015625
0 0.121875 0.065625 0.015625 0.015625
0 0.192188 0.064062 0.015625 0.015625
0 0.271875 0.067187 0.015625 0.015625
0 0.340625 0.065625 0.015625 0.015625
0 0.309375 0.129688 0.015625 0.015625
0 0.154688 0.131250 0.015625 0.015625
