0 0.743750 0.376563 0.015625 0.015625
0 0.893750 0.376563 0.015625 0.015625
0 0.484375 0.300000 0.015625 0.015625
0 0.595313 0.373437 0.015625 0.015625
0 0.898438 0.246875 0.015625 0.015625
0 0.143750 0.096875 0.015625 0.015625
0 0.781250 0.445312 0.015625 0.015625
0 0.818750 0.378125 0.015625 0.015625
0 0.907813 0.117188 0.015625 0.015625
0 0.970313 0.243750 0.015625 0.015625
0 0.942187 0.050000 0.015625 0.015625
0 0.326562 0.298438 0.015625 0.015625
0 0.335938 0.171875 0.015625 0.015625
0 0.370312 0.104688 0.015625 0.015625
0 0.410938 0.042188 0.015625 0.015625
0 0.671875 0.378125 0.015625 0.015625
0 0.864062 0.178125 0.015625 0.015625
0 0.865625 0.045312 0.015625 0.015625
0 0.970313 0.378125 0.015625 0.015625
0 0.185938 0.029687 0.015625 0.015625
0 0.496875 0.164062 0.015625 0.015625
0 0.479687 0.439063 0.015625 0.015625
0 0.520312 0.367188 0.015625 0.015625
0 0.710938 0.312500 0.015625 0.015625
0 0.212500 0.357812 0.015625 0.015625
0 0.635938 0.440625 0.015625 0.015625
0 0.142187 0.357812 0.015625 0.015625
0 0.864062 0.443750 0.015625 0.015625
0 0.640625 0.179688 0.015625 0.015625
0 0.334375 0.431250 0.015625 0.015625
0 0.071875 0.095312 0.015625 0.015625
0 0.932813 0.445312 0.015625 0.015625
0 0.707812 0.442188 0.015625 0.015625
0 0.562500 0.042188 0.015625 0.015625
0 0.892188 0.903125 0.015625 0.015625
0 0.820312 0.773438 0.015625 0.015625
0 0.135937 0.884375 0.015625 0.015625
0 0.257812 0.956250 0.015625 0.015625
0 0.934375 0.973437 0.015625 0.015625
0 0.818750 0.900000 0.015625 0.015625
0 0.520312 0.764062 0.015625 0.015625
0 0.365625 0.890625 0.015625 0.015625
0 0.409375 0.962500 0.015625 0.015625
0 0.746875 0.770312 0.015625 0.015625
0 0.785937 0.973437 0.015625 0.015625
0 0.257812 0.696875 0.015625 0.015625
0 0.329688 0.959375 0.015625 0.015625
0 0.896875 0.510938 0.015625 0.015625
0 0.412500 0.559375 0.015625 0.015625
0 0.935937 0.709375 0.015625 0.015625
0 0.968750 0.906250 0.015625 0.015625
0 0.860938 0.307812 0.015625 0.015625
0 0.743750 0.506250 0.015625 0.015625
0 0.168750 0.426563 0.015625 0.015625
0 0.784375 0.050000 0.015625 0.015625
0 0.289062 0.756250 0.015625 0.015625
0 0.371875 0.359375 0.015625 0.015625
0 0.170313 0.953125 0.015625 0.015625
0 0.973437 0.510938 0.015625 0.015625
0 0.860938 0.975000 0.015625 0.015625
0 0.564063 0.178125 0.015625 0.015625
0 0.745313 0.635938 0.015625 0.015625
0 0.060937 0.357812 0.015625 0.015625
0 0.710938 0.704688 0.015625 0.015625
0 0.560937 0.967187 0.015625 0.015625
0 0.850000 0.834375 0.015625 0.015625
0 0.787500 0.701562 0.015625 0.015625
0 0.215625 0.498437 0.015625 0.015625
0 0.559375 0.832812 0.015625 0.015625
0 0.596875 0.504687 0.015625 0.015625
0 0.331250 0.695312 0.015625 0.015625
0 0.635938 0.704688 0.015625 0.015625
0 0.937500 0.176563 0.015625 0.015625
0 0.859375 0.706250 0.015625 0.015625
0 0.937500 0.581250 0.015625 0.015625
0 0.742188 0.893750 0.015625 0.015625
0 0.789062 0.176563 0.015625 0.015625
0 0.637500 0.307812 0.015625 0.015625
0 0.890625 0.778125 0.015625 0.015625
0 0.896875 0.639062 0.015625 0.015625
0 0.209375 0.885938 0.015625 0.015625
0 0.598437 0.770312 0.015625 0.015625
0 0.712500 0.573438 0.015625 0.015625
0 0.445312 0.496875 0.015625 0.015625
0 0.289062 0.359375 0.015625 0.015625
0 0.482812 0.042188 0.015625 0.015625
0 0.940625 0.314063 0.015625 0.015625
0 0.060937 0.753125 0.015625 0.015625
0 0.370312 0.493750 0.015625 0.015625
0 0.443750 0.359375 0.015625 0.015625
0 0.671875 0.504687 0.015625 0.015625
0 0.190625 0.285938 0.015625 0.015625
0 0.251563 0.435937 0.015625 0.015625
0 0.021875 0.685937 0.015625 0.015625
0 0.137500 0.751563 0.015625 0.015625
0 0.401562 0.432812 0.015625 0.015625
0 0.784375 0.834375 0.015625 0.015625
0 0.364063 0.760938 0.015625 0.015625
0 0.482812 0.698438 0.015625 0.015625
0 0.096875 0.689063 0.015625 0.015625
0 0.445312 0.106250 0.015625 0.015625
0 0.560937 0.435937 0.015625 0.015625
0 0.525000 0.898438 0.015625 0.015625
0 0.020313 0.814063 0.015625 0.015625
0 0.567187 0.701562 0.015625 0.015625
0 0.323437 0.056250 0.015625 0.015625
0 0.981250 0.120313 0.015625 0.015625
0 0.400000 0.173437 0.015625 0.015625
0 0.492188 0.570312 0.015625 0.015625
0 0.185938 0.820312 0.015625 0.015625
0 0.098437 0.821875 0.015625 0.015625
0 0.250000 0.826562 0.015625 0.015625
0 0.320312 0.823438 0.015625 0.015625
0 0.404687 0.828125 0.015625 0.015625
0 0.470313 0.826562 0.015625 0.015625
0 0.448437 0.757812 0.015625 0.015625
0 0.643750 0.832812 0.015625 0.015625
0 0.710938 0.835938 0.015625 0.015625
0 0.028125 0.942187 0.015625 0.015625
0 0.028125 0.559375 0.015625 0.015625
0 0.096875 0.557813 0.015625 0.015625
0 0.060937 0.621875 0.015625 0.015625
0 0.629687 0.573438 0.015625 0.015625
0 0.550000 0.571875 0.015625 0.015625
0 0.521875 0.501563 0.015625 0.015625
0 0.821875 0.512500 0.015625 0.015625
0 0.978125 0.635938 0.015625 0.015625
0 0.856250 0.585938 0.015625 0.015625
0 0.042188 0.164062 0.015625 0.015625
0 0.115625 0.165625 0.015625 0.015625
0 0.198437 0.168750 0.015625 0.015625
0 0.028125 0.290625 0.015625 0.015625
0 0.634375 0.962500 0.015625 0.015625
0 0.664062 0.893750 0.015625 0.015625
0 0.598437 0.895312 0.015625 0.015625
0 0.426563 0.895312 0.015625 0.015625
0 0.301563 0.889062 0.015625 0.015625
0 0.321875 0.560937 0.015625 0.015625
0 0.135937 0.492188 0.015625 0.015625
0 0.062500 0.492188 0.015625 0.015625
0 0.298438 0.495312 0.015625 0.015625
0 0.298438 0.101562 0.015625 0.015625
0 0.521875 0.109375 0.015625 0.015625
0 0.603125 0.115625 0.015625 0.015625
0 0.681250 0.115625 0.015625 0.015625
0 0.826562 0.117188 0.015625 0.015625
0 0.703125 0.053125 0.015625 0.015625
0 0.031250 0.025000 0.015625 0.015625
