0 0.217188 0.009375 0.015625 0.015625
0 0.062500 0.009375 0.015625 0.015625
0 0.139063 0.010937 0.015625 0.015625
0 0.448437 0.015625 0.015625 0.015625
0 0.829688 0.017188 0.015625 0.015625
0 0.525000 0.017188 0.015625 0.015625
0 0.025000 0.073438 0.015625 0.015625
0 0.101562 0.073438 0.015625 0.015625
0 0.254688 0.073438 0.015625 0.015625
0 0.178125 0.075000 0.015625 0.015625
0 0.639062 0.082812 0.015625 0.015625
0 0.484375 0.082812 0.015625 0.015625
0 0.787500 0.082812 0.015625 0.015625
0 0.862500 0.084375 0.015625 0.015625
0 0.562500 0.084375 0.015625 0.015625
0 0.937500 0.087500 0.015625 0.015625
0 0.059375 0.139063 0.015625 0.015625
0 0.214062 0.143750 0.015625 0.015625
0 0.290625 0.143750 0.015625 0.015625
0 0.676562 0.143750 0.015625 0.015625
0 0.132812 0.145313 0.015625 0.015625
0 0.518750 0.146875 0.015625 0.015625
0 0.753125 0.148438 0.015625 0.015625
0 0.596875 0.148438 0.015625 0.015625
0 0.826562 0.150000 0.015625 0.015625
0 0.971875 0.153125 0.015625 0.015625
0 0.901563 0.153125 0.015625 0.015625
0 0.023438 0.200000 0.015625 0.015625
0 0.098437 0.203125 0.015625 0.015625
0 0.326562 0.207813 0.015625 0.015625
0 0.175000 0.207813 0.015625 0.015625
0 0.251563 0.209375 0.015625 0.015625
0 0.482812 0.210938 0.015625 0.015625
0 0.557813 0.210938 0.015625 0.015625
0 0.632812 0.210938 0.015625 0.015625
0 0.709375 0.212500 0.015625 0.015625
0 0.785937 0.215625 0.015625 0.015625
0 0.932813 0.217188 0.015625 0.015625
0 0.859375 0.218750 0.015625 0.015625
0 0.057813 0.270313 0.015625 0.015625
0 0.209375 0.271875 0.015625 0.015625
0 0.362500 0.271875 0.015625 0.015625
0 0.134375 0.273438 0.015625 0.015625
0 0.285938 0.275000 0.015625 0.015625
0 0.821875 0.278125 0.015625 0.015625
0 0.593750 0.278125 0.015625 0.015625
0 0.742188 0.285938 0.015625 0.015625
0 0.095312 0.334375 0.015625 0.015625
0 0.017188 0.335938 0.015625 0.015625
0 0.168750 0.337500 0.015625 0.015625
0 0.245312 0.337500 0.015625 0.015625
0 0.395313 0.339062 0.015625 0.015625
0 0.328125 0.342187 0.015625 0.015625
0 0.628125 0.343750 0.015625 0.015625
0 0.704688 0.343750 0.015625 0.015625
0 0.132812 0.398438 0.015625 0.015625
0 0.056250 0.398438 0.015625 0.015625
0 0.207813 0.400000 0.015625 0.015625
0 0.437500 0.403125 0.015625 0.015625
0 0.362500 0.404687 0.015625 0.015625
0 0.287500 0.406250 0.015625 0.015625
0 0.662500 0.409375 0.015625 0.015625
0 0.017188 0.459375 0.015625 0.015625
0 0.092188 0.462500 0.015625 0.015625
0 0.164062 0.464062 0.015625 0.015625
0 0.243750 0.467187 0.015625 0.015625
0 0.318750 0.467187 0.015625 0.015625
0 0.470313 0.468750 0.015625 0.015625
0 0.053125 0.528125 0.015625 0.015625
0 0.129688 0.528125 0.015625 0.015625
0 0.207813 0.531250 0.015625 0.015625
0 0.507812 0.534375 0.015625 0.015625
0 0.432812 0.534375 0.015625 0.015625
0 0.282813 0.535937 0.015625 0.015625
0 0.356250 0.535937 0.015625 0.015625
0 0.964063 0.539062 0.015625 0.015625
0 0.167187 0.593750 0.015625 0.015625
0 0.089063 0.595313 0.015625 0.015625
0 0.015625 0.595313 0.015625 0.015625
0 0.318750 0.596875 0.015625 0.015625
0 0.393750 0.598437 0.015625 0.015625
0 0.468750 0.600000 0.015625 0.015625
0 0.545312 0.600000 0.015625 0.015625
0 0.778125 0.603125 0.015625 0.015625
0 0.856250 0.607812 0.015625 0.015625
0 0.926562 0.609375 0.015625 0.015625
0 0.126562 0.660937 0.015625 0.015625
0 0.053125 0.660937 0.015625 0.015625
0 0.279687 0.664062 0.015625 0.015625
0 0.354687 0.665625 0.015625 0.015625
0 0.203125 0.667188 0.015625 0.015625
0 0.585938 0.667188 0.015625 0.015625
0 0.434375 0.668750 0.015625 0.015625
0 0.510938 0.670312 0.015625 0.015625
0 0.012500 0.725000 0.015625 0.015625
0 0.089063 0.726562 0.015625 0.015625
0 0.164062 0.729688 0.015625 0.015625
0 0.314063 0.731250 0.015625 0.015625
0 0.239063 0.731250 0.015625 0.015625
0 0.467187 0.732812 0.015625 0.015625
0 0.390625 0.734375 0.015625 0.015625
0 0.846875 0.742188 0.015625 0.015625
0 0.926562 0.742188 0.015625 0.015625
0 0.123438 0.790625 0.015625 0.015625
0 0.200000 0.792188 0.015625 0.015625
0 0.042188 0.792188 0.015625 0.015625
0 0.278125 0.793750 0.015625 0.015625
0 0.353125 0.796875 0.015625 0.015625
0 0.507812 0.798438 0.015625 0.015625
0 0.429688 0.798438 0.015625 0.015625
0 0.659375 0.800000 0.015625 0.015625
0 0.584375 0.803125 0.015625 0.015625
0 0.882812 0.812500 0.015625 0.015625
0 0.957812 0.812500 0.015625 0.015625
0 0.164062 0.854688 0.015625 0.015625
0 0.007812 0.856250 0.015625 0.015625
0 0.085938 0.857812 0.015625 0.015625
0 0.315625 0.859375 0.015625 0.015625
0 0.237500 0.860938 0.015625 0.015625
0 0.389062 0.864062 0.015625 0.015625
0 0.465625 0.864062 0.015625 0.015625
0 0.542188 0.867188 0.015625 0.015625
0 0.617188 0.867188 0.015625 0.015625
0 0.693750 0.868750 0.015625 0.015625
0 0.915625 0.884375 0.015625 0.015625
0 0.121875 0.920312 0.015625 0.015625
0 0.043750 0.921875 0.015625 0.015625
0 0.275000 0.925000 0.015625 0.015625
0 0.350000 0.926562 0.015625 0.015625
0 0.193750 0.926562 0.015625 0.015625
0 0.428125 0.928125 0.015625 0.015625
0 0.504687 0.929688 0.015625 0.015625
0 0.732812 0.932813 0.015625 0.015625
0 0.581250 0.934375 0.015625 0.015625
0 0.656250 0.935937 0.015625 0.015625
0 0.007812 0.984375 0.015625 0.015625
0 0.084375 0.990625 0.015625 0.015625
0 0.237500 0.992188 0.015625 0.015625
0 0.314063 0.993750 0.015625 0.015625
0 0.542188 0.995313 0.015625 0.015625
0 0.387500 0.995313 0.015625 0.015625
0 0.770312 0.996875 0.015625 0.015625
0 0.462500 0.996875 0.015625 0.015625
0 0.690625 0.998437 0.015625 0.015625
0 0.614062 0.998437 0.015625 0.015625
0 0.620313 0.731250 0.015625 0.015625
0 0.550000 0.729688 0.015625 0.015625
0 0.695312 0.470313 0.015625 0.015625
0 0.621875 0.471875 0.015625 0.015625
0 0.582812 0.401562 0.015625 0.015625
0 0.546875 0.331250 0.015625 0.015625
0 0.809375 0.410938 0.015625 0.015625
0 0.778125 0.468750 0.015625 0.015625
0 0.850000 0.475000 0.015625 0.015625
0 0.742188 0.409375 0.015625 0.015625
0 0.806250 0.546875 0.015625 0.015625
0 0.731250 0.543750 0.015625 0.015625
0 0.650000 0.542188 0.015625 0.015625
0 0.692187 0.603125 0.015625 0.015625
0 0.748437 0.676562 0.015625 0.015625
0 0.764062 0.742188 0.015625 0.015625
0 0.801562 0.809375 0.015625 0.015625
0 0.845313 0.881250 0.015625 0.015625
0 0.884375 0.946875 0.015625 0.015625
