0 0.031250 0.039062 0.015625 0.015625
0 0.107813 0.046875 0.015625 0.015625
0 0.181250 0.048438 0.015625 0.015625
0 0.256250 0.051562 0.015625 0.015625
0 0.485938 0.053125 0.015625 0.015625
0 0.331250 0.054688 0.015625 0.015625
0 0.410938 0.054688 0.015625 0.015625
0 0.715625 0.056250 0.015625 0.015625
0 0.562500 0.056250 0.015625 0.015625
0 0.792188 0.057813 0.015625 0.015625
0 0.639062 0.059375 0.015625 0.015625
0 0.865625 0.060937 0.015625 0.015625
0 0.940625 0.062500 0.015625 0.015625
0 0.068750 0.104688 0.015625 0.015625
0 0.137500 0.109375 0.015625 0.015625
0 0.212500 0.115625 0.015625 0.015625
0 0.367188 0.115625 0.015625 0.015625
0 0.287500 0.117188 0.015625 0.015625
0 0.753125 0.121875 0.015625 0.015625
0 0.523438 0.121875 0.015625 0.015625
0 0.445312 0.121875 0.015625 0.015625
0 0.676562 0.123438 0.015625 0.015625
0 0.828125 0.125000 0.015625 0.015625
0 0.904687 0.125000 0.015625 0.015625
0 0.981250 0.128125 0.015625 0.015625
0 0.034375 0.167187 0.015625 0.015625
0 0.106250 0.173437 0.015625 0.015625
0 0.179688 0.176563 0.015625 0.015625
0 0.406250 0.182812 0.015625 0.015625
0 0.331250 0.184375 0.015625 0.015625
0 0.559375 0.184375 0.015625 0.015625
0 0.634375 0.187500 0.015625 0.015625
0 0.484375 0.187500 0.015625 0.015625
0 0.937500 0.189062 0.015625 0.015625
0 0.789062 0.189062 0.015625 0.015625
0 0.864062 0.189062 0.015625 0.015625
0 0.714063 0.190625 0.015625 0.015625
0 0.065625 0.237500 0.015625 0.015625
0 0.135937 0.240625 0.015625 0.015625
0 0.215625 0.245312 0.015625 0.015625
0 0.439063 0.246875 0.015625 0.015625
0 0.364063 0.246875 0.015625 0.015625
0 0.971875 0.253125 0.015625 0.015625
0 0.901563 0.253125 0.015625 0.015625
0 0.017188 0.296875 0.015625 0.015625
0 0.104688 0.304688 0.015625 0.015625
0 0.176563 0.307812 0.015625 0.015625
0 0.329688 0.312500 0.015625 0.015625
0 0.557813 0.312500 0.015625 0.015625
0 0.631250 0.315625 0.015625 0.015625
0 0.857812 0.317188 0.015625 0.015625
0 0.785937 0.318750 0.015625 0.015625
0 0.937500 0.320312 0.015625 0.015625
0 0.064062 0.368750 0.015625 0.015625
0 0.210938 0.371875 0.015625 0.015625
0 0.135937 0.371875 0.015625 0.015625
0 0.514062 0.376563 0.015625 0.015625
0 0.821875 0.378125 0.015625 0.015625
0 0.676562 0.378125 0.015625 0.015625
0 0.751563 0.379688 0.015625 0.015625
0 0.895312 0.379688 0.015625 0.015625
0 0.976562 0.385937 0.015625 0.015625
0 0.098437 0.431250 0.015625 0.015625
0 0.014063 0.432812 0.015625 0.015625
0 0.251563 0.434375 0.015625 0.015625
0 0.328125 0.435937 0.015625 0.015625
0 0.409375 0.435937 0.015625 0.015625
0 0.559375 0.437500 0.015625 0.015625
0 0.637500 0.439063 0.015625 0.015625
0 0.478125 0.440625 0.015625 0.015625
0 0.707812 0.443750 0.015625 0.015625
0 0.782813 0.443750 0.015625 0.015625
0 0.862500 0.445312 0.015625 0.015625
0 0.107813 0.492188 0.015625 0.015625
0 0.210938 0.493750 0.015625 0.015625
0 0.364063 0.500000 0.015625 0.015625
0 0.512500 0.501563 0.015625 0.015625
0 0.287500 0.501563 0.015625 0.015625
0 0.592187 0.504687 0.015625 0.015625
0 0.818750 0.510938 0.015625 0.015625
0 0.742188 0.510938 0.015625 0.015625
0 0.893750 0.514062 0.015625 0.015625
0 0.971875 0.517188 0.015625 0.015625
0 0.023438 0.559375 0.015625 0.015625
0 0.165625 0.564063 0.015625 0.015625
0 0.328125 0.567187 0.015625 0.015625
0 0.251563 0.568750 0.015625 0.015625
0 0.559375 0.571875 0.015625 0.015625
0 0.634375 0.573438 0.015625 0.015625
0 0.707812 0.576562 0.015625 0.015625
0 0.784375 0.581250 0.015625 0.015625
0 0.517188 0.632812 0.015625 0.015625
0 0.045312 0.632812 0.015625 0.015625
0 0.285938 0.632812 0.015625 0.015625
0 0.210938 0.634375 0.015625 0.015625
0 0.437500 0.634375 0.015625 0.015625
0 0.125000 0.635938 0.015625 0.015625
0 0.360938 0.635938 0.015625 0.015625
0 0.667188 0.640625 0.015625 0.015625
0 0.590625 0.640625 0.015625 0.015625
0 0.893750 0.645312 0.015625 0.015625
0 0.743750 0.645312 0.015625 0.015625
0 0.821875 0.648438 0.015625 0.015625
0 0.976562 0.648438 0.015625 0.015625
0 0.248438 0.698438 0.015625 0.015625
0 0.092188 0.698438 0.015625 0.015625
0 0.476562 0.700000 0.015625 0.015625
0 0.325000 0.700000 0.015625 0.015625
0 0.401562 0.701562 0.015625 0.015625
0 0.553125 0.704688 0.015625 0.015625
0 0.629687 0.706250 0.015625 0.015625
0 0.703125 0.709375 0.015625 0.015625
0 0.781250 0.712500 0.015625 0.015625
0 0.934375 0.715625 0.015625 0.015625
0 0.857812 0.717187 0.015625 0.015625
0 0.131250 0.760938 0.015625 0.015625
0 0.056250 0.762500 0.015625 0.015625
0 0.284375 0.767188 0.015625 0.015625
0 0.590625 0.770312 0.015625 0.015625
0 0.512500 0.770312 0.015625 0.015625
0 0.665625 0.775000 0.015625 0.015625
0 0.740625 0.775000 0.015625 0.015625
0 0.814063 0.778125 0.015625 0.015625
0 0.892188 0.778125 0.015625 0.015625
0 0.967187 0.782813 0.015625 0.015625
0 0.014063 0.823438 0.015625 0.015625
0 0.170313 0.825000 0.015625 0.015625
0 0.087500 0.826562 0.015625 0.015625
0 0.325000 0.828125 0.015625 0.015625
0 0.396875 0.834375 0.015625 0.015625
0 0.553125 0.835938 0.015625 0.015625
0 0.471875 0.835938 0.015625 0.015625
0 0.628125 0.837500 0.015625 0.015625
0 0.704688 0.840625 0.015625 0.015625
0 0.779687 0.843750 0.015625 0.015625
0 0.932813 0.845313 0.015625 0.015625
0 0.856250 0.845313 0.015625 0.015625
0 0.206250 0.890625 0.015625 0.015625
0 0.126562 0.890625 0.015625 0.015625
0 0.045312 0.890625 0.015625 0.015625
0 0.359375 0.898438 0.015625 0.015625
0 0.434375 0.898438 0.015625 0.015625
0 0.507812 0.901563 0.015625 0.015625
0 0.587500 0.901563 0.015625 0.015625
0 0.664062 0.904687 0.015625 0.015625
0 0.740625 0.904687 0.015625 0.015625
0 0.814063 0.907813 0.015625 0.015625
0 0.890625 0.907813 0.015625 0.015625
0 0.967187 0.912500 0.015625 0.015625
0 0.165625 0.950000 0.015625 0.015625
0 0.089063 0.956250 0.015625 0.015625
0 0.239063 0.960938 0.015625 0.015625
0 0.396875 0.964063 0.015625 0.015625
0 0.473438 0.965625 0.015625 0.015625
0 0.543750 0.965625 0.015625 0.015625
0 0.628125 0.968750 0.015625 0.015625
0 0.703125 0.970313 0.015625 0.015625
0 0.929688 0.971875 0.015625 0.015625
0 0.856250 0.973437 0.015625 0.015625
0 0.779687 0.973437 0.015625 0.015625
0 0.515625 0.248438 0.015625 0.015625
0 0.596875 0.250000 0.015625 0.015625
0 0.671875 0.251563 0.015625 0.015625
0 0.757812 0.254688 0.015625 0.015625
0 0.396875 0.310937 0.015625 0.015625
0 0.362500 0.368750 0.015625 0.015625
0 0.295312 0.365625 0.015625 0.015625
0 0.251563 0.303125 0.015625 0.015625
0 0.290625 0.243750 0.015625 0.015625
0 0.250000 0.182812 0.015625 0.015625
0 0.453125 0.375000 0.015625 0.015625
0 0.934375 0.446875 0.015625 0.015625
