0 0.023438 0.371875 0.015625 0.015625
0 0.017188 0.629687 0.015625 0.015625
0 0.096875 0.371875 0.015625 0.015625
0 0.248438 0.375000 0.015625 0.015625
0 0.406250 0.375000 0.015625 0.015625
0 0.634375 0.250000 0.015625 0.015625
0 0.096875 0.503125 0.015625 0.015625
0 0.934375 0.645312 0.015625 0.015625
0 0.445312 0.443750 0.015625 0.015625
0 0.739062 0.712500 0.015625 0.015625
0 0.175000 0.373437 0.015625 0.015625
0 0.367188 0.571875 0.015625 0.015625
0 0.559375 0.510938 0.015625 0.015625
0 0.748437 0.317188 0.015625 0.015625
0 0.634375 0.643750 0.015625 0.015625
0 0.935937 0.385937 0.015625 0.015625
0 0.056250 0.698438 0.015625 0.015625
0 0.828125 0.446875 0.015625 0.015625
0 0.792188 0.250000 0.015625 0.015625
0 0.179688 0.506250 0.015625 0.015625
0 0.895312 0.578125 0.015625 0.015625
0 0.523438 0.445312 0.015625 0.015625
0 0.292187 0.310937 0.015625 0.015625
0 0.789062 0.385937 0.015625 0.015625
0 0.590625 0.704688 0.015625 0.015625
0 0.856250 0.645312 0.015625 0.015625
0 0.328125 0.243750 0.015625 0.015625
0 0.140625 0.303125 0.015625 0.015625
0 0.707812 0.251563 0.015625 0.015625
0 0.759375 0.446875 0.015625 0.015625
0 0.667188 0.710938 0.015625 0.015625
0 0.971875 0.582812 0.015625 0.015625
0 0.595313 0.571875 0.015625 0.015625
0 0.325000 0.376563 0.015625 0.015625
0 0.973437 0.446875 0.015625 0.015625
0 0.443750 0.573438 0.015625 0.015625
0 0.825000 0.318750 0.015625 0.015625
0 0.567187 0.246875 0.015625 0.015625
0 0.518750 0.571875 0.015625 0.015625
0 0.707812 0.645312 0.015625 0.015625
0 0.670312 0.315625 0.015625 0.015625
0 0.756250 0.570312 0.015625 0.015625
0 0.137500 0.571875 0.015625 0.015625
0 0.215625 0.310937 0.015625 0.015625
0 0.281250 0.703125 0.015625 0.015625
0 0.209375 0.571875 0.015625 0.015625
0 0.093750 0.634375 0.015625 0.015625
0 0.064062 0.437500 0.015625 0.015625
0 0.712500 0.510938 0.015625 0.015625
0 0.409375 0.503125 0.015625 0.015625
0 0.715625 0.384375 0.015625 0.015625
0 0.559375 0.640625 0.015625 0.015625
0 0.967187 0.710938 0.015625 0.015625
0 0.365625 0.440625 0.015625 0.015625
0 0.982812 0.317188 0.015625 0.015625
0 0.481250 0.375000 0.015625 0.015625
0 0.065625 0.039062 0.015625 0.015625
0 0.790625 0.640625 0.015625 0.015625
0 0.371875 0.178125 0.015625 0.015625
0 0.479687 0.250000 0.015625 0.015625
0 0.256250 0.243750 0.015625 0.015625
0 0.171875 0.632812 0.015625 0.015625
0 0.600000 0.445312 0.015625 0.015625
0 0.562500 0.375000 0.015625 0.015625
0 0.398438 0.637500 0.015625 0.015625
0 0.935937 0.509375 0.015625 0.015625
0 0.678125 0.450000 0.015625 0.015625
0 0.860938 0.385937 0.015625 0.015625
0 0.135937 0.435937 0.015625 0.015625
0 0.325000 0.501563 0.015625 0.015625
0 0.475000 0.640625 0.015625 0.015625
0 0.521875 0.312500 0.015625 0.015625
0 0.790625 0.509375 0.015625 0.015625
0 0.287500 0.565625 0.015625 0.015625
0 0.067187 0.303125 0.015625 0.015625
0 0.289062 0.439063 0.015625 0.015625
0 0.634375 0.381250 0.015625 0.015625
0 0.321875 0.637500 0.015625 0.015625
0 0.292187 0.176563 0.015625 0.015625
0 0.484375 0.504687 0.015625 0.015625
0 0.639062 0.509375 0.015625 0.015625
0 0.015625 0.764062 0.015625 0.015625
0 0.015625 0.895312 0.015625 0.015625
0 0.892188 0.842187 0.015625 0.015625
0 0.664062 0.837500 0.015625 0.015625
0 0.964063 0.845313 0.015625 0.015625
0 0.243750 0.765625 0.015625 0.015625
0 0.817187 0.840625 0.015625 0.015625
0 0.396875 0.896875 0.015625 0.015625
0 0.507812 0.970313 0.015625 0.015625
0 0.090625 0.896875 0.015625 0.015625
0 0.890625 0.970313 0.015625 0.015625
0 0.321875 0.768750 0.015625 0.015625
0 0.209375 0.826562 0.015625 0.015625
0 0.434375 0.837500 0.015625 0.015625
0 0.168750 0.896875 0.015625 0.015625
0 0.746875 0.968750 0.015625 0.015625
0 0.700000 0.896875 0.015625 0.015625
0 0.776563 0.773438 0.015625 0.015625
0 0.470313 0.901563 0.015625 0.015625
0 0.170313 0.767188 0.015625 0.015625
0 0.509375 0.837500 0.015625 0.015625
0 0.426563 0.970313 0.015625 0.015625
0 0.131250 0.829688 0.015625 0.015625
0 0.543750 0.903125 0.015625 0.015625
0 0.276562 0.967187 0.015625 0.015625
0 0.585938 0.971875 0.015625 0.015625
0 0.585938 0.839063 0.015625 0.015625
0 0.657813 0.968750 0.015625 0.015625
0 0.926562 0.776563 0.015625 0.015625
0 0.093750 0.764062 0.015625 0.015625
0 0.057813 0.964063 0.015625 0.015625
0 0.128125 0.960938 0.015625 0.015625
0 0.201563 0.962500 0.015625 0.015625
0 0.237500 0.900000 0.015625 0.015625
0 0.276562 0.834375 0.015625 0.015625
0 0.312500 0.901563 0.015625 0.015625
0 0.740625 0.845313 0.015625 0.015625
0 0.771875 0.904687 0.015625 0.015625
0 0.850000 0.909375 0.015625 0.015625
0 0.926562 0.907813 0.015625 0.015625
0 0.814063 0.714063 0.015625 0.015625
0 0.864062 0.512500 0.015625 0.015625
0 0.829688 0.582812 0.015625 0.015625
0 0.028125 0.245312 0.015625 0.015625
0 0.445312 0.178125 0.015625 0.015625
0 0.520312 0.189062 0.015625 0.015625
0 0.942187 0.251563 0.015625 0.015625
0 0.978125 0.190625 0.015625 0.015625
0 0.365625 0.306250 0.015625 0.015625
0 0.450000 0.312500 0.015625 0.015625
0 0.354687 0.965625 0.015625 0.015625
0 0.615625 0.907813 0.015625 0.015625
0 0.890625 0.710938 0.015625 0.015625
0 0.176563 0.240625 0.015625 0.015625
0 0.382812 0.054688 0.015625 0.015625
0 0.334375 0.106250 0.015625 0.015625
0 0.451562 0.054688 0.015625 0.015625
0 0.545312 0.060937 0.015625 0.015625
0 0.565625 0.109375 0.015625 0.015625
0 0.484375 0.107813 0.015625 0.015625
0 0.617188 0.059375 0.015625 0.015625
0 0.653125 0.109375 0.015625 0.015625
0 0.720313 0.125000 0.015625 0.015625
0 0.768750 0.192188 0.015625 0.015625
0 0.298438 0.043750 0.015625 0.015625
0 0.220312 0.053125 0.015625 0.015625
0 0.059375 0.828125 0.015625 0.015625
0 0.398438 0.773438 0.015625 0.015625
0 0.473438 0.765625 0.015625 0.015625
0 0.540625 0.768750 0.015625 0.015625
0 0.510938 0.698438 0.015625 0.015625
0 0.426563 0.709375 0.015625 0.015625
0 0.359375 0.701562 0.015625 0.015625
0 0.200000 0.701562 0.015625 0.015625
0 0.125000 0.701562 0.015625 0.015625
0 0.668750 0.573438 0.015625 0.015625
0 0.965625 0.964063 0.015625 0.015625
0 0.939063 0.129688 0.015625 0.015625
0 0.870313 0.125000 0.015625 0.015625
0 0.792188 0.128125 0.015625 0.015625
0 0.835938 0.190625 0.015625 0.015625
0 0.675000 0.184375 0.015625 0.015625
0 0.407813 0.246875 0.015625 0.015625
0 0.220312 0.173437 0.015625 0.015625
0 0.148438 0.170313 0.015625 0.015625
0 0.139063 0.039062 0.015625 0.015625
0 0.251563 0.642188 0.015625 0.015625
0 0.370312 0.848437 0.015625 0.015625
