0 0.050000 0.025000 0.015625 0.015625
0 0.121875 0.026562 0.015625 0.015625
0 0.093750 0.087500 0.015625 0.015625
0 0.010937 0.092188 0.015625 0.015625
0 0.051562 0.153125 0.015625 0.015625
0 0.126562 0.156250 0.015625 0.015625
0 0.014063 0.215625 0.015625 0.015625
0 0.160938 0.226562 0.015625 0.015625
0 0.089063 0.226562 0.015625 0.015625
0 0.120313 0.295312 0.015625 0.015625
0 0.196875 0.295312 0.015625 0.015625
0 0.078125 0.356250 0.015625 0.015625
0 0.154688 0.359375 0.015625 0.015625
0 0.031250 0.364063 0.015625 0.015625
0 0.198437 0.421875 0.015625 0.015625
0 0.006250 0.484375 0.015625 0.015625
0 0.157812 0.484375 0.015625 0.015625
0 0.232813 0.489063 0.015625 0.015625
0 0.309375 0.495312 0.015625 0.015625
0 0.048438 0.543750 0.015625 0.015625
0 0.192188 0.551562 0.015625 0.015625
0 0.343750 0.560937 0.015625 0.015625
0 0.078125 0.610938 0.015625 0.015625
0 0.006250 0.612500 0.015625 0.015625
0 0.207813 0.614062 0.015625 0.015625
0 0.304688 0.618750 0.015625 0.015625
0 0.379688 0.625000 0.015625 0.015625
0 0.117188 0.675000 0.015625 0.015625
0 0.043750 0.681250 0.015625 0.015625
0 0.420312 0.690625 0.015625 0.015625
0 0.342187 0.692187 0.015625 0.015625
0 0.081250 0.746875 0.015625 0.015625
0 0.154688 0.754687 0.015625 0.015625
0 0.453125 0.756250 0.015625 0.015625
0 0.379688 0.756250 0.015625 0.015625
0 0.231250 0.765625 0.015625 0.015625
0 0.120313 0.785937 0.015625 0.015625
0 0.040625 0.800000 0.015625 0.015625
0 0.192188 0.818750 0.015625 0.015625
0 0.340625 0.823438 0.015625 0.015625
0 0.415625 0.823438 0.015625 0.015625
0 0.492188 0.823438 0.015625 0.015625
0 0.076563 0.879687 0.015625 0.015625
0 0.223438 0.882812 0.015625 0.015625
0 0.151562 0.882812 0.015625 0.015625
0 0.453125 0.887500 0.015625 0.015625
0 0.529687 0.889062 0.015625 0.015625
0 0.371875 0.890625 0.015625 0.015625
0 0.042188 0.942187 0.015625 0.015625
0 0.185938 0.945312 0.015625 0.015625
0 0.109375 0.946875 0.015625 0.015625
0 0.260937 0.950000 0.015625 0.015625
0 0.415625 0.954688 0.015625 0.015625
0 0.492188 0.954688 0.015625 0.015625
0 0.201563 0.032813 0.015625 0.015625
0 0.281250 0.032813 0.015625 0.015625
0 0.373437 0.039062 0.015625 0.015625
0 0.426563 0.039062 0.015625 0.015625
0 0.503125 0.039062 0.015625 0.015625
0 0.585938 0.039062 0.015625 0.015625
0 0.662500 0.042188 0.015625 0.015625
0 0.179688 0.104688 0.015625 0.015625
0 0.207813 0.160938 0.015625 0.015625
0 0.237500 0.101562 0.015625 0.015625
0 0.323437 0.103125 0.015625 0.015625
0 0.406250 0.106250 0.015625 0.015625
0 0.473438 0.107813 0.015625 0.015625
0 0.526563 0.109375 0.015625 0.015625
0 0.354687 0.170313 0.015625 0.015625
0 0.432812 0.173437 0.015625 0.015625
0 0.520312 0.171875 0.015625 0.015625
0 0.585938 0.171875 0.015625 0.015625
0 0.234375 0.232813 0.015625 0.015625
0 0.270313 0.293750 0.015625 0.015625
0 0.239063 0.362500 0.015625 0.015625
0 0.310937 0.365625 0.015625 0.015625
0 0.389062 0.496875 0.015625 0.015625
0 0.451562 0.498437 0.015625 0.015625
0 0.537500 0.501563 0.015625 0.015625
0 0.603125 0.504687 0.015625 0.015625
0 0.689063 0.504687 0.015625 0.015625
0 0.498437 0.429688 0.015625 0.015625
0 0.581250 0.437500 0.015625 0.015625
0 0.665625 0.434375 0.015625 0.015625
0 0.737500 0.437500 0.015625 0.015625
0 0.790625 0.435937 0.015625 0.015625
0 0.462500 0.360938 0.015625 0.015625
0 0.378125 0.364063 0.015625 0.015625
0 0.351562 0.295312 0.015625 0.015625
0 0.420312 0.300000 0.015625 0.015625
0 0.509375 0.301563 0.015625 0.015625
0 0.582812 0.301563 0.015625 0.015625
0 0.323437 0.220312 0.015625 0.015625
0 0.384375 0.225000 0.015625 0.015625
0 0.767188 0.240625 0.015625 0.015625
0 0.734375 0.176563 0.015625 0.015625
0 0.881250 0.307812 0.015625 0.015625
0 0.959375 0.307812 0.015625 0.015625
0 0.421875 0.557813 0.015625 0.015625
0 0.578125 0.568750 0.015625 0.015625
0 0.645312 0.562500 0.015625 0.015625
0 0.718750 0.562500 0.015625 0.015625
0 0.465625 0.623437 0.015625 0.015625
0 0.545312 0.625000 0.015625 0.015625
0 0.617188 0.625000 0.015625 0.015625
0 0.690625 0.626563 0.015625 0.015625
0 0.504687 0.692187 0.015625 0.015625
0 0.564063 0.693750 0.015625 0.015625
0 0.650000 0.693750 0.015625 0.015625
0 0.725000 0.693750 0.015625 0.015625
0 0.767188 0.643750 0.015625 0.015625
0 0.807813 0.692187 0.015625 0.015625
0 0.843750 0.653125 0.015625 0.015625
0 0.884375 0.692187 0.015625 0.015625
0 0.940625 0.689063 0.015625 0.015625
0 0.814063 0.564063 0.015625 0.015625
0 0.864062 0.564063 0.015625 0.015625
0 0.931250 0.568750 0.015625 0.015625
0 0.926562 0.632812 0.015625 0.015625
0 0.995313 0.639062 0.015625 0.015625
0 0.576562 0.820312 0.015625 0.015625
0 0.643750 0.825000 0.015625 0.015625
0 0.610938 0.889062 0.015625 0.015625
0 0.673438 0.885938 0.015625 0.015625
0 0.642188 0.956250 0.015625 0.015625
0 0.567187 0.956250 0.015625 0.015625
0 0.721875 0.960938 0.015625 0.015625
0 0.800000 0.960938 0.015625 0.015625
0 0.864062 0.967187 0.015625 0.015625
0 0.734375 0.875000 0.015625 0.015625
0 0.714063 0.821875 0.015625 0.015625
0 0.900000 0.896875 0.015625 0.015625
0 0.862500 0.890625 0.015625 0.015625
0 0.981250 0.895312 0.015625 0.015625
0 0.815625 0.043750 0.015625 0.015625
0 0.895312 0.051562 0.015625 0.015625
0 0.968750 0.042188 0.015625 0.015625
0 0.767188 0.109375 0.015625 0.015625
0 0.643750 0.107813 0.015625 0.015625
0 0.956250 0.179688 0.015625 0.015625
0 0.840625 0.246875 0.015625 0.015625
0 0.990625 0.248438 0.015625 0.015625
0 0.821875 0.765625 0.015625 0.015625
0 0.753125 0.762500 0.015625 0.015625
0 0.604688 0.762500 0.015625 0.015625
0 0.529687 0.756250 0.015625 0.015625
0 0.790625 0.829688 0.015625 0.015625
0 0.870313 0.826562 0.015625 0.015625
0 0.904687 0.765625 0.015625 0.015625
0 0.982812 0.768750 0.015625 0.015625
0 0.912500 0.503125 0.015625 0.015625
0 0.878125 0.432812 0.015625 0.015625
0 0.910937 0.379688 0.015625 0.015625
0 0.695312 0.101562 0.015625 0.015625
0 0.487500 0.559375 0.015625 0.015625
0 0.293750 0.751563 0.015625 0.015625
