0 0.260937 0.468750 0.015625 0.015625
0 0.300000 0.470313 0.015625 0.015625
0 0.342187 0.471875 0.015625 0.015625
0 0.371875 0.470313 0.015625 0.015625
0 0.414062 0.471875 0.015625 0.015625
0 0.454688 0.470313 0.015625 0.015625
0 0.487500 0.471875 0.015625 0.015625
0 0.525000 0.473438 0.015625 0.015625
0 0.567187 0.473438 0.015625 0.015625
0 0.600000 0.473438 0.015625 0.015625
0 0.640625 0.475000 0.015625 0.015625
0 0.682813 0.475000 0.015625 0.015625
0 0.717187 0.475000 0.015625 0.015625
0 0.762500 0.476562 0.015625 0.015625
0 0.800000 0.478125 0.015625 0.015625
0 0.846875 0.478125 0.015625 0.015625
0 0.942187 0.479687 0.015625 0.015625
0 0.981250 0.478125 0.015625 0.015625
0 0.959375 0.510938 0.015625 0.015625
0 0.825000 0.509375 0.015625 0.015625
0 0.778125 0.507812 0.015625 0.015625
0 0.734375 0.507812 0.015625 0.015625
0 0.696875 0.507812 0.015625 0.015625
0 0.664062 0.507812 0.015625 0.015625
0 0.621875 0.506250 0.015625 0.015625
0 0.581250 0.506250 0.015625 0.015625
0 0.546875 0.507812 0.015625 0.015625
0 0.507812 0.506250 0.015625 0.015625
0 0.468750 0.506250 0.015625 0.015625
0 0.432812 0.506250 0.015625 0.015625
0 0.392188 0.506250 0.015625 0.015625
0 0.351562 0.507812 0.015625 0.015625
0 0.317188 0.506250 0.015625 0.015625
0 0.282813 0.506250 0.015625 0.015625
0 0.243750 0.504687 0.015625 0.015625
0 0.210938 0.503125 0.015625 0.015625
0 0.226562 0.531250 0.015625 0.015625
0 0.259375 0.535937 0.015625 0.015625
0 0.295312 0.537500 0.015625 0.015625
0 0.339062 0.537500 0.015625 0.015625
0 0.375000 0.537500 0.015625 0.015625
0 0.412500 0.539062 0.015625 0.015625
0 0.451562 0.537500 0.015625 0.015625
0 0.485938 0.537500 0.015625 0.015625
0 0.526563 0.539062 0.015625 0.015625
0 0.565625 0.539062 0.015625 0.015625
0 0.593750 0.540625 0.015625 0.015625
0 0.640625 0.539062 0.015625 0.015625
0 0.678125 0.542188 0.015625 0.015625
0 0.715625 0.542188 0.015625 0.015625
0 0.756250 0.542188 0.015625 0.015625
0 0.793750 0.543750 0.015625 0.015625
0 0.829688 0.543750 0.015625 0.015625
0 0.937500 0.545312 0.015625 0.015625
0 0.978125 0.550000 0.015625 0.015625
0 0.992188 0.578125 0.015625 0.015625
0 0.953125 0.578125 0.015625 0.015625
0 0.770312 0.573438 0.015625 0.015625
0 0.734375 0.575000 0.015625 0.015625
0 0.696875 0.575000 0.015625 0.015625
0 0.654687 0.573438 0.015625 0.015625
0 0.614062 0.573438 0.015625 0.015625
0 0.578125 0.573438 0.015625 0.015625
0 0.543750 0.573438 0.015625 0.015625
0 0.504687 0.571875 0.015625 0.015625
0 0.465625 0.571875 0.015625 0.015625
0 0.429688 0.571875 0.015625 0.015625
0 0.390625 0.570312 0.015625 0.015625
0 0.354687 0.571875 0.015625 0.015625
0 0.315625 0.570312 0.015625 0.015625
0 0.275000 0.570312 0.015625 0.015625
0 0.243750 0.567187 0.015625 0.015625
0 0.257812 0.604688 0.015625 0.015625
0 0.298438 0.604688 0.015625 0.015625
0 0.332813 0.604688 0.015625 0.015625
0 0.375000 0.604688 0.015625 0.015625
0 0.409375 0.604688 0.015625 0.015625
0 0.446875 0.603125 0.015625 0.015625
0 0.485938 0.604688 0.015625 0.015625
0 0.523438 0.603125 0.015625 0.015625
0 0.560937 0.603125 0.015625 0.015625
0 0.596875 0.607812 0.015625 0.015625
0 0.639062 0.606250 0.015625 0.015625
0 0.670312 0.606250 0.015625 0.015625
0 0.704688 0.609375 0.015625 0.015625
0 0.734375 0.610938 0.015625 0.015625
0 0.781250 0.614062 0.015625 0.015625
0 0.865625 0.609375 0.015625 0.015625
0 0.901563 0.609375 0.015625 0.015625
0 0.939063 0.609375 0.015625 0.015625
0 0.975000 0.612500 0.015625 0.015625
0 0.275000 0.632812 0.015625 0.015625
0 0.312500 0.635938 0.015625 0.015625
0 0.353125 0.634375 0.015625 0.015625
0 0.387500 0.634375 0.015625 0.015625
0 0.421875 0.635938 0.015625 0.015625
0 0.456250 0.640625 0.015625 0.015625
0 0.500000 0.637500 0.015625 0.015625
0 0.543750 0.637500 0.015625 0.015625
0 0.571875 0.637500 0.015625 0.015625
0 0.610938 0.639062 0.015625 0.015625
0 0.637500 0.639062 0.015625 0.015625
0 0.678125 0.639062 0.015625 0.015625
0 0.720313 0.642188 0.015625 0.015625
0 0.921875 0.643750 0.015625 0.015625
0 0.957812 0.645312 0.015625 0.015625
0 0.996875 0.645312 0.015625 0.015625
0 0.979688 0.679688 0.015625 0.015625
0 0.939063 0.678125 0.015625 0.015625
0 0.903125 0.675000 0.015625 0.015625
0 0.864062 0.673438 0.015625 0.015625
0 0.807813 0.707812 0.015625 0.015625
0 0.840625 0.709375 0.015625 0.015625
0 0.876563 0.709375 0.015625 0.015625
0 0.914062 0.709375 0.015625 0.015625
0 0.957812 0.709375 0.015625 0.015625
0 0.296875 0.665625 0.015625 0.015625
0 0.332813 0.668750 0.015625 0.015625
0 0.370312 0.668750 0.015625 0.015625
0 0.407813 0.668750 0.015625 0.015625
0 0.446875 0.670312 0.015625 0.015625
0 0.484375 0.670312 0.015625 0.015625
0 0.520312 0.670312 0.015625 0.015625
0 0.559375 0.670312 0.015625 0.015625
0 0.595313 0.673438 0.015625 0.015625
0 0.632812 0.673438 0.015625 0.015625
0 0.675000 0.673438 0.015625 0.015625
0 0.715625 0.673438 0.015625 0.015625
0 0.318750 0.700000 0.015625 0.015625
0 0.350000 0.700000 0.015625 0.015625
0 0.387500 0.703125 0.015625 0.015625
0 0.425000 0.703125 0.015625 0.015625
0 0.459375 0.703125 0.015625 0.015625
0 0.498437 0.706250 0.015625 0.015625
0 0.542188 0.706250 0.015625 0.015625
0 0.573438 0.703125 0.015625 0.015625
0 0.615625 0.706250 0.015625 0.015625
0 0.651563 0.706250 0.015625 0.015625
0 0.696875 0.709375 0.015625 0.015625
0 0.335938 0.732812 0.015625 0.015625
0 0.367188 0.734375 0.015625 0.015625
0 0.404687 0.737500 0.015625 0.015625
0 0.442188 0.737500 0.015625 0.015625
0 0.482812 0.737500 0.015625 0.015625
0 0.554688 0.739062 0.015625 0.015625
0 0.600000 0.740625 0.015625 0.015625
0 0.640625 0.742188 0.015625 0.015625
0 0.670312 0.740625 0.015625 0.015625
0 0.353125 0.767188 0.015625 0.015625
0 0.385937 0.770312 0.015625 0.015625
0 0.421875 0.770312 0.015625 0.015625
0 0.460938 0.773438 0.015625 0.015625
0 0.500000 0.773438 0.015625 0.015625
0 0.535937 0.771875 0.015625 0.015625
0 0.570312 0.771875 0.015625 0.015625
0 0.612500 0.771875 0.015625 0.015625
0 0.654687 0.773438 0.015625 0.015625
0 0.685937 0.775000 0.015625 0.015625
0 0.370312 0.801562 0.015625 0.015625
0 0.403125 0.801562 0.015625 0.015625
0 0.443750 0.801562 0.015625 0.015625
0 0.482812 0.801562 0.015625 0.015625
0 0.517188 0.803125 0.015625 0.015625
0 0.556250 0.803125 0.015625 0.015625
0 0.598437 0.804688 0.015625 0.015625
0 0.637500 0.806250 0.015625 0.015625
0 0.670312 0.804688 0.015625 0.015625
0 0.390625 0.832812 0.015625 0.015625
0 0.423438 0.832812 0.015625 0.015625
0 0.464062 0.832812 0.015625 0.015625
0 0.504687 0.832812 0.015625 0.015625
0 0.545312 0.834375 0.015625 0.015625
0 0.584375 0.835938 0.015625 0.015625
0 0.621875 0.837500 0.015625 0.015625
0 0.654687 0.839063 0.015625 0.015625
0 0.687500 0.843750 0.015625 0.015625
0 0.442188 0.862500 0.015625 0.015625
0 0.484375 0.864062 0.015625 0.015625
0 0.462500 0.903125 0.015625 0.015625
0 0.501563 0.903125 0.015625 0.015625
0 0.529687 0.903125 0.015625 0.015625
0 0.532813 0.864062 0.015625 0.015625
0 0.570312 0.865625 0.015625 0.015625
0 0.604688 0.864062 0.015625 0.015625
0 0.637500 0.864062 0.015625 0.015625
0 0.667188 0.864062 0.015625 0.015625
0 0.684375 0.903125 0.015625 0.015625
0 0.646875 0.904687 0.015625 0.015625
0 0.618750 0.893750 0.015625 0.015625
0 0.590625 0.934375 0.015625 0.015625
0 0.553125 0.934375 0.015625 0.015625
0 0.518750 0.935937 0.015625 0.015625
0 0.481250 0.934375 0.015625 0.015625
0 0.496875 0.967187 0.015625 0.015625
0 0.768750 0.773438 0.015625 0.015625
0 0.787500 0.737500 0.015625 0.015625
0 0.823438 0.737500 0.015625 0.015625
0 0.859375 0.740625 0.015625 0.015625
0 0.898438 0.742188 0.015625 0.015625
0 0.939063 0.743750 0.015625 0.015625
0 0.803125 0.775000 0.015625 0.015625
0 0.843750 0.775000 0.015625 0.015625
0 0.878125 0.775000 0.015625 0.015625
0 0.915625 0.775000 0.015625 0.015625
0 0.957812 0.775000 0.015625 0.015625
0 0.996875 0.776563 0.015625 0.015625
0 0.973437 0.807813 0.015625 0.015625
0 0.935937 0.809375 0.015625 0.015625
0 0.898438 0.809375 0.015625 0.015625
0 0.859375 0.806250 0.015625 0.015625
0 0.821875 0.809375 0.015625 0.015625
0 0.789062 0.804688 0.015625 0.015625
0 0.754687 0.807813 0.015625 0.015625
0 0.764062 0.840625 0.015625 0.015625
0 0.806250 0.840625 0.015625 0.015625
0 0.779687 0.868750 0.015625 0.015625
0 0.820312 0.871875 0.015625 0.015625
0 0.840625 0.839063 0.015625 0.015625
0 0.860938 0.873437 0.015625 0.015625
0 0.878125 0.837500 0.015625 0.015625
0 0.921875 0.840625 0.015625 0.015625
0 0.898438 0.868750 0.015625 0.015625
0 0.931250 0.873437 0.015625 0.015625
0 0.954688 0.843750 0.015625 0.015625
0 0.973437 0.873437 0.015625 0.015625
0 0.984375 0.842187 0.015625 0.015625
0 0.992188 0.909375 0.015625 0.015625
0 0.965625 0.943750 0.015625 0.015625
0 0.951562 0.907813 0.015625 0.015625
0 0.934375 0.939063 0.015625 0.015625
0 0.914062 0.907813 0.015625 0.015625
0 0.895312 0.940625 0.015625 0.015625
0 0.875000 0.904687 0.015625 0.015625
0 0.859375 0.939063 0.015625 0.015625
0 0.842187 0.907813 0.015625 0.015625
0 0.817187 0.939063 0.015625 0.015625
0 0.809375 0.906250 0.015625 0.015625
0 0.775000 0.906250 0.015625 0.015625
0 0.782813 0.940625 0.015625 0.015625
0 0.742188 0.937500 0.015625 0.015625
0 0.739062 0.907813 0.015625 0.015625
0 0.728125 0.975000 0.015625 0.015625
0 0.762500 0.973437 0.015625 0.015625
0 0.801562 0.968750 0.015625 0.015625
0 0.835938 0.971875 0.015625 0.015625
0 0.878125 0.970313 0.015625 0.015625
0 0.915625 0.976562 0.015625 0.015625
0 0.951562 0.973437 0.015625 0.015625
0 0.992188 0.978125 0.015625 0.015625
0 0.031250 0.465625 0.015625 0.015625
0 0.068750 0.467187 0.015625 0.015625
0 0.110937 0.467187 0.015625 0.015625
0 0.107813 0.532813 0.015625 0.015625
0 0.126562 0.562500 0.015625 0.015625
0 0.148438 0.532813 0.015625 0.015625
0 0.168750 0.565625 0.015625 0.015625
0 0.007812 0.629687 0.015625 0.015625
0 0.035937 0.598437 0.015625 0.015625
0 0.070312 0.598437 0.015625 0.015625
0 0.110937 0.600000 0.015625 0.015625
0 0.146875 0.600000 0.015625 0.015625
0 0.182812 0.600000 0.015625 0.015625
0 0.028125 0.664062 0.015625 0.015625
0 0.068750 0.662500 0.015625 0.015625
0 0.050000 0.629687 0.015625 0.015625
0 0.087500 0.632812 0.015625 0.015625
0 0.125000 0.632812 0.015625 0.015625
0 0.164062 0.634375 0.015625 0.015625
0 0.101562 0.665625 0.015625 0.015625
0 0.140625 0.665625 0.015625 0.015625
0 0.012500 0.695312 0.015625 0.015625
0 0.056250 0.696875 0.015625 0.015625
0 0.128125 0.696875 0.015625 0.015625
0 0.165625 0.696875 0.015625 0.015625
0 0.203125 0.696875 0.015625 0.015625
0 0.231250 0.698438 0.015625 0.015625
0 0.034375 0.532813 0.015625 0.015625
0 0.071875 0.531250 0.015625 0.015625
0 0.031250 0.729688 0.015625 0.015625
0 0.064062 0.729688 0.015625 0.015625
0 0.103125 0.731250 0.015625 0.015625
0 0.143750 0.731250 0.015625 0.015625
0 0.182812 0.731250 0.015625 0.015625
0 0.221875 0.732812 0.015625 0.015625
0 0.253125 0.731250 0.015625 0.015625
0 0.004687 0.762500 0.015625 0.015625
0 0.043750 0.762500 0.015625 0.015625
0 0.090625 0.762500 0.015625 0.015625
0 0.121875 0.764062 0.015625 0.015625
0 0.165625 0.764062 0.015625 0.015625
0 0.200000 0.765625 0.015625 0.015625
0 0.234375 0.764062 0.015625 0.015625
0 0.271875 0.764062 0.015625 0.015625
0 0.104688 0.796875 0.015625 0.015625
0 0.056250 0.796875 0.015625 0.015625
0 0.179688 0.796875 0.015625 0.015625
0 0.218750 0.796875 0.015625 0.015625
0 0.254688 0.796875 0.015625 0.015625
0 0.287500 0.796875 0.015625 0.015625
0 0.045312 0.829688 0.015625 0.015625
0 0.051562 0.857812 0.015625 0.015625
0 0.065625 0.859375 0.015625 0.015625
0 0.103125 0.859375 0.015625 0.015625
0 0.135937 0.859375 0.015625 0.015625
0 0.212500 0.857812 0.015625 0.015625
0 0.253125 0.859375 0.015625 0.015625
0 0.296875 0.859375 0.015625 0.015625
0 0.326562 0.859375 0.015625 0.015625
0 0.235937 0.831250 0.015625 0.015625
0 0.200000 0.831250 0.015625 0.015625
0 0.154688 0.831250 0.015625 0.015625
0 0.009375 0.893750 0.015625 0.015625
0 0.026562 0.928125 0.015625 0.015625
0 0.042188 0.893750 0.015625 0.015625
0 0.062500 0.928125 0.015625 0.015625
0 0.081250 0.896875 0.015625 0.015625
0 0.106250 0.931250 0.015625 0.015625
0 0.123438 0.900000 0.015625 0.015625
0 0.137500 0.931250 0.015625 0.015625
0 0.157812 0.896875 0.015625 0.015625
0 0.181250 0.925000 0.015625 0.015625
0 0.198437 0.898438 0.015625 0.015625
0 0.217188 0.929688 0.015625 0.015625
0 0.229687 0.898438 0.015625 0.015625
0 0.256250 0.926562 0.015625 0.015625
0 0.271875 0.900000 0.015625 0.015625
0 0.290625 0.929688 0.015625 0.015625
0 0.307812 0.901563 0.015625 0.015625
0 0.323437 0.931250 0.015625 0.015625
0 0.351562 0.900000 0.015625 0.015625
0 0.364063 0.932813 0.015625 0.015625
0 0.007812 0.962500 0.015625 0.015625
0 0.087500 0.962500 0.015625 0.015625
0 0.120313 0.962500 0.015625 0.015625
0 0.179688 0.965625 0.015625 0.015625
0 0.231250 0.960938 0.015625 0.015625
0 0.270313 0.962500 0.015625 0.015625
0 0.307812 0.962500 0.015625 0.015625
0 0.346875 0.962500 0.015625 0.015625
0 0.381250 0.965625 0.015625 0.015625
0 0.326562 0.995313 0.015625 0.015625
0 0.401562 0.998437 0.015625 0.015625
0 0.017188 0.496875 0.015625 0.015625
0 0.051562 0.498437 0.015625 0.015625
