0 0.107813 0.012500 0.015625 0.015625
0 0.035937 0.012500 0.015625 0.015625
0 0.185938 0.014063 0.015625 0.015625
0 0.259375 0.017188 0.015625 0.015625
0 0.409375 0.020313 0.015625 0.015625
0 0.709375 0.020313 0.015625 0.015625
0 0.559375 0.020313 0.015625 0.015625
0 0.332813 0.020313 0.015625 0.015625
0 0.482812 0.021875 0.015625 0.015625
0 0.635938 0.021875 0.015625 0.015625
0 0.864062 0.025000 0.015625 0.015625
0 0.787500 0.025000 0.015625 0.015625
0 0.940625 0.028125 0.015625 0.015625
0 0.215625 0.073438 0.015625 0.015625
0 0.515625 0.085938 0.015625 0.015625
0 0.676562 0.089063 0.015625 0.015625
0 0.751563 0.090625 0.015625 0.015625
0 0.981250 0.093750 0.015625 0.015625
0 0.903125 0.093750 0.015625 0.015625
0 0.828125 0.095312 0.015625 0.015625
0 0.032813 0.145313 0.015625 0.015625
0 0.182812 0.146875 0.015625 0.015625
0 0.256250 0.146875 0.015625 0.015625
0 0.106250 0.146875 0.015625 0.015625
0 0.332813 0.148438 0.015625 0.015625
0 0.481250 0.150000 0.015625 0.015625
0 0.556250 0.150000 0.015625 0.015625
0 0.406250 0.151562 0.015625 0.015625
0 0.632812 0.151562 0.015625 0.015625
0 0.709375 0.154688 0.015625 0.015625
0 0.784375 0.157812 0.015625 0.015625
0 0.937500 0.159375 0.015625 0.015625
0 0.860938 0.159375 0.015625 0.015625
0 0.068750 0.210938 0.015625 0.015625
0 0.217188 0.212500 0.015625 0.015625
0 0.143750 0.212500 0.015625 0.015625
0 0.293750 0.214062 0.015625 0.015625
0 0.368750 0.217188 0.015625 0.015625
0 0.514062 0.217188 0.015625 0.015625
0 0.442188 0.217188 0.015625 0.015625
0 0.834375 0.217188 0.015625 0.015625
0 0.667188 0.218750 0.015625 0.015625
0 0.743750 0.221875 0.015625 0.015625
0 0.976562 0.223438 0.015625 0.015625
0 0.900000 0.223438 0.015625 0.015625
0 0.106250 0.275000 0.015625 0.015625
0 0.029687 0.276562 0.015625 0.015625
0 0.179688 0.276562 0.015625 0.015625
0 0.256250 0.279687 0.015625 0.015625
0 0.406250 0.282813 0.015625 0.015625
0 0.331250 0.282813 0.015625 0.015625
0 0.631250 0.285938 0.015625 0.015625
0 0.706250 0.285938 0.015625 0.015625
0 0.781250 0.289062 0.015625 0.015625
0 0.554688 0.289062 0.015625 0.015625
0 0.857812 0.290625 0.015625 0.015625
0 0.932813 0.292187 0.015625 0.015625
0 0.062500 0.339062 0.015625 0.015625
0 0.214062 0.343750 0.015625 0.015625
0 0.137500 0.343750 0.015625 0.015625
0 0.287500 0.345313 0.015625 0.015625
0 0.364063 0.345313 0.015625 0.015625
0 0.439063 0.345313 0.015625 0.015625
0 0.590625 0.346875 0.015625 0.015625
0 0.665625 0.348438 0.015625 0.015625
0 0.968750 0.351562 0.015625 0.015625
0 0.517188 0.351562 0.015625 0.015625
0 0.740625 0.354687 0.015625 0.015625
0 0.892188 0.356250 0.015625 0.015625
0 0.814063 0.359375 0.015625 0.015625
0 0.023438 0.403125 0.015625 0.015625
0 0.178125 0.407813 0.015625 0.015625
0 0.253125 0.409375 0.015625 0.015625
0 0.329688 0.410938 0.015625 0.015625
0 0.404687 0.414062 0.015625 0.015625
0 0.929688 0.415625 0.015625 0.015625
0 0.479687 0.417187 0.015625 0.015625
0 0.553125 0.417187 0.015625 0.015625
0 0.629687 0.420312 0.015625 0.015625
0 0.856250 0.420312 0.015625 0.015625
0 0.704688 0.421875 0.015625 0.015625
0 0.209375 0.467187 0.015625 0.015625
0 0.057813 0.468750 0.015625 0.015625
0 0.132812 0.471875 0.015625 0.015625
0 0.287500 0.473438 0.015625 0.015625
0 0.364063 0.475000 0.015625 0.015625
0 0.437500 0.479687 0.015625 0.015625
0 0.512500 0.481250 0.015625 0.015625
0 0.587500 0.482812 0.015625 0.015625
0 0.814063 0.484375 0.015625 0.015625
0 0.665625 0.484375 0.015625 0.015625
0 0.740625 0.485938 0.015625 0.015625
0 0.890625 0.487500 0.015625 0.015625
0 0.968750 0.487500 0.015625 0.015625
0 0.170313 0.537500 0.015625 0.015625
0 0.017188 0.537500 0.015625 0.015625
0 0.093750 0.539062 0.015625 0.015625
0 0.250000 0.539062 0.015625 0.015625
0 0.325000 0.542188 0.015625 0.015625
0 0.553125 0.543750 0.015625 0.015625
0 0.478125 0.543750 0.015625 0.015625
0 0.401562 0.545312 0.015625 0.015625
0 0.629687 0.546875 0.015625 0.015625
0 0.782813 0.550000 0.015625 0.015625
0 0.703125 0.550000 0.015625 0.015625
0 0.929688 0.553125 0.015625 0.015625
0 0.857812 0.556250 0.015625 0.015625
0 0.131250 0.601562 0.015625 0.015625
0 0.359375 0.603125 0.015625 0.015625
0 0.207813 0.604688 0.015625 0.015625
0 0.054688 0.604688 0.015625 0.015625
0 0.282813 0.606250 0.015625 0.015625
0 0.506250 0.606250 0.015625 0.015625
0 0.660937 0.612500 0.015625 0.015625
0 0.584375 0.612500 0.015625 0.015625
0 0.737500 0.614062 0.015625 0.015625
0 0.810937 0.617188 0.015625 0.015625
0 0.887500 0.620313 0.015625 0.015625
0 0.968750 0.621875 0.015625 0.015625
0 0.014063 0.667188 0.015625 0.015625
0 0.090625 0.667188 0.015625 0.015625
0 0.165625 0.668750 0.015625 0.015625
0 0.242188 0.670312 0.015625 0.015625
0 0.395313 0.671875 0.015625 0.015625
0 0.320312 0.673438 0.015625 0.015625
0 0.468750 0.673438 0.015625 0.015625
0 0.550000 0.675000 0.015625 0.015625
0 0.626563 0.678125 0.015625 0.015625
0 0.700000 0.682813 0.015625 0.015625
0 0.928125 0.685937 0.015625 0.015625
0 0.776563 0.685937 0.015625 0.015625
0 0.851562 0.687500 0.015625 0.015625
0 0.054688 0.732812 0.015625 0.015625
0 0.128125 0.734375 0.015625 0.015625
0 0.204687 0.735938 0.015625 0.015625
0 0.279687 0.735938 0.015625 0.015625
0 0.357812 0.737500 0.015625 0.015625
0 0.432812 0.739062 0.015625 0.015625
0 0.889062 0.740625 0.015625 0.015625
0 0.507812 0.742188 0.015625 0.015625
0 0.582812 0.743750 0.015625 0.015625
0 0.659375 0.743750 0.015625 0.015625
0 0.962500 0.748437 0.015625 0.015625
0 0.010937 0.798438 0.015625 0.015625
0 0.087500 0.800000 0.015625 0.015625
0 0.164062 0.800000 0.015625 0.015625
0 0.317188 0.801562 0.015625 0.015625
0 0.239063 0.804688 0.015625 0.015625
0 0.468750 0.804688 0.015625 0.015625
0 0.392188 0.806250 0.015625 0.015625
0 0.542188 0.807813 0.015625 0.015625
0 0.773438 0.807813 0.015625 0.015625
0 0.698438 0.810937 0.015625 0.015625
0 0.620313 0.810937 0.015625 0.015625
0 0.853125 0.814063 0.015625 0.015625
0 0.926562 0.817187 0.015625 0.015625
0 0.051562 0.865625 0.015625 0.015625
0 0.128125 0.867188 0.015625 0.015625
0 0.203125 0.868750 0.015625 0.015625
0 0.432812 0.870313 0.015625 0.015625
0 0.281250 0.870313 0.015625 0.015625
0 0.354687 0.870313 0.015625 0.015625
0 0.507812 0.873437 0.015625 0.015625
0 0.584375 0.873437 0.015625 0.015625
0 0.660937 0.875000 0.015625 0.015625
0 0.735938 0.878125 0.015625 0.015625
0 0.812500 0.882812 0.015625 0.015625
0 0.885938 0.884375 0.015625 0.015625
0 0.012500 0.932813 0.015625 0.015625
0 0.312500 0.932813 0.015625 0.015625
0 0.543750 0.935937 0.015625 0.015625
0 0.164062 0.935937 0.015625 0.015625
0 0.390625 0.935937 0.015625 0.015625
0 0.089063 0.935937 0.015625 0.015625
0 0.239063 0.935937 0.015625 0.015625
0 0.468750 0.937500 0.015625 0.015625
0 0.775000 0.943750 0.015625 0.015625
0 0.925000 0.950000 0.015625 0.015625
0 0.051562 0.998437 0.015625 0.015625
