0 0.240625 0.648438 0.015625 0.015625
0 0.439063 0.451562 0.015625 0.015625
0 0.700000 0.523438 0.015625 0.015625
0 0.317188 0.385937 0.015625 0.015625
0 0.768750 0.790625 0.015625 0.015625
0 0.592187 0.193750 0.015625 0.015625
0 0.315625 0.650000 0.015625 0.015625
0 0.735938 0.595313 0.015625 0.015625
0 0.473438 0.385937 0.015625 0.015625
0 0.517188 0.448437 0.015625 0.015625
0 0.442188 0.192188 0.015625 0.015625
0 0.668750 0.193750 0.015625 0.015625
0 0.467187 0.651563 0.015625 0.015625
0 0.592187 0.065625 0.015625 0.015625
0 0.664062 0.453125 0.015625 0.015625
0 0.442188 0.065625 0.015625 0.015625
0 0.743750 0.068750 0.015625 0.015625
0 0.171875 0.118750 0.015625 0.015625
0 0.815625 0.451562 0.015625 0.015625
0 0.657813 0.590625 0.015625 0.015625
0 0.782813 0.262500 0.015625 0.015625
0 0.742188 0.193750 0.015625 0.015625
0 0.810937 0.723437 0.015625 0.015625
0 0.621875 0.518750 0.015625 0.015625
0 0.551562 0.387500 0.015625 0.015625
0 0.290625 0.318750 0.015625 0.015625
0 0.468750 0.517188 0.015625 0.015625
0 0.364063 0.448437 0.015625 0.015625
0 0.545312 0.518750 0.015625 0.015625
0 0.514062 0.190625 0.015625 0.015625
0 0.775000 0.523438 0.015625 0.015625
0 0.817187 0.325000 0.015625 0.015625
0 0.285938 0.451562 0.015625 0.015625
0 0.557813 0.126562 0.015625 0.015625
0 0.810937 0.593750 0.015625 0.015625
0 0.365625 0.190625 0.015625 0.015625
0 0.625000 0.260937 0.015625 0.015625
0 0.670312 0.323437 0.015625 0.015625
0 0.360938 0.318750 0.015625 0.015625
0 0.628125 0.387500 0.015625 0.015625
0 0.132812 0.315625 0.015625 0.015625
0 0.165625 0.643750 0.015625 0.015625
0 0.021875 0.770312 0.015625 0.015625
0 0.348438 0.587500 0.015625 0.015625
0 0.392188 0.518750 0.015625 0.015625
0 0.243750 0.385937 0.015625 0.015625
0 0.095312 0.120313 0.015625 0.015625
0 0.740625 0.459375 0.015625 0.015625
0 0.845313 0.523438 0.015625 0.015625
0 0.182812 0.250000 0.015625 0.015625
0 0.707812 0.387500 0.015625 0.015625
0 0.515625 0.321875 0.015625 0.015625
0 0.585938 0.448437 0.015625 0.015625
0 0.743750 0.326562 0.015625 0.015625
0 0.629687 0.131250 0.015625 0.015625
0 0.409375 0.123438 0.015625 0.015625
0 0.851562 0.660937 0.015625 0.015625
0 0.690625 0.660937 0.015625 0.015625
0 0.392188 0.646875 0.015625 0.015625
0 0.742188 0.718750 0.015625 0.015625
0 0.781250 0.390625 0.015625 0.015625
0 0.846875 0.792188 0.015625 0.015625
0 0.845313 0.389062 0.015625 0.015625
0 0.196875 0.842187 0.015625 0.015625
0 0.818750 0.195312 0.015625 0.015625
0 0.589063 0.320312 0.015625 0.015625
0 0.550000 0.651563 0.015625 0.015625
0 0.014063 0.642188 0.015625 0.015625
0 0.275000 0.587500 0.015625 0.015625
0 0.582812 0.585938 0.015625 0.015625
0 0.132812 0.182812 0.015625 0.015625
0 0.887500 0.595313 0.015625 0.015625
0 0.921875 0.660937 0.015625 0.015625
0 0.962500 0.596875 0.015625 0.015625
0 0.996875 0.793750 0.015625 0.015625
0 0.968750 0.328125 0.015625 0.015625
0 0.998437 0.662500 0.015625 0.015625
0 0.368750 0.067187 0.015625 0.015625
0 0.893750 0.328125 0.015625 0.015625
0 0.887500 0.857812 0.015625 0.015625
0 0.960938 0.859375 0.015625 0.015625
0 0.923438 0.525000 0.015625 0.015625
0 0.921875 0.790625 0.015625 0.015625
0 0.859375 0.260937 0.015625 0.015625
0 0.887500 0.728125 0.015625 0.015625
0 0.087500 0.901563 0.015625 0.015625
0 0.734375 0.853125 0.015625 0.015625
0 0.964063 0.451562 0.015625 0.015625
0 0.767188 0.659375 0.015625 0.015625
0 0.848437 0.925000 0.015625 0.015625
0 0.923438 0.926562 0.015625 0.015625
0 0.996875 0.926562 0.015625 0.015625
0 0.056250 0.315625 0.015625 0.015625
0 0.281250 0.189062 0.015625 0.015625
0 0.204687 0.184375 0.015625 0.015625
0 0.017188 0.117188 0.015625 0.015625
0 0.250000 0.115625 0.015625 0.015625
0 0.303125 0.115625 0.015625 0.015625
0 0.295312 0.067187 0.015625 0.015625
0 0.204687 0.070312 0.015625 0.015625
0 0.056250 0.068750 0.015625 0.015625
0 0.121875 0.067187 0.015625 0.015625
0 0.484375 0.126562 0.015625 0.015625
0 0.853125 0.003125 0.015625 0.015625
0 0.898438 0.078125 0.015625 0.015625
0 0.932813 0.134375 0.015625 0.015625
0 0.965625 0.195312 0.015625 0.015625
0 0.706250 0.126562 0.015625 0.015625
0 0.778125 0.126562 0.015625 0.015625
0 0.823438 0.073438 0.015625 0.015625
0 0.857812 0.132812 0.015625 0.015625
0 0.890625 0.187500 0.015625 0.015625
0 0.064062 0.185938 0.015625 0.015625
0 0.507812 0.070312 0.015625 0.015625
0 0.203125 0.317188 0.015625 0.015625
0 0.426563 0.323437 0.015625 0.015625
0 0.015625 0.510938 0.015625 0.015625
0 0.168750 0.510938 0.015625 0.015625
0 0.198437 0.578125 0.015625 0.015625
0 0.051562 0.709375 0.015625 0.015625
0 0.125000 0.714063 0.015625 0.015625
0 0.357812 0.715625 0.015625 0.015625
0 0.428125 0.715625 0.015625 0.015625
0 0.495312 0.725000 0.015625 0.015625
0 0.378125 0.778125 0.015625 0.015625
0 0.325000 0.778125 0.015625 0.015625
0 0.531250 0.782813 0.015625 0.015625
0 0.359375 0.845313 0.015625 0.015625
0 0.453125 0.851562 0.015625 0.015625
0 0.504687 0.845313 0.015625 0.015625
0 0.568750 0.845313 0.015625 0.015625
0 0.548438 0.910937 0.015625 0.015625
0 0.617188 0.910937 0.015625 0.015625
0 0.679688 0.909375 0.015625 0.015625
0 0.650000 0.854688 0.015625 0.015625
0 0.382812 0.910937 0.015625 0.015625
0 0.301563 0.914062 0.015625 0.015625
0 0.226562 0.901563 0.015625 0.015625
0 0.159375 0.903125 0.015625 0.015625
0 0.425000 0.985938 0.015625 0.015625
0 0.340625 0.976562 0.015625 0.015625
0 0.270313 0.978125 0.015625 0.015625
0 0.501563 0.976562 0.015625 0.015625
0 0.581250 0.982812 0.015625 0.015625
0 0.651563 0.987500 0.015625 0.015625
0 0.804688 0.989062 0.015625 0.015625
0 0.960938 0.726562 0.015625 0.015625
0 0.889062 0.451562 0.015625 0.015625
0 0.925000 0.389062 0.015625 0.015625
0 0.929688 0.265625 0.015625 0.015625
0 0.692187 0.254688 0.015625 0.015625
0 0.554688 0.257812 0.015625 0.015625
0 0.475000 0.257812 0.015625 0.015625
0 0.317188 0.250000 0.015625 0.015625
0 0.435937 0.587500 0.015625 0.015625
0 0.612500 0.782813 0.015625 0.015625
0 0.698438 0.784375 0.015625 0.015625
0 0.660937 0.717187 0.015625 0.015625
0 0.625000 0.651563 0.015625 0.015625
0 0.810937 0.854688 0.015625 0.015625
0 0.960938 0.992188 0.015625 0.015625
