0 0.114062 0.045312 0.015625 0.015625
0 0.740625 0.056250 0.015625 0.015625
0 0.437500 0.062500 0.015625 0.015625
0 0.540625 0.067187 0.015625 0.015625
0 0.210938 0.092188 0.015625 0.015625
0 0.384375 0.093750 0.015625 0.015625
0 0.303125 0.095312 0.015625 0.015625
0 0.459375 0.095312 0.015625 0.015625
0 0.607812 0.107813 0.015625 0.015625
0 0.831250 0.107813 0.015625 0.015625
0 0.754687 0.110937 0.015625 0.015625
0 0.987500 0.110937 0.015625 0.015625
0 0.684375 0.110937 0.015625 0.015625
0 0.909375 0.112500 0.015625 0.015625
0 0.560937 0.145313 0.015625 0.015625
0 0.343750 0.156250 0.015625 0.015625
0 0.417187 0.159375 0.015625 0.015625
0 0.264062 0.159375 0.015625 0.015625
0 0.492188 0.160938 0.015625 0.015625
0 0.946875 0.171875 0.015625 0.015625
0 0.871875 0.173437 0.015625 0.015625
0 0.003125 0.206250 0.015625 0.015625
0 0.089063 0.207813 0.015625 0.015625
0 0.696875 0.223438 0.015625 0.015625
0 0.153125 0.225000 0.015625 0.015625
0 0.226562 0.225000 0.015625 0.015625
0 0.834375 0.228125 0.015625 0.015625
0 0.306250 0.229687 0.015625 0.015625
0 0.531250 0.231250 0.015625 0.015625
0 0.456250 0.232813 0.015625 0.015625
0 0.381250 0.232813 0.015625 0.015625
0 0.604688 0.232813 0.015625 0.015625
0 0.979688 0.235937 0.015625 0.015625
0 0.909375 0.240625 0.015625 0.015625
0 0.796875 0.290625 0.015625 0.015625
0 0.184375 0.290625 0.015625 0.015625
0 0.026562 0.310937 0.015625 0.015625
0 0.412500 0.317188 0.015625 0.015625
0 0.107813 0.318750 0.015625 0.015625
0 0.242188 0.318750 0.015625 0.015625
0 0.309375 0.318750 0.015625 0.015625
0 0.592187 0.321875 0.015625 0.015625
0 0.859375 0.328125 0.015625 0.015625
0 0.364063 0.339062 0.015625 0.015625
0 0.150000 0.350000 0.015625 0.015625
0 0.984375 0.367188 0.015625 0.015625
0 0.004687 0.367188 0.015625 0.015625
0 0.909375 0.379688 0.015625 0.015625
0 0.509375 0.390625 0.015625 0.015625
0 0.334375 0.414062 0.015625 0.015625
0 0.414062 0.421875 0.015625 0.015625
0 0.110937 0.423438 0.015625 0.015625
0 0.490625 0.426563 0.015625 0.015625
0 0.715625 0.432812 0.015625 0.015625
0 0.637500 0.435937 0.015625 0.015625
0 0.870313 0.435937 0.015625 0.015625
0 0.035937 0.439063 0.015625 0.015625
0 0.793750 0.440625 0.015625 0.015625
0 0.940625 0.442188 0.015625 0.015625
0 0.275000 0.450000 0.015625 0.015625
0 0.189062 0.451562 0.015625 0.015625
0 0.679688 0.495312 0.015625 0.015625
0 0.904687 0.498437 0.015625 0.015625
0 0.756250 0.500000 0.015625 0.015625
0 0.601562 0.501563 0.015625 0.015625
0 0.981250 0.509375 0.015625 0.015625
0 0.187500 0.535937 0.015625 0.015625
0 0.265625 0.539062 0.015625 0.015625
0 0.550000 0.539062 0.015625 0.015625
0 0.335938 0.540625 0.015625 0.015625
0 0.092188 0.582812 0.015625 0.015625
0 0.942187 0.585938 0.015625 0.015625
0 0.293750 0.621875 0.015625 0.015625
0 0.601562 0.623437 0.015625 0.015625
0 0.821875 0.626563 0.015625 0.015625
0 0.903125 0.631250 0.015625 0.015625
0 0.978125 0.634375 0.015625 0.015625
0 0.535937 0.635938 0.015625 0.015625
0 0.753125 0.637500 0.015625 0.015625
0 0.132812 0.640625 0.015625 0.015625
0 0.409375 0.693750 0.015625 0.015625
0 0.482812 0.709375 0.015625 0.015625
0 0.540625 0.709375 0.015625 0.015625
0 0.329688 0.710938 0.015625 0.015625
0 0.009375 0.710938 0.015625 0.015625
0 0.075000 0.712500 0.015625 0.015625
0 0.784375 0.715625 0.015625 0.015625
0 0.635938 0.717187 0.015625 0.015625
0 0.687500 0.720313 0.015625 0.015625
0 0.835938 0.721875 0.015625 0.015625
0 0.520312 0.757812 0.015625 0.015625
0 0.665625 0.759375 0.015625 0.015625
0 0.445312 0.760938 0.015625 0.015625
0 0.595313 0.760938 0.015625 0.015625
0 0.979688 0.760938 0.015625 0.015625
0 0.904687 0.765625 0.015625 0.015625
0 0.735938 0.770312 0.015625 0.015625
0 0.303125 0.784375 0.015625 0.015625
0 0.009375 0.784375 0.015625 0.015625
0 0.178125 0.810937 0.015625 0.015625
0 0.637500 0.823438 0.015625 0.015625
0 0.939063 0.837500 0.015625 0.015625
0 0.712500 0.837500 0.015625 0.015625
0 0.337500 0.839063 0.015625 0.015625
0 0.489063 0.839063 0.015625 0.015625
0 0.065625 0.842187 0.015625 0.015625
0 0.439063 0.843750 0.015625 0.015625
0 0.290625 0.885938 0.015625 0.015625
0 0.131250 0.885938 0.015625 0.015625
0 0.512500 0.885938 0.015625 0.015625
0 0.367188 0.887500 0.015625 0.015625
0 0.590625 0.887500 0.015625 0.015625
0 0.676562 0.889062 0.015625 0.015625
0 0.903125 0.893750 0.015625 0.015625
0 0.031250 0.942187 0.015625 0.015625
0 0.103125 0.946875 0.015625 0.015625
0 0.789062 0.960938 0.015625 0.015625
0 0.937500 0.964063 0.015625 0.015625
0 0.457813 0.964063 0.015625 0.015625
0 0.262500 0.964063 0.015625 0.015625
0 0.707812 0.965625 0.015625 0.015625
0 0.859375 0.968750 0.015625 0.015625
0 0.360938 0.979688 0.015625 0.015625
0 0.178125 0.982812 0.015625 0.015625
