0 0.001563 0.289062 0.015625 0.015625
0 0.001563 0.353125 0.015625 0.015625
0 0.040625 0.353125 0.015625 0.015625
0 0.071875 0.353125 0.015625 0.015625
0 0.000000 0.815625 0.015625 0.015625
0 0.032813 0.815625 0.015625 0.015625
0 0.078125 0.817187 0.015625 0.015625
0 0.145313 0.821875 0.015625 0.015625
0 0.217188 0.823438 0.015625 0.015625
0 0.012500 0.851562 0.015625 0.015625
0 0.056250 0.851562 0.015625 0.015625
0 0.087500 0.851562 0.015625 0.015625
0 0.123438 0.851562 0.015625 0.015625
0 0.162500 0.857812 0.015625 0.015625
0 0.203125 0.857812 0.015625 0.015625
0 0.237500 0.857812 0.015625 0.015625
0 0.062500 0.884375 0.015625 0.015625
0 0.109375 0.885938 0.015625 0.015625
0 0.146875 0.885938 0.015625 0.015625
0 0.185938 0.885938 0.015625 0.015625
0 0.218750 0.887500 0.015625 0.015625
0 0.257812 0.887500 0.015625 0.015625
0 0.293750 0.890625 0.015625 0.015625
0 0.335938 0.890625 0.015625 0.015625
0 0.368750 0.890625 0.015625 0.015625
0 0.009375 0.917188 0.015625 0.015625
0 0.053125 0.917188 0.015625 0.015625
0 0.126562 0.917188 0.015625 0.015625
0 0.167187 0.920312 0.015625 0.015625
0 0.198437 0.923438 0.015625 0.015625
0 0.245312 0.923438 0.015625 0.015625
0 0.278125 0.923438 0.015625 0.015625
0 0.315625 0.923438 0.015625 0.015625
0 0.357812 0.925000 0.015625 0.015625
0 0.384375 0.925000 0.015625 0.015625
0 0.075000 0.951562 0.015625 0.015625
0 0.140625 0.950000 0.015625 0.015625
0 0.181250 0.953125 0.015625 0.015625
0 0.298438 0.953125 0.015625 0.015625
0 0.334375 0.956250 0.015625 0.015625
0 0.373437 0.956250 0.015625 0.015625
0 0.445312 0.957812 0.015625 0.015625
0 0.429688 0.923438 0.015625 0.015625
0 0.235937 0.985938 0.015625 0.015625
0 0.278125 0.987500 0.015625 0.015625
0 0.315625 0.987500 0.015625 0.015625
0 0.346875 0.987500 0.015625 0.015625
0 0.385937 0.987500 0.015625 0.015625
0 0.426563 0.989062 0.015625 0.015625
0 0.462500 0.990625 0.015625 0.015625
0 0.004687 0.979688 0.015625 0.015625
0 0.051562 0.982812 0.015625 0.015625
0 0.081250 0.984375 0.015625 0.015625
0 0.121875 0.984375 0.015625 0.015625
0 0.157812 0.984375 0.015625 0.015625
