0 0.092188 0.864062 0.015625 0.015625
0 0.970313 0.814063 0.015625 0.015625
0 0.784375 0.745313 0.015625 0.015625
0 0.017188 0.864062 0.015625 0.015625
0 0.892188 0.942187 0.015625 0.015625
0 0.514062 0.803125 0.015625 0.015625
0 0.206250 0.800000 0.015625 0.015625
0 0.212500 0.668750 0.015625 0.015625
0 0.934375 0.746875 0.015625 0.015625
0 0.357812 0.800000 0.015625 0.015625
0 0.243750 0.868750 0.015625 0.015625
0 0.437500 0.801562 0.015625 0.015625
0 0.439063 0.673438 0.015625 0.015625
0 0.023438 0.600000 0.015625 0.015625
0 0.285938 0.798438 0.015625 0.015625
0 0.546875 0.740625 0.015625 0.015625
0 0.515625 0.673438 0.015625 0.015625
0 0.665625 0.803125 0.015625 0.015625
0 0.395313 0.868750 0.015625 0.015625
0 0.165625 0.862500 0.015625 0.015625
0 0.470313 0.868750 0.015625 0.015625
0 0.859375 0.743750 0.015625 0.015625
0 0.665625 0.939063 0.015625 0.015625
0 0.137500 0.667188 0.015625 0.015625
0 0.320312 0.998437 0.015625 0.015625
0 0.289062 0.670312 0.015625 0.015625
0 0.621875 0.871875 0.015625 0.015625
0 0.129688 0.796875 0.015625 0.015625
0 0.364063 0.671875 0.015625 0.015625
0 0.546875 0.873437 0.015625 0.015625
0 0.471875 0.740625 0.015625 0.015625
0 0.704688 0.742188 0.015625 0.015625
0 0.632812 0.740625 0.015625 0.015625
0 0.701562 0.875000 0.015625 0.015625
0 0.321875 0.735938 0.015625 0.015625
0 0.932813 0.875000 0.015625 0.015625
0 0.245312 0.998437 0.015625 0.015625
0 0.398438 0.737500 0.015625 0.015625
0 0.893750 0.812500 0.015625 0.015625
0 0.057813 0.926562 0.015625 0.015625
0 0.967187 0.943750 0.015625 0.015625
0 0.739062 0.810937 0.015625 0.015625
0 0.092188 0.993750 0.015625 0.015625
0 0.017188 0.992188 0.015625 0.015625
0 0.585938 0.937500 0.015625 0.015625
0 0.318750 0.865625 0.015625 0.015625
0 0.940625 0.618750 0.015625 0.015625
0 0.739062 0.939063 0.015625 0.015625
0 0.100000 0.603125 0.015625 0.015625
0 0.017188 0.728125 0.015625 0.015625
0 0.057813 0.793750 0.015625 0.015625
0 0.775000 0.875000 0.015625 0.015625
0 0.060937 0.667188 0.015625 0.015625
0 0.248438 0.604688 0.015625 0.015625
0 0.284375 0.935937 0.015625 0.015625
0 0.168750 0.729688 0.015625 0.015625
0 0.245312 0.735938 0.015625 0.015625
0 0.432812 0.935937 0.015625 0.015625
0 0.328125 0.604688 0.015625 0.015625
0 0.407813 0.604688 0.015625 0.015625
0 0.481250 0.606250 0.015625 0.015625
0 0.553125 0.607812 0.015625 0.015625
0 0.709375 0.612500 0.015625 0.015625
0 0.781250 0.614062 0.015625 0.015625
0 0.864062 0.615625 0.015625 0.015625
0 0.973437 0.684375 0.015625 0.015625
0 0.895312 0.684375 0.015625 0.015625
0 0.820312 0.681250 0.015625 0.015625
0 0.748437 0.681250 0.015625 0.015625
0 0.668750 0.678125 0.015625 0.015625
0 0.592187 0.675000 0.015625 0.015625
0 0.635938 0.609375 0.015625 0.015625
0 0.582812 0.806250 0.015625 0.015625
0 0.812500 0.807813 0.015625 0.015625
0 0.853125 0.875000 0.015625 0.015625
0 0.128125 0.928125 0.015625 0.015625
0 0.207813 0.932813 0.015625 0.015625
0 0.164062 0.998437 0.015625 0.015625
0 0.178125 0.603125 0.015625 0.015625
0 0.512500 0.932813 0.015625 0.015625
0 0.345313 0.931250 0.015625 0.015625
0 0.814063 0.939063 0.015625 0.015625
