0 0.601562 0.048438 0.015625 0.015625
0 0.526563 0.050000 0.015625 0.015625
0 0.567187 0.109375 0.015625 0.015625
0 0.640625 0.110937 0.015625 0.015625
0 0.720313 0.117188 0.015625 0.015625
0 0.682813 0.048438 0.015625 0.015625
0 0.753125 0.053125 0.015625 0.015625
0 0.796875 0.118750 0.015625 0.015625
0 0.823438 0.054688 0.015625 0.015625
0 0.865625 0.118750 0.015625 0.015625
0 0.903125 0.054688 0.015625 0.015625
0 0.940625 0.125000 0.015625 0.015625
0 0.979688 0.051562 0.015625 0.015625
0 0.982812 0.185938 0.015625 0.015625
0 0.909375 0.187500 0.015625 0.015625
0 0.945312 0.253125 0.015625 0.015625
0 0.862500 0.254688 0.015625 0.015625
0 0.829688 0.189062 0.015625 0.015625
0 0.798438 0.245312 0.015625 0.015625
0 0.760938 0.184375 0.015625 0.015625
0 0.718750 0.253125 0.015625 0.015625
0 0.685937 0.182812 0.015625 0.015625
0 0.753125 0.314063 0.015625 0.015625
0 0.787500 0.382812 0.015625 0.015625
0 0.828125 0.440625 0.015625 0.015625
0 0.859375 0.512500 0.015625 0.015625
0 0.821875 0.312500 0.015625 0.015625
0 0.865625 0.385937 0.015625 0.015625
0 0.904687 0.450000 0.015625 0.015625
0 0.937500 0.503125 0.015625 0.015625
0 0.909375 0.315625 0.015625 0.015625
0 0.942187 0.385937 0.015625 0.015625
0 0.978125 0.442188 0.015625 0.015625
0 0.985938 0.315625 0.015625 0.015625
0 0.793750 0.504687 0.015625 0.015625
0 0.757812 0.439063 0.015625 0.015625
0 0.718750 0.375000 0.015625 0.015625
0 0.646875 0.245312 0.015625 0.015625
0 0.682813 0.318750 0.015625 0.015625
0 0.623437 0.182812 0.015625 0.015625
0 0.832812 0.576562 0.015625 0.015625
0 0.868750 0.643750 0.015625 0.015625
0 0.906250 0.712500 0.015625 0.015625
0 0.898438 0.576562 0.015625 0.015625
0 0.937500 0.646875 0.015625 0.015625
0 0.973437 0.710938 0.015625 0.015625
0 0.976562 0.590625 0.015625 0.015625
0 0.946875 0.778125 0.015625 0.015625
0 0.992188 0.778125 0.015625 0.015625
