0 0.440625 0.000000 0.015625 0.015625
0 0.450000 0.029687 0.015625 0.015625
0 0.471875 0.068750 0.015625 0.015625
0 0.489063 0.092188 0.015625 0.015625
0 0.529687 0.095312 0.015625 0.015625
0 0.509375 0.068750 0.015625 0.015625
0 0.495312 0.025000 0.015625 0.015625
0 0.531250 0.025000 0.015625 0.015625
0 0.550000 0.056250 0.015625 0.015625
0 0.565625 0.089063 0.015625 0.015625
0 0.604688 0.093750 0.015625 0.015625
0 0.585938 0.060937 0.015625 0.015625
0 0.567187 0.026562 0.015625 0.015625
0 0.607812 0.028125 0.015625 0.015625
0 0.620313 0.062500 0.015625 0.015625
0 0.639062 0.095312 0.015625 0.015625
0 0.679688 0.095312 0.015625 0.015625
0 0.657813 0.060937 0.015625 0.015625
0 0.642188 0.032813 0.015625 0.015625
0 0.665625 0.000000 0.015625 0.015625
0 0.679688 0.026562 0.015625 0.015625
0 0.696875 0.073438 0.015625 0.015625
0 0.710938 0.093750 0.015625 0.015625
0 0.753125 0.093750 0.015625 0.015625
0 0.735938 0.068750 0.015625 0.015625
0 0.720313 0.032813 0.015625 0.015625
0 0.759375 0.026562 0.015625 0.015625
0 0.773438 0.065625 0.015625 0.015625
0 0.789062 0.090625 0.015625 0.015625
0 0.826562 0.098437 0.015625 0.015625
0 0.876563 0.101562 0.015625 0.015625
0 0.815625 0.062500 0.015625 0.015625
0 0.796875 0.032813 0.015625 0.015625
0 0.781250 0.001563 0.015625 0.015625
0 0.820312 0.003125 0.015625 0.015625
0 0.832812 0.034375 0.015625 0.015625
0 0.853125 0.067187 0.015625 0.015625
0 0.895312 0.070312 0.015625 0.015625
0 0.873437 0.034375 0.015625 0.015625
0 0.854688 0.001563 0.015625 0.015625
0 0.893750 0.000000 0.015625 0.015625
0 0.928125 0.000000 0.015625 0.015625
0 0.945312 0.029687 0.015625 0.015625
0 0.926562 0.068750 0.015625 0.015625
0 0.989062 0.039062 0.015625 0.015625
0 0.509375 0.123438 0.015625 0.015625
0 0.526563 0.159375 0.015625 0.015625
0 0.542188 0.192188 0.015625 0.015625
0 0.557813 0.221875 0.015625 0.015625
0 0.582812 0.259375 0.015625 0.015625
0 0.600000 0.289062 0.015625 0.015625
0 0.632812 0.290625 0.015625 0.015625
0 0.617188 0.257812 0.015625 0.015625
0 0.600000 0.225000 0.015625 0.015625
0 0.582812 0.195312 0.015625 0.015625
0 0.565625 0.159375 0.015625 0.015625
0 0.548438 0.126562 0.015625 0.015625
0 0.581250 0.121875 0.015625 0.015625
0 0.601562 0.154688 0.015625 0.015625
0 0.625000 0.195312 0.015625 0.015625
0 0.635938 0.226562 0.015625 0.015625
0 0.659375 0.260937 0.015625 0.015625
0 0.678125 0.293750 0.015625 0.015625
0 0.714063 0.292187 0.015625 0.015625
0 0.692187 0.264062 0.015625 0.015625
0 0.659375 0.193750 0.015625 0.015625
0 0.678125 0.221875 0.015625 0.015625
0 0.642188 0.160938 0.015625 0.015625
0 0.625000 0.125000 0.015625 0.015625
0 0.664062 0.126562 0.015625 0.015625
0 0.687500 0.159375 0.015625 0.015625
0 0.696875 0.192188 0.015625 0.015625
0 0.714063 0.220312 0.015625 0.015625
0 0.735938 0.264062 0.015625 0.015625
0 0.751563 0.293750 0.015625 0.015625
0 0.792188 0.298438 0.015625 0.015625
0 0.776563 0.270313 0.015625 0.015625
0 0.754687 0.226562 0.015625 0.015625
0 0.735938 0.198437 0.015625 0.015625
0 0.720313 0.162500 0.015625 0.015625
0 0.690625 0.125000 0.015625 0.015625
0 0.732812 0.126562 0.015625 0.015625
0 0.754687 0.162500 0.015625 0.015625
0 0.771875 0.193750 0.015625 0.015625
0 0.792188 0.229687 0.015625 0.015625
0 0.812500 0.262500 0.015625 0.015625
0 0.826562 0.293750 0.015625 0.015625
0 0.864062 0.293750 0.015625 0.015625
0 0.904687 0.298438 0.015625 0.015625
0 0.939063 0.298438 0.015625 0.015625
0 0.976562 0.298438 0.015625 0.015625
0 0.998437 0.268750 0.015625 0.015625
0 0.981250 0.231250 0.015625 0.015625
0 0.956250 0.201563 0.015625 0.015625
0 0.943750 0.165625 0.015625 0.015625
0 0.928125 0.134375 0.015625 0.015625
0 0.890625 0.126562 0.015625 0.015625
0 0.907813 0.159375 0.015625 0.015625
0 0.926562 0.195312 0.015625 0.015625
0 0.946875 0.229687 0.015625 0.015625
0 0.962500 0.265625 0.015625 0.015625
0 0.934375 0.267188 0.015625 0.015625
0 0.907813 0.234375 0.015625 0.015625
0 0.892188 0.200000 0.015625 0.015625
0 0.873437 0.162500 0.015625 0.015625
0 0.854688 0.134375 0.015625 0.015625
0 0.817187 0.126562 0.015625 0.015625
0 0.828125 0.159375 0.015625 0.015625
0 0.845313 0.190625 0.015625 0.015625
0 0.867188 0.226562 0.015625 0.015625
0 0.881250 0.260937 0.015625 0.015625
0 0.853125 0.265625 0.015625 0.015625
0 0.834375 0.234375 0.015625 0.015625
0 0.812500 0.201563 0.015625 0.015625
0 0.793750 0.167187 0.015625 0.015625
0 0.771875 0.126562 0.015625 0.015625
0 0.960938 0.129688 0.015625 0.015625
0 0.978125 0.162500 0.015625 0.015625
0 0.617188 0.326562 0.015625 0.015625
0 0.637500 0.357812 0.015625 0.015625
0 0.654687 0.398438 0.015625 0.015625
0 0.673438 0.425000 0.015625 0.015625
0 0.715625 0.426563 0.015625 0.015625
0 0.696875 0.393750 0.015625 0.015625
0 0.679688 0.359375 0.015625 0.015625
0 0.656250 0.326562 0.015625 0.015625
0 0.700000 0.326562 0.015625 0.015625
0 0.714063 0.359375 0.015625 0.015625
0 0.731250 0.392188 0.015625 0.015625
0 0.751563 0.426563 0.015625 0.015625
0 0.790625 0.428125 0.015625 0.015625
0 0.768750 0.392188 0.015625 0.015625
0 0.756250 0.364063 0.015625 0.015625
0 0.735938 0.331250 0.015625 0.015625
0 0.770312 0.328125 0.015625 0.015625
0 0.790625 0.362500 0.015625 0.015625
0 0.804688 0.398438 0.015625 0.015625
0 0.825000 0.425000 0.015625 0.015625
0 0.810937 0.328125 0.015625 0.015625
0 0.851562 0.329688 0.015625 0.015625
0 0.879687 0.328125 0.015625 0.015625
0 0.923438 0.328125 0.015625 0.015625
0 0.962500 0.331250 0.015625 0.015625
0 0.995313 0.332813 0.015625 0.015625
0 0.829688 0.359375 0.015625 0.015625
0 0.842187 0.395313 0.015625 0.015625
0 0.867188 0.423438 0.015625 0.015625
0 0.865625 0.362500 0.015625 0.015625
0 0.878125 0.389062 0.015625 0.015625
0 0.901563 0.431250 0.015625 0.015625
0 0.900000 0.364063 0.015625 0.015625
0 0.923438 0.398438 0.015625 0.015625
0 0.937500 0.425000 0.015625 0.015625
0 0.937500 0.362500 0.015625 0.015625
0 0.959375 0.398438 0.015625 0.015625
0 0.976562 0.428125 0.015625 0.015625
0 0.975000 0.364063 0.015625 0.015625
0 0.992188 0.398438 0.015625 0.015625
0 0.693750 0.462500 0.015625 0.015625
0 0.712500 0.492188 0.015625 0.015625
0 0.726562 0.529687 0.015625 0.015625
0 0.745313 0.559375 0.015625 0.015625
0 0.779687 0.556250 0.015625 0.015625
0 0.764062 0.526563 0.015625 0.015625
0 0.751563 0.496875 0.015625 0.015625
0 0.732812 0.454688 0.015625 0.015625
0 0.767188 0.457813 0.015625 0.015625
0 0.789062 0.493750 0.015625 0.015625
0 0.804688 0.523438 0.015625 0.015625
0 0.820312 0.554688 0.015625 0.015625
0 0.857812 0.557813 0.015625 0.015625
0 0.843750 0.529687 0.015625 0.015625
0 0.825000 0.493750 0.015625 0.015625
0 0.807813 0.457813 0.015625 0.015625
0 0.842187 0.457813 0.015625 0.015625
0 0.860938 0.495312 0.015625 0.015625
0 0.879687 0.528125 0.015625 0.015625
0 0.900000 0.560937 0.015625 0.015625
0 0.931250 0.559375 0.015625 0.015625
0 0.915625 0.531250 0.015625 0.015625
0 0.896875 0.490625 0.015625 0.015625
0 0.885938 0.460938 0.015625 0.015625
0 0.918750 0.459375 0.015625 0.015625
0 0.940625 0.504687 0.015625 0.015625
0 0.954688 0.532813 0.015625 0.015625
0 0.971875 0.560937 0.015625 0.015625
0 0.992188 0.531250 0.015625 0.015625
0 0.978125 0.500000 0.015625 0.015625
0 0.957812 0.460938 0.015625 0.015625
0 0.993750 0.464062 0.015625 0.015625
0 0.768750 0.589063 0.015625 0.015625
0 0.787500 0.625000 0.015625 0.015625
0 0.806250 0.590625 0.015625 0.015625
0 0.845313 0.593750 0.015625 0.015625
0 0.864062 0.621875 0.015625 0.015625
0 0.881250 0.657813 0.015625 0.015625
0 0.846875 0.657813 0.015625 0.015625
0 0.826562 0.621875 0.015625 0.015625
0 0.879687 0.593750 0.015625 0.015625
0 0.909375 0.592187 0.015625 0.015625
0 0.954688 0.596875 0.015625 0.015625
0 0.992188 0.595313 0.015625 0.015625
0 0.990625 0.665625 0.015625 0.015625
0 0.973437 0.631250 0.015625 0.015625
0 0.973437 0.692187 0.015625 0.015625
0 0.957812 0.662500 0.015625 0.015625
0 0.934375 0.625000 0.015625 0.015625
0 0.939063 0.698438 0.015625 0.015625
0 0.920312 0.660937 0.015625 0.015625
0 0.900000 0.628125 0.015625 0.015625
0 0.900000 0.695312 0.015625 0.015625
0 0.859375 0.693750 0.015625 0.015625
0 0.803125 0.656250 0.015625 0.015625
0 0.823438 0.692187 0.015625 0.015625
0 0.881250 0.725000 0.015625 0.015625
0 0.898438 0.756250 0.015625 0.015625
0 0.914062 0.787500 0.015625 0.015625
0 0.934375 0.829688 0.015625 0.015625
0 0.975000 0.828125 0.015625 0.015625
0 0.957812 0.793750 0.015625 0.015625
0 0.939063 0.762500 0.015625 0.015625
0 0.914062 0.725000 0.015625 0.015625
0 0.954688 0.725000 0.015625 0.015625
0 0.971875 0.756250 0.015625 0.015625
0 0.992188 0.790625 0.015625 0.015625
0 0.993750 0.728125 0.015625 0.015625
0 0.954688 0.856250 0.015625 0.015625
0 0.985938 0.856250 0.015625 0.015625
0 0.975000 0.890625 0.015625 0.015625
0 0.993750 0.921875 0.015625 0.015625
