0 0.009375 0.910937 0.015625 0.015625
0 0.046875 0.912500 0.015625 0.015625
0 0.087500 0.912500 0.015625 0.015625
0 0.123438 0.914062 0.015625 0.015625
0 0.159375 0.914062 0.015625 0.015625
0 0.198437 0.914062 0.015625 0.015625
0 0.231250 0.915625 0.015625 0.015625
0 0.270313 0.917188 0.015625 0.015625
0 0.029687 0.942187 0.015625 0.015625
0 0.009375 0.976562 0.015625 0.015625
0 0.050000 0.978125 0.015625 0.015625
0 0.162500 0.984375 0.015625 0.015625
0 0.126562 0.981250 0.015625 0.015625
0 0.082812 0.981250 0.015625 0.015625
0 0.067187 0.948438 0.015625 0.015625
0 0.103125 0.948438 0.015625 0.015625
0 0.137500 0.945312 0.015625 0.015625
0 0.181250 0.946875 0.015625 0.015625
0 0.190625 0.981250 0.015625 0.015625
0 0.218750 0.948438 0.015625 0.015625
0 0.254688 0.950000 0.015625 0.015625
0 0.234375 0.982812 0.015625 0.015625
0 0.273438 0.984375 0.015625 0.015625
0 0.295312 0.945312 0.015625 0.015625
0 0.309375 0.981250 0.015625 0.015625
0 0.000000 0.293750 0.015625 0.015625
0 0.017188 0.318750 0.015625 0.015625
0 0.004687 0.032813 0.015625 0.015625
0 0.021875 0.057813 0.015625 0.015625
0 0.042188 0.090625 0.015625 0.015625
0 0.070312 0.090625 0.015625 0.015625
0 0.056250 0.060937 0.015625 0.015625
0 0.039062 0.025000 0.015625 0.015625
0 0.082812 0.029687 0.015625 0.015625
0 0.095312 0.057813 0.015625 0.015625
0 0.117188 0.092188 0.015625 0.015625
0 0.159375 0.095312 0.015625 0.015625
0 0.134375 0.064062 0.015625 0.015625
0 0.117188 0.025000 0.015625 0.015625
0 0.159375 0.026562 0.015625 0.015625
0 0.173437 0.064062 0.015625 0.015625
0 0.193750 0.096875 0.015625 0.015625
0 0.226562 0.100000 0.015625 0.015625
0 0.209375 0.067187 0.015625 0.015625
0 0.190625 0.021875 0.015625 0.015625
0 0.229687 0.031250 0.015625 0.015625
0 0.250000 0.064062 0.015625 0.015625
0 0.273438 0.098437 0.015625 0.015625
0 0.315625 0.096875 0.015625 0.015625
0 0.287500 0.067187 0.015625 0.015625
0 0.268750 0.025000 0.015625 0.015625
0 0.303125 0.039062 0.015625 0.015625
0 0.329688 0.067187 0.015625 0.015625
0 0.345313 0.095312 0.015625 0.015625
0 0.378125 0.098437 0.015625 0.015625
0 0.357812 0.070312 0.015625 0.015625
0 0.348438 0.040625 0.015625 0.015625
0 0.379688 0.032813 0.015625 0.015625
0 0.400000 0.065625 0.015625 0.015625
0 0.421875 0.100000 0.015625 0.015625
0 0.000000 0.153125 0.015625 0.015625
0 0.023438 0.128125 0.015625 0.015625
0 0.042188 0.157812 0.015625 0.015625
0 0.060937 0.123438 0.015625 0.015625
0 0.076563 0.151562 0.015625 0.015625
0 0.100000 0.120313 0.015625 0.015625
0 0.117188 0.160938 0.015625 0.015625
0 0.129688 0.120313 0.015625 0.015625
0 0.148438 0.159375 0.015625 0.015625
0 0.170313 0.135937 0.015625 0.015625
0 0.189062 0.167187 0.015625 0.015625
0 0.204687 0.131250 0.015625 0.015625
0 0.223438 0.159375 0.015625 0.015625
0 0.240625 0.129688 0.015625 0.015625
0 0.260937 0.162500 0.015625 0.015625
0 0.282813 0.134375 0.015625 0.015625
0 0.300000 0.167187 0.015625 0.015625
0 0.317188 0.132812 0.015625 0.015625
0 0.342187 0.164062 0.015625 0.015625
0 0.359375 0.135937 0.015625 0.015625
0 0.378125 0.156250 0.015625 0.015625
0 0.395313 0.129688 0.015625 0.015625
0 0.414062 0.159375 0.015625 0.015625
0 0.435937 0.134375 0.015625 0.015625
0 0.456250 0.165625 0.015625 0.015625
0 0.025000 0.198437 0.015625 0.015625
0 0.035937 0.225000 0.015625 0.015625
0 0.050000 0.187500 0.015625 0.015625
0 0.070312 0.226562 0.015625 0.015625
0 0.095312 0.195312 0.015625 0.015625
0 0.104688 0.228125 0.015625 0.015625
0 0.131250 0.195312 0.015625 0.015625
0 0.153125 0.237500 0.015625 0.015625
0 0.170313 0.198437 0.015625 0.015625
0 0.182812 0.228125 0.015625 0.015625
0 0.210938 0.195312 0.015625 0.015625
0 0.223438 0.226562 0.015625 0.015625
0 0.248438 0.187500 0.015625 0.015625
0 0.265625 0.220312 0.015625 0.015625
0 0.290625 0.192188 0.015625 0.015625
0 0.307812 0.234375 0.015625 0.015625
0 0.325000 0.198437 0.015625 0.015625
0 0.339062 0.225000 0.015625 0.015625
0 0.354687 0.195312 0.015625 0.015625
0 0.373437 0.229687 0.015625 0.015625
0 0.400000 0.196875 0.015625 0.015625
0 0.417187 0.229687 0.015625 0.015625
0 0.439063 0.200000 0.015625 0.015625
0 0.456250 0.228125 0.015625 0.015625
0 0.481250 0.193750 0.015625 0.015625
0 0.493750 0.229687 0.015625 0.015625
0 0.021875 0.257812 0.015625 0.015625
0 0.031250 0.284375 0.015625 0.015625
0 0.053125 0.251563 0.015625 0.015625
0 0.068750 0.290625 0.015625 0.015625
0 0.095312 0.256250 0.015625 0.015625
0 0.117188 0.289062 0.015625 0.015625
0 0.135937 0.254688 0.015625 0.015625
0 0.148438 0.290625 0.015625 0.015625
0 0.170313 0.254688 0.015625 0.015625
0 0.187500 0.292187 0.015625 0.015625
0 0.209375 0.259375 0.015625 0.015625
0 0.220312 0.293750 0.015625 0.015625
0 0.248438 0.256250 0.015625 0.015625
0 0.265625 0.287500 0.015625 0.015625
0 0.289062 0.257812 0.015625 0.015625
0 0.303125 0.290625 0.015625 0.015625
0 0.317188 0.253125 0.015625 0.015625
0 0.342187 0.290625 0.015625 0.015625
0 0.359375 0.257812 0.015625 0.015625
0 0.373437 0.290625 0.015625 0.015625
0 0.392188 0.257812 0.015625 0.015625
0 0.412500 0.290625 0.015625 0.015625
0 0.434375 0.259375 0.015625 0.015625
0 0.453125 0.293750 0.015625 0.015625
0 0.475000 0.257812 0.015625 0.015625
0 0.490625 0.293750 0.015625 0.015625
0 0.503125 0.257812 0.015625 0.015625
0 0.035937 0.351562 0.015625 0.015625
0 0.056250 0.318750 0.015625 0.015625
0 0.067187 0.343750 0.015625 0.015625
0 0.085938 0.321875 0.015625 0.015625
0 0.126562 0.317188 0.015625 0.015625
0 0.242188 0.323437 0.015625 0.015625
0 0.285938 0.321875 0.015625 0.015625
0 0.320312 0.325000 0.015625 0.015625
0 0.337500 0.362500 0.015625 0.015625
0 0.359375 0.329688 0.015625 0.015625
0 0.375000 0.359375 0.015625 0.015625
0 0.392188 0.325000 0.015625 0.015625
0 0.421875 0.368750 0.015625 0.015625
0 0.434375 0.331250 0.015625 0.015625
0 0.451562 0.357812 0.015625 0.015625
0 0.471875 0.337500 0.015625 0.015625
0 0.485938 0.362500 0.015625 0.015625
0 0.504687 0.323437 0.015625 0.015625
0 0.504687 0.390625 0.015625 0.015625
0 0.471875 0.393750 0.015625 0.015625
0 0.420312 0.389062 0.015625 0.015625
0 0.384375 0.393750 0.015625 0.015625
0 0.223438 0.357812 0.015625 0.015625
0 0.179688 0.359375 0.015625 0.015625
0 0.150000 0.353125 0.015625 0.015625
0 0.114062 0.353125 0.015625 0.015625
0 0.053125 0.389062 0.015625 0.015625
0 0.084375 0.387500 0.015625 0.015625
0 0.131250 0.385937 0.015625 0.015625
0 0.171875 0.385937 0.015625 0.015625
0 0.206250 0.385937 0.015625 0.015625
0 0.243750 0.382812 0.015625 0.015625
0 0.282813 0.385937 0.015625 0.015625
0 0.070312 0.418750 0.015625 0.015625
0 0.089063 0.454688 0.015625 0.015625
0 0.110937 0.421875 0.015625 0.015625
0 0.125000 0.456250 0.015625 0.015625
0 0.146875 0.425000 0.015625 0.015625
0 0.167187 0.464062 0.015625 0.015625
0 0.173437 0.426563 0.015625 0.015625
0 0.225000 0.418750 0.015625 0.015625
0 0.242188 0.450000 0.015625 0.015625
0 0.204687 0.454688 0.015625 0.015625
0 0.278125 0.456250 0.015625 0.015625
0 0.320312 0.457813 0.015625 0.015625
0 0.351562 0.457813 0.015625 0.015625
0 0.392188 0.457813 0.015625 0.015625
0 0.368750 0.429688 0.015625 0.015625
0 0.307812 0.426563 0.015625 0.015625
0 0.262500 0.425000 0.015625 0.015625
0 0.437500 0.459375 0.015625 0.015625
0 0.459375 0.034375 0.015625 0.015625
0 0.489063 0.029687 0.015625 0.015625
0 0.540625 0.039062 0.015625 0.015625
0 0.570312 0.035937 0.015625 0.015625
0 0.604688 0.035937 0.015625 0.015625
0 0.648438 0.043750 0.015625 0.015625
0 0.696875 0.037500 0.015625 0.015625
0 0.734375 0.039062 0.015625 0.015625
0 0.764062 0.037500 0.015625 0.015625
0 0.796875 0.037500 0.015625 0.015625
0 0.843750 0.040625 0.015625 0.015625
0 0.879687 0.040625 0.015625 0.015625
0 0.909375 0.040625 0.015625 0.015625
0 0.956250 0.042188 0.015625 0.015625
0 0.975000 0.079687 0.015625 0.015625
0 0.937500 0.078125 0.015625 0.015625
0 0.901563 0.079687 0.015625 0.015625
0 0.853125 0.076563 0.015625 0.015625
0 0.826562 0.075000 0.015625 0.015625
0 0.778125 0.075000 0.015625 0.015625
0 0.745313 0.075000 0.015625 0.015625
0 0.714063 0.068750 0.015625 0.015625
0 0.664062 0.075000 0.015625 0.015625
0 0.635938 0.073438 0.015625 0.015625
0 0.595313 0.068750 0.015625 0.015625
0 0.557813 0.068750 0.015625 0.015625
0 0.514062 0.070312 0.015625 0.015625
0 0.487500 0.070312 0.015625 0.015625
0 0.445312 0.065625 0.015625 0.015625
0 0.456250 0.104688 0.015625 0.015625
0 0.496875 0.098437 0.015625 0.015625
0 0.539062 0.100000 0.015625 0.015625
0 0.573438 0.103125 0.015625 0.015625
0 0.609375 0.100000 0.015625 0.015625
0 0.646875 0.100000 0.015625 0.015625
0 0.689063 0.103125 0.015625 0.015625
0 0.723437 0.103125 0.015625 0.015625
0 0.759375 0.103125 0.015625 0.015625
0 0.790625 0.101562 0.015625 0.015625
0 0.837500 0.101562 0.015625 0.015625
0 0.862500 0.103125 0.015625 0.015625
0 0.906250 0.106250 0.015625 0.015625
0 0.946875 0.107813 0.015625 0.015625
0 0.985938 0.109375 0.015625 0.015625
0 0.990625 0.175000 0.015625 0.015625
0 0.973437 0.146875 0.015625 0.015625
0 0.951562 0.167187 0.015625 0.015625
0 0.934375 0.137500 0.015625 0.015625
0 0.912500 0.171875 0.015625 0.015625
0 0.898438 0.140625 0.015625 0.015625
0 0.870313 0.171875 0.015625 0.015625
0 0.853125 0.142187 0.015625 0.015625
0 0.831250 0.171875 0.015625 0.015625
0 0.817187 0.137500 0.015625 0.015625
0 0.800000 0.168750 0.015625 0.015625
0 0.781250 0.135937 0.015625 0.015625
0 0.759375 0.167187 0.015625 0.015625
0 0.743750 0.134375 0.015625 0.015625
0 0.728125 0.171875 0.015625 0.015625
0 0.709375 0.131250 0.015625 0.015625
0 0.692187 0.167187 0.015625 0.015625
0 0.664062 0.135937 0.015625 0.015625
0 0.648438 0.167187 0.015625 0.015625
0 0.632812 0.134375 0.015625 0.015625
0 0.607812 0.168750 0.015625 0.015625
0 0.593750 0.137500 0.015625 0.015625
0 0.573438 0.168750 0.015625 0.015625
0 0.556250 0.134375 0.015625 0.015625
0 0.542188 0.168750 0.015625 0.015625
0 0.514062 0.137500 0.015625 0.015625
0 0.507812 0.173437 0.015625 0.015625
0 0.521875 0.196875 0.015625 0.015625
0 0.529687 0.226562 0.015625 0.015625
0 0.542188 0.203125 0.015625 0.015625
0 0.557813 0.231250 0.015625 0.015625
0 0.584375 0.196875 0.015625 0.015625
0 0.601562 0.229687 0.015625 0.015625
0 0.626563 0.201563 0.015625 0.015625
0 0.642188 0.232813 0.015625 0.015625
0 0.657813 0.201563 0.015625 0.015625
0 0.678125 0.234375 0.015625 0.015625
0 0.696875 0.206250 0.015625 0.015625
0 0.712500 0.235937 0.015625 0.015625
0 0.734375 0.201563 0.015625 0.015625
0 0.757812 0.235937 0.015625 0.015625
0 0.787500 0.212500 0.015625 0.015625
0 0.798438 0.234375 0.015625 0.015625
0 0.817187 0.207813 0.015625 0.015625
0 0.837500 0.240625 0.015625 0.015625
0 0.860938 0.215625 0.015625 0.015625
0 0.870313 0.232813 0.015625 0.015625
0 0.889062 0.200000 0.015625 0.015625
0 0.912500 0.237500 0.015625 0.015625
0 0.934375 0.207813 0.015625 0.015625
0 0.951562 0.235937 0.015625 0.015625
0 0.965625 0.209375 0.015625 0.015625
0 0.984375 0.239063 0.015625 0.015625
0 0.545312 0.264062 0.015625 0.015625
0 0.565625 0.296875 0.015625 0.015625
0 0.587500 0.264062 0.015625 0.015625
0 0.607812 0.303125 0.015625 0.015625
0 0.625000 0.267188 0.015625 0.015625
0 0.637500 0.296875 0.015625 0.015625
0 0.660937 0.265625 0.015625 0.015625
0 0.679688 0.296875 0.015625 0.015625
0 0.701562 0.264062 0.015625 0.015625
0 0.715625 0.300000 0.015625 0.015625
0 0.737500 0.265625 0.015625 0.015625
0 0.750000 0.298438 0.015625 0.015625
0 0.814063 0.265625 0.015625 0.015625
0 0.776563 0.264062 0.015625 0.015625
0 0.800000 0.300000 0.015625 0.015625
0 0.846875 0.265625 0.015625 0.015625
0 0.834375 0.301563 0.015625 0.015625
0 0.890625 0.267188 0.015625 0.015625
0 0.868750 0.306250 0.015625 0.015625
0 0.925000 0.273438 0.015625 0.015625
0 0.917188 0.298438 0.015625 0.015625
0 0.962500 0.270313 0.015625 0.015625
0 0.951562 0.306250 0.015625 0.015625
0 0.987500 0.303125 0.015625 0.015625
0 0.984375 0.375000 0.015625 0.015625
0 0.968750 0.334375 0.015625 0.015625
0 0.951562 0.368750 0.015625 0.015625
0 0.926562 0.339062 0.015625 0.015625
0 0.907813 0.368750 0.015625 0.015625
0 0.887500 0.335938 0.015625 0.015625
0 0.868750 0.370312 0.015625 0.015625
0 0.851562 0.326562 0.015625 0.015625
0 0.834375 0.364063 0.015625 0.015625
0 0.818750 0.337500 0.015625 0.015625
0 0.801562 0.368750 0.015625 0.015625
0 0.775000 0.331250 0.015625 0.015625
0 0.757812 0.368750 0.015625 0.015625
0 0.742188 0.332813 0.015625 0.015625
0 0.714063 0.362500 0.015625 0.015625
0 0.703125 0.329688 0.015625 0.015625
0 0.684375 0.359375 0.015625 0.015625
0 0.671875 0.329688 0.015625 0.015625
0 0.646875 0.365625 0.015625 0.015625
0 0.626563 0.329688 0.015625 0.015625
0 0.604688 0.365625 0.015625 0.015625
0 0.589063 0.395313 0.015625 0.015625
0 0.601562 0.423438 0.015625 0.015625
0 0.625000 0.398438 0.015625 0.015625
0 0.642188 0.429688 0.015625 0.015625
0 0.657813 0.396875 0.015625 0.015625
0 0.696875 0.396875 0.015625 0.015625
0 0.682813 0.428125 0.015625 0.015625
0 0.737500 0.401562 0.015625 0.015625
0 0.721875 0.426563 0.015625 0.015625
0 0.759375 0.431250 0.015625 0.015625
0 0.778125 0.400000 0.015625 0.015625
0 0.815625 0.398438 0.015625 0.015625
0 0.798438 0.431250 0.015625 0.015625
0 0.851562 0.401562 0.015625 0.015625
0 0.878125 0.431250 0.015625 0.015625
0 0.832812 0.431250 0.015625 0.015625
0 0.892188 0.401562 0.015625 0.015625
0 0.931250 0.400000 0.015625 0.015625
0 0.909375 0.432812 0.015625 0.015625
0 0.950000 0.439063 0.015625 0.015625
0 0.959375 0.412500 0.015625 0.015625
0 0.982812 0.439063 0.015625 0.015625
0 0.975000 0.504687 0.015625 0.015625
0 0.959375 0.467187 0.015625 0.015625
0 0.946875 0.498437 0.015625 0.015625
0 0.929688 0.465625 0.015625 0.015625
0 0.909375 0.501563 0.015625 0.015625
0 0.893750 0.467187 0.015625 0.015625
0 0.870313 0.506250 0.015625 0.015625
0 0.850000 0.468750 0.015625 0.015625
0 0.831250 0.501563 0.015625 0.015625
0 0.814063 0.468750 0.015625 0.015625
0 0.789062 0.498437 0.015625 0.015625
0 0.779687 0.465625 0.015625 0.015625
0 0.754687 0.493750 0.015625 0.015625
0 0.737500 0.467187 0.015625 0.015625
0 0.717187 0.504687 0.015625 0.015625
0 0.696875 0.464062 0.015625 0.015625
0 0.679688 0.495312 0.015625 0.015625
0 0.660937 0.459375 0.015625 0.015625
0 0.637500 0.498437 0.015625 0.015625
0 0.617188 0.460938 0.015625 0.015625
0 0.581250 0.459375 0.015625 0.015625
0 0.979688 0.643750 0.015625 0.015625
0 0.971875 0.600000 0.015625 0.015625
0 0.921875 0.600000 0.015625 0.015625
0 0.884375 0.596875 0.015625 0.015625
0 0.853125 0.596875 0.015625 0.015625
0 0.979688 0.567187 0.015625 0.015625
0 0.959375 0.539062 0.015625 0.015625
0 0.942187 0.565625 0.015625 0.015625
0 0.925000 0.534375 0.015625 0.015625
0 0.900000 0.560937 0.015625 0.015625
0 0.885938 0.529687 0.015625 0.015625
0 0.864062 0.562500 0.015625 0.015625
0 0.848437 0.529687 0.015625 0.015625
0 0.828125 0.559375 0.015625 0.015625
0 0.815625 0.534375 0.015625 0.015625
0 0.775000 0.565625 0.015625 0.015625
0 0.771875 0.529687 0.015625 0.015625
0 0.750000 0.564063 0.015625 0.015625
0 0.740625 0.528125 0.015625 0.015625
0 0.693750 0.528125 0.015625 0.015625
0 0.589063 0.326562 0.015625 0.015625
0 0.576562 0.368750 0.015625 0.015625
0 0.514062 0.432812 0.015625 0.015625
0 0.525000 0.359375 0.015625 0.015625
