0 0.051562 0.896875 0.015625 0.015625
0 0.087500 0.898438 0.015625 0.015625
0 0.121875 0.898438 0.015625 0.015625
0 0.159375 0.900000 0.015625 0.015625
0 0.198437 0.900000 0.015625 0.015625
0 0.240625 0.900000 0.015625 0.015625
0 0.275000 0.901563 0.015625 0.015625
0 0.310937 0.901563 0.015625 0.015625
0 0.351562 0.903125 0.015625 0.015625
0 0.389062 0.903125 0.015625 0.015625
0 0.428125 0.904687 0.015625 0.015625
0 0.465625 0.903125 0.015625 0.015625
0 0.506250 0.904687 0.015625 0.015625
0 0.543750 0.906250 0.015625 0.015625
0 0.578125 0.906250 0.015625 0.015625
0 0.617188 0.907813 0.015625 0.015625
0 0.656250 0.907813 0.015625 0.015625
0 0.696875 0.907813 0.015625 0.015625
0 0.732812 0.907813 0.015625 0.015625
0 0.771875 0.909375 0.015625 0.015625
0 0.809375 0.910937 0.015625 0.015625
0 0.846875 0.912500 0.015625 0.015625
0 0.887500 0.912500 0.015625 0.015625
0 0.923438 0.914062 0.015625 0.015625
0 0.959375 0.914062 0.015625 0.015625
0 0.998437 0.914062 0.015625 0.015625
0 0.065625 0.931250 0.015625 0.015625
0 0.009375 0.898438 0.015625 0.015625
0 0.028125 0.932813 0.015625 0.015625
0 0.048438 0.962500 0.015625 0.015625
0 0.085938 0.962500 0.015625 0.015625
0 0.125000 0.965625 0.015625 0.015625
0 0.106250 0.931250 0.015625 0.015625
0 0.142187 0.934375 0.015625 0.015625
0 0.164062 0.967187 0.015625 0.015625
0 0.176563 0.934375 0.015625 0.015625
0 0.198437 0.967187 0.015625 0.015625
0 0.217188 0.934375 0.015625 0.015625
0 0.235937 0.970313 0.015625 0.015625
0 0.254688 0.932813 0.015625 0.015625
0 0.273438 0.971875 0.015625 0.015625
0 0.292187 0.934375 0.015625 0.015625
0 0.315625 0.968750 0.015625 0.015625
0 0.329688 0.935937 0.015625 0.015625
0 0.350000 0.968750 0.015625 0.015625
0 0.373437 0.934375 0.015625 0.015625
0 0.387500 0.970313 0.015625 0.015625
0 0.295312 0.998437 0.015625 0.015625
0 0.107813 0.998437 0.015625 0.015625
0 0.429688 0.970313 0.015625 0.015625
0 0.464062 0.976562 0.015625 0.015625
0 0.439063 0.937500 0.015625 0.015625
0 0.410938 0.934375 0.015625 0.015625
0 0.484375 0.935937 0.015625 0.015625
0 0.503125 0.973437 0.015625 0.015625
0 0.525000 0.940625 0.015625 0.015625
0 0.542188 0.971875 0.015625 0.015625
0 0.562500 0.937500 0.015625 0.015625
0 0.582812 0.978125 0.015625 0.015625
0 0.601562 0.939063 0.015625 0.015625
0 0.637500 0.940625 0.015625 0.015625
0 0.676562 0.942187 0.015625 0.015625
0 0.712500 0.942187 0.015625 0.015625
0 0.753125 0.942187 0.015625 0.015625
0 0.790625 0.940625 0.015625 0.015625
0 0.829688 0.942187 0.015625 0.015625
0 0.620313 0.976562 0.015625 0.015625
0 0.653125 0.976562 0.015625 0.015625
0 0.693750 0.976562 0.015625 0.015625
0 0.732812 0.976562 0.015625 0.015625
0 0.768750 0.978125 0.015625 0.015625
0 0.809375 0.976562 0.015625 0.015625
0 0.850000 0.978125 0.015625 0.015625
0 0.962500 0.984375 0.015625 0.015625
0 0.926562 0.981250 0.015625 0.015625
0 0.882812 0.981250 0.015625 0.015625
0 0.867188 0.948438 0.015625 0.015625
0 0.903125 0.948438 0.015625 0.015625
0 0.937500 0.945312 0.015625 0.015625
0 0.981250 0.946875 0.015625 0.015625
0 0.990625 0.981250 0.015625 0.015625
0 0.076563 0.998437 0.015625 0.015625
0 0.656250 0.021875 0.015625 0.015625
0 0.618750 0.021875 0.015625 0.015625
0 0.632812 0.054688 0.015625 0.015625
0 0.648438 0.092188 0.015625 0.015625
0 0.664062 0.117188 0.015625 0.015625
0 0.687500 0.159375 0.015625 0.015625
0 0.703125 0.185938 0.015625 0.015625
0 0.721875 0.217188 0.015625 0.015625
0 0.737500 0.254688 0.015625 0.015625
0 0.765625 0.289062 0.015625 0.015625
0 0.781250 0.323437 0.015625 0.015625
0 0.796875 0.350000 0.015625 0.015625
0 0.675000 0.060937 0.015625 0.015625
0 0.685937 0.078125 0.015625 0.015625
0 0.712500 0.117188 0.015625 0.015625
0 0.718750 0.160938 0.015625 0.015625
0 0.743750 0.187500 0.015625 0.015625
0 0.762500 0.223438 0.015625 0.015625
0 0.781250 0.262500 0.015625 0.015625
0 0.800000 0.293750 0.015625 0.015625
0 0.817187 0.318750 0.015625 0.015625
0 0.696875 0.029687 0.015625 0.015625
0 0.710938 0.053125 0.015625 0.015625
0 0.723437 0.096875 0.015625 0.015625
0 0.735938 0.025000 0.015625 0.015625
0 0.748437 0.064062 0.015625 0.015625
0 0.767188 0.092188 0.015625 0.015625
0 0.796875 0.090625 0.015625 0.015625
0 0.787500 0.064062 0.015625 0.015625
0 0.765625 0.023438 0.015625 0.015625
0 0.804688 0.032813 0.015625 0.015625
0 0.821875 0.057813 0.015625 0.015625
0 0.842187 0.090625 0.015625 0.015625
0 0.870313 0.090625 0.015625 0.015625
0 0.856250 0.060937 0.015625 0.015625
0 0.839063 0.025000 0.015625 0.015625
0 0.882812 0.029687 0.015625 0.015625
0 0.895312 0.057813 0.015625 0.015625
0 0.917188 0.092188 0.015625 0.015625
0 0.959375 0.095312 0.015625 0.015625
0 0.934375 0.064062 0.015625 0.015625
0 0.917188 0.025000 0.015625 0.015625
0 0.959375 0.026562 0.015625 0.015625
0 0.973437 0.064062 0.015625 0.015625
0 0.993750 0.096875 0.015625 0.015625
0 0.990625 0.021875 0.015625 0.015625
0 0.765625 0.156250 0.015625 0.015625
0 0.746875 0.123438 0.015625 0.015625
0 0.784375 0.120313 0.015625 0.015625
0 0.800000 0.153125 0.015625 0.015625
0 0.823438 0.128125 0.015625 0.015625
0 0.842187 0.157812 0.015625 0.015625
0 0.860938 0.123438 0.015625 0.015625
0 0.876563 0.151562 0.015625 0.015625
0 0.900000 0.120313 0.015625 0.015625
0 0.917188 0.160938 0.015625 0.015625
0 0.929688 0.120313 0.015625 0.015625
0 0.948438 0.159375 0.015625 0.015625
0 0.970313 0.135937 0.015625 0.015625
0 0.989062 0.167187 0.015625 0.015625
0 0.779687 0.190625 0.015625 0.015625
0 0.796875 0.217188 0.015625 0.015625
0 0.825000 0.198437 0.015625 0.015625
0 0.835938 0.225000 0.015625 0.015625
0 0.850000 0.187500 0.015625 0.015625
0 0.870313 0.226562 0.015625 0.015625
0 0.895312 0.195312 0.015625 0.015625
0 0.904687 0.228125 0.015625 0.015625
0 0.931250 0.195312 0.015625 0.015625
0 0.953125 0.237500 0.015625 0.015625
0 0.970313 0.198437 0.015625 0.015625
0 0.982812 0.228125 0.015625 0.015625
0 0.821875 0.257812 0.015625 0.015625
0 0.831250 0.284375 0.015625 0.015625
0 0.853125 0.251563 0.015625 0.015625
0 0.868750 0.290625 0.015625 0.015625
0 0.895312 0.256250 0.015625 0.015625
0 0.917188 0.289062 0.015625 0.015625
0 0.935937 0.254688 0.015625 0.015625
0 0.948438 0.290625 0.015625 0.015625
0 0.970313 0.254688 0.015625 0.015625
0 0.987500 0.292187 0.015625 0.015625
0 0.835938 0.351562 0.015625 0.015625
0 0.856250 0.318750 0.015625 0.015625
0 0.867188 0.343750 0.015625 0.015625
0 0.885938 0.321875 0.015625 0.015625
0 0.926562 0.317188 0.015625 0.015625
0 0.979688 0.359375 0.015625 0.015625
0 0.950000 0.353125 0.015625 0.015625
0 0.914062 0.353125 0.015625 0.015625
0 0.853125 0.389062 0.015625 0.015625
0 0.884375 0.387500 0.015625 0.015625
0 0.931250 0.385937 0.015625 0.015625
0 0.971875 0.385937 0.015625 0.015625
0 0.870313 0.418750 0.015625 0.015625
0 0.889062 0.454688 0.015625 0.015625
0 0.910937 0.421875 0.015625 0.015625
0 0.925000 0.456250 0.015625 0.015625
0 0.946875 0.425000 0.015625 0.015625
0 0.967187 0.464062 0.015625 0.015625
0 0.973437 0.426563 0.015625 0.015625
